id dose y
1 0 3.60612071520645
1 100 7.48037405612453
1 300 12.5406516371454
1 1000 14.5233788518857
2 0 3.86200752442253
2 100 10.3651872585058
2 300 16.3263686481453
2 1000 21.8220264457862
3 0 4.29283364553151
3 100 11.8016650131556
3 300 18.2656698589053
3 1000 26.138507206388
4 0 3.95538171283155
4 100 13.0524175106006
4 300 26.3486124523607
4 1000 72.6754898472966
5 0 4.17729052960632
5 100 8.64868288859648
5 300 12.1712990973931
5 1000 29.8161746500678
6 0 4.8900853299047
6 100 7.90274747846712
6 300 9.66522525890376
6 1000 14.140266096891
7 0 4.40120774798582
7 100 10.7751211065265
7 300 18.2923356215681
7 1000 49.5951155913915
8 0 4.66330875784896
8 100 9.10638254553826
8 300 25.6261668422291
8 1000 34.8139575671083
9 0 4.13134186122799
9 100 7.52238995637548
9 300 8.98368601844609
9 1000 14.5617749998576
10 0 9.83281536937712
10 100 15.2777455249041
10 300 22.87272176903
10 1000 24.3223000332438
11 0 4.99545885487648
11 100 10.607766305786
11 300 13.253131083997
11 1000 20.1953497871181
12 0 3.56738486370872
12 100 5.00328682335238
12 300 5.24458830392118
12 1000 7.52782675140424
13 0 4.73573465863571
13 100 8.11245943707179
13 300 9.66607140069832
13 1000 13.7002658259706
14 0 4.54998817696043
14 100 9.49025846444824
14 300 14.0674869192581
14 1000 16.0951535640267
15 0 6.39155023593693
15 100 9.21404004380908
15 300 12.7637237416335
15 1000 17.6117785550676
16 0 7.35942642940538
16 100 10.3640668396571
16 300 17.1501672157234
16 1000 20.4569746204335
17 0 6.12760115853109
17 100 6.06164136657324
17 300 8.50492824826807
17 1000 10.0267650125798
18 0 3.26868430292367
18 100 8.21244719524056
18 300 10.208756423113
18 1000 15.8853604412755
19 0 5.4760049727693
19 100 7.8360174933808
19 300 9.32000390247425
19 1000 10.609683388459
20 0 7.84926455670557
20 100 12.4847584870869
20 300 23.6566397934637
20 1000 32.5550586995156
21 0 7.91231633314088
21 100 18.7541741757261
21 300 44.5281399883118
21 1000 53.7698812229116
22 0 6.54941327766177
22 100 8.64035566558455
22 300 16.2957988377807
22 1000 32.0309740616389
23 0 4.45466263436403
23 100 8.27054173052156
23 300 13.4821307165675
23 1000 23.3626067656704
24 0 5.4026800600476
24 100 7.10771270370196
24 300 10.275524836369
24 1000 11.3690312105874
25 0 5.4767181335496
25 100 11.4299842938493
25 300 17.2884168737904
25 1000 37.6909278788694
26 0 5.55345134383551
26 100 11.4151410093104
26 300 17.5627118359802
26 1000 30.9566899618925
27 0 4.10915452010668
27 100 8.69723693344721
27 300 13.1757042859329
27 1000 16.6304578527651
28 0 5.39629148726801
28 100 7.31948200833843
28 300 11.1886746725139
28 1000 19.7619404706668
29 0 3.62370636756752
29 100 5.93997087681733
29 300 11.8197378176678
29 1000 26.9299545764483
30 0 4.17595296379189
30 100 7.53407007996574
30 300 12.3004102874645
30 1000 23.8979002856668
31 0 4.74589243862622
31 100 9.12478186721596
31 300 16.1418502212125
31 1000 18.1935825927169
32 0 2.9687304318039
32 100 41.1250391562355
32 300 87.3321866327509
32 1000 88.3907909702033
33 0 3.99937944736645
33 100 6.92803889343148
33 300 10.2050353251281
33 1000 13.9101743862816
34 0 3.0213177362317
34 100 7.98594314606503
34 300 15.6113701670635
34 1000 26.0201120415478
35 0 7.08217128035749
35 100 12.5213323575032
35 300 17.2495628353755
35 1000 34.8018653034134
36 0 3.20206825654587
36 100 11.0118314901527
36 300 16.4361902241574
36 1000 20.1698910819859
37 0 2.99731867383046
37 100 8.93961636336802
37 300 16.4502635587518
37 1000 27.1009613840429
38 0 7.80317853969679
38 100 13.0424476417535
38 300 23.8532230367046
38 1000 25.559383027177
39 0 5.23137224279051
39 100 8.01028402816938
39 300 16.2323112174695
39 1000 23.1983581297868
40 0 6.15540989152522
40 100 8.45490696059241
40 300 17.1945923498
40 1000 23.0047899756588
41 0 7.26143463516749
41 100 10.6271157441414
41 300 14.6064856434036
41 1000 21.7014173126588
42 0 5.96335763283827
42 100 11.9549771267448
42 300 16.8961492113121
42 1000 21.232530087954
43 0 5.88829659854784
43 100 14.3834230367166
43 300 18.3567926492917
43 1000 21.9127348951443
44 0 3.35397304807614
44 100 7.62282206304492
44 300 9.291562051673
44 1000 18.2293041356628
45 0 5.51750357686935
45 100 18.0962290998032
45 300 30.3835310962401
45 1000 83.0634297087094
46 0 6.21257959742468
46 100 11.2626167810795
46 300 16.7657918334747
46 1000 26.9047548906623
47 0 5.71203365347242
47 100 12.2139619967994
47 300 13.7690357586251
47 1000 30.4051005633905
48 0 4.83102045714255
48 100 12.1536183621792
48 300 16.9160820903403
48 1000 24.117882030073
49 0 4.75669559070033
49 100 13.416126366254
49 300 22.2793997011158
49 1000 43.1406625335288
50 0 4.49775789290807
50 100 7.40067326766243
50 300 11.5416709620936
50 1000 16.8330249443702
51 0 5.58834187732931
51 100 9.68008636069212
51 300 17.7146162414267
51 1000 17.4878898668147
52 0 4.81061656660811
52 100 9.96028626474225
52 300 17.4784489726165
52 1000 22.0114676001961
53 0 6.25879444491359
53 100 13.4810447538672
53 300 25.6600673602337
53 1000 44.9967103165431
54 0 4.47243601274291
54 100 6.35954929107994
54 300 6.1516263185796
54 1000 6.91277639053147
55 0 6.27106846015437
55 100 14.0280878796215
55 300 18.7456651986618
55 1000 32.3704698266055
56 0 7.53652229003361
56 100 12.5398786008015
56 300 16.9166042313664
56 1000 16.8872905413446
57 0 6.03194106497199
57 100 27.3684921860953
57 300 33.578451119742
57 1000 45.3818290624365
58 0 4.90686202963888
58 100 11.3983627108532
58 300 17.1678188757711
58 1000 31.1213980282363
59 0 5.40094577818473
59 100 6.71127974330849
59 300 12.6295061625689
59 1000 21.3968839011701
60 0 5.28406158097368
60 100 7.51342288334404
60 300 10.0815020495465
60 1000 17.5465210081817
61 0 4.33741862524151
61 100 10.7270571416083
61 300 17.1640303284141
61 1000 28.269807687991
62 0 3.38740115477339
62 100 10.4696150629453
62 300 19.524145233676
62 1000 37.510471332804
63 0 4.06624817714053
63 100 6.27817928955834
63 300 8.46581658251539
63 1000 9.73884006919474
64 0 2.94741754066871
64 100 6.40620778762809
64 300 9.14352549885666
64 1000 15.5769342975299
65 0 7.20313817634804
65 100 9.82171225703125
65 300 11.5372890852821
65 1000 16.6961382713149
66 0 4.48732287697807
66 100 6.19669524549707
66 300 10.4240083938945
66 1000 13.5664234524378
67 0 5.8580100347114
67 100 10.6641201187271
67 300 14.3088218142937
67 1000 31.439224616954
68 0 5.23998238778651
68 100 11.1088008523299
68 300 17.5221515685382
68 1000 22.1340542256201
69 0 8.98838109370616
69 100 13.5170431174964
69 300 14.2618890265394
69 1000 21.8333335632686
70 0 2.92301231032161
70 100 6.4604790109087
70 300 6.705462398004
70 1000 9.37290632975155
71 0 5.03956201962889
71 100 8.04016853449316
71 300 10.8515127358217
71 1000 22.5337702353199
72 0 3.89300415060315
72 100 8.7116885147447
72 300 14.4252054644077
72 1000 26.4405124398057
73 0 3.75920584331437
73 100 10.2276245683395
73 300 18.7542284887894
73 1000 22.1643049709151
74 0 4.11888645900977
74 100 8.85371580793048
74 300 12.4030188318557
74 1000 20.3229072511757
75 0 4.23380873352319
75 100 4.68015401536325
75 300 6.50930216425988
75 1000 7.77363406242791
76 0 3.47876864629199
76 100 7.14682087800954
76 300 14.9493166063575
76 1000 22.3516390271172
77 0 7.95007351301739
77 100 11.3140021460023
77 300 20.6652912871285
77 1000 34.4408480508638
78 0 5.93977443737419
78 100 22.9350152319463
78 300 50.2719220349781
78 1000 72.6212774495049
79 0 2.36288208153466
79 100 5.14897201144101
79 300 7.638636618154
79 1000 19.2908221348366
80 0 2.70321822668363
80 100 5.06508527697434
80 300 6.65851248651168
80 1000 10.2069211339364
81 0 5.14663785954494
81 100 5.99751331291451
81 300 9.6351090860469
81 1000 13.611472530101
82 0 4.43733347164554
82 100 17.6313519560716
82 300 27.4249884324878
82 1000 44.7975480381227
83 0 5.35477695402628
83 100 13.4325463829145
83 300 17.1588155786328
83 1000 22.8354542735706
84 0 5.64782748181155
84 100 23.6952938580448
84 300 29.2209970357513
84 1000 55.2860587853903
85 0 4.59794849389261
85 100 12.4344022476375
85 300 18.5378343040892
85 1000 21.7098994024636
86 0 3.64062542964766
86 100 10.6289061984541
86 300 24.3371414139865
86 1000 46.2731323564336
87 0 5.50312349405444
87 100 9.2976298363975
87 300 19.9445422678983
87 1000 23.8612422886699
88 0 6.00544613271837
88 100 8.96748796849003
88 300 10.4281757239721
88 1000 23.2265746091315
89 0 3.71989076791661
89 100 4.58011261767869
89 300 7.65482791658505
89 1000 10.6626644745501
90 0 3.60799143576029
90 100 7.78665174216957
90 300 12.4425700611304
90 1000 17.4729929654847
91 0 5.18199167010733
91 100 4.92746722785231
91 300 9.01814130422194
91 1000 12.8725092060482
92 0 4.40907813467805
92 100 10.7003860716128
92 300 19.6782588753865
92 1000 35.7673675320892
93 0 4.66326846310085
93 100 9.63027057273722
93 300 17.8241728129953
93 1000 40.8321969323949
94 0 5.64561943486696
94 100 10.8817364477272
94 300 14.6882166562771
94 1000 20.2974072839
95 0 2.71154678238414
95 100 10.3374764421993
95 300 15.8073547231726
95 1000 21.3349957642589
96 0 5.85113604359383
96 100 8.20718856070373
96 300 12.5572030540372
96 1000 16.8336834475541
97 0 8.97943657830614
97 100 14.5697001870703
97 300 22.9307704781416
97 1000 36.3473568666989
98 0 4.94022630904074
98 100 13.1072159497812
98 300 26.3010743044152
98 1000 34.7076122822965
99 0 6.87073442033505
99 100 15.5805848598505
99 300 32.9060116459175
99 1000 50.6289792613921
100 0 4.23622775846916
100 100 6.67189778925006
100 300 11.6081748518969
100 1000 18.896820717649
