id dose y
1 0 4.92249838249089
1 100 10.5777829609197
1 300 15.2551724548494
1 1000 22.9070478559869
2 0 6.79837322454297
2 100 9.4882038730836
2 300 13.5900969245429
2 1000 31.5234363512144
3 0 5.33116867573673
3 100 11.8402735526444
3 300 15.1059771746629
3 1000 24.8686430842676
4 0 3.12449228747822
4 100 14.6909293816394
4 300 37.7497587895758
4 1000 70.1797417938688
5 0 5.57323756289003
5 100 9.30477849724377
5 300 19.6411660074137
5 1000 28.4696521061406
6 0 5.64572347949958
6 100 12.9226196197068
6 300 17.0890432519775
6 1000 30.3077625293337
7 0 3.31057818623404
7 100 5.81252776013369
7 300 8.65736634541082
7 1000 17.2598029279907
8 0 3.42843597726097
8 100 9.98609667325197
8 300 20.2138880589118
8 1000 31.1922733789563
9 0 8.35516714480974
9 100 14.7170796750915
9 300 19.0271237719437
9 1000 25.1740141869355
10 0 7.67785041651416
10 100 8.1545164903415
10 300 12.9465900496221
10 1000 15.0135056403833
11 0 8.94339123418546
11 100 14.0067527724303
11 300 14.1168058797845
11 1000 19.0938946779299
12 0 2.48242937684911
12 100 5.64742423689836
12 300 9.36107693578788
12 1000 14.5887742257883
13 0 3.56331980544367
13 100 6.99144862436397
13 300 9.86658515100177
13 1000 16.647204419788
14 0 3.36314416733293
14 100 9.58718030346354
14 300 18.0107813984086
14 1000 36.395976349846
15 0 5.71905872877541
15 100 8.9359558377047
15 300 12.8543028444995
15 1000 18.7398018066259
16 0 4.39317059914239
16 100 9.8502218608675
16 300 12.1537170715731
16 1000 13.6264551718289
17 0 5.35355719928095
17 100 9.99599992796985
17 300 16.3254143316433
17 1000 22.1896237203007
18 0 5.19500604272531
18 100 18.7045679122193
18 300 36.6476479755429
18 1000 46.3176959718638
19 0 6.89884845241015
19 100 10.2602711409958
19 300 12.3787402883504
19 1000 14.8574612040443
20 0 3.12823272931845
20 100 6.35510524266351
20 300 12.0346233265616
20 1000 17.4666889681763
21 0 4.35396431097291
21 100 13.3250484952818
21 300 21.4293607170178
21 1000 31.0925669419248
22 0 2.08646875913752
22 100 7.95460763773396
22 300 14.2885889323509
22 1000 16.6689431693183
23 0 5.22921731208878
23 100 10.0231203944136
23 300 13.47858119799
23 1000 18.9155787145191
24 0 4.05007788897945
24 100 10.2399369746334
24 300 12.1078063992526
24 1000 18.8582463046921
25 0 5.02459803718977
25 100 7.31468552803699
25 300 10.3940690557423
25 1000 11.8782359544687
26 0 2.47073727192615
26 100 6.88532865121329
26 300 12.314289082727
26 1000 20.3186244422407
27 0 4.17846470309786
27 100 8.23692366115986
27 300 11.6619644999364
27 1000 15.828982690968
28 0 7.82124477410855
28 100 13.4326371143645
28 300 22.307393636882
28 1000 31.3221258804234
29 0 2.89240514931528
29 100 9.84948679128717
29 300 14.0801760292094
29 1000 27.3282104279074
30 0 4.58955381093668
30 100 6.95640589278728
30 300 13.3708738999515
30 1000 16.3017776289433
31 0 3.38261314484168
31 100 6.73651240364742
31 300 10.8582126845523
31 1000 19.6141119270055
32 0 2.97138286266953
32 100 5.86146923073943
32 300 10.6091773490466
32 1000 16.3581911767014
33 0 3.55478442331709
33 100 14.7310289468196
33 300 28.7132106932012
33 1000 48.0354009003805
34 0 5.39330566745754
34 100 11.489866059254
34 300 15.2154149523354
34 1000 16.2636908557992
35 0 2.77444382063546
35 100 4.63690743721056
35 300 6.51495796803583
35 1000 10.4480583138793
36 0 4.08901181608961
36 100 19.723207608131
36 300 32.3465901888429
36 1000 44.5227310499279
37 0 5.40225438471129
37 100 12.6791504408688
37 300 23.5670643113868
37 1000 36.6274529487276
38 0 5.32385210351385
38 100 6.32485615356388
38 300 10.1167559264006
38 1000 16.7125182454337
39 0 3.41712504020451
39 100 4.14774216352512
39 300 7.9032353468518
39 1000 16.2256589652838
40 0 2.9164550877541
40 100 12.6895842105734
40 300 24.0159727403569
40 1000 51.0195408434427
41 0 6.08505263758556
41 100 9.04161769991564
41 300 12.6548248995187
41 1000 19.0747827653149
42 0 4.5228825077054
42 100 7.38830578386961
42 300 13.6375199314392
42 1000 17.70508755702
43 0 5.14614846962864
43 100 8.19666685252419
43 300 10.4522875348081
43 1000 15.8636298995831
44 0 6.16173120475546
44 100 13.5190810017449
44 300 25.1280117980272
44 1000 28.4449415734574
45 0 4.53762909443119
45 100 9.80465668957491
45 300 14.2440454187383
45 1000 23.2589737750736
46 0 3.84391800445776
46 100 7.81823802511969
46 300 15.1627683273153
46 1000 25.1122340728689
47 0 4.47292621146072
47 100 21.3889788357031
47 300 38.4716129015955
47 1000 60.8735974675943
48 0 5.52989067189891
48 100 12.0287165118755
48 300 22.9462548838273
48 1000 32.9371574678846
49 0 4.03715631896999
49 100 11.6037482629385
49 300 19.5807399584997
49 1000 33.1190215146101
50 0 2.72549410775057
50 100 9.94148767931687
50 300 15.8614471132089
50 1000 33.946749509399
51 0 5.31553858720157
51 100 11.9253287211328
51 300 21.9398957889995
51 1000 32.766094040512
52 0 5.01419538893808
52 100 12.8217993238799
52 300 24.9144457294252
52 1000 49.9485400344447
53 0 6.51251980459974
53 100 9.1615211317808
53 300 14.5307688390156
53 1000 26.8227450062639
54 0 9.95237118314094
54 100 15.1000419363451
54 300 21.9049971158573
54 1000 24.6197427104987
55 0 5.73191057958776
55 100 9.70343254013882
55 300 14.1163727597368
55 1000 17.4314122477443
56 0 4.26957828018235
56 100 8.00206943335742
56 300 14.7504313070901
56 1000 20.7909869950094
57 0 3.99397279819432
57 100 8.15902592208406
57 300 14.6009037365217
57 1000 25.4491501288452
58 0 3.64914631563719
58 100 12.3943441148528
58 300 22.3879081972039
58 1000 44.7026109858014
59 0 3.3693787427588
59 100 8.92848084390697
59 300 22.7147214283722
59 1000 31.2086214509533
60 0 3.65785713809809
60 100 9.49867397315102
60 300 15.7115464544735
60 1000 34.1397007950438
61 0 6.75661395137645
61 100 16.5652529033047
61 300 35.1645213602796
61 1000 54.2112855097755
62 0 6.73762588801855
62 100 9.33006737718332
62 300 12.4310577741106
62 1000 13.6262058508811
63 0 3.64227422189717
63 100 4.36377393714207
63 300 10.2294143306152
63 1000 13.5113879743553
64 0 3.19359075762086
64 100 10.2307019176511
64 300 16.4757955929884
64 1000 17.9508156491558
65 0 5.40509575213117
65 100 9.01609771063252
65 300 14.2114068635718
65 1000 25.2983310980337
66 0 10.6011512396688
66 100 15.9649456050164
66 300 17.0868551675406
66 1000 25.8475173713632
67 0 4.25562517944802
67 100 10.8721297780532
67 300 17.1304605908347
67 1000 27.3425555893334
68 0 5.76458795532259
68 100 10.4603395409908
68 300 13.7098182874359
68 1000 17.778240345726
69 0 4.88847853610325
69 100 6.99979450214911
69 300 9.57019846813277
69 1000 13.6157521198838
70 0 6.06885282923336
70 100 14.4408425285591
70 300 25.0835021848216
70 1000 62.1555843233919
71 0 4.689897595076
71 100 6.70980905782824
71 300 9.86315307107969
71 1000 12.7849824081084
72 0 5.22447163553191
72 100 7.32278472163565
72 300 11.7831999443704
72 1000 14.4385063263922
73 0 4.25668904186393
73 100 13.102634063784
73 300 19.1678984292019
73 1000 27.734885259682
74 0 4.44023723992296
74 100 5.91321958333372
74 300 8.77841452535019
74 1000 17.3166047185548
75 0 7.57883236219103
75 100 18.284134986826
75 300 32.1445279330486
75 1000 42.0094803475795
76 0 6.43500179512205
76 100 24.8413435829582
76 300 61.4896340415097
76 1000 135.902608862682
77 0 3.89164646680476
77 100 5.6946278098081
77 300 9.23964441063699
77 1000 14.1121918378653
78 0 6.86974675345004
78 100 9.53909155851146
78 300 12.6245669729866
78 1000 18.3298712761728
79 0 5.44899255124314
79 100 9.29331555144968
79 300 10.8712297745788
79 1000 17.543625090783
80 0 4.51909803810558
80 100 7.70932788861099
80 300 12.5412734965771
80 1000 18.4382163816077
81 0 6.52025644796903
81 100 14.532876313258
81 300 27.738061562381
81 1000 41.8031408809141
82 0 5.41095544957728
82 100 15.1851449855694
82 300 29.530414132365
82 1000 45.5346445541359
83 0 4.92142476659725
83 100 7.48753802188324
83 300 12.5145856239033
83 1000 18.7809123851939
84 0 3.70998525628231
84 100 5.972161090476
84 300 6.88616486678586
84 1000 10.6694645154582
85 0 5.64092488137097
85 100 9.49176856858962
85 300 15.5753202708642
85 1000 24.8531481897522
86 0 3.23033282351564
86 100 8.08858753347864
86 300 12.729358235056
86 1000 13.3466343372629
87 0 3.78458666896632
87 100 7.80968171314527
87 300 13.0646452531944
87 1000 22.2999474683843
88 0 3.32018010758133
88 100 7.98419107429329
88 300 13.6925700760267
88 1000 26.9575140005771
89 0 3.01592534002453
89 100 13.9250278585032
89 300 21.5253631231319
89 1000 25.2023478471344
90 0 4.59888654626842
90 100 13.306566612378
90 300 27.2970756391387
90 1000 44.9340062293827
91 0 4.08710935497681
91 100 8.02951900389514
91 300 9.86857040346859
91 1000 10.6046679549068
92 0 3.94389709404211
92 100 9.34451888173535
92 300 17.8995171332479
92 1000 25.9407425921413
93 0 6.3971089321565
93 100 8.73691792085939
93 300 13.6717526436432
93 1000 20.8010980830822
94 0 3.33656968936089
94 100 6.81962557629324
94 300 14.7540641859132
94 1000 21.6402289563142
95 0 6.89631132759222
95 100 13.1045454489548
95 300 19.4452579150241
95 1000 19.0538313034382
96 0 4.43744747438095
96 100 9.63596120328361
96 300 12.5002016797969
96 1000 15.2475703270734
97 0 7.23437767479562
97 100 9.16177088402302
97 300 7.90538268043745
97 1000 8.61626148489009
98 0 4.5474979434758
98 100 7.67558157521018
98 300 8.40838367787713
98 1000 15.9031283807788
99 0 4.47527714239241
99 100 8.88392282837795
99 300 13.81322616982
99 1000 24.2585993724515
100 0 7.73392685488038
100 100 14.2465960796089
100 300 18.6509928825785
100 1000 30.8561112623928
