id dose y
1 0 5.58762959483049
1 100 7.3796041397736
1 300 10.9970956432499
1 1000 15.5347147850944
2 0 5.5474508349849
2 100 11.9640567940738
2 300 15.7491241866007
2 1000 20.6621393665998
3 0 9.14870896050413
3 100 19.16216607273
3 300 34.3210941177204
3 1000 46.4362597294835
4 0 9.14852552272368
4 100 14.2470394812333
4 300 26.9406841953352
4 1000 37.6747254415992
5 0 6.44996782439471
5 100 10.4791992677273
5 300 15.7501309434962
5 1000 21.3397873586098
6 0 7.40785448949648
6 100 10.1671506665052
6 300 10.5906008937497
6 1000 14.8046193992266
7 0 7.18345523636165
7 100 8.55947830680063
7 300 12.5827555003954
7 1000 19.0285728550293
8 0 4.43226562983329
8 100 9.02688765858625
8 300 11.8702014173011
8 1000 17.7638852640487
9 0 4.09083170282919
9 100 10.3895565399801
9 300 14.0770565177608
9 1000 18.6280989419355
10 0 2.45202946989758
10 100 5.74183986893935
10 300 9.92286160718908
10 1000 13.3277845696405
11 0 5.67515625534748
11 100 8.0085486380512
11 300 18.1538534429466
11 1000 26.029607341454
12 0 5.66755451754784
12 100 11.517266439396
12 300 15.6192044826681
12 1000 20.0934707459857
13 0 4.86834362848035
13 100 12.9140739840709
13 300 19.914320864138
13 1000 28.1476274885602
14 0 5.04431003816163
14 100 8.13924669050631
14 300 10.53293121894
14 1000 17.3684213672742
15 0 4.2129172020148
15 100 13.1572612634306
15 300 24.4519508485185
15 1000 36.558464500555
16 0 5.90743788960413
16 100 17.9280548851383
16 300 24.8423987499988
16 1000 28.5792823302604
17 0 4.2964042231645
17 100 13.899838556068
17 300 22.9759142311476
17 1000 32.0143453490513
18 0 6.07552263630441
18 100 13.639694317793
18 300 25.4483605151507
18 1000 63.1556739049602
19 0 2.56701148410359
19 100 11.1189870653569
19 300 19.6911986882311
19 1000 36.075573120323
20 0 9.16871244446599
20 100 21.9462088605461
20 300 30.0599702239675
20 1000 55.9198623330539
21 0 4.96504078502361
21 100 8.72031334293118
21 300 15.3354788552557
21 1000 22.1260012051988
22 0 5.7378078146842
22 100 10.8628114270128
22 300 16.5030228781116
22 1000 25.0762343229791
23 0 6.45349715688279
23 100 7.09597725897576
23 300 14.0729539334443
23 1000 23.8534033559232
24 0 4.77696875831405
24 100 25.1661388713557
24 300 36.6782572101757
24 1000 39.3612879140927
25 0 3.21553844421339
25 100 18.5437015869863
25 300 34.9012903540123
25 1000 56.9586600424441
26 0 4.47174846397201
26 100 7.68401158076724
26 300 13.8295609224717
26 1000 25.9142730421605
27 0 4.16622738755144
27 100 8.0659380185036
27 300 12.884138196191
27 1000 31.4181487601555
28 0 2.68723443093132
28 100 11.7039670639751
28 300 24.8896799265452
28 1000 42.8868569507185
29 0 3.3897174348838
29 100 10.1527046913861
29 300 15.2085609678618
29 1000 21.8831016501946
30 0 6.38138688643019
30 100 19.8888844162198
30 300 24.9254202277877
30 1000 39.9163227407398
31 0 9.24047476299331
31 100 17.7979657936417
31 300 30.8123080895814
31 1000 32.4521843873484
32 0 5.79559946931605
32 100 10.1482762159562
32 300 17.9904456056079
32 1000 30.760226061505
33 0 3.61426640061726
33 100 5.63659050981381
33 300 8.76722489718979
33 1000 12.9780343029577
34 0 4.35710080574567
34 100 9.79834402991724
34 300 11.7268131730993
34 1000 14.2613350686837
35 0 1.99738219391938
35 100 5.6628717592959
35 300 10.090345749881
35 1000 17.5159378710529
36 0 5.23135733514796
36 100 8.22443664461194
36 300 10.1980130601333
36 1000 12.1688915327751
37 0 4.52087676271058
37 100 9.18406096950405
37 300 13.1648417501766
37 1000 24.9731469741275
38 0 3.50609895089962
38 100 8.69070546215656
38 300 13.1897738715012
38 1000 23.6859037090527
39 0 5.38527374396983
39 100 12.1792179122754
39 300 19.6323858386898
39 1000 35.45004750234
40 0 4.00001967507359
40 100 15.3767843147564
40 300 26.4050654569106
40 1000 53.983437096755
41 0 3.71608812833297
41 100 7.05451060948424
41 300 10.0959549563961
41 1000 13.0180898480648
42 0 6.06341859298614
42 100 23.2619436749417
42 300 34.1726592940805
42 1000 39.2382493004738
43 0 5.87932259998674
43 100 14.4226926243049
43 300 19.3743737539757
43 1000 26.8373768386266
44 0 5.02227400204593
44 100 5.79037649403571
44 300 6.93395770666257
44 1000 8.9276263400293
45 0 10.9809308358883
45 100 11.9777406569596
45 300 14.164015654731
45 1000 18.2216938488911
46 0 5.20114237581094
46 100 9.16413024797764
46 300 13.6370823859469
46 1000 25.3713886496144
47 0 4.67936406026566
47 100 7.59215449390037
47 300 12.0446162808535
47 1000 21.01816644257
48 0 3.85467584140485
48 100 16.3540572050872
48 300 29.6862400417892
48 1000 43.9737182242373
49 0 3.43260738787032
49 100 7.06031121179847
49 300 10.9377485880431
49 1000 13.7867028225472
50 0 3.47653113339782
50 100 7.83993340693971
50 300 13.1554658445153
50 1000 14.9333041325789
51 0 3.48804297658137
51 100 5.92189142160535
51 300 8.63649446770528
51 1000 23.2352166002648
52 0 3.19604707724894
52 100 12.7336347260039
52 300 27.5701577028308
52 1000 40.9598904468926
53 0 6.52773144759334
53 100 12.8302607321553
53 300 15.8065180792136
53 1000 18.0883674311327
54 0 4.96983390481892
54 100 10.4300240708994
54 300 15.7640690032873
54 1000 21.7337569028328
55 0 5.08020527496062
55 100 8.11038607094777
55 300 15.0086218410043
55 1000 27.6647408123261
56 0 8.77281255278184
56 100 10.2543386322608
56 300 17.7706410070919
56 1000 23.1600581570809
57 0 6.62765711461587
57 100 10.3782448203093
57 300 13.5700101069417
57 1000 17.9420324982996
58 0 7.3469548861741
58 100 38.5404998765121
58 300 63.8195529055861
58 1000 160.372069491177
59 0 5.01513256491373
59 100 25.0002081270039
59 300 43.1334527385916
59 1000 73.3776225199708
60 0 4.13517062685494
60 100 14.8044300613833
60 300 30.9126442338569
60 1000 50.3295595669499
61 0 5.51854227897579
61 100 8.37770284691855
61 300 12.3894003679252
61 1000 18.2208863032833
62 0 5.59915391641242
62 100 15.2991285991333
62 300 14.7876853649422
62 1000 20.0303236962197
63 0 3.50901210871522
63 100 5.47310347688699
63 300 7.51829994327369
63 1000 17.7697818941584
64 0 5.08007393318311
64 100 7.36479734157323
64 300 14.7194554998196
64 1000 27.4815692766332
65 0 4.58661330647528
65 100 6.85022040422587
65 300 10.4054651643745
65 1000 12.7480720412783
66 0 5.63321461291485
66 100 12.4752402053742
66 300 17.4622949947266
66 1000 24.9083587617652
67 0 7.20464040002964
67 100 11.624565100036
67 300 15.7068315310887
67 1000 21.0244841862458
68 0 3.78435911996796
68 100 9.93159045271393
68 300 13.8472913039014
68 1000 20.1510687831034
69 0 2.67090215715076
69 100 9.91293266400773
69 300 15.4932061109552
69 1000 17.1056908229111
70 0 8.41147786682179
70 100 15.1983932555081
70 300 20.2248153790871
70 1000 28.3981131601523
71 0 5.41157891224314
71 100 16.1697546305852
71 300 28.5999047257201
71 1000 45.2331676485759
72 0 4.32797073552742
72 100 7.04875707533867
72 300 11.051381636322
72 1000 16.3871949971259
73 0 3.84100717044007
73 100 15.8223052645659
73 300 24.3529912130811
73 1000 37.6078412773881
74 0 4.49429410044093
74 100 6.83206150360948
74 300 10.5880876982833
74 1000 17.4221509549934
75 0 13.2684979413485
75 100 24.0422301898215
75 300 30.5901052130129
75 1000 38.464884764705
76 0 7.48779838798418
76 100 8.73082559245836
76 300 14.1597227886078
76 1000 15.8917868927117
77 0 5.15650398190402
77 100 13.2180698777803
77 300 22.361712948671
77 1000 30.8901361411251
78 0 4.65134838307698
78 100 8.93929504775318
78 300 16.8744659682753
78 1000 19.2218796893816
79 0 4.3916672607256
79 100 8.64852359514612
79 300 17.4195065107215
79 1000 25.8714975388241
80 0 5.28696781495526
80 100 8.0045763841208
80 300 10.040156379405
80 1000 11.519501477867
81 0 4.60672782082285
81 100 9.24824021246379
81 300 15.008073044704
81 1000 19.554878529933
82 0 3.54973555995244
82 100 5.5963019907988
82 300 7.15871474241491
82 1000 10.3942191880945
83 0 4.15856388574567
83 100 14.4703181283667
83 300 22.6485107341733
83 1000 37.2371824711626
84 0 4.0708812819962
84 100 8.71557481233642
84 300 11.2666402588232
84 1000 20.6585780717816
85 0 6.93701571097701
85 100 11.364105931884
85 300 14.7229669086856
85 1000 18.1185382934811
86 0 6.32758729701639
86 100 10.3399984069709
86 300 16.8758172861939
86 1000 26.6756216026469
87 0 5.15560840085891
87 100 5.9962144210263
87 300 10.1609566138597
87 1000 15.5759418341424
88 0 4.97624520522975
88 100 13.3824519047328
88 300 21.4403241868613
88 1000 29.5152751413577
89 0 3.67631069513367
89 100 16.7690498846415
89 300 26.9227398647993
89 1000 31.9039333462326
90 0 4.88943421571412
90 100 7.52603686969235
90 300 11.7305228933346
90 1000 15.2284105818607
91 0 3.50866831854949
91 100 10.0570511870113
91 300 16.5151984715224
91 1000 25.7569251336231
92 0 6.76926341514709
92 100 8.71840036800664
92 300 14.9121081748787
92 1000 13.4604335940656
93 0 6.64281912168542
93 100 9.04024864567465
93 300 15.2218056855935
93 1000 21.1123118572164
94 0 8.05477947633587
94 100 9.95610603308474
94 300 17.4323955498486
94 1000 28.5293227963109
95 0 4.50112296339435
95 100 16.6499636266367
95 300 33.9438688493614
95 1000 54.6847256917841
96 0 2.85039897640407
96 100 7.69732105955141
96 300 12.5554148561646
96 1000 24.8568250068987
97 0 2.83378875834556
97 100 13.0039314881572
97 300 25.546464172809
97 1000 32.0206712049548
98 0 5.49412321312036
98 100 14.4455673862073
98 300 23.1894714068321
98 1000 28.6113048744003
99 0 5.90966385901787
99 100 19.6779646053131
99 300 41.1924396360047
99 1000 63.2461105188641
100 0 3.98630065532307
100 100 9.83201953148119
100 300 13.6168275050513
100 1000 19.3849113635149
