id dose y
1 0 5.62061765231928
1 100 15.6816410896832
1 300 25.3952599700282
1 1000 40.4006587941979
2 0 4.47998978684959
2 100 8.85443903400244
2 300 15.1082543084405
2 1000 22.1798359810201
3 0 2.89654442137257
3 100 8.00540406393066
3 300 12.2047807952833
3 1000 22.3447554712284
4 0 7.06123429110758
4 100 12.8147993691327
4 300 23.8290304208862
4 1000 43.0062638489098
5 0 5.16810086839379
5 100 7.42853102814591
5 300 9.79199731999671
5 1000 11.871050040643
6 0 5.37131978905825
6 100 11.3181455476956
6 300 25.3958708432067
6 1000 51.7577622929534
7 0 7.4904743504853
7 100 14.8008448330753
7 300 24.7241721922295
7 1000 29.1536733522976
8 0 3.76055336396948
8 100 11.216666477294
8 300 24.4475443632941
8 1000 37.3018701517719
9 0 4.60608819178324
9 100 18.1759963180618
9 300 32.7522073289705
9 1000 36.9309958941391
10 0 5.84169194205023
10 100 8.24889013727681
10 300 11.9696817877595
10 1000 16.8268938412689
11 0 6.3875240084761
11 100 11.7458600117759
11 300 19.7207171238006
11 1000 28.6616511476266
12 0 2.52417009576117
12 100 6.93129599959503
12 300 13.5485656215152
12 1000 22.08981206491
13 0 2.99635320254271
13 100 6.62013236208606
13 300 10.6071028387294
13 1000 19.7540507641411
14 0 7.82922739951861
14 100 25.8875127673798
14 300 39.9444937515837
14 1000 63.431003698099
15 0 7.06826486488096
15 100 9.78205317645898
15 300 16.7756458440508
15 1000 21.0834384714893
16 0 5.01750334073616
16 100 19.2833028861381
16 300 34.2560863292799
16 1000 64.6256898279093
17 0 6.48972261901454
17 100 13.6495479647227
17 300 25.3742847884038
17 1000 29.2565094134049
18 0 7.44479289931237
18 100 11.3324961115297
18 300 19.8076310842172
18 1000 31.0434184427419
19 0 4.24534631001307
19 100 9.23442044387687
19 300 14.0636802579164
19 1000 25.0766300244634
20 0 8.98271596296692
20 100 14.375126359134
20 300 23.2977036925089
20 1000 33.6569022282297
21 0 2.52070167774832
21 100 7.09688150863958
21 300 12.6661381094395
21 1000 18.8624397843193
22 0 3.39457622760685
22 100 8.31644263674254
22 300 15.5321626807941
22 1000 21.871789861228
23 0 7.80475726793824
23 100 12.5339262643941
23 300 18.7181563983149
23 1000 33.3840860555228
24 0 4.38452715699737
24 100 14.1124481995681
24 300 23.558725273654
24 1000 32.8506280311618
25 0 3.23920321965099
25 100 5.58267855648726
25 300 9.7322661429883
25 1000 15.4869110759864
26 0 3.78392244964487
26 100 5.59990026557788
26 300 7.73386393750646
26 1000 12.8320932465244
27 0 4.4811920653251
27 100 5.53049011190707
27 300 9.76794976460434
27 1000 11.4669651770459
28 0 3.78036680881352
28 100 9.32721320148411
28 300 16.3477488576305
28 1000 32.6560364356761
29 0 6.07063863360484
29 100 12.6879528388466
29 300 21.3619905939641
29 1000 27.6299073455005
30 0 6.83101197071772
30 100 8.32118604312622
30 300 11.6404503017725
30 1000 24.9047359927469
31 0 6.147179818236
31 100 14.2808812270756
31 300 22.3378712375008
31 1000 34.1390251588985
32 0 5.62954246061569
32 100 20.4368373812694
32 300 46.5734312260628
32 1000 69.9990481969075
33 0 4.30030314209731
33 100 5.64601997776277
33 300 6.71672155103808
33 1000 10.8826508901432
34 0 3.09433790392404
34 100 7.53460424442828
34 300 11.756035575781
34 1000 17.751652341954
35 0 3.87356857174975
35 100 12.4307266624361
35 300 19.1788593183725
35 1000 31.4551483637608
36 0 4.06691943763438
36 100 6.32103649187854
36 300 10.6833215949609
36 1000 17.5933978661466
37 0 3.70847802059015
37 100 7.87725586039448
37 300 11.0148873652434
37 1000 20.773703067328
38 0 7.14965469112187
38 100 7.18402189021235
38 300 11.2227876874753
38 1000 14.2165180094942
39 0 4.18246553395173
39 100 7.2092479513688
39 300 8.93730890124632
39 1000 17.6243528036942
40 0 4.32225461845754
40 100 6.68524269193346
40 300 12.3312381633751
40 1000 13.9445245005766
41 0 6.25447043942426
41 100 9.00723669620312
41 300 15.2083768263066
41 1000 19.7641923165981
42 0 4.14822067838152
42 100 5.23783643984566
42 300 6.56650158850601
42 1000 8.79751135278228
43 0 4.66156640919816
43 100 10.3493924735283
43 300 13.7319844879954
43 1000 21.5202783313667
44 0 4.58609814873515
44 100 9.89680744123492
44 300 11.4986007463666
44 1000 16.3746593081488
45 0 6.05616280637669
45 100 9.82331578805775
45 300 16.7943587936023
45 1000 31.6150432384915
46 0 7.44974881052736
46 100 20.9087890857542
46 300 26.4698122621769
46 1000 31.1318613677235
47 0 5.7698860505553
47 100 7.49286274073695
47 300 9.30660580481136
47 1000 12.6174669737871
48 0 7.52328355696619
48 100 11.6971382368168
48 300 16.0851838942637
48 1000 20.6596749149207
49 0 3.68648663079706
49 100 14.2738693553469
49 300 25.6000010902599
49 1000 34.5734026207231
50 0 7.745908888641
50 100 20.1539460522187
50 300 27.3909462177761
50 1000 37.8378928589251
51 0 6.65609579361224
51 100 13.6756368131382
51 300 21.2067346052751
51 1000 19.9288184366773
52 0 5.8976414478687
52 100 10.8298676826721
52 300 19.9351304360027
52 1000 22.4850845890902
53 0 5.96173042209786
53 100 12.1003344969954
53 300 11.9225510612959
53 1000 18.6367032470691
54 0 3.95392577491885
54 100 7.15474165166683
54 300 12.2405784484797
54 1000 15.6998794772323
55 0 4.4493381709928
55 100 15.8889753575992
55 300 29.4367274293184
55 1000 44.9314828998951
56 0 7.07077888212538
56 100 11.6056508219716
56 300 13.7394283363837
56 1000 24.5219750392189
57 0 6.69291862509173
57 100 11.1162487724365
57 300 18.8900004492357
57 1000 31.1061074978289
58 0 3.23585921253788
58 100 9.50455990381465
58 300 16.1921947820201
58 1000 24.2947684476998
59 0 6.86847003773935
59 100 8.16818789210813
59 300 9.8951619240249
59 1000 16.4835152201229
60 0 3.57654252607716
60 100 5.88706269304643
60 300 9.40142986925409
60 1000 13.268692732649
61 0 4.66932345825608
61 100 13.1037357048933
61 300 23.2152374755746
61 1000 33.4504434886087
62 0 6.12166706602758
62 100 17.8872767416034
62 300 23.663832445781
62 1000 43.9273301243674
63 0 3.69369818966452
63 100 17.2418004863211
63 300 28.1335078921529
63 1000 33.864193578321
64 0 4.364588361065
64 100 12.0708611624583
64 300 13.8779896613181
64 1000 18.3940335192916
65 0 4.18689345570661
65 100 7.25636113432254
65 300 10.0539829994062
65 1000 14.6430574459235
66 0 5.56323579573632
66 100 7.70161833869936
66 300 12.0938598288706
66 1000 18.4630280192405
67 0 3.58280305471023
67 100 6.98105841930163
67 300 13.2522510267742
67 1000 17.3889240621467
68 0 3.1411133436123
68 100 11.6247886902201
68 300 25.3382310522492
68 1000 33.8009480134208
69 0 7.48107479043598
69 100 20.5462090068609
69 300 38.6252184394477
69 1000 75.0855747336491
70 0 5.10771478190425
70 100 8.74979868946872
70 300 15.2839325096535
70 1000 23.1864800256405
71 0 2.98913981476772
71 100 13.2613327868447
71 300 27.161781338333
71 1000 31.7384270113435
72 0 4.81163025512152
72 100 13.3266091889863
72 300 25.1232542507699
72 1000 57.1961824229299
73 0 4.62732609097031
73 100 6.62354868114464
73 300 13.1273376471266
73 1000 21.9126275356894
74 0 4.84894698193354
74 100 11.6748494685207
74 300 20.8420389381453
74 1000 30.843132239715
75 0 3.52781013755741
75 100 5.38947694084716
75 300 7.02058896007936
75 1000 12.9832716432061
76 0 4.77700343049465
76 100 10.1585449232138
76 300 22.1399353921572
76 1000 31.9526682561391
77 0 8.41289229410576
77 100 9.7242060633509
77 300 14.5129761987756
77 1000 17.2598509570447
78 0 4.73142814637949
78 100 10.3582678919718
78 300 16.1403738278605
78 1000 19.5182696358726
79 0 7.92627630390387
79 100 10.2556730768896
79 300 10.6998418668143
79 1000 20.5458331487175
80 0 3.93765097263569
80 100 6.09767494677013
80 300 12.0757842716626
80 1000 13.1472812918644
81 0 6.7038475729945
81 100 11.8577267776154
81 300 16.1496777447359
81 1000 25.9458075016584
82 0 4.16165006086738
82 100 12.3744868944612
82 300 19.8584376251122
82 1000 25.4338229159877
83 0 3.72883839705105
83 100 7.04981713955225
83 300 9.78064914517275
83 1000 16.9131302526811
84 0 4.32239944128676
84 100 7.11041433264811
84 300 10.3067713605852
84 1000 17.6009338627654
85 0 5.90792396209104
85 100 8.23651655594972
85 300 16.3724497619625
85 1000 29.2067613162984
86 0 5.88925159370227
86 100 7.98817068950365
86 300 9.2230287417771
86 1000 11.4583582708998
87 0 6.94760201083047
87 100 16.5027285286229
87 300 28.1797593468919
87 1000 31.4617245221216
88 0 5.01288937563127
88 100 11.2729590706108
88 300 21.6879786261806
88 1000 30.7790261778562
89 0 4.74645653581353
89 100 22.0664180391755
89 300 33.5872223590806
89 1000 44.2074364284316
90 0 4.21417229598083
90 100 17.6566014972727
90 300 33.1739546097782
90 1000 67.1393422287318
91 0 4.35199229167992
91 100 8.23291565631586
91 300 14.1923519630694
91 1000 14.0963737829614
92 0 4.73538627201909
92 100 7.07713752221358
92 300 6.66583683404808
92 1000 7.92448116013889
93 0 4.78441135650971
93 100 9.50029189282953
93 300 14.2420465056575
93 1000 20.6677176387458
94 0 7.58172271214775
94 100 13.895050611493
94 300 22.9258979128194
94 1000 43.2087294543714
95 0 5.38335063563158
95 100 9.35239683350649
95 300 10.8322326310132
95 1000 12.0633162444078
96 0 4.55779286834974
96 100 11.6154945434227
96 300 13.7028130139985
96 1000 21.627268665472
97 0 3.73468272334712
97 100 12.8581173016625
97 300 27.259681913653
97 1000 26.8451213220776
98 0 3.7556044020694
98 100 7.88304977852307
98 300 12.6360224077262
98 1000 12.7120146759664
99 0 6.11222514919686
99 100 8.33885653780889
99 300 14.5366867491531
99 1000 17.8376838317202
100 0 5.84707209366528
100 100 11.4227079422466
100 300 15.7152789301931
100 1000 18.6380255778943
