id dose y
1 0 4.49010764897854
1 100 7.8311706224506
1 300 10.556976749871
1 1000 17.8502704086388
2 0 3.98696173325022
2 100 8.04889887503791
2 300 9.99612826170063
2 1000 14.795470499024
3 0 5.81628492226616
3 100 15.7313538966887
3 300 29.2923832833247
3 1000 80.9911197501242
4 0 5.71633942095958
4 100 8.17164525477388
4 300 14.2976676962015
4 1000 22.0225342796568
5 0 4.88816278473084
5 100 8.16508301508087
5 300 18.8674396360538
5 1000 35.2347379123798
6 0 3.65717255313178
6 100 9.64381188420415
6 300 18.8798033972372
6 1000 28.1030295484006
7 0 7.18369055661914
7 100 10.4652182181755
7 300 14.4853070235298
7 1000 21.7150168218585
8 0 4.04176303857415
8 100 7.76248397668599
8 300 13.2887725682582
8 1000 18.2870983044101
9 0 8.57593025135072
9 100 11.5357024423353
9 300 17.0674072636659
9 1000 27.3777891868456
10 0 4.17265390091816
10 100 17.1813306583158
10 300 38.1335439060296
10 1000 69.7092177374089
11 0 5.46799673315058
11 100 17.4376099361075
11 300 27.0585788359891
11 1000 33.0546337077038
12 0 5.76497827833912
12 100 10.5702975227897
12 300 12.7668457861619
12 1000 14.2038641266385
13 0 4.9135737070336
13 100 13.4157248706198
13 300 29.5543668886949
13 1000 58.2241468695125
14 0 3.92966249182325
14 100 7.79507232624499
14 300 9.73681286455747
14 1000 11.9483193635815
15 0 7.96713823440308
15 100 10.6869537306995
15 300 15.0139345641617
15 1000 24.9713913509023
16 0 5.29677554107272
16 100 7.30057407547715
16 300 13.806333507223
16 1000 20.1032234973225
17 0 5.25383750888371
17 100 11.6901584849389
17 300 18.5223721120719
17 1000 31.4906762083366
18 0 7.17255342952698
18 100 10.9113675264954
18 300 11.9568326394925
18 1000 14.8580320184663
19 0 3.50059037252916
19 100 8.62119334259557
19 300 14.7065203870501
19 1000 27.7060167864429
20 0 5.51975195608638
20 100 7.58154111751714
20 300 12.5838829758756
20 1000 26.2364828992811
21 0 3.61212230799296
21 100 12.4585682650497
21 300 19.9134385153625
21 1000 28.8852685545474
22 0 4.38305745697544
22 100 9.72774094100366
22 300 14.936628114671
22 1000 22.2820217351435
23 0 5.90428262523843
23 100 7.67397745634991
23 300 13.6358235908299
23 1000 21.2794501634564
24 0 4.03527035882346
24 100 7.90784942274977
24 300 14.8523278508381
24 1000 20.3816416665364
25 0 4.39773556228947
25 100 5.02020349877641
25 300 6.74238037891109
25 1000 9.76518943302948
26 0 4.16804670785605
26 100 7.70254528482912
26 300 10.1498426045834
26 1000 12.8875752498499
27 0 7.06047377855847
27 100 11.4744266839369
27 300 15.7268016096098
27 1000 18.3882952567163
28 0 3.88963024222769
28 100 7.60763901579967
28 300 11.8301832915717
28 1000 18.8259268688261
29 0 7.48336216399915
29 100 10.7261011333783
29 300 19.5229135378514
29 1000 27.5729350882039
30 0 5.55376486456748
30 100 10.6037559852273
30 300 15.0167830460679
30 1000 19.4142533408547
31 0 4.59271560937033
31 100 13.8402012034155
31 300 18.7474701199891
31 1000 27.4707765812167
32 0 6.69833230451872
32 100 9.2673286559281
32 300 15.8540506013734
32 1000 22.2256999146675
33 0 5.78806120933496
33 100 19.9809159533788
33 300 31.7663456808346
33 1000 44.1361361705623
34 0 3.39432374810388
34 100 6.5696897628391
34 300 13.8475054926608
34 1000 30.4596191746724
35 0 3.85784826483308
35 100 29.88908931448
35 300 41.6454222964857
35 1000 56.3305115743886
36 0 3.58235476073138
36 100 8.86378942245102
36 300 11.2363385449716
36 1000 12.6455501529431
37 0 3.17883331297751
37 100 10.4460134371708
37 300 20.2517160529659
37 1000 30.6090053366975
38 0 4.37943783003925
38 100 7.4915825628465
38 300 10.159988561128
38 1000 17.487237114015
39 0 3.99146403214368
39 100 12.9132224133548
39 300 19.3660648574868
39 1000 33.6356942651359
40 0 5.31361993986797
40 100 8.29224608476193
40 300 14.5462814472429
40 1000 27.661501670688
41 0 3.90353398322429
41 100 5.6827993279977
41 300 8.01489367703194
41 1000 10.5024589236559
42 0 5.81080613511106
42 100 8.20335815463208
42 300 14.2623927796404
42 1000 22.8976412810146
43 0 4.87849231964894
43 100 8.88172258124492
43 300 13.4958751671879
43 1000 19.8396152070632
44 0 7.56452949883947
44 100 13.149502276781
44 300 16.4431247824184
44 1000 17.0494647469035
45 0 7.24354166249427
45 100 11.5279219626424
45 300 16.7506054747414
45 1000 28.3282764817662
46 0 5.25809865763884
46 100 8.80128559839834
46 300 17.222554358634
46 1000 33.6332818421468
47 0 4.85867331005836
47 100 9.08610965828281
47 300 14.6190042295782
47 1000 24.5351930567848
48 0 4.54271176966636
48 100 12.9803318324683
48 300 34.0704142775162
48 1000 48.5908454567289
49 0 5.02447444230681
49 100 7.04332825860002
49 300 8.24432988379608
49 1000 10.7000172175856
50 0 4.36963460572698
50 100 7.62089659747712
50 300 13.3917461937991
50 1000 15.9979784504596
51 0 5.72585252007017
51 100 9.21355330442069
51 300 11.6031549671963
51 1000 20.1246860346321
52 0 4.12025981829906
52 100 6.97552036098755
52 300 13.5286402006127
52 1000 25.5469198162937
53 0 3.42192483527236
53 100 4.27565678552831
53 300 6.52194072179055
53 1000 8.6143502371101
54 0 2.25324999577808
54 100 17.5248536902832
54 300 34.1294182321352
54 1000 68.7337283525942
55 0 3.97827627435658
55 100 11.4091312617764
55 300 24.1501713817834
55 1000 47.8472899744703
56 0 5.66362548155125
56 100 6.36884056174561
56 300 8.89695424282382
56 1000 8.93347999392142
57 0 5.7673108109603
57 100 7.34055638755865
57 300 9.72427420145261
57 1000 9.50660473434285
58 0 4.40085080099343
58 100 9.3491486020694
58 300 13.4444412253769
58 1000 17.038033267095
59 0 4.63532621371483
59 100 17.4330853574828
59 300 18.5431482660043
59 1000 22.7109056123572
60 0 3.15110859003194
60 100 5.15643367973177
60 300 8.58473506345261
60 1000 12.9557146380865
61 0 2.31714207060386
61 100 4.24222810518723
61 300 6.7274657915843
61 1000 10.0030682859927
62 0 2.53278167761236
62 100 4.4133618450007
62 300 7.67578642545984
62 1000 18.3037567783019
63 0 5.16740030264184
63 100 16.5466315919319
63 300 31.9403067963467
63 1000 41.348723837752
64 0 7.42575586021308
64 100 28.3791087171146
64 300 37.0878506687691
64 1000 53.0206056617764
65 0 2.5992801169318
65 100 4.94906513738717
65 300 10.08723594801
65 1000 15.2755560995529
66 0 4.38877457313725
66 100 13.8865372117475
66 300 21.2294219853153
66 1000 24.8589119051726
67 0 4.33273362174856
67 100 7.07596600819325
67 300 8.43181180215574
67 1000 14.3716580956523
68 0 4.17016550324149
68 100 8.58776819767301
68 300 10.968614816135
68 1000 15.3064774249406
69 0 3.87942457001953
69 100 9.58332908611835
69 300 21.2195318734837
69 1000 44.2859612556268
70 0 6.62628699336305
70 100 14.9067643952117
70 300 22.2984953484557
70 1000 25.2311515979693
71 0 5.5464819393167
71 100 5.8185824538785
71 300 8.4859613679455
71 1000 17.5341507028978
72 0 4.48000371827691
72 100 12.5524313305904
72 300 14.5565925286231
72 1000 22.7122708085789
73 0 4.02951638900193
73 100 7.68526438708415
73 300 10.5293446513723
73 1000 20.3788660621363
74 0 4.7879905570794
74 100 7.05834620129997
74 300 10.1519474865267
74 1000 25.703431377678
75 0 4.45470290385883
75 100 10.0023785024699
75 300 17.2414038238952
75 1000 29.7681263063854
76 0 9.74923771312938
76 100 10.191588069986
76 300 13.4026923065358
76 1000 18.2979975958124
77 0 2.85841305178163
77 100 5.81065194168443
77 300 6.32028114902153
77 1000 8.03099132965385
78 0 4.27880644915888
78 100 8.2500975102249
78 300 14.2529829540571
78 1000 16.7009173096316
79 0 5.04735932982489
79 100 15.839486289013
79 300 30.3079560791858
79 1000 59.5512187789434
80 0 7.27602592063586
80 100 14.6484717410442
80 300 23.8738910544258
80 1000 29.52703966927
81 0 4.81563970895007
81 100 35.5045653689747
81 300 68.4014387746853
81 1000 152.579885441897
82 0 5.492900409221
82 100 10.257448879366
82 300 11.3580267786562
82 1000 15.7073951341871
83 0 4.2689630839237
83 100 7.62897171591942
83 300 11.5154630242178
83 1000 17.5834337525596
84 0 3.15676469838019
84 100 7.58734084578664
84 300 16.1522230369815
84 1000 32.1249112014385
85 0 5.07324015866516
85 100 8.81902059733788
85 300 14.2937288901184
85 1000 17.1464681411691
86 0 3.49528363270818
86 100 5.17889831161065
86 300 7.24179092281636
86 1000 10.8405250411154
87 0 9.62944498682642
87 100 12.1939041313415
87 300 14.1018355155031
87 1000 16.5447348437398
88 0 7.24861009985
88 100 12.5774908548161
88 300 16.6638370411791
88 1000 31.333896095345
89 0 5.81971415582137
89 100 11.5056823407615
89 300 13.434179777195
89 1000 28.5054603413849
90 0 5.05559175415636
90 100 10.0323480921957
90 300 16.3872760657305
90 1000 25.7997084892642
91 0 4.58021695975993
91 100 8.68588248814031
91 300 12.1554859269822
91 1000 12.9303426660638
92 0 6.30053603526258
92 100 14.4912732163019
92 300 23.5961122813128
92 1000 35.3882511334048
93 0 5.82025363264055
93 100 10.945257168113
93 300 13.2323018992043
93 1000 26.8749897650948
94 0 4.14093100015565
94 100 13.9125336937376
94 300 37.0029071181299
94 1000 71.9008938853339
95 0 5.14206996877935
95 100 11.6268291259003
95 300 19.9260217906057
95 1000 26.8127256845054
96 0 4.91174652942799
96 100 10.5471435639599
96 300 15.3756342104955
96 1000 33.3583214065217
97 0 4.54408950438689
97 100 8.0520414969997
97 300 11.7850480062501
97 1000 17.8912180484475
98 0 3.33618418703638
98 100 5.59595570976749
98 300 8.61022115082372
98 1000 13.5314436168815
99 0 4.29914231948389
99 100 15.2108900377308
99 300 26.7369562766308
99 1000 32.6560551393259
100 0 4.67309257281688
100 100 15.9937861392451
100 300 26.2668422640364
100 1000 35.1333975217068
