id dose y
1 0 7.96347704061296
1 100 10.1682288109345
1 300 13.5294875024773
1 1000 19.8715684586099
2 0 6.50720373837285
2 100 9.19153994481137
2 300 15.9596215521272
2 1000 22.7185343581041
3 0 4.19667895565119
3 100 16.3188723230803
3 300 22.3854756930549
3 1000 32.443094923497
4 0 4.0473201723638
4 100 9.74631144454226
4 300 17.5956650704346
4 1000 41.2279824760374
5 0 3.70439890177639
5 100 9.14174718650153
5 300 14.5844328866601
5 1000 19.2112089520718
6 0 5.54616907757259
6 100 9.9478272698434
6 300 12.4061804921787
6 1000 18.288419062979
7 0 3.91322746112366
7 100 10.8975794494703
7 300 19.9122773909806
7 1000 25.9528049356544
8 0 3.04662271413583
8 100 6.29667650976729
8 300 15.4917721258629
8 1000 21.3324267501885
9 0 2.38933243294503
9 100 12.564830426404
9 300 19.4828655739088
9 1000 34.3178598907428
10 0 6.21729119067107
10 100 13.71787942039
10 300 23.0364742576564
10 1000 25.5883655945186
11 0 5.92973790637558
11 100 10.9280722327199
11 300 19.3426153233565
11 1000 32.5375812767679
12 0 3.67210146803931
12 100 21.9922983505242
12 300 31.6623607451223
12 1000 48.379468959495
13 0 3.13982163430946
13 100 8.88662138108253
13 300 10.9084567471613
13 1000 21.2025638727809
14 0 5.79515046268209
14 100 14.0811692136239
14 300 13.2999254330006
14 1000 17.7381625595061
15 0 6.26805954059012
15 100 13.5506398168636
15 300 15.4037879928193
15 1000 17.7371093556371
16 0 4.24562605669245
16 100 8.82759498568245
16 300 15.0524467300786
16 1000 20.0328009475735
17 0 10.0111014244402
17 100 10.1249540138461
17 300 11.6989279289647
17 1000 15.3207962851839
18 0 5.04953167312312
18 100 7.63166053791284
18 300 12.9609439331839
18 1000 17.6244225846235
19 0 3.02446526897206
19 100 8.33074167490075
19 300 9.41227679483703
19 1000 14.1191542489446
20 0 4.41062862457665
20 100 5.76820829003544
20 300 8.30244422119291
20 1000 11.6526269266707
21 0 3.50503668365585
21 100 9.46599247719565
21 300 15.4293627895195
21 1000 16.8776736809017
22 0 6.93512474896201
22 100 8.46449989205933
22 300 13.4424601411341
22 1000 22.7049567707603
23 0 4.75768835081464
23 100 11.7290663091329
23 300 15.637837515601
23 1000 27.7221102482356
24 0 5.03980836322359
24 100 8.07029245147943
24 300 13.7856667986496
24 1000 15.4306683630816
25 0 7.24840582436857
25 100 11.0399683188926
25 300 15.8859755366835
25 1000 21.2410263416891
26 0 6.19473011273048
26 100 14.8196577628671
26 300 24.8026107476124
26 1000 37.9674556423527
27 0 4.68929862845507
27 100 8.31993077781328
27 300 11.2814356201565
27 1000 16.3617589608039
28 0 6.83003332187569
28 100 9.44329553122187
28 300 12.7894442952545
28 1000 18.0696761895096
29 0 7.20308701271015
29 100 15.8375316391578
29 300 25.094969603869
29 1000 30.4026173373508
30 0 6.10656955971556
30 100 12.1415820730439
30 300 18.2493099568341
30 1000 49.6110703268193
31 0 4.97218185591577
31 100 11.4056115776404
31 300 16.4236562239326
31 1000 19.5768199169594
32 0 7.46943597196318
32 100 12.0958566048391
32 300 19.1389753484942
32 1000 26.345571359533
33 0 6.2930546143116
33 100 8.3523841200681
33 300 13.0191464144319
33 1000 21.9305832593698
34 0 4.16921343478868
34 100 10.3712249847186
34 300 15.0672282243045
34 1000 26.9896414046805
35 0 7.54220790006747
35 100 8.06583802095076
35 300 11.1963826276048
35 1000 10.9180511747008
36 0 5.56273195265345
36 100 12.5531776581036
36 300 18.7832775189843
36 1000 31.3627102203257
37 0 5.26316087273076
37 100 6.05856190734661
37 300 7.28043081686797
37 1000 10.5902012911081
38 0 2.99983516135903
38 100 5.74959450580572
38 300 10.8068019533913
38 1000 18.9233320609367
39 0 6.10602666642611
39 100 16.6511307912355
39 300 15.9586301991058
39 1000 26.5575342403642
40 0 4.47445344601555
40 100 8.14746340283654
40 300 12.7340169227569
40 1000 14.720729751216
41 0 4.92569193866093
41 100 7.53311351145795
41 300 9.30895623855301
41 1000 18.7025542538997
42 0 4.64431881594646
42 100 19.7073881953119
42 300 38.8216001162739
42 1000 57.660572433245
43 0 4.20852240339372
43 100 9.78342946878731
43 300 12.87265487637
43 1000 16.7585804151679
44 0 4.92709993125918
44 100 9.17518988982856
44 300 18.0630918393272
44 1000 24.6328545538005
45 0 6.41374274054817
45 100 9.16861604096558
45 300 12.6288228499601
45 1000 19.0917177430014
46 0 6.15247296818703
46 100 9.20720511977824
46 300 17.9587776628002
46 1000 22.8979232124638
47 0 4.23644058283069
47 100 9.96451342105108
47 300 16.8896444850318
47 1000 23.6069781019769
48 0 7.02705379582269
48 100 13.3674532258252
48 300 26.1000045483721
48 1000 65.600097607777
49 0 3.9844507406533
49 100 12.6120541975966
49 300 23.8569983074276
49 1000 48.3946990519212
50 0 5.9036864849788
50 100 12.0465239783085
50 300 25.6994712908994
50 1000 31.8282681192925
51 0 4.58705139052571
51 100 9.58220983064135
51 300 16.2603834711723
51 1000 33.4417503892888
52 0 6.72505832405193
52 100 9.29470155631212
52 300 19.0127584088491
52 1000 31.3477073888748
53 0 2.17841912457791
53 100 3.85839922597371
53 300 8.21198713896186
53 1000 9.1280982756133
54 0 4.19339294090103
54 100 11.8267775103018
54 300 23.3232665287117
54 1000 48.4439182631363
55 0 6.22542128785373
55 100 17.1690283258332
55 300 24.9295043349824
55 1000 28.7234893396384
56 0 5.5884812607073
56 100 9.10224936482661
56 300 11.2865196398847
56 1000 18.3482110176701
57 0 2.99875024878726
57 100 14.7462934134754
57 300 32.6061747355431
57 1000 71.5420317285725
58 0 5.36032537112516
58 100 11.9368515291264
58 300 17.12492901342
58 1000 40.1877451845645
59 0 3.26093060705228
59 100 10.6205600882956
59 300 17.5671335163574
59 1000 26.9105880060478
60 0 3.11334323238052
60 100 10.6371121466569
60 300 15.4642256902751
60 1000 30.7493472465894
61 0 7.82515317679777
61 100 22.5971006654908
61 300 31.7707073186264
61 1000 55.6440775024331
62 0 3.74693685325935
62 100 7.47931823611339
62 300 13.0194314086631
62 1000 19.6003557474192
63 0 4.62504365373557
63 100 10.0295058554992
63 300 12.9014776915929
63 1000 20.0284582997014
64 0 5.5972233502959
64 100 13.3894711442911
64 300 24.4425182957287
64 1000 28.8028599549277
65 0 4.94985624457034
65 100 7.11589451614249
65 300 12.1997308360009
65 1000 19.4172017036746
66 0 6.70326154527183
66 100 10.1891268945892
66 300 13.9515140918951
66 1000 18.6039693359598
67 0 4.56067244139645
67 100 8.76042174955598
67 300 16.1754230774648
67 1000 28.2290345913305
68 0 4.93468342686049
68 100 6.82821890552363
68 300 10.3214700172352
68 1000 15.0127824835899
69 0 3.50622020066314
69 100 6.59462813678719
69 300 9.11302539459554
69 1000 17.406288216859
70 0 5.26364326608567
70 100 9.73164391700867
70 300 13.7911616456157
70 1000 14.7178013914463
71 0 5.83812754832871
71 100 12.9927918557191
71 300 22.1298390698069
71 1000 30.591586251361
72 0 7.8484564901699
72 100 10.3784867834995
72 300 13.0006727879696
72 1000 18.1802316209041
73 0 8.11157258517923
73 100 13.1860881797677
73 300 16.4268147222811
73 1000 23.9672935262297
74 0 4.06888178853553
74 100 6.16435747081179
74 300 8.62172486064545
74 1000 8.94040795110918
75 0 5.10658082481833
75 100 14.4135880931186
75 300 14.6231800266163
75 1000 24.6694420909711
76 0 2.48616367096737
76 100 4.81406846476158
76 300 8.0417702946569
76 1000 17.0239958879925
77 0 6.63701999990252
77 100 21.3984579523472
77 300 30.6163999920798
77 1000 45.1521507702114
78 0 5.28248790059335
78 100 20.5140400530472
78 300 33.340681173208
78 1000 65.8652811764953
79 0 4.60949697676318
79 100 5.14353162026576
79 300 7.87020733352731
79 1000 8.51621437199694
80 0 7.95286300033019
80 100 15.8537531489
80 300 24.9372822785296
80 1000 28.4371889030951
81 0 6.28810588332972
81 100 9.71851473064034
81 300 14.1350923907166
81 1000 21.5371639305455
82 0 6.71686324412718
82 100 10.1002690949438
82 300 16.2882691891049
82 1000 16.0538315610837
83 0 3.57362209074994
83 100 15.6401792647678
83 300 28.1994592032426
83 1000 57.0033914317346
84 0 8.03405344488074
84 100 9.03994993341383
84 300 12.2187293440465
84 1000 20.3075694945462
85 0 5.47685735368467
85 100 10.2089100176153
85 300 14.753828589361
85 1000 18.7209816436527
86 0 6.54793664232562
86 100 10.376608186455
86 300 20.0519860824555
86 1000 25.9455605320568
87 0 10.786997476018
87 100 12.2552248281655
87 300 15.8977323597016
87 1000 18.1565388138424
88 0 5.19000153334319
88 100 9.23788646306054
88 300 12.8683388912787
88 1000 13.9517300843101
89 0 4.74355280586763
89 100 21.7683405425132
89 300 40.7247134147337
89 1000 71.7822210396745
90 0 5.23470348199496
90 100 11.5252458220767
90 300 16.2222869798094
90 1000 21.9888036881488
91 0 6.94815169883385
91 100 12.7363832268289
91 300 26.6284668389813
91 1000 32.1905287436812
92 0 3.08800470139871
92 100 14.9586250574556
92 300 19.2341442518538
92 1000 24.4853569537701
93 0 4.12104817990519
93 100 5.68300925138926
93 300 10.3342045291131
93 1000 16.1873705231634
94 0 5.0276631037637
94 100 9.06599297659366
94 300 9.99063709693335
94 1000 15.2549501301176
95 0 6.06604480671391
95 100 8.88620088400316
95 300 13.0036328391455
95 1000 15.8919373612671
96 0 3.12120385705914
96 100 14.6577650805259
96 300 24.507959040408
96 1000 31.3140765828341
97 0 4.9572372457486
97 100 10.5330897964417
97 300 14.6038257534754
97 1000 16.9851350585526
98 0 4.5191727379129
98 100 8.14819893842071
98 300 14.2503049206
98 1000 15.7548916711262
99 0 5.01219082063044
99 100 9.10637901524728
99 300 20.5327686639506
99 1000 30.9479477701748
100 0 7.48174833172234
100 100 10.9779388369481
100 300 21.887412190548
100 1000 40.1701635060138
