id dose y
1 0 5.03039608274021
1 100 9.27503695409941
1 300 13.8662113023259
1 1000 23.3858497965406
2 0 5.52632528050121
2 100 9.8926561473871
2 300 14.1917737368512
2 1000 25.7479144785696
3 0 4.38886889546356
3 100 11.4325499317506
3 300 17.7913543435388
3 1000 27.293964932031
4 0 7.59770198209784
4 100 14.473580004876
4 300 21.0437093880092
4 1000 30.9981607112323
5 0 4.33790458741422
5 100 11.8163844320291
5 300 17.346133271219
5 1000 18.2924317991227
6 0 7.02982682037718
6 100 8.31970428681366
6 300 10.7123166809486
6 1000 23.2303045632655
7 0 5.49068557040952
7 100 7.77899430088453
7 300 10.8654314167827
7 1000 12.583654317839
8 0 4.39643456426112
8 100 6.82258258106081
8 300 8.30548574914527
8 1000 12.2762788956945
9 0 5.64042303951493
9 100 6.44630445321113
9 300 8.77143907772046
9 1000 14.7321788158707
10 0 8.6837106038547
10 100 13.6304395702066
10 300 15.2156920519612
10 1000 19.5903628814355
11 0 4.69086250980791
11 100 5.82169561927512
11 300 9.810217151457
11 1000 11.8897312985248
12 0 6.94211473951349
12 100 11.281265633046
12 300 22.165366443696
12 1000 26.4418064472354
13 0 6.06505449086514
13 100 14.7769277039709
13 300 19.727237564182
13 1000 36.9022833084159
14 0 7.77889718197177
14 100 16.429407408234
14 300 22.8513021671186
14 1000 26.0585662487661
15 0 5.35109349126569
15 100 16.041039738932
15 300 23.6793305208062
15 1000 38.2103677029529
16 0 5.72017187108733
16 100 12.330891143189
16 300 16.1303164446211
16 1000 20.6927018326587
17 0 4.50466861113832
17 100 8.11582663175566
17 300 13.8208852667915
17 1000 25.0700865625238
18 0 3.45948027571276
18 100 6.41013243393059
18 300 8.53183723810225
18 1000 18.0354762392905
19 0 5.42136564901003
19 100 5.90214205842201
19 300 10.1701736181122
19 1000 14.3637656820018
20 0 4.80862396673235
20 100 14.6476906255785
20 300 21.6575142685663
20 1000 29.0276680572373
21 0 6.42732287689695
21 100 9.11460813133188
21 300 10.9995605938345
21 1000 19.7065845720775
22 0 6.01854868029796
22 100 5.11392746606702
22 300 9.33230516117684
22 1000 12.6686586830516
23 0 4.78725292343423
23 100 10.9466922305206
23 300 15.4246212877719
23 1000 25.201344329772
24 0 2.75388113297255
24 100 8.98372429232788
24 300 16.2756127119022
24 1000 39.4135983273826
25 0 5.36029713815156
25 100 8.30595697769828
25 300 13.1981164999586
25 1000 16.08746230437
26 0 8.00030176620094
26 100 10.196176355137
26 300 9.72006506817993
26 1000 13.416363637212
27 0 5.70419552115477
27 100 7.62264745800419
27 300 13.8396858876807
27 1000 23.3610431392575
28 0 7.4882787895785
28 100 6.15959235176091
28 300 10.4460804732838
28 1000 17.3790177231552
29 0 6.12219009089406
29 100 12.6735806420457
29 300 18.2925940877438
29 1000 27.3697061418262
30 0 5.71269888819042
30 100 8.01988359657843
30 300 12.2849330355449
30 1000 22.1652845985014
31 0 3.47818059866761
31 100 6.72533866596717
31 300 14.9470085579585
31 1000 30.8262943896617
32 0 5.06163043467061
32 100 10.1308966962147
32 300 13.4237909335536
32 1000 21.0842652003215
33 0 6.36109951743054
33 100 11.3096319037563
33 300 19.1722005878638
33 1000 20.9741693575545
34 0 6.79772546536747
34 100 8.62635350658604
34 300 10.5434277020387
34 1000 14.3149558561336
35 0 4.45210831783913
35 100 7.95469138947317
35 300 14.7972563616508
35 1000 25.1359566310011
36 0 6.18192138291344
36 100 26.1445732589997
36 300 41.9974472732686
36 1000 78.9871659364603
37 0 4.71943668917561
37 100 13.2670625011754
37 300 18.2104514312371
37 1000 39.039350640471
38 0 6.49501298087444
38 100 11.6490524870957
38 300 13.1516236029159
38 1000 20.5260670548751
39 0 3.89972782093166
39 100 6.00751253851662
39 300 7.73343146517921
39 1000 12.4282280028691
40 0 7.78849316449126
40 100 14.3302939649983
40 300 24.7533557244953
40 1000 42.9000825089642
41 0 7.53923663756706
41 100 12.5656005007471
41 300 17.9501798566677
41 1000 28.0479293819075
42 0 10.3099465371286
42 100 30.2075175692811
42 300 49.9440885646801
42 1000 70.8724631143162
43 0 3.58404164475318
43 100 9.85849498340434
43 300 13.3654059789859
43 1000 30.0587321971826
44 0 3.30377603562058
44 100 5.035688685638
44 300 4.95727911966866
44 1000 5.33636978819314
45 0 3.90927278413494
45 100 7.02601059122935
45 300 11.1109996627921
45 1000 18.6890157170666
46 0 5.27137774268076
46 100 13.8747266300719
46 300 26.5585692405411
46 1000 53.1772407480853
47 0 4.88011721728017
47 100 8.93567405378035
47 300 18.2949642490723
47 1000 26.5574033610696
48 0 3.02361709812346
48 100 5.38905037085677
48 300 8.65812761832284
48 1000 18.3968366499499
49 0 6.96344113984928
49 100 8.88710082139932
49 300 9.32041726770879
49 1000 16.2774056803516
50 0 3.33042147106295
50 100 10.1922424443142
50 300 21.1253133648695
50 1000 37.4078108749145
51 0 3.85036781081781
51 100 12.3830960486011
51 300 19.5329457382679
51 1000 39.4287837696748
52 0 4.74860319818065
52 100 9.2485513796443
52 300 13.6369640567841
52 1000 18.3637963448282
53 0 4.68342836418969
53 100 10.1157749995528
53 300 17.822041930965
53 1000 21.8165355182139
54 0 2.93457672305529
54 100 11.7865112793445
54 300 20.8468953060643
54 1000 27.0996272429931
55 0 3.59355248977152
55 100 28.1151636843531
55 300 58.530243067496
55 1000 68.2341577645826
56 0 2.48856426192161
56 100 7.46847894630014
56 300 10.6623396893531
56 1000 21.266021852136
57 0 9.2111838088997
57 100 13.4857160452896
57 300 17.6172165680679
57 1000 20.3744585266029
58 0 3.97148450235606
58 100 7.6524227419526
58 300 10.8178356273732
58 1000 18.441471481523
59 0 4.29386052075425
59 100 21.6511372233324
59 300 39.1263402947117
59 1000 57.7115773090678
60 0 4.08615216480767
60 100 10.4472879810243
60 300 14.3714719706472
60 1000 29.004949520071
61 0 4.12828671586804
61 100 6.76436303103396
61 300 11.6230858549857
61 1000 12.491786596336
62 0 4.42512849959519
62 100 7.61944160496752
62 300 13.3744618230899
62 1000 19.7329984682003
63 0 4.53962774071021
63 100 9.22504923648194
63 300 15.3568356968872
63 1000 23.5124800211542
64 0 6.02906091065659
64 100 16.2074258510601
64 300 18.6959405415203
64 1000 39.2997893200698
65 0 9.21136493583412
65 100 11.835808430218
65 300 15.1491298331224
65 1000 16.4291707268727
66 0 5.30729385857274
66 100 6.61290716646438
66 300 7.05138858386908
66 1000 12.0156986765619
67 0 6.38119101177831
67 100 12.1032646768715
67 300 13.1377681016189
67 1000 16.3159405780706
68 0 2.15318991032982
68 100 4.01200889922403
68 300 5.66833226340142
68 1000 12.514358576559
69 0 7.18123587846306
69 100 8.28878595724054
69 300 10.054862977408
69 1000 21.252083843576
70 0 6.11370980045736
70 100 8.39832997005028
70 300 14.5778925215446
70 1000 18.8460520044044
71 0 8.74962061333244
71 100 13.4184000423811
71 300 21.6610781910171
71 1000 51.9891029199659
72 0 7.8135497907198
72 100 18.6893710662563
72 300 31.1757626622224
72 1000 52.5923044841794
73 0 5.25496309615437
73 100 9.1110231033376
73 300 16.0024358213532
73 1000 28.2543816770647
74 0 5.38887909513792
74 100 16.2463757214225
74 300 22.5633072134989
74 1000 31.6778642142495
75 0 7.87501983184001
75 100 13.1547893026405
75 300 15.9661547238017
75 1000 29.8469607003791
76 0 8.69991761896783
76 100 12.7735103043998
76 300 15.4322137378282
76 1000 18.586782904942
77 0 5.7611870800533
77 100 13.8491932791305
77 300 27.0435292663608
77 1000 51.0095564513247
78 0 3.57592711511979
78 100 8.15450220416661
78 300 10.1009767828391
78 1000 13.4382696930646
79 0 3.79305810231371
79 100 7.32696831502298
79 300 12.5892636626176
79 1000 16.8957710183647
80 0 5.5041640505279
80 100 7.94537070205372
80 300 8.90240075714738
80 1000 17.3860326876097
81 0 8.73785778829991
81 100 13.5292836850159
81 300 15.0779377920061
81 1000 21.9112183557457
82 0 4.77463869236633
82 100 11.1219406920466
82 300 16.2900505029196
82 1000 23.1043098406324
83 0 4.37157956038094
83 100 11.2456739065758
83 300 15.578212128944
83 1000 24.5415011115956
84 0 6.12126044328463
84 100 13.7250720462797
84 300 18.2918637371018
84 1000 22.0697453327858
85 0 5.97564894278891
85 100 6.76307834925718
85 300 11.521753915395
85 1000 14.3290540093993
86 0 3.7734714701804
86 100 6.59336093886353
86 300 9.56981180703016
86 1000 14.8364105333964
87 0 3.43101744881261
87 100 15.3561681301268
87 300 20.1945338390698
87 1000 19.4124410629104
88 0 4.74707771881627
88 100 13.6740273451237
88 300 21.2750648947568
88 1000 31.7397097010028
89 0 4.6912838434364
89 100 14.0618442279757
89 300 25.0979406088495
89 1000 42.7553274209898
90 0 5.64886034585926
90 100 8.15510282229475
90 300 11.9170458369165
90 1000 12.3316302474216
91 0 3.86058734526075
91 100 4.01734786542131
91 300 6.02593759638917
91 1000 10.1364222313207
92 0 6.0701786950679
92 100 8.78512049519658
92 300 12.5742641666843
92 1000 17.7825213577367
93 0 5.71474553776746
93 100 9.66944225104704
93 300 9.33043546825976
93 1000 16.2654372511142
94 0 4.12503698976266
94 100 8.52082419732953
94 300 10.9054934577301
94 1000 22.1518446412203
95 0 5.61057052118619
95 100 8.11964124277581
95 300 15.2565034022424
95 1000 20.3855617583367
96 0 3.99233480352191
96 100 20.0554754110114
96 300 21.9262480358137
96 1000 43.3335252562439
97 0 7.160973973915
97 100 26.2580713855146
97 300 38.076183838834
97 1000 40.9818985398021
98 0 5.38173918980953
98 100 12.916191303536
98 300 16.5081444407634
98 1000 22.8287481205969
99 0 3.66552858844838
99 100 7.80334742141922
99 300 15.3804549604776
99 1000 26.4711250036972
100 0 3.31115983155083
100 100 8.1193187228818
100 300 11.6564251666259
100 1000 25.7833424555752
