id dose y
1 0 6.50484888292314
1 100 10.1877284546479
1 300 17.1796653274194
1 1000 28.0722367317155
2 0 4.18398632330401
2 100 12.7358112961085
2 300 23.5920783275833
2 1000 29.2331984067859
3 0 4.16719394046736
3 100 5.91157418342568
3 300 10.7771224806606
3 1000 21.7283933851539
4 0 3.43767098224693
4 100 9.0131439970595
4 300 13.4825638893493
4 1000 21.1966472760168
5 0 6.31706590675639
5 100 23.6065253867359
5 300 34.4673758184894
5 1000 62.8094733865021
6 0 5.02388832286
6 100 10.0198130507996
6 300 15.2174464012313
6 1000 17.7729138123285
7 0 5.05957586339995
7 100 8.46989476640477
7 300 12.0314530874949
7 1000 12.3809984283142
8 0 4.20907841020776
8 100 7.08660678227222
8 300 12.3256385682713
8 1000 19.2241156357207
9 0 2.76079718775076
9 100 7.63790251149827
9 300 13.9610528779507
9 1000 22.7315809078126
10 0 4.01073113905368
10 100 12.0207274120398
10 300 23.009437207473
10 1000 44.3926025972507
11 0 7.92366737434448
11 100 15.154992822932
11 300 21.6078585154416
11 1000 30.7471197965319
12 0 5.0433952770435
12 100 6.4703157363935
12 300 8.25329504667402
12 1000 8.98530451041869
13 0 4.45041062385899
13 100 9.15905043304729
13 300 18.3929669962598
13 1000 24.5875792145161
14 0 7.69540770984775
14 100 7.82383197168541
14 300 12.0114060655197
14 1000 14.1397190243976
15 0 3.93835905689676
15 100 5.53533856807057
15 300 10.1728731388212
15 1000 19.4085435935808
16 0 7.31492734707307
16 100 10.4728464583036
16 300 13.1338024023957
16 1000 14.4904738407926
17 0 8.17442605440147
17 100 14.3024059918994
17 300 26.4165140111619
17 1000 37.611200532306
18 0 7.42726685522804
18 100 9.05374285829012
18 300 12.3808131221911
18 1000 17.8415364904717
19 0 8.32224564712111
19 100 9.34009498932417
19 300 14.9998146967865
19 1000 18.968422232092
20 0 3.86369977622126
20 100 7.61006404505027
20 300 14.2045588582162
20 1000 27.2255582585436
21 0 6.17416135007656
21 100 10.7441103504271
21 300 14.5506382220117
21 1000 21.654538067941
22 0 5.2537973111967
22 100 5.42052991242477
22 300 8.47794964298352
22 1000 10.7993436129124
23 0 4.92102224958146
23 100 8.53960908068709
23 300 11.070840346585
23 1000 17.0274970774694
24 0 5.93583110100969
24 100 14.3937789972176
24 300 14.746339025197
24 1000 36.8100717050471
25 0 4.92980430449299
25 100 13.2799010424001
25 300 19.5182905106868
25 1000 34.9607455308787
26 0 3.53525554355227
26 100 8.65290341224749
26 300 17.1013413496554
26 1000 34.5964941427945
27 0 8.76017403410758
27 100 10.9968925474644
27 300 16.0371896901884
27 1000 21.9456621952593
28 0 5.38028807706317
28 100 10.0427822793842
28 300 17.385570648792
28 1000 28.8314167803047
29 0 2.85508902743822
29 100 16.8501176217205
29 300 28.9039531721133
29 1000 41.6075921270739
30 0 4.30878538747718
30 100 20.139944426905
30 300 29.4451567242164
30 1000 27.8085464146606
31 0 2.74026520546619
31 100 5.72706067173486
31 300 8.29501921764585
31 1000 12.4793640443591
32 0 7.09567748618246
32 100 15.2294494665313
32 300 24.8749445725265
32 1000 35.963023337879
33 0 8.38502611905317
33 100 9.55712436324075
33 300 12.7541221056537
33 1000 17.2448112022245
34 0 4.07231006741647
34 100 5.99934050700043
34 300 11.3054233950639
34 1000 14.9816042892844
35 0 2.6842117439134
35 100 12.6558371922355
35 300 22.0433226125118
35 1000 43.7179438286552
36 0 5.09879303675549
36 100 7.25507044974862
36 300 10.8285762690463
36 1000 18.1855781298649
37 0 4.79751990606227
37 100 11.064751587254
37 300 20.440235443212
37 1000 32.0723435720354
38 0 3.79054926810403
38 100 9.69550999374244
38 300 18.208729849436
38 1000 35.4953716648235
39 0 4.39841038021433
39 100 10.0778421833908
39 300 16.8360176722608
39 1000 33.0035955778977
40 0 4.48416117588146
40 100 14.782239301179
40 300 21.0687166829595
40 1000 27.5369756258929
41 0 5.06322421050754
41 100 18.063580460604
41 300 34.9747732979874
41 1000 42.3553951638556
42 0 5.44568149054541
42 100 7.32417467828019
42 300 10.7921542998809
42 1000 13.9407417633202
43 0 5.90409196683463
43 100 21.6440392762275
43 300 32.9649834679618
43 1000 51.1599242699457
44 0 6.55197152960442
44 100 16.678342730746
44 300 28.8269391440565
44 1000 37.7188172422077
45 0 2.44900664524458
45 100 9.98933135660947
45 300 16.6147428149543
45 1000 29.8620815968317
46 0 5.65913691260677
46 100 13.652888277043
46 300 19.3556731268485
46 1000 31.2519256901183
47 0 11.8140628652042
47 100 14.4044009193939
47 300 22.2250792528281
47 1000 40.8981756554579
48 0 4.17482774691673
48 100 7.59063999469939
48 300 9.11503955720031
48 1000 11.2079322021522
49 0 6.6359797611782
49 100 9.05573927829925
49 300 19.0494022952518
49 1000 44.4711631396629
50 0 5.62935438239501
50 100 9.06826132195397
50 300 10.8267502464006
50 1000 12.7660835426802
51 0 7.86103341335563
51 100 13.9734460848879
51 300 19.878957021657
51 1000 33.0028277625336
52 0 3.3835810281459
52 100 6.33524177039607
52 300 9.00094604205094
52 1000 11.7542829924597
53 0 3.0047138753391
53 100 6.6321281438384
53 300 11.3163089969118
53 1000 24.7672978165456
54 0 4.23145463822866
54 100 11.8710687680801
54 300 25.6270914084883
54 1000 37.8754688403266
55 0 6.90928211955582
55 100 18.0299969070932
55 300 29.6315087572725
55 1000 39.8199681984283
56 0 2.88925596944613
56 100 8.62239248421315
56 300 12.3230119577762
56 1000 21.1223712839722
57 0 3.443621454847
57 100 10.1008173646889
57 300 18.0049668102167
57 1000 22.1526007910763
58 0 6.09910650993874
58 100 10.7706929428314
58 300 18.7220317609065
58 1000 26.937878775472
59 0 6.88126184466856
59 100 15.1982649631417
59 300 21.0172770825019
59 1000 22.9872609956593
60 0 4.67420814022276
60 100 10.3675604870036
60 300 17.1635595329562
60 1000 25.7524837118642
61 0 3.99481621600629
61 100 5.06692212031465
61 300 9.91882802154928
61 1000 18.3960814216393
62 0 2.86185178182464
62 100 6.37467277592813
62 300 14.103617089318
62 1000 13.2823808760464
63 0 3.57514647173385
63 100 6.39865076052948
63 300 7.26871164970103
63 1000 10.0487657636517
64 0 6.92091099465246
64 100 13.8797207668512
64 300 34.8017834655398
64 1000 52.7519140085179
65 0 3.95501279537462
65 100 10.2593762923105
65 300 20.1163330743927
65 1000 36.6852321129991
66 0 6.09247910380889
66 100 13.0027930604145
66 300 19.1182283745137
66 1000 23.9143467062294
67 0 3.72938317738389
67 100 6.66655415586417
67 300 11.304009089333
67 1000 14.6920792966434
68 0 4.22276532968217
68 100 7.8867252088627
68 300 12.823918328514
68 1000 17.3992732033948
69 0 5.79985264634932
69 100 17.844744813912
69 300 38.0227646270819
69 1000 80.5382276738186
70 0 6.17691372149102
70 100 9.58133973313198
70 300 11.6495627786899
70 1000 24.3145951567942
71 0 4.18385640283366
71 100 9.7054237583955
71 300 21.332480879288
71 1000 33.5625711262152
72 0 5.24124960773162
72 100 13.1602675569607
72 300 22.6829548519517
72 1000 30.9497942428905
73 0 2.9595747469318
73 100 5.73247416532365
73 300 10.1191911683554
73 1000 16.9930083860317
74 0 4.4503608335531
74 100 10.3412230743952
74 300 15.8865656842815
74 1000 22.2374156808776
75 0 4.34699750540337
75 100 9.25685261969664
75 300 9.77361394791078
75 1000 22.1074370942408
76 0 7.4905904192906
76 100 9.95691965293579
76 300 17.5785141369651
76 1000 34.3738718713149
77 0 5.80884241397824
77 100 8.37040858460348
77 300 10.4380298604303
77 1000 16.0617460982023
78 0 5.23700700473366
78 100 10.9584798848877
78 300 18.5885175895873
78 1000 28.2212625836705
79 0 4.60552973026954
79 100 6.76195704780351
79 300 12.6663760236744
79 1000 15.8344052613503
80 0 2.21283144068291
80 100 8.83518933954251
80 300 14.8056380771434
80 1000 19.9545083503037
81 0 5.53091143578941
81 100 12.8749707626519
81 300 23.9493938075542
81 1000 44.1575470259747
82 0 5.93063396760339
82 100 13.1923575565681
82 300 25.9186527511757
82 1000 54.3682264307768
83 0 6.03019160808312
83 100 8.19689665812211
83 300 12.4741032375043
83 1000 21.3404973263153
84 0 4.74300603360716
84 100 10.0499057708262
84 300 15.8270230748452
84 1000 21.177533506005
85 0 3.44734738422417
85 100 7.33299758563247
85 300 14.860529379614
85 1000 31.3034489961481
86 0 5.04863338261632
86 100 36.6874486771899
86 300 43.0140802666019
86 1000 34.2919259538228
87 0 3.2716387155977
87 100 4.63460518903052
87 300 6.27803190014205
87 1000 7.67354125596299
88 0 5.73225989691415
88 100 6.63663988695493
88 300 10.8058911381979
88 1000 9.90867499949177
89 0 5.88894657945999
89 100 9.60331290511252
89 300 12.7446621620381
89 1000 15.0099138923406
90 0 4.42116529682663
90 100 9.54570593005928
90 300 17.1756830061092
90 1000 24.1201028497314
91 0 2.8629236885326
91 100 7.36708603536305
91 300 12.0682873493701
91 1000 22.2112737561167
92 0 6.3581429553199
92 100 20.4968204411482
92 300 33.1965981042997
92 1000 51.0730039935234
93 0 7.74124959323033
93 100 10.2775841318261
93 300 18.6868016150093
93 1000 20.672653943253
94 0 3.4912988894927
94 100 11.2190781685357
94 300 24.0567806427189
94 1000 36.6974441345904
95 0 2.91377200246753
95 100 4.05392538665408
95 300 7.72778876032252
95 1000 8.57221067086603
96 0 3.27587544535911
96 100 8.09862578175661
96 300 12.6857164630668
96 1000 30.4230917737823
97 0 6.95960007935696
97 100 8.79852492516793
97 300 11.8193997101643
97 1000 15.4924164464374
98 0 6.11562519418212
98 100 11.6099217126759
98 300 19.9977561424141
98 1000 28.6253600616014
99 0 4.76108257931528
99 100 6.88080186306372
99 300 13.0864794574819
99 1000 16.0701360419551
100 0 3.59184140538067
100 100 10.359591219298
100 300 17.6480464248662
100 1000 25.0180464659342
