id dose y
1 0 4.91871868995392
1 100 20.1598312299534
1 300 26.226857627269
1 1000 31.2809683382013
2 0 6.6528317683812
2 100 9.69528687440623
2 300 16.3036785588566
2 1000 21.9404757347826
3 0 2.71015178139282
3 100 10.9462739012078
3 300 22.2808591140205
3 1000 40.8689061730933
4 0 8.53043274248566
4 100 12.2669432803895
4 300 19.3318059306579
4 1000 24.5235896029813
5 0 6.45730816075073
5 100 8.46878576551326
5 300 12.5472510314375
5 1000 17.9230709981333
6 0 4.83284475186549
6 100 14.9655289754543
6 300 23.9421948341759
6 1000 42.8154338332611
7 0 4.73466455965769
7 100 6.57038939114162
7 300 11.858311964104
7 1000 14.3003392722104
8 0 5.46286090325095
8 100 11.9251762364513
8 300 18.9682502375796
8 1000 37.446408816046
9 0 6.91198774457071
9 100 13.0641502955569
9 300 15.1366221762527
9 1000 29.3016680931631
10 0 3.76886234211038
10 100 6.24544925894185
10 300 11.8266455775541
10 1000 16.4175344537223
11 0 5.5330829201857
11 100 9.86267689362826
11 300 18.1555771309367
11 1000 24.384300909537
12 0 3.69861888811894
12 100 14.3209361587434
12 300 24.1842834834504
12 1000 30.7235128335204
13 0 5.61651371479632
13 100 14.5661931007925
13 300 24.7930564092821
13 1000 46.1751024306684
14 0 8.88226718353574
14 100 15.8554953492846
14 300 33.0459716256414
14 1000 42.7754611061451
15 0 5.19012637731359
15 100 25.0564485509798
15 300 62.5718803323414
15 1000 80.6345210647418
16 0 3.72309362084995
16 100 16.3827987518416
16 300 34.1398371277619
16 1000 58.305826779644
17 0 5.33045942388478
17 100 8.07963795043627
17 300 13.5141591531421
17 1000 17.5910725887546
18 0 5.03831490888804
18 100 10.1466421102657
18 300 13.0822878642274
18 1000 20.6272926704439
19 0 5.08396185319632
19 100 13.3874417889951
19 300 22.7570301887998
19 1000 28.2527831200753
20 0 4.21247877804976
20 100 10.2453637751212
20 300 11.9947066745351
20 1000 12.5882499011837
21 0 4.8290466998506
21 100 10.2933718294421
21 300 12.636079381081
21 1000 19.6970231296414
22 0 6.48751812379341
22 100 11.4341764256069
22 300 14.1768356078086
22 1000 18.5080645633537
23 0 8.27153135839521
23 100 13.9695176450094
23 300 18.0424311184308
23 1000 30.9613139932374
24 0 4.65835928150317
24 100 7.43704656593655
24 300 9.58488836085859
24 1000 11.860039452807
25 0 3.50170738845586
25 100 21.2245043532296
25 300 40.4093574552554
25 1000 48.9977474000006
26 0 4.07455468002044
26 100 6.92815110035807
26 300 10.0200158784884
26 1000 13.0162545736568
27 0 5.28067717723677
27 100 7.36478647555692
27 300 8.93041351863094
27 1000 16.5803419751053
28 0 5.60265346553915
28 100 7.4251529071268
28 300 8.27732979719946
28 1000 16.0753724305987
29 0 12.1515441943283
29 100 15.0284401384524
29 300 24.1803583635377
29 1000 37.5679861459698
30 0 5.04519534966859
30 100 8.93189343374313
30 300 16.595031844122
30 1000 22.7854253128652
31 0 3.85503630819135
31 100 6.46515353790247
31 300 11.0251251422539
31 1000 21.4886470687515
32 0 2.70456201112175
32 100 4.33030827369724
32 300 8.21395816715046
32 1000 12.4509194817572
33 0 6.87693333541424
33 100 14.7856064793084
33 300 29.5189648088737
33 1000 47.9909644234232
34 0 6.05219970316006
34 100 10.3819776722379
34 300 14.7176397131557
34 1000 18.3695572553548
35 0 6.02735393065127
35 100 17.5294730882703
35 300 35.907932595969
35 1000 45.1451809264683
36 0 3.18237976924201
36 100 15.8688254062758
36 300 24.4477607012915
36 1000 38.4034267530049
37 0 6.36875020861188
37 100 7.57962085031508
37 300 16.821416575388
37 1000 20.2370327757555
38 0 4.92695556426224
38 100 9.97911698927403
38 300 11.5385471313834
38 1000 14.638522622265
39 0 2.83519002508076
39 100 5.31959353069333
39 300 6.64004361391784
39 1000 8.0454936089822
40 0 6.60882617329377
40 100 8.73798985281152
40 300 17.2126572058329
40 1000 23.2559060800217
41 0 4.50921106512159
41 100 7.64616246666358
41 300 12.2189721041495
41 1000 17.2242358016395
42 0 7.36129597311756
42 100 11.2850062429203
42 300 17.7951517456164
42 1000 23.0483845571735
43 0 7.19509052587042
43 100 12.6605153268169
43 300 23.0357188370512
43 1000 31.5856559311127
44 0 3.26302325457211
44 100 8.2551753205291
44 300 21.366619696924
44 1000 39.6681051534543
45 0 4.65949573671341
45 100 20.323423298959
45 300 32.9327342171195
45 1000 52.9374057804598
46 0 3.1693098393059
46 100 18.3312600138713
46 300 42.9183756985407
46 1000 122.012019040483
47 0 5.34023903841551
47 100 9.7765456011764
47 300 15.1883197019016
47 1000 26.3030265018536
48 0 6.68841144591173
48 100 10.5755903660968
48 300 14.3420160038281
48 1000 18.9098395643829
49 0 3.6596096868062
49 100 8.86355724133266
49 300 17.5461934683314
49 1000 23.203635292961
50 0 5.94739100320596
50 100 11.6876444944554
50 300 20.5122000116866
50 1000 36.1548092326036
51 0 3.12684182333092
51 100 5.83892170533089
51 300 10.7620600405489
51 1000 14.9558077479113
52 0 6.5896236546752
52 100 12.6913101412986
52 300 16.9451580191665
52 1000 22.9799740655832
53 0 6.97828846370549
53 100 17.1230439671056
53 300 24.8062264948736
53 1000 35.5760259592723
54 0 9.14228474295853
54 100 17.8448281717647
54 300 29.1917454144978
54 1000 43.369606983594
55 0 7.39401333607271
55 100 21.7876416197279
55 300 40.7388114313532
55 1000 53.5237262043954
56 0 3.9647779935513
56 100 9.21513159934127
56 300 14.234822708069
56 1000 18.063434825525
57 0 5.04874776928341
57 100 8.07735653519203
57 300 9.49574991189403
57 1000 16.8060731027005
58 0 7.39385446042298
58 100 13.9738479255709
58 300 28.4703696264351
58 1000 54.122006652354
59 0 6.06585251878364
59 100 9.39012770647823
59 300 14.347674558978
59 1000 18.4056314404345
60 0 3.77566905814111
60 100 12.6649584198428
60 300 21.545088876749
60 1000 31.9412684169959
61 0 3.96227608656331
61 100 7.29444093668917
61 300 11.1153111240754
61 1000 16.5124058653409
62 0 4.44372012637486
62 100 10.3514686816887
62 300 19.9318470946919
62 1000 23.5747130483284
63 0 5.19056517305718
63 100 11.1837355696757
63 300 12.9558445144233
63 1000 15.9229023226024
64 0 4.36241951843213
64 100 12.9563734260091
64 300 23.0802816279017
64 1000 26.1274537333866
65 0 7.36501011103369
65 100 15.8393102890368
65 300 27.4112754699193
65 1000 35.2621200714416
66 0 6.13570420129328
66 100 9.71237249564174
66 300 16.3884132776435
66 1000 29.8611134114159
67 0 5.72593636546325
67 100 12.8900254514964
67 300 18.4250617299176
67 1000 29.3630188113576
68 0 4.00897004467302
68 100 8.91190399732358
68 300 16.6628161236391
68 1000 21.477450350008
69 0 3.29638024888232
69 100 16.388267928906
69 300 27.4710168110782
69 1000 32.0727171212817
70 0 3.54269127743684
70 100 10.9273810361426
70 300 17.734230320254
70 1000 29.3083618552296
71 0 6.44669896753216
71 100 14.2820008800249
71 300 23.5703365152288
71 1000 50.0402489199587
72 0 5.79103661901267
72 100 8.2670478786005
72 300 8.88302329967776
72 1000 13.7684922665054
73 0 7.0175663940721
73 100 11.4881593712271
73 300 16.3374928513134
73 1000 22.382043851219
74 0 4.15256577053195
74 100 9.67069926897842
74 300 13.404297166877
74 1000 15.684019018598
75 0 3.05462120568955
75 100 4.65581643393633
75 300 5.92205503209183
75 1000 7.81535064265623
76 0 2.87393036473263
76 100 14.0210997066686
76 300 23.3699507724354
76 1000 45.7751112378261
77 0 5.74345078504959
77 100 10.5853605124259
77 300 11.2034408550061
77 1000 26.3828723171379
78 0 5.59383824062379
78 100 12.2075425019485
78 300 24.9042912018526
78 1000 31.5181552071476
79 0 5.93808928602008
79 100 5.70371066538532
79 300 6.76691175556974
79 1000 10.0691546651396
80 0 7.64297631204361
80 100 9.45344181377117
80 300 20.1593363606434
80 1000 22.7297106367919
81 0 4.79434792648264
81 100 10.8371595478526
81 300 19.1396315580786
81 1000 28.1735959824653
82 0 4.81057525079456
82 100 10.1197168309616
82 300 17.480129897886
82 1000 24.57388503368
83 0 5.75805699595958
83 100 16.1997410156313
83 300 16.226156512047
83 1000 19.9595616845323
84 0 4.83653009779107
84 100 8.39183880815974
84 300 12.7610540777009
84 1000 29.0550815077769
85 0 7.2132604525917
85 100 10.2372568217141
85 300 18.059896027575
85 1000 22.4121057617698
86 0 4.93054882393185
86 100 12.026326259417
86 300 18.3116758548334
86 1000 28.4476454083627
87 0 4.11608548055701
87 100 11.5499453408312
87 300 27.3379588473658
87 1000 44.5574136208346
88 0 5.08875553627363
88 100 6.36488597766514
88 300 11.6724283152284
88 1000 18.6640122285073
89 0 2.52903971216517
89 100 4.64395154325452
89 300 8.39681597919412
89 1000 16.7022475492439
90 0 3.29402582436252
90 100 5.6873223413022
90 300 7.88913284530506
90 1000 13.3364593462964
91 0 9.44241976019777
91 100 16.130362282054
91 300 29.9406179315294
91 1000 35.0017104242411
92 0 4.43683681650739
92 100 9.35706770661965
92 300 12.3148535815152
92 1000 16.6211620087869
93 0 5.17099978614756
93 100 10.0652672934518
93 300 14.5232436705662
93 1000 25.20618263994
94 0 4.62124770590377
94 100 5.23320466650811
94 300 8.78475692373388
94 1000 12.5839225920984
95 0 3.31899099195933
95 100 9.0857503324216
95 300 20.7022119248088
95 1000 30.6464202771083
96 0 4.90987385654121
96 100 7.30347134101095
96 300 11.4941498178123
96 1000 22.7029166006957
97 0 7.81555170065289
97 100 11.1597860175199
97 300 15.4250000250982
97 1000 29.5016036363171
98 0 5.84231638475691
98 100 7.23287230258602
98 300 8.70953734322995
98 1000 16.7596149684789
99 0 4.02513593608132
99 100 6.76847310154337
99 300 9.7711704546893
99 1000 12.7337685909003
100 0 5.18671901585809
100 100 17.1756907695159
100 300 21.3728116802785
100 1000 26.7946241532752
