id dose y
1 0 4.84944355379033
1 100 8.75108476682126
1 300 16.3512444795421
1 1000 20.654113460649
2 0 7.21023049985818
2 100 10.4239220236581
2 300 12.9460546017811
2 1000 17.9918832661518
3 0 3.75197844383835
3 100 5.34165444969152
3 300 9.70247773287367
3 1000 13.9005837621889
4 0 3.73226836682643
4 100 5.70611359941093
4 300 6.64331841404892
4 1000 17.8443957061128
5 0 5.96239965317776
5 100 11.3682294626721
5 300 18.7373044019391
5 1000 36.0603202353976
6 0 7.49986168398744
6 100 10.3113529959197
6 300 19.129725200015
6 1000 31.5009945305741
7 0 5.22340936151924
7 100 9.46896651596243
7 300 18.9095058844917
7 1000 41.8006037618179
8 0 3.25881864872309
8 100 12.6254768737307
8 300 21.5865065561481
8 1000 36.6647146618584
9 0 4.28894345148085
9 100 7.57146572458061
9 300 12.037149042158
9 1000 16.136104572464
10 0 4.45592604583827
10 100 8.77232350419673
10 300 16.4584846670908
10 1000 25.9070392872227
11 0 5.39947812761303
11 100 44.0261200368004
11 300 68.4686183812723
11 1000 136.772023938126
12 0 6.2818155416017
12 100 15.2940881984286
12 300 21.2006560531085
12 1000 38.863279106436
13 0 5.05478395500735
13 100 12.9600402003379
13 300 27.092501203876
13 1000 46.5372667419489
14 0 7.18210297399582
14 100 17.7616244770595
14 300 29.461426648918
14 1000 48.3042651148887
15 0 5.10085708445845
15 100 7.07245986425331
15 300 11.8653432653713
15 1000 18.4448084168059
16 0 2.10156906239257
16 100 5.76199050929568
16 300 14.8698749929506
16 1000 25.369311994644
17 0 2.57691536858538
17 100 4.39848896496016
17 300 6.33860195908261
17 1000 11.7108961665194
18 0 5.91335599977241
18 100 13.2368134770187
18 300 17.0300390767451
18 1000 24.3322621400695
19 0 6.80839956989725
19 100 14.1116362051962
19 300 20.5550258349903
19 1000 33.9824062715705
20 0 7.83984353054695
20 100 11.3986970864993
20 300 12.4475350291442
20 1000 17.1116824171386
21 0 4.49878723079032
21 100 10.0770770101072
21 300 17.9587594653611
21 1000 29.2456982159558
22 0 4.35764645798727
22 100 9.77928299113232
22 300 15.0337728532891
22 1000 13.7943780089626
23 0 6.66914723184353
23 100 10.566154160919
23 300 11.7706019627193
23 1000 14.4865385476031
24 0 4.18053500085158
24 100 7.91362035320374
24 300 10.3871625302072
24 1000 17.0161588847048
25 0 5.43225503360909
25 100 12.5494612181348
25 300 19.0288308803543
25 1000 41.599308880436
26 0 5.80542488749235
26 100 16.6189203977642
26 300 23.1468941415893
26 1000 30.3421469925406
27 0 5.26171966089193
27 100 18.6913792903675
27 300 27.1752814806011
27 1000 35.0312042702915
28 0 5.8916389437382
28 100 12.3535463467854
28 300 21.0609743168074
28 1000 31.7733395050324
29 0 4.52294289624394
29 100 11.6745750154055
29 300 18.9415487170644
29 1000 23.3598191651494
30 0 5.04433929981917
30 100 8.76831862074672
30 300 12.3489640785676
30 1000 17.8252335679927
31 0 5.05009544276646
31 100 11.7508540156437
31 300 19.3331925341719
31 1000 33.0961030941455
32 0 4.66983068615004
32 100 6.51605670245868
32 300 11.7269478214151
32 1000 17.7126990425282
33 0 4.24168344383849
33 100 15.6310536471883
33 300 30.5513570919036
33 1000 42.8983435361613
34 0 3.96817618047847
34 100 7.32542779174981
34 300 14.6722001965403
34 1000 25.2215838541622
35 0 10.4950240263975
35 100 16.7595523792322
35 300 34.3934818835826
35 1000 51.2278116216711
36 0 3.54147068622103
36 100 6.70750624793683
36 300 13.3304828828738
36 1000 22.8931643918615
37 0 5.14765737014995
37 100 11.492850595777
37 300 24.4496461089047
37 1000 42.6984257299602
38 0 3.97126701931655
38 100 11.3284516335819
38 300 19.3077187404196
38 1000 38.633514408929
39 0 5.34491445373546
39 100 8.84463007939039
39 300 15.0004289270803
39 1000 23.6219228784727
40 0 5.19130268847352
40 100 5.80078936147275
40 300 7.97074078400671
40 1000 11.1158228642926
41 0 3.82306636251514
41 100 25.3124434082107
41 300 45.8042237726296
41 1000 84.9858256204907
42 0 6.32632834476074
42 100 8.51024284767686
42 300 13.2338428935404
42 1000 19.5559332576241
43 0 4.50576716334832
43 100 9.47497052707715
43 300 10.1422635906939
43 1000 15.8190068335129
44 0 5.80229061289822
44 100 15.8073527955122
44 300 24.5380662722168
44 1000 34.9210923469144
45 0 5.84759066741409
45 100 10.8736412195968
45 300 19.8271845010881
45 1000 35.7704095636059
46 0 6.72501601106522
46 100 20.2702296298681
46 300 36.8918292301612
46 1000 85.1344964487299
47 0 3.81676783376624
47 100 6.04907133511798
47 300 8.60014820047158
47 1000 13.8404182368274
48 0 3.96867508404889
48 100 5.74106227617042
48 300 11.2167430988044
48 1000 11.6632205082504
49 0 9.72740821698797
49 100 16.4824453909384
49 300 21.2225038943378
49 1000 31.3882786321683
50 0 5.06672171518137
50 100 12.47641927142
50 300 14.7076472034035
50 1000 25.1408667658432
51 0 5.48526141051041
51 100 10.0880255835825
51 300 15.9073395416399
51 1000 27.190522160825
52 0 4.26155403681517
52 100 16.7834176708924
52 300 32.3768723646151
52 1000 49.1810832729712
53 0 10.7346903656315
53 100 15.4543391918978
53 300 23.223800007469
53 1000 40.2123499251767
54 0 4.9112084365488
54 100 8.77968386581272
54 300 15.5816312306216
54 1000 20.1269743783426
55 0 9.94002601480366
55 100 9.84665728239236
55 300 9.51257710157758
55 1000 13.538698508021
56 0 5.25573047611709
56 100 18.1683469956713
56 300 32.3298388892993
56 1000 32.6270762083294
57 0 5.49297481903232
57 100 12.9660075833938
57 300 23.4466021640946
57 1000 35.7062312003567
58 0 4.26856528227296
58 100 10.9077561453183
58 300 21.443435841706
58 1000 38.2480782145304
59 0 3.98639993263405
59 100 7.11810065879586
59 300 11.1838660124474
59 1000 10.8522591515495
60 0 7.0791500754178
60 100 12.8145936801334
60 300 19.1097379008909
60 1000 28.827426818961
61 0 6.12665726211146
61 100 9.11160261353283
61 300 9.8568395137967
61 1000 13.8748956787199
62 0 6.89067019418791
62 100 14.3440547124732
62 300 23.1887002825994
62 1000 27.0155242450895
63 0 5.49877019074953
63 100 6.96926765195295
63 300 7.94161366150898
63 1000 8.51488573296721
64 0 3.21574747972499
64 100 11.0162600987703
64 300 14.1917912008482
64 1000 18.3816006687457
65 0 7.62231912299759
65 100 9.85236820712363
65 300 13.4365093182979
65 1000 17.7423786385322
66 0 4.0149284064709
66 100 22.1178339116337
66 300 32.0622739662491
66 1000 47.2910354579497
67 0 6.42795729155237
67 100 9.03399574952132
67 300 13.9186390308544
67 1000 23.1921559276372
68 0 5.17013153822633
68 100 10.4078177656105
68 300 19.6008545427023
68 1000 29.1495963356128
69 0 5.86455682931886
69 100 14.4986037239846
69 300 19.3926556914384
69 1000 23.7817658481411
70 0 4.44624458887307
70 100 6.53152025036612
70 300 6.12222383126981
70 1000 8.35252640904986
71 0 3.66238740925619
71 100 7.91876708776984
71 300 13.265908920334
71 1000 26.4103973184796
72 0 4.72612691551082
72 100 6.66787973660826
72 300 16.2427084178642
72 1000 23.6211445316833
73 0 6.30344265521055
73 100 13.8541807399095
73 300 20.3685657607477
73 1000 25.7499026579444
74 0 3.21361211404898
74 100 6.46380331864103
74 300 9.28585649422246
74 1000 13.5596759623241
75 0 5.55443001160477
75 100 11.4789981448765
75 300 20.7911051450724
75 1000 25.6756029960824
76 0 8.39773901201951
76 100 10.198680874022
76 300 14.0998994410641
76 1000 23.2798252549316
77 0 4.74886260470264
77 100 17.5747764149711
77 300 23.8560274532093
77 1000 39.0453925161401
78 0 7.12399155345629
78 100 12.0576643276407
78 300 12.4055437691271
78 1000 19.0873915232607
79 0 2.93543269305915
79 100 13.013485524821
79 300 36.5854272857287
79 1000 58.5237037149997
80 0 5.35989112328904
80 100 11.1418606219017
80 300 21.7693750688414
80 1000 30.8486442601882
81 0 3.97109039733071
81 100 8.4159994556632
81 300 13.391007082253
81 1000 15.1069375751399
82 0 6.25137284907769
82 100 13.5146354061399
82 300 16.0314359750668
82 1000 29.8094151342468
83 0 5.1823773801844
83 100 12.6108633487091
83 300 25.9608240784496
83 1000 32.2521103264686
84 0 3.4737299824488
84 100 7.00006754468721
84 300 10.1047984531813
84 1000 12.8862853785847
85 0 3.62518484703677
85 100 13.4335681920933
85 300 22.5632785328351
85 1000 33.7148850297358
86 0 4.92600425444658
86 100 9.34073602991802
86 300 10.3955836543928
86 1000 17.3992425455224
87 0 4.15902847621437
87 100 9.65124393367373
87 300 13.9558052409007
87 1000 33.1471266116823
88 0 3.61059110548851
88 100 6.91137731135837
88 300 10.326996162356
88 1000 12.9333405938041
89 0 6.73580070082708
89 100 24.1075574707151
89 300 48.3529390031762
89 1000 113.902201401807
90 0 3.23229012523205
90 100 7.2706139673661
90 300 13.6732013936849
90 1000 21.7418187940243
91 0 4.12536699837614
91 100 10.3121458859163
91 300 19.5798210632462
91 1000 33.0664516052585
92 0 6.16906530180652
92 100 14.4566341386765
92 300 20.0210030746273
92 1000 28.7079119856535
93 0 5.25752126961995
93 100 9.16107256654806
93 300 14.395894995454
93 1000 24.4850191827023
94 0 3.97724864688641
94 100 6.87310232253049
94 300 10.5150564205763
94 1000 13.7220160109224
95 0 4.41809321594333
95 100 9.14824734699146
95 300 21.4982169964109
95 1000 40.800531622583
96 0 6.38340502721701
96 100 9.69135374623658
96 300 9.33025041627193
96 1000 17.7164603731774
97 0 6.11186586617653
97 100 5.86063501046993
97 300 8.40720800158621
97 1000 10.4574645313181
98 0 4.45882487314156
98 100 13.8111663229616
98 300 28.6309005716294
98 1000 38.9386656886267
99 0 5.51247660427804
99 100 10.6504647491837
99 300 20.6717770444368
99 1000 25.8137469254374
100 0 5.01812813597965
100 100 11.6486848976953
100 300 21.1395757540607
100 1000 36.4573076261926
