id dose y
1 0 5.30395539514945
1 100 6.35242030900808
1 300 6.92318790764138
1 1000 7.06482751848933
2 0 4.28285191054197
2 100 12.7920622978969
2 300 20.6068833858831
2 1000 31.6810876882991
3 0 4.68645969155541
3 100 12.8663875898692
3 300 19.6426127633004
3 1000 33.0470947271094
4 0 7.36958038513927
4 100 9.57052070770796
4 300 14.12865865183
4 1000 23.2411576366872
5 0 5.41456978208238
5 100 8.78404797859088
5 300 11.5396941855772
5 1000 19.1900905759781
6 0 7.08722008130045
6 100 10.134393585094
6 300 17.2660827364514
6 1000 24.4283664695352
7 0 3.48938438894749
7 100 5.09505766889216
7 300 7.72835160221347
7 1000 13.5515636264983
8 0 7.5863772518161
8 100 13.9168540462188
8 300 17.7529946805344
8 1000 19.4110163488883
9 0 5.37644579413313
9 100 7.26717606290499
9 300 9.71589404233876
9 1000 14.5940042080076
10 0 12.3042893239667
10 100 13.7045811656697
10 300 18.3974691519722
10 1000 21.8597836955011
11 0 6.34639896921491
11 100 10.1926906061128
11 300 15.7103897122328
11 1000 24.5244923813714
12 0 6.02093870369034
12 100 11.3484844864492
12 300 21.0742021552839
12 1000 36.6652549121546
13 0 4.9857806094532
13 100 12.9987789813851
13 300 18.3612981247019
13 1000 31.4522459100386
14 0 4.08456305076213
14 100 6.26376416749107
14 300 8.95591729184928
14 1000 15.2462748842587
15 0 6.94559437341965
15 100 12.094066327019
15 300 20.3027546086705
15 1000 27.8919200389189
16 0 3.48254082570303
16 100 6.95267088841956
16 300 13.2422832658728
16 1000 23.0944675645267
17 0 7.00088151325348
17 100 31.4794099347078
17 300 47.7743731100631
17 1000 63.496457510519
18 0 3.53516495434526
18 100 3.86534893005688
18 300 6.4264375521689
18 1000 10.6688741348186
19 0 4.69103017377766
19 100 6.49500809998946
19 300 13.5663869295012
19 1000 19.7801032229839
20 0 3.38697930297405
20 100 7.76732692484161
20 300 12.3452188393137
20 1000 23.3875080897523
21 0 4.58517984910691
21 100 5.57105944248045
21 300 8.38297641821194
21 1000 14.3216842531187
22 0 6.79847575053002
22 100 14.5024976259303
22 300 23.3438839801482
22 1000 36.1982063853857
23 0 3.51889516279325
23 100 9.89930355332635
23 300 16.9241047436076
23 1000 37.585323823682
24 0 7.73373650454898
24 100 14.6852565816487
24 300 26.6281373356356
24 1000 43.231031551402
25 0 6.36108931336817
25 100 12.3929714800553
25 300 27.8402868003361
25 1000 56.6053181530206
26 0 6.25882912361854
26 100 8.36406022289808
26 300 12.9793640618288
26 1000 13.3624924918526
27 0 5.71969073632283
27 100 12.0685845952367
27 300 17.0193152403506
27 1000 31.8415777642121
28 0 5.7062091027352
28 100 9.82501108305328
28 300 16.8933755326896
28 1000 29.2198271642503
29 0 8.91073414356732
29 100 13.2002461013743
29 300 24.0565602875958
29 1000 25.6897723224741
30 0 3.90798522110219
30 100 5.1789409013516
30 300 8.68300085585258
30 1000 9.61664380703405
31 0 5.01838334521969
31 100 13.5457734983556
31 300 18.4365943668451
31 1000 17.1914720386908
32 0 5.0963543480954
32 100 7.94957869583521
32 300 9.42103183823613
32 1000 12.0428194049032
33 0 4.05382466666
33 100 9.30852396304497
33 300 14.6881576762704
33 1000 28.8163439555569
34 0 3.02039715760715
34 100 9.30963006046036
34 300 14.0107027586626
34 1000 28.2070090328191
35 0 5.4793104185682
35 100 14.9146537848283
35 300 25.1480146942968
35 1000 38.6463689104058
36 0 5.23846264070589
36 100 9.8128527775515
36 300 14.232555328386
36 1000 24.7428957108921
37 0 5.93129752303782
37 100 19.4708820504351
37 300 33.4987556013016
37 1000 47.113958911707
38 0 4.26626886148212
38 100 10.1118401765967
38 300 17.8544702214791
38 1000 30.4832918368485
39 0 3.05840688725231
39 100 4.37596716235506
39 300 6.09998215127996
39 1000 8.20634933974722
40 0 4.38988126601378
40 100 7.80795001787467
40 300 7.55087397486339
40 1000 11.9566043761001
41 0 7.55542775268718
41 100 13.6470073491679
41 300 18.3368739228699
41 1000 28.707945226316
42 0 5.83142222928547
42 100 16.6057325072836
42 300 27.6460162691253
42 1000 59.9261677865205
43 0 3.13227914976331
43 100 5.67226001007889
43 300 10.9039711756995
43 1000 13.5910370057926
44 0 4.5919124758272
44 100 8.48014434189205
44 300 17.5984156631266
44 1000 30.803757210617
45 0 6.66905242850313
45 100 9.21453941742866
45 300 11.8829561560892
45 1000 22.2367627826021
46 0 3.69079149836552
46 100 15.4749995548239
46 300 37.2028908489544
46 1000 58.4652700237874
47 0 7.07886402763269
47 100 10.8974592400326
47 300 13.066693003387
47 1000 16.3783168731147
48 0 5.18169550105636
48 100 11.3955612735451
48 300 19.0663452413607
48 1000 20.5200628836733
49 0 6.33353489704387
49 100 8.49287048922327
49 300 12.2614366310481
49 1000 19.9538513617776
50 0 4.69596394999334
50 100 7.72723010832005
50 300 8.25154972439024
50 1000 13.2453317751411
51 0 4.21439056981354
51 100 9.57322064087217
51 300 13.9679810208865
51 1000 19.0686059320298
52 0 6.69081904871137
52 100 10.1656930979288
52 300 10.6899273369386
52 1000 11.9636760016685
53 0 3.46208135613568
53 100 5.75338630836879
53 300 10.954150575112
53 1000 14.8307833053732
54 0 10.7824969328565
54 100 29.8087933453442
54 300 45.5017341363567
54 1000 61.8842450573717
55 0 9.34036210742804
55 100 18.3102872769735
55 300 24.2437323173353
55 1000 32.471157364708
56 0 4.82493763686652
56 100 7.56079546786585
56 300 12.1147040667892
56 1000 26.8833919872181
57 0 5.44394894480202
57 100 16.0149281865747
57 300 25.1954127449783
57 1000 51.6751853086115
58 0 5.18133419618352
58 100 13.1804135735145
58 300 27.732537167571
58 1000 31.7256168132003
59 0 5.16874296852623
59 100 10.7159496826007
59 300 23.8866678484881
59 1000 28.6868780230932
60 0 4.55511516816408
60 100 14.1669417554007
60 300 24.8343482186686
60 1000 41.3781967910227
61 0 6.99966675948606
61 100 9.1337935536013
61 300 11.4463098882737
61 1000 23.2462921864694
62 0 5.08992165914797
62 100 9.91455247195951
62 300 11.6735485060717
62 1000 10.2167074986649
63 0 2.78357343343044
63 100 6.42006639584362
63 300 10.1326028455479
63 1000 16.2416378152896
64 0 3.7519948291849
64 100 6.09542387358248
64 300 9.55555688533539
64 1000 12.829786708651
65 0 6.84198885869681
65 100 8.60692872241385
65 300 19.7095699267196
65 1000 22.3604193124397
66 0 4.46652583764012
66 100 10.1130803556986
66 300 18.8684725166433
66 1000 48.1548333977072
67 0 3.84105386362314
67 100 9.26959352145535
67 300 18.099711789844
67 1000 32.8243110974014
68 0 8.96265089698188
68 100 13.5022415841635
68 300 22.8132848035326
68 1000 37.6828821168153
69 0 5.19359951702893
69 100 6.54650970503424
69 300 11.0154259802664
69 1000 23.5696729431387
70 0 8.16640312960695
70 100 10.53278811429
70 300 16.0302468396965
70 1000 23.6399233830648
71 0 3.67266956067677
71 100 10.4034936245538
71 300 16.7899952364465
71 1000 46.7884777341152
72 0 2.04161929229207
72 100 5.44538925410126
72 300 8.97644365449937
72 1000 22.6227036321379
73 0 3.58440078239822
73 100 9.64585896991659
73 300 16.922218092702
73 1000 33.5800757572556
74 0 3.57851190643587
74 100 8.5302965968731
74 300 17.4993132803824
74 1000 31.0954062508072
75 0 7.3429416625171
75 100 17.1962762466949
75 300 24.4835809113228
75 1000 40.0813866387886
76 0 6.28835411352453
76 100 13.4064031571906
76 300 20.8187575552254
76 1000 27.670775375734
77 0 6.22899536418329
77 100 7.85320113137211
77 300 11.6195515120846
77 1000 11.7760502677894
78 0 8.06903292088289
78 100 12.1170190018204
78 300 17.8575337434237
78 1000 36.1448219854595
79 0 4.41742351876277
79 100 7.12284066962233
79 300 8.36652766218581
79 1000 12.2908687784024
80 0 5.98651053550223
80 100 9.75694881246092
80 300 10.8858981722201
80 1000 17.9140673691405
81 0 3.9069444273213
81 100 8.70247216010412
81 300 20.9732876177962
81 1000 40.1383660456968
82 0 3.82015167387639
82 100 17.8082916603538
82 300 26.2380111274622
82 1000 44.054132479782
83 0 2.83297167480778
83 100 5.07364165508548
83 300 9.27750646367129
83 1000 12.0165751232718
84 0 7.94698278578798
84 100 12.9557662734329
84 300 19.0330416425009
84 1000 30.358585513908
85 0 5.28961565849527
85 100 9.59692340274894
85 300 10.7748966184135
85 1000 19.3942162984535
86 0 7.17853483100572
86 100 10.0515751896571
86 300 21.0156000821486
86 1000 31.8958071924156
87 0 3.94809633593737
87 100 13.600757792069
87 300 24.5951156439645
87 1000 40.0917758867882
88 0 7.39602336685896
88 100 19.4244981405207
88 300 32.0662141771919
88 1000 52.2473896356141
89 0 3.57185604046189
89 100 14.1705521790091
89 300 18.9604536310502
89 1000 31.964220048968
90 0 2.80312646480584
90 100 6.8526781865212
90 300 13.6362246293649
90 1000 18.5809328650024
91 0 4.987624752539
91 100 6.56762186588365
91 300 8.26282678658166
91 1000 12.5171802111062
92 0 6.58237093363022
92 100 13.7197902060274
92 300 20.8743010976575
92 1000 22.1721862725251
93 0 3.07973146429829
93 100 7.5972632779275
93 300 10.5794114824216
93 1000 15.2487228324315
94 0 5.24283415916027
94 100 6.59772250087087
94 300 13.0508165501575
94 1000 19.1640684950864
95 0 7.44666870739976
95 100 10.5711232348433
95 300 16.3180788261824
95 1000 30.2566707806809
96 0 4.70719463247599
96 100 15.3821989840518
96 300 28.6541737387624
96 1000 37.1799930448983
97 0 5.6435235014264
97 100 10.8956106282901
97 300 17.6866512217482
97 1000 32.0493306357043
98 0 5.05271713809655
98 100 9.79589774901001
98 300 20.4979014806608
98 1000 34.2818505777558
99 0 4.86600959132507
99 100 8.50450721154484
99 300 11.3659892300311
99 1000 11.3936568736437
100 0 3.60312496472594
100 100 25.1197811780667
100 300 52.2622199848182
100 1000 93.293651792715
