id dose y
1 0 4.10466506594942
1 100 16.5448865881199
1 300 26.1135874568835
1 1000 35.8190697856985
2 0 4.32843819776793
2 100 6.68413567803688
2 300 9.60501924061543
2 1000 12.4959094823283
3 0 1.78422728046832
3 100 5.75029771611409
3 300 12.1746297109117
3 1000 16.9783157710268
4 0 8.11813765516885
4 100 11.3832043281503
4 300 15.4957959944003
4 1000 20.6002033657518
5 0 3.14270185692615
5 100 4.21599016839426
5 300 10.9991313431306
5 1000 16.1859656727695
6 0 2.95412847270736
6 100 5.16561817723368
6 300 7.31418033663896
6 1000 13.00214852841
7 0 3.09017077373856
7 100 5.90399506683936
7 300 11.4924366986813
7 1000 19.904035456749
8 0 4.19742197879033
8 100 6.38078323769227
8 300 10.826676650346
8 1000 16.6282758867906
9 0 2.7470891923696
9 100 6.14419543704665
9 300 9.96043274013512
9 1000 20.4202622321709
10 0 4.89977080375534
10 100 4.06215196068759
10 300 7.66247794293196
10 1000 8.60135362510567
11 0 7.73946904041689
11 100 10.2707391289245
11 300 17.2066730632647
11 1000 27.1989261359456
12 0 7.28210277725806
12 100 10.3599303204096
12 300 13.2369026998676
12 1000 24.7051354012695
13 0 2.87912877937813
13 100 8.47956027065045
13 300 11.4349917836484
13 1000 14.7914597545715
14 0 3.85570908725225
14 100 6.24142325893339
14 300 10.4778640342749
14 1000 12.4215049534041
15 0 5.90322098821109
15 100 9.68363640019512
15 300 12.1858101433081
15 1000 15.4668361014045
16 0 4.20793917930187
16 100 8.75519323280004
16 300 13.5303521017116
16 1000 18.6964668860772
17 0 5.12371310558017
17 100 16.9508474894637
17 300 35.7563734302468
17 1000 57.4991154869934
18 0 3.99977026129732
18 100 8.56299516981868
18 300 19.0912059867169
18 1000 38.5330649529684
19 0 7.87120156234316
19 100 9.48824475766455
19 300 18.3887331060111
19 1000 19.8306622491388
20 0 4.08484320198888
20 100 10.782340659665
20 300 16.7902257184827
20 1000 27.8949008142338
21 0 3.89375609110984
21 100 8.75252114848964
21 300 15.3637555328974
21 1000 25.898352993972
22 0 4.32168713471244
22 100 8.99988502376852
22 300 12.6672748442688
22 1000 28.9998537619652
23 0 5.92468861317162
23 100 6.92821991922978
23 300 12.6722298741253
23 1000 17.2762569795166
24 0 5.97717441044033
24 100 8.77630933962327
24 300 12.8245230469198
24 1000 21.7898055556525
25 0 3.5451280960859
25 100 10.5263578438747
25 300 23.2427376487404
25 1000 32.2837345134871
26 0 8.00129270355805
26 100 9.52845206734681
26 300 15.6028769165901
26 1000 19.0599202096856
27 0 5.09687241538653
27 100 8.38940863735138
27 300 10.3906369481357
27 1000 19.3897385035876
28 0 5.89244695792512
28 100 10.8131056460755
28 300 19.3923114102096
28 1000 33.0518461181582
29 0 8.96349418661337
29 100 13.1744915248313
29 300 15.0044335220875
29 1000 16.9362074658925
30 0 5.84488647417045
30 100 7.50210215743319
30 300 7.84008379991822
30 1000 17.0439328117169
31 0 5.42645531389087
31 100 15.0320590430403
31 300 25.1070013254346
31 1000 43.6513380277752
32 0 5.8859222425456
32 100 7.2981320706072
32 300 11.5542703600332
32 1000 16.2606445976468
33 0 4.51101419868367
33 100 9.89698556248307
33 300 16.199750297783
33 1000 26.2536908803835
34 0 5.3793805227032
34 100 10.0893686154328
34 300 13.1755032518723
34 1000 17.5031727582753
35 0 3.52404236344633
35 100 12.748695742616
35 300 20.7991264971782
35 1000 26.6068310962741
36 0 7.23741070355334
36 100 12.786968631006
36 300 19.322440966302
36 1000 39.5522488489725
37 0 4.84881763789716
37 100 6.71309964542926
37 300 12.2411738374231
37 1000 15.2487217162221
38 0 5.49160831803863
38 100 8.7707435972479
38 300 13.7016981275663
38 1000 13.959642332575
39 0 5.17644325124152
39 100 9.48267430249648
39 300 9.82825290718866
39 1000 17.2159430036022
40 0 6.42228754015341
40 100 9.24449798620389
40 300 13.7287853768019
40 1000 23.3557338474434
41 0 3.48538200713012
41 100 12.834699809482
41 300 28.6491175045208
41 1000 38.786039316764
42 0 5.25496240210779
42 100 10.2816841598446
42 300 23.7422224633158
42 1000 35.1088604839702
43 0 9.32032472299028
43 100 13.9687596353183
43 300 16.0514450721294
43 1000 16.6274389592176
44 0 3.90366080696792
44 100 10.1581920242103
44 300 21.4003933968393
44 1000 35.2053787749156
45 0 3.86796436235692
45 100 5.33466040927537
45 300 7.99978618370323
45 1000 15.2170669919892
46 0 4.93164342382042
46 100 5.35664060505019
46 300 7.36921230320119
46 1000 10.3342782479173
47 0 8.62740600202746
47 100 17.1728876309912
47 300 29.8486961005479
47 1000 38.6410193014848
48 0 5.40151726249644
48 100 17.229048730719
48 300 30.3512666967101
48 1000 42.3699327380357
49 0 8.10890146371033
49 100 15.3063468811986
49 300 25.1667202389052
49 1000 38.1334454357027
50 0 3.543351733846
50 100 7.71104934816324
50 300 14.9636204215783
50 1000 29.4827681610277
51 0 9.44966087504411
51 100 19.1026565361587
51 300 26.3944621091513
51 1000 43.4742972578325
52 0 4.98697951074882
52 100 11.7053943451512
52 300 10.6995705907436
52 1000 17.9216031472412
53 0 8.15635311928587
53 100 13.025594161243
53 300 16.688315518296
53 1000 29.4870116248569
54 0 6.36464304330035
54 100 10.9953842436147
54 300 19.0909055248272
54 1000 21.230870810033
55 0 4.38697681276371
55 100 6.5321351753424
55 300 14.2073464076781
55 1000 23.8093189908906
56 0 4.0162811833304
56 100 8.20289532260192
56 300 14.5222803137497
56 1000 33.4375713339003
57 0 3.95075499910496
57 100 8.927274334095
57 300 16.0604456323456
57 1000 23.9396114889888
58 0 6.94628728043627
58 100 10.8995346868683
58 300 17.8812596308162
58 1000 25.1299882339823
59 0 4.64329844476272
59 100 7.95589087065561
59 300 14.8846068121132
59 1000 18.777963784963
60 0 6.67460598335304
60 100 15.7837226908918
60 300 18.6439726938886
60 1000 23.3316389326665
61 0 5.28107745788488
61 100 14.2595260265227
61 300 20.3634434138963
61 1000 34.0020716718896
62 0 9.70720578979471
62 100 23.6328421852618
62 300 37.6819423428581
62 1000 46.6872619941691
63 0 3.19380675970235
63 100 5.81587208516209
63 300 9.090053431627
63 1000 12.0716793844952
64 0 8.14330051318241
64 100 9.53405225924165
64 300 15.0510433652923
64 1000 24.896017471289
65 0 3.91673329967483
65 100 8.61738767286148
65 300 11.0014504979517
65 1000 26.147168850543
66 0 5.20615711221617
66 100 14.1841789342344
66 300 29.5930007746133
66 1000 43.7659355352281
67 0 7.55056216534938
67 100 16.5037531592785
67 300 20.5901063099624
67 1000 29.9032269037129
68 0 7.28444586581241
68 100 11.9107212666896
68 300 23.316407596681
68 1000 25.3212194301446
69 0 5.1211121672206
69 100 11.1852796935131
69 300 14.2058024651011
69 1000 23.6155635694532
70 0 6.15694341883579
70 100 7.98097934387676
70 300 11.2157990661248
70 1000 11.670646309616
71 0 5.95890790243834
71 100 10.2430370073344
71 300 13.6588094845171
71 1000 28.8220661344417
72 0 2.77653155693067
72 100 8.72108161490443
72 300 20.3731669024561
72 1000 36.1371544174872
73 0 3.14977378049687
73 100 17.4987563283809
73 300 33.2632998657834
73 1000 52.0476794896368
74 0 6.5412445047817
74 100 8.1399311646142
74 300 13.3624715278571
74 1000 16.061696956144
75 0 6.24656334991159
75 100 9.241354343389
75 300 12.900064020864
75 1000 19.0863084672596
76 0 4.67470830607208
76 100 10.3425003767464
76 300 14.8740095398016
76 1000 28.935625533259
77 0 3.13808102699596
77 100 17.6965472460718
77 300 36.3027337698638
77 1000 62.3106160577233
78 0 4.23353577735356
78 100 9.85181310860121
78 300 17.6511031837156
78 1000 31.611156980576
79 0 4.87843971387174
79 100 8.30504257788851
79 300 13.9620056273706
79 1000 19.4926642646552
80 0 3.97786486152668
80 100 10.8225209691851
80 300 16.6469606185689
80 1000 28.2926574903146
81 0 4.47289856951542
81 100 6.82466705786037
81 300 9.55292668925409
81 1000 14.1720875665985
82 0 4.09985769514839
82 100 8.01195705599749
82 300 11.8105831960109
82 1000 20.9038450670426
83 0 5.76241696417449
83 100 14.0183599457529
83 300 17.8212623795684
83 1000 25.2976987574434
84 0 4.1629219081433
84 100 15.5750780056612
84 300 16.6780663031614
84 1000 22.2638283433312
85 0 9.83567746432876
85 100 19.7149876357139
85 300 26.2884300955821
85 1000 43.4076273663032
86 0 5.48409266871674
86 100 11.3791258065661
86 300 23.0752898491574
86 1000 35.8467268360044
87 0 4.75501610197404
87 100 6.73299285530416
87 300 10.727341278126
87 1000 15.1527041754564
88 0 4.01737652360481
88 100 16.3053371503687
88 300 21.5010279747847
88 1000 46.1950337369552
89 0 10.4406378945704
89 100 14.7433618351003
89 300 16.3791377376532
89 1000 23.6333061509992
90 0 4.1946305353308
90 100 6.96204874320459
90 300 11.0799581643038
90 1000 15.9809222239626
91 0 5.38039234365824
91 100 9.10732226129609
91 300 12.5743426613564
91 1000 19.4875913176314
92 0 4.72548821575281
92 100 11.9228351823017
92 300 17.9266049302235
92 1000 30.4109357833687
93 0 5.02799232310872
93 100 7.69133005315094
93 300 9.77639738730011
93 1000 13.5419650023373
94 0 7.99706670749525
94 100 8.11944120674053
94 300 10.3384272967721
94 1000 14.1052228534279
95 0 4.7931577139861
95 100 10.1832243872388
95 300 15.8900812099108
95 1000 32.476803229352
96 0 3.42021716049236
96 100 6.83467596006147
96 300 11.194449865989
96 1000 12.7539090107829
97 0 3.92277410254815
97 100 9.45452952689001
97 300 16.5342061603907
97 1000 31.3710304497867
98 0 5.21310706607242
98 100 10.1260718417291
98 300 15.9387061571839
98 1000 21.4357176285172
99 0 9.09947844644268
99 100 21.0218912094008
99 300 29.0003431731292
99 1000 27.7529139535872
100 0 7.16702345599047
100 100 11.1625115882897
100 300 14.4012271558314
100 1000 23.7271508676473
