id dose y
1 0 3.90781188547004
1 100 17.012586501955
1 300 14.9529147384716
1 1000 22.2985011928726
2 0 8.54997948701181
2 100 12.12594301016
2 300 12.6895638492366
2 1000 20.077902344896
3 0 5.42652064429813
3 100 12.0277887348302
3 300 19.6038966226236
3 1000 25.1415591983356
4 0 3.96530871929834
4 100 11.1079911021638
4 300 20.9048012788408
4 1000 34.5465369490782
5 0 3.12633422581632
5 100 5.74441682472751
5 300 7.09051334038826
5 1000 10.7525856672531
6 0 6.47484574919778
6 100 10.7293350385245
6 300 16.9409653666142
6 1000 23.3983120925678
7 0 4.32172121886194
7 100 6.53731891409537
7 300 11.0119008140098
7 1000 16.8864777297911
8 0 7.02396926542438
8 100 19.122230683787
8 300 22.4596548856445
8 1000 27.6735020747736
9 0 2.71078614965544
9 100 23.6808985239455
9 300 50.6262725472829
9 1000 82.4727433856938
10 0 4.36410922224729
10 100 6.23781710920053
10 300 8.22488242531216
10 1000 9.88933003433722
11 0 4.64284643153798
11 100 8.27465444273841
11 300 12.9932780944502
11 1000 24.6856682429252
12 0 6.40753809931802
12 100 13.2040103918364
12 300 21.8400342912279
12 1000 40.269459588683
13 0 3.55892333802657
13 100 7.45128415708721
13 300 15.4478336319039
13 1000 20.8908905169597
14 0 5.88974065420467
14 100 8.7987370747514
14 300 13.3471229383505
14 1000 21.5676843285145
15 0 3.71480559337521
15 100 11.3530823835903
15 300 21.2871317728059
15 1000 31.6937253514683
16 0 4.8372932489744
16 100 8.93280325885297
16 300 17.8712890588523
16 1000 29.4080827302197
17 0 4.70138429923748
17 100 16.3037081604377
17 300 21.8100673786513
17 1000 44.2019386552046
18 0 3.12247974421084
18 100 5.53970021721396
18 300 13.5314279875156
18 1000 29.8141736215924
19 0 5.24706079059236
19 100 9.92739083985681
19 300 13.4321441387449
19 1000 23.1673053415902
20 0 6.10217625158557
20 100 9.14948925220603
20 300 11.67886016093
20 1000 11.6883377963457
21 0 5.10885360605534
21 100 6.52463268571376
21 300 11.429716406508
21 1000 15.4056971943021
22 0 4.20803128816404
22 100 10.5228154021691
22 300 10.8272514282157
22 1000 18.9956638823669
23 0 4.88078674984415
23 100 16.9817197974469
23 300 32.9884176134301
23 1000 46.4435465873269
24 0 9.45468861634324
24 100 10.1294160946153
24 300 12.5788479571332
24 1000 15.3341760027186
25 0 6.46177584606755
25 100 8.56870301358287
25 300 10.0523094534021
25 1000 15.0599573511592
26 0 5.4470450687637
26 100 10.9293962006894
26 300 15.8922220379745
26 1000 27.3145407890789
27 0 3.42370951611025
27 100 4.67505123655842
27 300 6.02165317731891
27 1000 7.36229788949952
28 0 6.48383999856317
28 100 14.033004999488
28 300 26.291714282398
28 1000 38.9011528556508
29 0 4.77659931409499
29 100 11.5597031890688
29 300 20.1290181537602
29 1000 47.0894609055312
30 0 4.13927502597792
30 100 7.55111263186484
30 300 10.757690090357
30 1000 18.4841406031429
31 0 5.3805620894616
31 100 12.4684485031788
31 300 21.7276029403458
31 1000 34.054559205127
32 0 7.8913482080274
32 100 11.3962582634999
32 300 21.7564835662249
32 1000 29.2073186818708
33 0 4.49550824588968
33 100 12.8112325568966
33 300 15.8384973745593
33 1000 29.9772666830568
34 0 5.69058752767975
34 100 7.56810237163817
34 300 10.5880116510191
34 1000 14.5972800021595
35 0 3.70285527248924
35 100 8.09693999352947
35 300 14.0799167627952
35 1000 19.5461683811315
36 0 5.38695969016785
36 100 7.60473497795301
36 300 10.886219518678
36 1000 12.5108765258536
37 0 3.68890020345666
37 100 19.4838074875881
37 300 30.5367527859143
37 1000 37.7234561458187
38 0 6.34303073119814
38 100 8.66289263340692
38 300 9.81939473989094
38 1000 13.6122859084122
39 0 3.53834123025722
39 100 9.62042590899742
39 300 15.5128032402496
39 1000 26.5988033534533
40 0 3.86252879651595
40 100 11.6123531962627
40 300 17.3618830597354
40 1000 25.6575820410923
41 0 3.77587814598192
41 100 5.36720810148352
41 300 8.56050057330904
41 1000 11.8608119327591
42 0 7.01723858153623
42 100 9.69833300550088
42 300 12.6878440927104
42 1000 14.1216053223824
43 0 3.15686661019247
43 100 4.73937381465974
43 300 7.18404474119327
43 1000 9.3962202046379
44 0 5.36473300324367
44 100 14.2054162029106
44 300 32.4685806118138
44 1000 62.0321273990984
45 0 8.96520952358141
45 100 12.3284067242443
45 300 22.8629281835819
45 1000 44.3089796276259
46 0 6.01945139437512
46 100 17.2676633778411
46 300 31.1862241862582
46 1000 59.174657358435
47 0 3.93475865524087
47 100 12.6049350475248
47 300 23.6051093005116
47 1000 36.1915786161169
48 0 7.155147922964
48 100 11.3541407760253
48 300 26.8298806756465
48 1000 47.7094836147683
49 0 4.62723900173796
49 100 9.41612134903874
49 300 9.68978784972388
49 1000 14.5754100743371
50 0 7.11506487301016
50 100 10.7196528453409
50 300 15.2271314847868
50 1000 19.7131869845448
51 0 4.88765081045459
51 100 17.891891690241
51 300 27.5588970086839
51 1000 34.4914068843133
52 0 3.98534509164246
52 100 8.67333855932611
52 300 16.0176168606526
52 1000 30.9349401071333
53 0 7.24112240013964
53 100 13.5260226145
53 300 19.0792000783334
53 1000 35.3886404214743
54 0 4.79521143316575
54 100 10.348602422796
54 300 15.0189834554164
54 1000 20.6865046376509
55 0 7.76765326932637
55 100 10.0576291357212
55 300 20.9753050599525
55 1000 30.1629855834274
56 0 3.53417843763313
56 100 21.7903911806617
56 300 45.6433704715821
56 1000 68.0814670478508
57 0 4.36128083778619
57 100 5.94013048550188
57 300 9.14337059678508
57 1000 15.1732667851441
58 0 4.40437526152447
58 100 25.61439839493
58 300 41.809119372838
58 1000 86.1648770931477
59 0 5.70231901379385
59 100 10.7608984331523
59 300 22.0754783304455
59 1000 38.4848042828958
60 0 4.52249505791376
60 100 6.54723609290078
60 300 10.6463033214459
60 1000 14.64125859524
61 0 5.40252475772259
61 100 25.1213026158272
61 300 41.9878877380225
61 1000 73.792179525272
62 0 6.86785227424935
62 100 9.61728414486201
62 300 13.4202659510376
62 1000 18.5958174263472
63 0 8.52985402150964
63 100 15.923719081463
63 300 24.0385015068782
63 1000 38.603237645192
64 0 6.55935002131663
64 100 10.5389528414183
64 300 20.5300559893741
64 1000 33.8390437260124
65 0 4.35659776146598
65 100 7.57038166978973
65 300 11.8407349294269
65 1000 11.9995077191474
66 0 8.09622676429582
66 100 12.6739555522576
66 300 20.3946107776493
66 1000 29.4589691311584
67 0 4.79062993705871
67 100 7.80171488128593
67 300 7.74403861806513
67 1000 14.288449493468
68 0 4.17900872450965
68 100 8.06966182083201
68 300 12.9239454513244
68 1000 19.4673350563562
69 0 6.85104372167798
69 100 11.2978876277262
69 300 22.5699676614506
69 1000 34.9822144586822
70 0 5.19742102185431
70 100 19.1698757161971
70 300 38.2158292730243
70 1000 70.9537535295816
71 0 2.36646623963751
71 100 16.8209146130396
71 300 27.4134588033237
71 1000 47.9205645105697
72 0 3.11142054878254
72 100 9.32284949785985
72 300 14.4660233033444
72 1000 18.993362023106
73 0 6.04711398096489
73 100 11.2078066436597
73 300 17.2067248545817
73 1000 21.7453245817635
74 0 2.37529627937516
74 100 7.02022938095895
74 300 12.7324457803872
74 1000 25.7132324272738
75 0 5.28156835904544
75 100 8.2664897436773
75 300 15.4178918089535
75 1000 25.5698156943365
76 0 3.57559159395854
76 100 7.42986341555784
76 300 8.96249160699889
76 1000 11.1692286108042
77 0 5.20953195595043
77 100 7.88475283227237
77 300 9.55834275761858
77 1000 12.9602661582792
78 0 5.70477466625649
78 100 10.8833948610078
78 300 15.3799588669581
78 1000 18.0570742617494
79 0 4.09458418861724
79 100 8.50099774506307
79 300 10.4015294703239
79 1000 16.0657613297065
80 0 4.77771516220437
80 100 8.56313696753087
80 300 11.3751261673999
80 1000 23.045654993001
81 0 5.91562077333995
81 100 9.30921961137863
81 300 13.3143887153605
81 1000 15.8877937304797
82 0 4.6659604543369
82 100 11.5215057673607
82 300 19.6709153644708
82 1000 28.5115005763237
83 0 6.03896702311182
83 100 13.2749701062296
83 300 16.5210270712402
83 1000 29.1868688471918
84 0 6.31295170234855
84 100 11.8937983028038
84 300 16.6791464902042
84 1000 29.5520919441825
85 0 4.58110295602716
85 100 8.7056040659438
85 300 14.5102417680309
85 1000 28.6550343447333
86 0 7.91168362921915
86 100 9.21112669833314
86 300 14.7970249268466
86 1000 22.3303199872646
87 0 3.31593567290418
87 100 5.25260295232553
87 300 9.15729990021381
87 1000 17.3270291634893
88 0 6.50678281895206
88 100 21.581266672406
88 300 44.9796688009327
88 1000 87.2845051992625
89 0 6.65780672592972
89 100 17.233804251783
89 300 31.151164686423
89 1000 36.4925032260079
90 0 3.68349424648373
90 100 16.3538660584259
90 300 27.1292884762479
90 1000 39.7343785276489
91 0 9.60288528872253
91 100 11.826998545776
91 300 19.8345414948833
91 1000 31.4875220899034
92 0 5.55794417197533
92 100 8.39341939686587
92 300 14.3862104514285
92 1000 21.772943559659
93 0 6.85607032163032
93 100 11.9640702621106
93 300 14.4872576323694
93 1000 20.224730138554
94 0 6.49437917217224
94 100 12.2158703566413
94 300 17.8051235096807
94 1000 23.6039545398557
95 0 7.85421195656418
95 100 23.0710061364065
95 300 37.4607444313445
95 1000 72.4772366861061
96 0 6.72708758077421
96 100 10.7233269839579
96 300 16.3123261420941
96 1000 18.1984699631827
97 0 5.13637986222867
97 100 14.8528654466914
97 300 19.2864911574145
97 1000 30.4994432304589
98 0 7.62302801774691
98 100 10.7475147126939
98 300 11.2263847386728
98 1000 18.909253480848
99 0 6.00077452978217
99 100 9.54909181481265
99 300 19.1147935261537
99 1000 26.8183154385707
100 0 5.84965580066231
100 100 9.45629679466578
100 300 12.0664412341554
100 1000 15.7790416775391
