id dose y
1 0 6.35600814438444
1 100 13.6898738528327
1 300 26.9122920478566
1 1000 45.5521440456748
2 0 5.6440626463646
2 100 12.14161055413
2 300 18.7558506452901
2 1000 29.7241606950936
3 0 4.89545352506335
3 100 19.6433354567979
3 300 35.9661117859269
3 1000 73.1082117574149
4 0 4.71712002902557
4 100 7.93473140990085
4 300 11.3833703819082
4 1000 13.4390564663374
5 0 3.67755805903454
5 100 5.45201922604767
5 300 7.67443298088427
5 1000 11.070772341891
6 0 4.3234703735372
6 100 9.16723509086168
6 300 14.5429537464992
6 1000 21.4894415810679
7 0 3.26021997549403
7 100 10.3003975248672
7 300 17.5568753974869
7 1000 37.6641984674635
8 0 5.94812406559209
8 100 14.2841466201369
8 300 25.2971289326264
8 1000 45.1719409720186
9 0 5.70892061993789
9 100 8.42881478282968
9 300 13.6796445996767
9 1000 16.9832770392091
10 0 5.45716664519468
10 100 9.49107203693371
10 300 11.2033322710079
10 1000 11.1556223681611
11 0 5.20656076239152
11 100 8.42707998317463
11 300 11.4059497055565
11 1000 17.2117294828301
12 0 4.69471175112278
12 100 12.1536798218828
12 300 19.0296995643092
12 1000 37.215395812754
13 0 6.88290060644659
13 100 16.3547605643173
13 300 33.7886827835434
13 1000 47.3689198499117
14 0 4.20977397226383
14 100 10.0482411887668
14 300 26.4964131187595
14 1000 32.182992326242
15 0 3.45542917759817
15 100 7.4092327069229
15 300 10.2055805733956
15 1000 16.5825820201973
16 0 8.16313621942404
16 100 20.589314033449
16 300 36.0376906563973
16 1000 44.7854144163299
17 0 6.28364460936002
17 100 7.98190802519946
17 300 10.9155938068916
17 1000 14.1306243083688
18 0 5.52219829887714
18 100 12.9635889015913
18 300 17.6712329099943
18 1000 20.9799666625444
19 0 6.02223853984699
19 100 10.0785911131193
19 300 11.4051051451626
19 1000 25.5087209056722
20 0 7.81856118018535
20 100 20.4210234796899
20 300 29.5745744574122
20 1000 53.4215151320916
21 0 4.64654767788589
21 100 11.648972282477
21 300 18.2700745666572
21 1000 40.3799742520541
22 0 2.82592754273854
22 100 4.23588335607625
22 300 4.96412997157653
22 1000 8.91666483357707
23 0 4.94439959255005
23 100 6.76132938913835
23 300 9.95989942571787
23 1000 14.9748027687176
24 0 4.83672200685918
24 100 10.9947201836244
24 300 16.5387792381299
24 1000 24.1602585485189
25 0 3.07909169593303
25 100 6.87705787240375
25 300 10.657724941638
25 1000 13.7833059532758
26 0 5.82194528502944
26 100 17.0046871576597
26 300 37.1576126741885
26 1000 56.9511687162445
27 0 5.3301892849041
27 100 7.07994949328083
27 300 10.1338290424225
27 1000 15.6241154697749
28 0 5.59598262002609
28 100 8.48538500219865
28 300 12.1974982406335
28 1000 25.8670351594282
29 0 4.74313319170372
29 100 9.09915365948445
29 300 16.145523433342
29 1000 26.0391673499073
30 0 5.25986396443303
30 100 12.960636703362
30 300 16.7221410792781
30 1000 18.4012795258229
31 0 5.74934276094234
31 100 14.1019632680201
31 300 21.3507073691186
31 1000 33.9672234237092
32 0 3.9655085523648
32 100 8.62134566360461
32 300 13.8899949612191
32 1000 16.1661596756755
33 0 4.62967101713105
33 100 8.96555521644506
33 300 11.8922149509513
33 1000 19.9435139830871
34 0 5.91982169103687
34 100 9.63819293855971
34 300 12.9608904538828
34 1000 19.5944928138438
35 0 6.5564636150901
35 100 15.758318043765
35 300 19.8210064009232
35 1000 24.2181995928272
36 0 3.99185227224045
36 100 12.2447288449199
36 300 27.8062023233813
36 1000 43.4097106066202
37 0 3.44325468832482
37 100 9.46838870551155
37 300 15.2660946947987
37 1000 26.3829449136527
38 0 4.04616580582113
38 100 11.9515153430639
38 300 18.513677712851
38 1000 27.9429289446768
39 0 5.8246572874857
39 100 8.5674932405597
39 300 12.5972476691279
39 1000 29.308244055689
40 0 4.67515476046617
40 100 8.43549306964394
40 300 12.4285489476244
40 1000 15.8625268031531
41 0 3.92040224057896
41 100 9.16169990865541
41 300 12.8827026698188
41 1000 22.7789912595101
42 0 7.54771689549953
42 100 23.0312655719078
42 300 40.4325329702138
42 1000 66.1971746393935
43 0 4.00300075378296
43 100 10.2795110477675
43 300 15.6082716583051
43 1000 30.1341535434805
44 0 4.9287785995944
44 100 10.1218960243456
44 300 16.6968190727472
44 1000 21.1851871597226
45 0 4.04015009815936
45 100 13.8674809986576
45 300 22.6142961979793
45 1000 24.8659424435158
46 0 4.73296224926584
46 100 7.29840305217378
46 300 11.9982832885002
46 1000 21.5339462333846
47 0 7.33957791301389
47 100 10.0894416629309
47 300 22.1624282000022
47 1000 32.8513723932908
48 0 5.40452673359102
48 100 11.3710260244606
48 300 16.9607396924509
48 1000 32.9496323744838
49 0 5.95238751402406
49 100 17.1558751643521
49 300 36.2066194739355
49 1000 60.7622651434392
50 0 2.76257320548997
50 100 3.90918286223773
50 300 7.69519053062852
50 1000 15.170557040524
51 0 4.13022646810146
51 100 15.9861240967061
51 300 18.3557397307941
51 1000 33.4314269536406
52 0 3.613157529758
52 100 7.04361038962824
52 300 12.6800660273552
52 1000 19.1136966121304
53 0 4.75074684571411
53 100 7.45313760264474
53 300 9.78353912902424
53 1000 12.1187475596727
54 0 6.406870712947
54 100 11.1899989935721
54 300 11.5103316898515
54 1000 15.5457394701391
55 0 7.19058763126254
55 100 12.0984752283153
55 300 20.8683158919145
55 1000 35.0430247814708
56 0 3.46126938749548
56 100 8.15499634101067
56 300 14.155221557681
56 1000 15.3896633663023
57 0 7.68721271213358
57 100 14.6047119458891
57 300 20.2203221329709
57 1000 26.3197589686648
58 0 3.43534755541042
58 100 5.99740241035469
58 300 10.9753996461481
58 1000 14.433662503499
59 0 4.39407357609329
59 100 10.6091342068148
59 300 17.5561394957877
59 1000 29.4977741982386
60 0 5.91655989220286
60 100 7.17771166029182
60 300 9.95756004428058
60 1000 12.2181501054071
61 0 4.86596413709296
61 100 10.2203652427588
61 300 16.6470719976036
61 1000 34.0082211420206
62 0 6.47560772162853
62 100 19.8548508140149
62 300 43.4468039060786
62 1000 74.3081721706189
63 0 2.86339475747643
63 100 13.2673738707269
63 300 24.0703384038165
63 1000 50.8515429395261
64 0 5.91723536602867
64 100 15.5226501003113
64 300 30.5926325827419
64 1000 57.0150221599692
65 0 1.83074510368994
65 100 9.8914641828372
65 300 22.4686975185538
65 1000 29.3332671488434
66 0 2.41490933698449
66 100 4.04701488033917
66 300 4.51951197854531
66 1000 8.46304142301148
67 0 4.02011255212414
67 100 8.86185827355644
67 300 13.9524145154149
67 1000 25.3809001580292
68 0 5.62187144986779
68 100 23.2605716684109
68 300 44.3034071463459
68 1000 75.8947654134293
69 0 10.7040568697743
69 100 16.0424174379208
69 300 16.9855560767545
69 1000 27.7229741713463
70 0 2.40638792225689
70 100 7.0328840782991
70 300 11.5586251280929
70 1000 19.6778119793798
71 0 5.86966066756581
71 100 10.3861428992144
71 300 14.9284827562344
71 1000 22.6606404513532
72 0 4.98336412634245
72 100 13.1038441619871
72 300 18.2869900889551
72 1000 38.6785295268027
73 0 5.45574974875796
73 100 8.50875338464001
73 300 10.4721343355339
73 1000 12.8331098414379
74 0 6.79454050431862
74 100 7.38140822750644
74 300 11.4550547045146
74 1000 15.4670927679645
75 0 3.1460426363147
75 100 5.83121611523099
75 300 7.18947488857533
75 1000 15.1088349749742
76 0 3.82951704584715
76 100 5.49133144940243
76 300 8.32536621529937
76 1000 11.9758912271392
77 0 5.44875265201424
77 100 13.5093248146563
77 300 23.9877122556205
77 1000 39.5501125549571
78 0 6.56379073507592
78 100 10.4937135787541
78 300 14.4318731392866
78 1000 29.6021950999918
79 0 5.23913264944986
79 100 9.96796599020134
79 300 14.4337872994339
79 1000 27.6958122359227
80 0 5.64601011384603
80 100 13.8674143923354
80 300 27.3255767034472
80 1000 37.0203435492055
81 0 4.38769602519898
81 100 10.1660407696649
81 300 20.6579950961668
81 1000 27.6899268788913
82 0 5.64002223463353
82 100 12.3339730040284
82 300 15.0971838469539
82 1000 20.4386621015656
83 0 4.43465371604391
83 100 9.47199345826355
83 300 16.9838808860296
83 1000 24.4323991762274
84 0 4.66486920173493
84 100 16.206907755631
84 300 22.0372790150852
84 1000 50.7895413310072
85 0 5.03637597966887
85 100 9.85573428031687
85 300 8.82696164803244
85 1000 11.1421058836643
86 0 7.00093656159111
86 100 12.290313416818
86 300 25.1210799538856
86 1000 58.8134672914037
87 0 5.22030572535715
87 100 14.0193533078368
87 300 26.6646872989482
87 1000 44.589492686543
88 0 6.47376949170015
88 100 11.3837846376237
88 300 22.300786303453
88 1000 28.4698166254998
89 0 4.59056665095252
89 100 11.855968639267
89 300 23.9456480740394
89 1000 39.0263855306888
90 0 8.98064363972163
90 100 11.6942084598014
90 300 15.0568481945203
90 1000 24.573355942487
91 0 2.66564193520481
91 100 17.4443583237216
91 300 28.6468477864854
91 1000 39.451245993088
92 0 5.98717962854301
92 100 6.32367571607698
92 300 9.11924113534175
92 1000 19.6286228476358
93 0 6.30230156748668
93 100 11.7713464729865
93 300 18.2931847905197
93 1000 20.545643103166
94 0 3.431911742352
94 100 8.12380665917117
94 300 11.7809826238841
94 1000 15.3117778817546
95 0 8.32286573173624
95 100 16.9111626787971
95 300 31.7900627001239
95 1000 49.2132447923392
96 0 2.87385753764699
96 100 10.2076325609832
96 300 17.3559048366831
96 1000 21.3394025771755
97 0 4.11846039146643
97 100 8.97923253192458
97 300 14.1042177023477
97 1000 33.179355180657
98 0 3.4108377155951
98 100 19.64154335727
98 300 34.8378039291832
98 1000 47.2890406796617
99 0 4.68530580821042
99 100 9.56389328076851
99 300 17.5293931862699
99 1000 24.217829669798
100 0 5.7079898506249
100 100 17.2094000844609
100 300 27.7395645909433
100 1000 44.0543016739934
