id dose y
1 0 3.40035422084969
1 100 5.17019204284417
1 300 7.93718649867978
1 1000 11.2128634426218
2 0 4.23323575563534
2 100 6.66934046880004
2 300 10.437997922689
2 1000 12.312360145912
3 0 3.80247797206043
3 100 7.31448149726943
3 300 15.2312699250232
3 1000 26.1471173724152
4 0 5.31745624267463
4 100 13.6473397843503
4 300 19.3037989773603
4 1000 29.0002734865822
5 0 3.13101105358523
5 100 12.5774146095639
5 300 20.3661302280047
5 1000 32.5514373895147
6 0 2.2315628371971
6 100 14.6465729020795
6 300 31.3554470681236
6 1000 49.8327770065654
7 0 8.62875808747434
7 100 24.6785651373583
7 300 34.9726120950673
7 1000 37.5213799400663
8 0 3.85075438726737
8 100 10.6016421701885
8 300 16.5321940666363
8 1000 29.4053193236237
9 0 8.31436136293837
9 100 11.3014830110294
9 300 14.6251610360417
9 1000 19.6673711338362
10 0 6.35969143146523
10 100 8.10544049921037
10 300 8.03303959872802
10 1000 11.4804697529863
11 0 4.50046559487968
11 100 6.34258565033439
11 300 8.93912506102365
11 1000 15.9998864237258
12 0 4.75184833193357
12 100 6.52436691279611
12 300 9.61753053362338
12 1000 17.6909302177663
13 0 7.62086955221173
13 100 8.07855524961618
13 300 9.3246383277083
13 1000 17.5355500194412
14 0 3.54632909087333
14 100 6.50636782816666
14 300 11.3359744310212
14 1000 18.2276421470857
15 0 6.45577382758823
15 100 11.9249814385395
15 300 16.1893166519307
15 1000 22.8656614470053
16 0 5.16162770414892
16 100 7.51839253197542
16 300 12.452439238216
16 1000 22.6859312412915
17 0 7.52224268252283
17 100 11.0278002767246
17 300 12.3140675214886
17 1000 18.7963844988783
18 0 6.91217238285004
18 100 8.52727116539941
18 300 18.017751684252
18 1000 22.043573810577
19 0 3.31518796741383
19 100 6.47790221756986
19 300 9.65801266162065
19 1000 10.2120932797632
20 0 8.12275274128394
20 100 10.0810924615941
20 300 12.249292530636
20 1000 15.3241297806909
21 0 5.38859497059832
21 100 11.8850068403494
21 300 17.895222658131
21 1000 26.4518787814598
22 0 7.39865589297418
22 100 12.1789915020018
22 300 19.3169358809737
22 1000 26.4900173286076
23 0 4.22258015915992
23 100 9.62281379091969
23 300 10.9332478961664
23 1000 15.3330242504506
24 0 7.53141116859417
24 100 11.9595061501869
24 300 14.4180021716921
24 1000 15.498950209216
25 0 3.13883360371951
25 100 8.7852614742242
25 300 18.6408036895226
25 1000 30.6202192231255
26 0 4.8547606620128
26 100 18.0179074104235
26 300 28.3340170792746
26 1000 36.7207600142949
27 0 4.13848130386835
27 100 10.4508308370648
27 300 13.6061279445188
27 1000 23.1531328264854
28 0 4.28275424597842
28 100 8.24670147100758
28 300 10.117541050701
28 1000 19.6759986938277
29 0 6.6770383278887
29 100 11.6332549018353
29 300 17.6117671198068
29 1000 24.2476135060886
30 0 6.73654876006425
30 100 17.9502241766778
30 300 23.6549893689788
30 1000 29.2239590299204
31 0 8.39400381362353
31 100 14.6993546958754
31 300 21.1598774841385
31 1000 36.3198085337975
32 0 4.0408796669868
32 100 10.3208443513723
32 300 18.0872971071045
32 1000 33.6198846530967
33 0 2.80018792929466
33 100 7.63273096613882
33 300 14.6405902570195
33 1000 35.7671423703032
34 0 4.12278209065134
34 100 12.1817104785445
34 300 20.8828559039047
34 1000 35.8958767256836
35 0 4.60338681893837
35 100 7.34237393294577
35 300 7.65061455252687
35 1000 11.6696000803067
36 0 9.05326193152019
36 100 13.4214581335343
36 300 18.0805936336116
36 1000 23.3562881500933
37 0 4.75448275855759
37 100 10.3975754231184
37 300 15.8394315691351
37 1000 23.1835313591047
38 0 3.23124797915582
38 100 8.90017427232108
38 300 16.825604510804
38 1000 25.3577177981639
39 0 5.311865962343
39 100 8.38025107288271
39 300 11.7932330955707
39 1000 17.7222847043206
40 0 6.48785061704529
40 100 16.0836481399787
40 300 23.6431256684012
40 1000 33.6491618463293
41 0 5.6061466716878
41 100 9.25801188072128
41 300 17.503077245697
41 1000 39.7504761676893
42 0 8.1344657166234
42 100 10.3830310900519
42 300 14.3811332502135
42 1000 18.3291959381233
43 0 6.97509237252812
43 100 9.92997361149034
43 300 16.372475570419
43 1000 14.7797751521057
44 0 3.09220915871255
44 100 14.7159308104508
44 300 25.0286847564017
44 1000 33.4888697182724
45 0 6.47483167198856
45 100 13.861561847291
45 300 16.6241503479829
45 1000 21.289921799175
46 0 5.98315695962076
46 100 8.77389547463899
46 300 17.2150126128559
46 1000 32.3888230634456
47 0 8.78072237243654
47 100 13.3937520216767
47 300 14.9511215777792
47 1000 25.3820528918172
48 0 4.72596356801673
48 100 7.62358370734924
48 300 9.32975890300351
48 1000 17.3625602828669
49 0 4.56067020087332
49 100 12.5298896835338
49 300 23.5836366444786
49 1000 28.4220166468602
50 0 3.57271270110144
50 100 10.3442775917228
50 300 14.8809240968661
50 1000 19.4538342793876
51 0 2.83056647921134
51 100 6.84191125937672
51 300 11.8493845763912
51 1000 18.7187459692611
52 0 4.52993791147659
52 100 7.14539409927328
52 300 10.8116701122624
52 1000 16.8512563507035
53 0 6.33330436454487
53 100 8.01888329040724
53 300 13.5108013845421
53 1000 17.6849516848097
54 0 4.71896951127384
54 100 7.97451399868697
54 300 12.0075995500451
54 1000 25.0747922463082
55 0 3.66180605156099
55 100 9.22498202058972
55 300 13.2353338554943
55 1000 19.6504127464089
56 0 5.92806399893059
56 100 7.51969827291287
56 300 12.1462308476518
56 1000 15.5785977478069
57 0 3.77788264737728
57 100 14.7714013293824
57 300 36.1635596679874
57 1000 80.0953298151904
58 0 4.04825799638057
58 100 7.79568866328975
58 300 10.7283099816247
58 1000 21.7365071487747
59 0 9.21808830464586
59 100 22.6736272793542
59 300 35.9478258694409
59 1000 48.0263577248575
60 0 4.83978148507967
60 100 13.7598556005394
60 300 26.3962269128609
60 1000 53.5569994266497
61 0 5.83911607113706
61 100 7.18171318721562
61 300 9.04751784081966
61 1000 14.0095916915436
62 0 4.47587608637251
62 100 11.2254790567222
62 300 17.4653783414162
62 1000 36.3760595638292
63 0 3.97951088308535
63 100 7.44892177493025
63 300 11.289424431215
63 1000 18.9726477213397
64 0 5.17146396420627
64 100 9.60096836376362
64 300 13.3809986334853
64 1000 22.1761489119538
65 0 3.57275111536804
65 100 5.6691641982999
65 300 10.7685504338519
65 1000 19.4325608833749
66 0 6.81263411618414
66 100 13.9854918672378
66 300 21.7330265264303
66 1000 32.9763248495045
67 0 6.23057357359865
67 100 8.18456556732561
67 300 8.38518419647192
67 1000 11.7633448562173
68 0 5.63279559132746
68 100 7.30128670697882
68 300 10.6074857660052
68 1000 15.336934722813
69 0 5.75218940236441
69 100 15.2061727082686
69 300 24.225835835347
69 1000 29.0014327146086
70 0 5.01157245272913
70 100 12.0267763287737
70 300 16.2700372166075
70 1000 24.5526535022556
71 0 5.93553690742181
71 100 15.5294317632957
71 300 34.1574519572779
71 1000 76.6122792805712
72 0 6.33512016483137
72 100 13.0614441971981
72 300 12.5088302143028
72 1000 24.1739259269744
73 0 4.43935308523871
73 100 8.70846557556207
73 300 18.7599050442743
73 1000 28.3231249872367
74 0 4.82769726549608
74 100 8.8138600871576
74 300 15.6293104562284
74 1000 18.9869325736387
75 0 6.89840881210661
75 100 24.4683473365515
75 300 50.4802006189952
75 1000 80.1668100720942
76 0 2.9683675406184
76 100 5.26755560754572
76 300 5.71268899858388
76 1000 8.09695916265309
77 0 4.3539745178475
77 100 7.18448780129876
77 300 12.854163119007
77 1000 22.5090822524629
78 0 4.7791983880229
78 100 8.41640638743074
78 300 12.5119106653863
78 1000 24.369905627861
79 0 5.38853613103921
79 100 11.022337227359
79 300 20.2299120732625
79 1000 24.0646256818135
80 0 5.907671148316
80 100 14.574875497325
80 300 30.0954349883077
80 1000 57.5455880452783
81 0 3.20606495604541
81 100 7.62774819932092
81 300 11.1528668903365
81 1000 16.5969463349364
82 0 5.05326361085566
82 100 10.6935865088894
82 300 15.9775890149575
82 1000 27.5546563577168
83 0 6.5944055414866
83 100 12.7956255843615
83 300 23.414937027115
83 1000 45.7401846394184
84 0 5.09682300443332
84 100 9.89637053793273
84 300 19.8491540707873
84 1000 42.2521826787051
85 0 5.09283164234121
85 100 13.0532916263871
85 300 24.5883150447049
85 1000 39.8568907215472
86 0 5.87581036666043
86 100 14.1615764718252
86 300 23.6323942197766
86 1000 35.9358724851748
87 0 6.75696856368153
87 100 12.5288451351862
87 300 14.7366154066541
87 1000 22.8986207597964
88 0 3.51943092749472
88 100 5.54558564774263
88 300 7.1378559006631
88 1000 10.498300598332
89 0 3.52206508963093
89 100 20.9544446359508
89 300 46.1804823484937
89 1000 91.932097293753
90 0 4.59304420949922
90 100 9.93417129827363
90 300 10.5879016359545
90 1000 14.0650066840924
91 0 4.05232148933407
91 100 7.23747331654621
91 300 11.7861687069336
91 1000 12.0103028803472
92 0 5.58916725699127
92 100 14.604762239568
92 300 23.2769950430562
92 1000 26.5947027694678
93 0 4.84713194820655
93 100 23.6410976885103
93 300 38.2147558995595
93 1000 59.9682025400361
94 0 5.03801440283083
94 100 8.43638681493583
94 300 13.7479551993647
94 1000 27.6166544328273
95 0 4.49062231332778
95 100 6.28084321467855
95 300 6.51368755972075
95 1000 10.916172266371
96 0 4.02929456308483
96 100 7.81065285340104
96 300 12.7292617645869
96 1000 15.2772963231815
97 0 6.47875033810285
97 100 13.6271855309506
97 300 22.644544298744
97 1000 38.5387996254272
98 0 6.5872075987417
98 100 12.0520058409774
98 300 17.1425618805031
98 1000 40.5225671040935
99 0 5.80288100305231
99 100 12.8949683989168
99 300 18.4229892655868
99 1000 30.4496229430143
100 0 9.2550503160892
100 100 18.4688119714616
100 300 31.5809547793924
100 1000 33.534511030685
