id dose y
1 0 8.02317090055709
1 100 15.0928218981784
1 300 18.3923916971972
1 1000 33.0448630195212
2 0 3.54181692390738
2 100 5.52030899787103
2 300 8.82237789718908
2 1000 15.3596171139834
3 0 5.26106246635907
3 100 10.4556300329799
3 300 20.2682495366548
3 1000 24.4456570100055
4 0 4.01399488381961
4 100 15.8695503477815
4 300 34.1768710415857
4 1000 76.4957076433266
5 0 3.2005276255621
5 100 7.35657677974953
5 300 11.3489824090143
5 1000 22.7998209377553
6 0 3.21756376696054
6 100 12.8815669422759
6 300 24.5312844380891
6 1000 42.5387748617971
7 0 7.41921927647784
7 100 14.9735983387873
7 300 25.9986377001513
7 1000 37.6969325827854
8 0 2.56302317311342
8 100 17.3246598298304
8 300 37.1787432938859
8 1000 56.6726534692806
9 0 6.07637043196609
9 100 9.32361000325874
9 300 16.1891559972258
9 1000 23.1782058979683
10 0 10.4375139252
10 100 11.5526048632388
10 300 18.3213426253599
10 1000 20.1048818504214
11 0 4.37091344704336
11 100 9.5650223162659
11 300 24.691254819715
11 1000 56.8423901314626
12 0 3.27672885978694
12 100 16.7731388914809
12 300 31.5513928052565
12 1000 56.0587327514342
13 0 3.65336221000002
13 100 10.818621534927
13 300 16.5067380170585
13 1000 29.9480982251103
14 0 8.48682861759193
14 100 21.2502862441105
14 300 29.7074336077782
14 1000 35.257458212574
15 0 4.91828766164687
15 100 8.9232458141899
15 300 10.9863096761658
15 1000 12.6484088780796
16 0 6.17245252601128
16 100 10.6667898958894
16 300 14.5812265292616
16 1000 28.7643629945454
17 0 2.86891145501946
17 100 6.90203155924241
17 300 10.8213834980403
17 1000 18.0506605537574
18 0 4.50670395834276
18 100 7.99213911158777
18 300 15.3206028910836
18 1000 20.1120634980871
19 0 7.120511465613
19 100 13.8280941236707
19 300 23.9073126168213
19 1000 28.3067075553131
20 0 4.74148403459759
20 100 6.98679361409645
20 300 9.88931728376075
20 1000 13.9448426863304
21 0 4.82136582683055
21 100 12.1657739268062
21 300 19.8936981538066
21 1000 27.6832521648247
22 0 5.94557151996251
22 100 13.1447272914331
22 300 21.9768773234408
22 1000 29.6684788430072
23 0 6.10224267831625
23 100 10.1146010648864
23 300 16.1330336457741
23 1000 22.0148855480184
24 0 3.8566421578284
24 100 20.9019374236631
24 300 26.1548410494926
24 1000 36.6830590825211
25 0 4.99551890683729
25 100 8.99451569965712
25 300 17.0036200634495
25 1000 21.7647140899945
26 0 5.03211518343685
26 100 10.4386480953457
26 300 19.2222622945838
26 1000 28.6671235458881
27 0 5.61048796692302
27 100 7.50689822679182
27 300 9.45683851409563
27 1000 14.6305384647878
28 0 7.27897475214563
28 100 13.8815623668429
28 300 26.1172907839213
28 1000 32.6426022893989
29 0 3.57742037883848
29 100 7.90469090520587
29 300 11.7014178486644
29 1000 23.674993097249
30 0 3.99646910645335
30 100 8.03941135049521
30 300 13.6920310216304
30 1000 35.3188372758059
31 0 5.90326671360808
31 100 13.648967055862
31 300 18.8249471037362
31 1000 30.5348711848828
32 0 5.5024700979338
32 100 19.0944135764016
32 300 29.762582118089
32 1000 33.2046786590975
33 0 3.69051137808002
33 100 11.5257758394883
33 300 20.7946574954469
33 1000 22.0797471052391
34 0 8.42122248259067
34 100 20.598666801754
34 300 35.7792588097498
34 1000 48.2901314724624
35 0 5.74578230964332
35 100 8.93060408644721
35 300 17.999300870194
35 1000 19.906114728173
36 0 6.21873296508256
36 100 13.4807471106972
36 300 19.8167981582291
36 1000 38.6768824904246
37 0 3.32377476063247
37 100 8.84692916359982
37 300 9.3434330049823
37 1000 12.8737878848844
38 0 5.66849218815849
38 100 12.8294901570897
38 300 20.9880342066961
38 1000 33.403016452037
39 0 4.13766774151562
39 100 8.12193836667841
39 300 11.3130071158262
39 1000 15.7090570677823
40 0 3.30026911833564
40 100 17.0755799423803
40 300 25.8566252672369
40 1000 36.1096080154431
41 0 3.58212483640684
41 100 10.7711805299865
41 300 24.9793819032892
41 1000 50.6176887364133
42 0 5.85394030457606
42 100 7.8193482566841
42 300 13.1126947406243
42 1000 20.8135210108021
43 0 4.02658961359843
43 100 8.89998697683099
43 300 12.690338002559
43 1000 17.7591063324004
44 0 7.306991866197
44 100 11.8249576495799
44 300 17.5023696920246
44 1000 22.6573175372322
45 0 5.39859334154124
45 100 11.0135985873461
45 300 14.1427201448484
45 1000 17.7456247634386
46 0 4.95448101068707
46 100 9.58011033242784
46 300 9.48733578971113
46 1000 15.8017982681884
47 0 4.5299472839827
47 100 7.92095227664114
47 300 11.0360187859218
47 1000 16.9047378935547
48 0 5.30874949251813
48 100 14.0868398095843
48 300 21.7074401292134
48 1000 52.252586219884
49 0 6.11546903826375
49 100 9.99097819551859
49 300 16.9936806586875
49 1000 31.193659323016
50 0 6.02803464298583
50 100 11.3553930595622
50 300 16.9769287280508
50 1000 26.1537879900259
51 0 2.4405559432381
51 100 5.11143062426398
51 300 6.98634682764114
51 1000 11.4674833956975
52 0 5.9424397124447
52 100 8.78777805090172
52 300 13.3962986209479
52 1000 18.6892698693588
53 0 9.69423569263792
53 100 32.0606749507025
53 300 46.9044573397929
53 1000 76.1652561616301
54 0 6.62188452409496
54 100 14.232328169882
54 300 22.3194624370963
54 1000 37.7337430445581
55 0 3.03611248076121
55 100 9.07473366572987
55 300 19.0281735842753
55 1000 30.0936501238041
56 0 5.40709344160154
56 100 8.08529322583694
56 300 13.5374248833609
56 1000 15.7744904323338
57 0 6.37111913174137
57 100 10.7904690773461
57 300 18.1404784751982
57 1000 25.0456123514883
58 0 6.07737506617192
58 100 7.58474543026153
58 300 12.3478748507513
58 1000 13.8252982489275
59 0 5.10860987474913
59 100 8.29853733699373
59 300 13.4375372141369
59 1000 23.1755741250634
60 0 9.17534529683437
60 100 15.8529621628024
60 300 23.2113311489088
60 1000 42.2131777762417
61 0 6.71178769178875
61 100 19.2462614686082
61 300 32.7611254327072
61 1000 46.5357564034383
62 0 3.20160655020273
62 100 5.85908511854885
62 300 9.90156532249651
62 1000 18.1471714629162
63 0 4.52037628872938
63 100 7.63177043915755
63 300 14.4717312415834
63 1000 25.4023716350951
64 0 4.19113984958992
64 100 19.9326559204169
64 300 42.6482240877207
64 1000 69.1656573137142
65 0 5.02352495539723
65 100 8.04976963513057
65 300 14.221945096927
65 1000 18.2947060433093
66 0 3.08546571547517
66 100 9.34991562821603
66 300 17.8242276989656
66 1000 29.4098354121207
67 0 4.81920854571776
67 100 7.03117126149545
67 300 9.42446391876071
67 1000 16.1851581630172
68 0 5.67214101130508
68 100 6.89477038088999
68 300 9.61235430785181
68 1000 22.0199774517739
69 0 6.90878441041913
69 100 9.95537750094019
69 300 15.033649881699
69 1000 20.0446104974184
70 0 5.93736364714182
70 100 14.0867540047202
70 300 23.3271306797812
70 1000 40.8776431325646
71 0 5.367126001251
71 100 8.92706314460973
71 300 12.2074895188049
71 1000 17.0200480830303
72 0 2.69650574293479
72 100 8.84356878214595
72 300 17.0326236059225
72 1000 26.4855900114633
73 0 5.74764299183668
73 100 12.9461984341142
73 300 20.5328699072202
73 1000 23.0614539883977
74 0 4.7157028808255
74 100 8.5259311383932
74 300 12.5968401095586
74 1000 16.054001382293
75 0 4.0005707186317
75 100 13.1573798414587
75 300 23.8126219899983
75 1000 31.399390908227
76 0 5.63865127881949
76 100 11.2968052177761
76 300 21.8656601218058
76 1000 37.6876216769459
77 0 8.57290915792199
77 100 15.0322655002457
77 300 19.3431339405266
77 1000 27.9412339348537
78 0 5.51962410075076
78 100 7.23311098969362
78 300 7.76517362849806
78 1000 8.39394747027899
79 0 3.85476509318872
79 100 8.38378506066076
79 300 10.7763713831497
79 1000 16.0962787113716
80 0 3.50655871323538
80 100 9.96891305503962
80 300 17.1738481868784
80 1000 22.0023135834403
81 0 6.29237193468928
81 100 10.7422046401641
81 300 14.9842209472879
81 1000 17.7791111487016
82 0 3.22798955507908
82 100 5.46304278113954
82 300 8.50154758794864
82 1000 12.7943201025377
83 0 6.05771275992621
83 100 13.2850317149661
83 300 17.6545233668852
83 1000 20.1666847781328
84 0 5.06851949011627
84 100 9.40907183207272
84 300 17.4494363663657
84 1000 32.0773610949915
85 0 4.84677790989008
85 100 21.4289151184271
85 300 43.1783850546864
85 1000 66.9905552792465
86 0 5.17766719194991
86 100 18.7678160506343
86 300 27.624296986725
86 1000 39.5725449684791
87 0 9.24502903807503
87 100 26.0259781713005
87 300 48.3524141742656
87 1000 70.7411412256821
88 0 3.48207862076619
88 100 11.7855571561926
88 300 25.5853778985379
88 1000 35.5793070702178
89 0 6.05247675319105
89 100 8.92849723148068
89 300 10.9605709017756
89 1000 16.7775695401163
90 0 2.93329047923416
90 100 11.8575864582339
90 300 18.2708214246326
90 1000 33.3090393408544
91 0 5.82818874289975
91 100 9.85564198005665
91 300 18.4857322763549
91 1000 36.3098530259196
92 0 11.1852630786984
92 100 14.8514110784536
92 300 20.5196411922893
92 1000 38.3042167532236
93 0 7.33361549804436
93 100 11.7695940524804
93 300 14.3455741609497
93 1000 25.861589452186
94 0 3.14998220549513
94 100 9.62391449239769
94 300 17.6879530225952
94 1000 30.6903426747533
95 0 4.94571993694747
95 100 16.3567578254505
95 300 42.9174433502629
95 1000 111.569599991807
96 0 6.02641008890889
96 100 25.4371164276332
96 300 36.7889075777443
96 1000 45.1295469075656
97 0 6.23341885938279
97 100 15.3524724609194
97 300 24.8928704346391
97 1000 41.133506731676
98 0 7.34851959465612
98 100 14.9255892551974
98 300 28.1756097430248
98 1000 35.1152197993765
99 0 3.38583221363586
99 100 10.369031884042
99 300 20.5578547448978
99 1000 40.9988630059352
100 0 5.05165953271669
100 100 8.1759465978815
100 300 14.0205685049185
100 1000 24.9433655364812
