id dose y
1 0 5.67618795826538
1 100 8.70112971245216
1 300 15.1474337587981
1 1000 26.0947144571093
2 0 6.08677519224481
2 100 11.9907097835063
2 300 20.0769162693667
2 1000 23.9394189773816
3 0 6.12749067166866
3 100 7.64920181844203
3 300 18.591489850475
3 1000 29.0776833338396
4 0 4.40718225482446
4 100 7.90325648805757
4 300 14.2436136007746
4 1000 20.1771627376095
5 0 5.26249787011115
5 100 9.02079743692027
5 300 16.4241504277667
5 1000 22.5190865140823
6 0 3.75544569750178
6 100 6.28918129426115
6 300 9.11713727328138
6 1000 14.9417899760172
7 0 6.96542054955745
7 100 11.0559362742916
7 300 13.7140463526923
7 1000 16.7905143433635
8 0 6.82686649244975
8 100 18.1292259732273
8 300 26.636560910169
8 1000 33.5847205883852
9 0 5.1495187669186
9 100 20.2397610492679
9 300 34.7196099526571
9 1000 55.7450140731429
10 0 3.18315258001209
10 100 9.32105671209615
10 300 16.4310624381958
10 1000 25.2026515358513
11 0 5.30977155905418
11 100 8.95298302875692
11 300 12.4705427017947
11 1000 17.2718861300764
12 0 4.00149789798132
12 100 7.23492767725332
12 300 9.56314990372028
12 1000 12.6016706334783
13 0 3.1437078888743
13 100 7.13286566616607
13 300 10.6587841795422
13 1000 11.7184881454762
14 0 2.65542509963737
14 100 8.38764968792387
14 300 12.9302004747105
14 1000 27.2543376135319
15 0 4.08213181014051
15 100 7.56779965947243
15 300 12.9865560225035
15 1000 15.7994254125796
16 0 3.67919126141203
16 100 17.3294859041296
16 300 32.8920604872106
16 1000 55.7751249087038
17 0 3.72470242751073
17 100 6.44952572542956
17 300 10.8341253335482
17 1000 11.9772119916749
18 0 3.54545237236448
18 100 10.4966298806102
18 300 16.2930832831976
18 1000 19.1605097132088
19 0 3.60966266110729
19 100 12.5917310704348
19 300 18.3860319241998
19 1000 24.2423252720987
20 0 2.62861612515404
20 100 7.19329317330266
20 300 13.7815000406076
20 1000 26.0037170397407
21 0 6.02652466115547
21 100 8.61281556911943
21 300 13.2891872248496
21 1000 22.2657478051721
22 0 5.5922340376316
22 100 14.1181700505181
22 300 29.7754617515294
22 1000 28.9993077779039
23 0 4.72701841965691
23 100 7.74522251917731
23 300 18.769566293582
23 1000 39.7405405690935
24 0 5.98008006163093
24 100 9.73046201987087
24 300 18.0627625099762
24 1000 30.6086361882435
25 0 4.15431609013019
25 100 9.18900162106449
25 300 16.1341321200457
25 1000 24.1526632308686
26 0 4.49479897688747
26 100 7.76047822816637
26 300 14.2748104496007
26 1000 17.6983767542995
27 0 7.79246960827425
27 100 20.4936066816042
27 300 20.5472934342601
27 1000 42.8385473567372
28 0 4.65542834624509
28 100 7.91998071867755
28 300 11.4179410545333
28 1000 17.0984753015325
29 0 6.30001191131515
29 100 13.6784513128577
29 300 20.4331974751667
29 1000 23.3199260170856
30 0 8.53046329361933
30 100 16.7768714241319
30 300 25.6241949648734
30 1000 32.0437282292508
31 0 7.27449309785591
31 100 13.976301131217
31 300 23.7915293369102
31 1000 29.015372182226
32 0 6.17703716782425
32 100 9.540447091963
32 300 12.8908360839733
32 1000 30.8739029931405
33 0 4.82687527940194
33 100 7.20351606652666
33 300 11.2678976565791
33 1000 18.3929046303754
34 0 6.65610186535134
34 100 11.3104681692261
34 300 22.4727845059022
34 1000 32.154590535167
35 0 3.52853772202153
35 100 7.16591321439336
35 300 17.7234088987426
35 1000 32.1034349602085
36 0 7.11315950963413
36 100 10.6725033679692
36 300 20.0456201454997
36 1000 33.4984003819379
37 0 7.1397878518013
37 100 9.46989704742094
37 300 11.4243647245236
37 1000 17.7836138765516
38 0 3.4276313066593
38 100 4.80904100893362
38 300 8.03921097317548
38 1000 11.0216304322682
39 0 4.3928960676424
39 100 11.383923542804
39 300 21.4685027132989
39 1000 32.0423591488718
40 0 4.56552183839547
40 100 13.5529456473196
40 300 18.0949910999363
40 1000 40.8285844508538
41 0 7.11389837429259
41 100 10.2614474671235
41 300 14.2326407675254
41 1000 21.52441741716
42 0 3.44980716174623
42 100 7.77410414904949
42 300 10.4372994012229
42 1000 20.0512309748666
43 0 5.71816053530022
43 100 12.2575022951837
43 300 19.2783974760975
43 1000 29.7083977816975
44 0 3.49045872577939
44 100 8.05448931206434
44 300 10.943976910111
44 1000 13.0962153552381
45 0 4.53751613180698
45 100 16.6004344760871
45 300 20.0143811962944
45 1000 36.8500385938972
46 0 6.89689591145761
46 100 9.67064371320084
46 300 13.776921262672
46 1000 17.2546434077033
47 0 7.726681324159
47 100 10.2067062455099
47 300 11.1087534414458
47 1000 21.5884252595971
48 0 7.37423170308821
48 100 9.33114360298756
48 300 11.1390283636133
48 1000 13.9686912797875
49 0 3.25187086535373
49 100 7.91415695124853
49 300 14.6333983006462
49 1000 19.7894478115637
50 0 4.98829045100261
50 100 12.8674970053649
50 300 25.6524119806871
50 1000 44.5380583071935
51 0 5.06511317424729
51 100 9.21996999258255
51 300 14.7859880608375
51 1000 34.28254401636
52 0 4.74246374144214
52 100 12.08296701075
52 300 18.7009176084726
52 1000 24.3249351090946
53 0 5.59279329791947
53 100 12.6566085096512
53 300 19.9135916034666
53 1000 36.9796560011122
54 0 4.37842351246691
54 100 5.82316498080284
54 300 6.65524646527161
54 1000 12.315240964434
55 0 5.02568200129352
55 100 9.40099329629628
55 300 12.282147841849
55 1000 11.6146395371783
56 0 4.16230345438466
56 100 15.4315391480523
56 300 41.5363550855284
56 1000 73.0950181458009
57 0 3.76216427616765
57 100 5.93013629209974
57 300 9.80760674969294
57 1000 18.8262938763616
58 0 4.8624241501748
58 100 7.42128766545251
58 300 10.0793492186032
58 1000 14.1622220323792
59 0 9.35259408259791
59 100 12.8042748515397
59 300 17.2028611874722
59 1000 24.5968562314332
60 0 5.72581943142281
60 100 13.6068159924304
60 300 19.2633516588781
60 1000 26.0045428687805
61 0 5.27025009119027
61 100 7.85460473244539
61 300 13.890898786112
61 1000 23.1263262625092
62 0 4.51306333787631
62 100 6.91048679607581
62 300 12.0335833163328
62 1000 14.5178702821078
63 0 4.86457187193372
63 100 9.22884878700125
63 300 10.6735082980139
63 1000 14.1863189146293
64 0 2.43579937824467
64 100 5.5219536913016
64 300 9.35805560163418
64 1000 17.4112706780764
65 0 5.52575013834392
65 100 28.5724344525725
65 300 38.286163333817
65 1000 53.7458973516078
66 0 6.13455653444257
66 100 12.8242308622957
66 300 21.5632340441128
66 1000 37.8992849502349
67 0 5.74767411008955
67 100 10.3829870616898
67 300 13.558895279483
67 1000 19.0033351107229
68 0 8.18500460709283
68 100 12.4966052306448
68 300 18.9948569741741
68 1000 23.7419411303742
69 0 4.6692188919948
69 100 7.22606648832902
69 300 9.98812660960106
69 1000 14.6523244394527
70 0 7.14943284372265
70 100 13.4718846777201
70 300 24.7891033698117
70 1000 27.4471468530738
71 0 7.03122860572956
71 100 9.55400849371789
71 300 17.5455753092965
71 1000 20.7602781846858
72 0 6.22557175916388
72 100 9.1116712023766
72 300 12.5331539070202
72 1000 12.7384375298172
73 0 3.74061186203527
73 100 9.08070499070107
73 300 15.0435374088437
73 1000 18.8349270088912
74 0 5.39125995129224
74 100 7.54038448699063
74 300 9.07158798301075
74 1000 11.3681728741257
75 0 4.20200423898354
75 100 5.65518927179921
75 300 9.28762732570012
75 1000 14.1661879939542
76 0 4.62559889565437
76 100 14.0601629339042
76 300 25.5968194964036
76 1000 35.3962093838982
77 0 3.04832515094173
77 100 7.20432316782435
77 300 13.2412205212815
77 1000 21.1792282636829
78 0 5.60590941903075
78 100 7.99206857439944
78 300 12.6151827315822
78 1000 12.2677628310925
79 0 8.11210635247135
79 100 12.6959560243958
79 300 17.7997384872428
79 1000 40.773059779882
80 0 5.17721076889167
80 100 8.0924102410389
80 300 11.5841140016703
80 1000 17.0871759226846
81 0 5.88734079337901
81 100 12.8671040196753
81 300 17.7203940522016
81 1000 27.0060006212576
82 0 8.5287034914018
82 100 14.6198133254993
82 300 31.0561589877949
82 1000 57.0060870546085
83 0 6.86681524016572
83 100 10.9918021565654
83 300 18.2507435321564
83 1000 30.6048290074011
84 0 3.91854084974797
84 100 14.9853634844715
84 300 27.148508325515
84 1000 43.4193774267831
85 0 5.04896671809825
85 100 10.3268372789837
85 300 19.7198354599786
85 1000 27.780951689278
86 0 5.9702359910885
86 100 4.73370363083349
86 300 8.93325138077796
86 1000 11.8755257165628
87 0 8.77702582701071
87 100 17.1778243926539
87 300 25.3558328004952
87 1000 32.3955718224607
88 0 7.44836695593773
88 100 9.16847329883858
88 300 11.3569750685517
88 1000 11.8320428451039
89 0 4.6845856664295
89 100 11.366633528107
89 300 17.0890163770412
89 1000 28.8665555345037
90 0 7.86660623907236
90 100 12.0958518211455
90 300 17.9917471984526
90 1000 25.7648917190444
91 0 6.09476864491426
91 100 9.7562724215959
91 300 13.1270744267331
91 1000 19.1024760039095
92 0 6.79050551754886
92 100 18.7789728856095
92 300 36.4354446850932
92 1000 46.7401338713507
93 0 7.39753661078724
93 100 11.5087855454289
93 300 16.4977635671375
93 1000 28.8827739462544
94 0 8.68231230528768
94 100 8.38417998694838
94 300 13.0793340555635
94 1000 16.7839174824189
95 0 5.01404366137506
95 100 9.39877359163269
95 300 13.5489807159357
95 1000 20.5978241958584
96 0 5.74835133018309
96 100 19.5583525924929
96 300 33.317624933442
96 1000 47.3144644279258
97 0 4.95462082865595
97 100 8.72656104116107
97 300 15.2246036629772
97 1000 20.2855312216032
98 0 5.02605251906234
98 100 10.0491083517636
98 300 13.4412368799487
98 1000 18.5521477274026
99 0 7.4341756792699
99 100 13.5287657792
99 300 21.1417602037043
99 1000 30.1346040835592
100 0 4.62997050738917
100 100 18.0324977886092
100 300 36.0983359005993
100 1000 64.7245233742143
