id dose y
1 0 4.81171626913887
1 100 12.1439476842896
1 300 19.2677806074916
1 1000 21.6949920651906
2 0 3.98523417929023
2 100 5.86108123025751
2 300 8.81775982367885
2 1000 9.32806621403461
3 0 7.3324925450414
3 100 10.7579355362051
3 300 13.7226985667781
3 1000 21.8350659231318
4 0 9.18286994378817
4 100 16.3421936833517
4 300 22.2515058098293
4 1000 31.9490761819011
5 0 9.99774971853137
5 100 13.2745218739779
5 300 19.5862424625276
5 1000 25.5236317983012
6 0 2.17006126767684
6 100 12.3964722679136
6 300 26.2760460125349
6 1000 38.3692938304341
7 0 4.50071433413953
7 100 17.2708219399197
7 300 24.3154159029125
7 1000 31.702246459182
8 0 6.25088320262384
8 100 8.98950567810634
8 300 13.6671786758673
8 1000 24.3909070151031
9 0 4.17918696363617
9 100 15.6291175377137
9 300 27.4812658596389
9 1000 75.2991021223381
10 0 4.62596539778512
10 100 8.17383327036778
10 300 11.0842856573753
10 1000 14.6366239627928
11 0 6.40514840302351
11 100 11.4413532324605
11 300 16.6617427931284
11 1000 21.4379601123672
12 0 4.51091662403139
12 100 8.64577464892452
12 300 13.3075071229364
12 1000 21.15646255538
13 0 6.34136029503777
13 100 9.1859101661902
13 300 15.8495093222804
13 1000 15.1901532434019
14 0 2.87933313746478
14 100 6.30908000510882
14 300 11.7763264575207
14 1000 19.0523041502681
15 0 4.73870507229968
15 100 13.3727933532622
15 300 15.2460325934684
15 1000 20.6119965685034
16 0 4.97941793985662
16 100 9.17945751243325
16 300 19.0489720360169
16 1000 35.9563646219053
17 0 5.87495197070785
17 100 9.14164112651897
17 300 12.4745148275744
17 1000 17.4506994975767
18 0 5.75390848841657
18 100 11.0477126896887
18 300 15.4725129712585
18 1000 18.5544425799739
19 0 5.03726177600458
19 100 10.0040864265554
19 300 16.560424314034
19 1000 28.400618685406
20 0 4.60906285767653
20 100 9.7645554821809
20 300 17.2646760972781
20 1000 21.3868716371281
21 0 4.1483724245311
21 100 19.8705097964953
21 300 42.7207296893046
21 1000 74.6525700985048
22 0 4.46971099781973
22 100 7.97427127209495
22 300 12.7103408976962
22 1000 12.1429479703422
23 0 4.20889025856846
23 100 17.3155123900131
23 300 26.7420822686021
23 1000 39.3504264806193
24 0 6.31513979967372
24 100 7.03949452536386
24 300 6.91927136747584
24 1000 9.90960520675565
25 0 6.19521868232364
25 100 15.1528090476151
25 300 22.9970898240412
25 1000 34.618459653065
26 0 5.31846917316207
26 100 13.7455439883901
26 300 18.0733185446936
26 1000 21.4111717041993
27 0 4.68286593506487
27 100 8.45192476555887
27 300 13.0672488404029
27 1000 17.1448540713636
28 0 3.95295012460737
28 100 7.47892513048181
28 300 13.3935852974124
28 1000 24.6941665665247
29 0 4.24562653918852
29 100 8.69735499036811
29 300 14.9273167994746
29 1000 17.0189697039604
30 0 3.45491128622203
30 100 18.2110451858184
30 300 31.9142916174212
30 1000 39.5251551768305
31 0 4.98975579871721
31 100 16.0902207724475
31 300 25.404771702791
31 1000 46.0233361393258
32 0 3.83534387465359
32 100 15.1227072477904
32 300 25.9608360135541
32 1000 35.0042555348287
33 0 3.85931246277064
33 100 7.06771936877988
33 300 10.7288235958566
33 1000 15.8261462524709
34 0 7.26646996983847
34 100 12.4630145212984
34 300 15.5397821921923
34 1000 17.4908380377824
35 0 5.09756562417314
35 100 10.4947405242843
35 300 15.9112541116907
35 1000 26.1943671590776
36 0 4.31099290228518
36 100 10.8292426751665
36 300 16.3410184102238
36 1000 25.3999539175719
37 0 3.29872173642324
37 100 5.6698472943398
37 300 9.49248619680869
37 1000 14.9032765097178
38 0 5.37032527798346
38 100 12.4530424932811
38 300 17.3498744757034
38 1000 20.1923621838075
39 0 9.45304619538217
39 100 12.8422785608994
39 300 12.7140112944282
39 1000 21.0059583233537
40 0 3.75381460796583
40 100 8.44129292744423
40 300 17.6103807381756
40 1000 22.7335858395329
41 0 6.36477154240062
41 100 10.8599179097596
41 300 16.8874381902235
41 1000 39.7662475617899
42 0 3.89432484291861
42 100 12.3797699219061
42 300 16.9681244033348
42 1000 18.4066779357033
43 0 3.95832939088134
43 100 20.1102640187538
43 300 41.813217612358
43 1000 81.333483753293
44 0 7.64805097112463
44 100 9.39557732761817
44 300 14.8955078282341
44 1000 27.9057412803733
45 0 5.88646614918262
45 100 7.84061328349276
45 300 7.91111184627398
45 1000 13.9846995186391
46 0 3.62509422839675
46 100 10.1016886920916
46 300 15.9181438354938
46 1000 24.6641340169947
47 0 7.26739226585447
47 100 18.5470111548361
47 300 24.1128425741454
47 1000 30.4707318032826
48 0 5.82506774165982
48 100 12.0496641807968
48 300 23.9918405089405
48 1000 24.8026551471428
49 0 4.47616521713899
49 100 11.9143312469015
49 300 20.533629417367
49 1000 29.0062655501295
50 0 7.33283278809188
50 100 9.01772551767747
50 300 13.3558150983054
50 1000 20.628460489834
51 0 3.17768445654083
51 100 10.2322359625483
51 300 18.3557835343073
51 1000 29.8945366445834
52 0 6.76869502742787
52 100 12.1537816315614
52 300 28.3662463777452
52 1000 59.0854110920017
53 0 4.48314938712226
53 100 10.7701431289497
53 300 14.4342413780621
53 1000 22.3208357041277
54 0 5.12524295122459
54 100 10.3253596156392
54 300 18.803996407012
54 1000 27.8543120162911
55 0 5.38059344205516
55 100 14.4709473657228
55 300 35.3587618367646
55 1000 65.1333133427514
56 0 6.362193570397
56 100 10.9541495778007
56 300 19.1837763382438
56 1000 32.9459848219012
57 0 6.36238860588898
57 100 18.6327900699778
57 300 23.2872662833819
57 1000 34.2897094311442
58 0 6.02869184280727
58 100 10.0334961389097
58 300 16.9577833338927
58 1000 26.7339083080764
59 0 4.6245677715606
59 100 9.55001385416124
59 300 18.7480709372887
59 1000 23.9402735804885
60 0 8.86289302948137
60 100 16.8504026604879
60 300 30.16628311449
60 1000 57.0400338468128
61 0 3.83934582263234
61 100 12.7309901357324
61 300 19.150905075711
61 1000 42.0292217639255
62 0 8.06949260398159
62 100 15.7735000140015
62 300 16.0676040349539
62 1000 20.1703422869902
63 0 3.68200904207318
63 100 8.65292391551282
63 300 17.9677128946655
63 1000 23.4590825647327
64 0 5.8094134643904
64 100 9.58443329381092
64 300 11.5063312049518
64 1000 18.9255479193736
65 0 6.97876553438807
65 100 8.96741909741549
65 300 11.9952447412125
65 1000 21.8009144731693
66 0 9.93864367505553
66 100 16.6681247841181
66 300 28.9997953394198
66 1000 53.6096429028103
67 0 8.8224079767339
67 100 13.6206410878766
67 300 23.5995258578444
67 1000 37.8552327502399
68 0 4.05387272198349
68 100 15.5894978497577
68 300 18.6664728604959
68 1000 26.4964622479049
69 0 8.36798211606506
69 100 17.1235064632278
69 300 24.5608811626001
69 1000 57.3775837107991
70 0 5.86840750991633
70 100 10.6754469125246
70 300 17.2924578946668
70 1000 25.5709081917992
71 0 6.09451607153794
71 100 9.20387609694633
71 300 11.1698770729326
71 1000 15.6707372627951
72 0 6.90086621106858
72 100 11.6713336396377
72 300 14.9767312696688
72 1000 27.2087573005055
73 0 4.60633425640621
73 100 10.7637559852326
73 300 17.0788667585889
73 1000 30.9863005725463
74 0 5.26550489735987
74 100 8.42062101731143
74 300 11.9934294347788
74 1000 21.5637180327695
75 0 5.87073792692823
75 100 13.1669692337756
75 300 19.572900314913
75 1000 37.498522990321
76 0 5.52358799080559
76 100 12.0056970334852
76 300 16.7684597663342
76 1000 31.3946829574116
77 0 8.5660131028706
77 100 16.4848527300331
77 300 27.7830304883353
77 1000 42.1654448318163
78 0 8.63409970510988
78 100 15.5810778176176
78 300 26.1383165967155
78 1000 34.8360267418053
79 0 4.72570009226913
79 100 16.6864592387444
79 300 31.598125229641
79 1000 70.4374934411241
80 0 9.48377900196778
80 100 11.8071510520838
80 300 18.594647327186
80 1000 27.1896008628087
81 0 4.42910235192004
81 100 11.0002392198151
81 300 16.9164089204116
81 1000 21.2293016411094
82 0 3.07310369934299
82 100 18.9787815696896
82 300 35.4805060640532
82 1000 65.9042498957024
83 0 4.66861466898936
83 100 13.0281989443125
83 300 23.3600965180193
83 1000 38.6938110699093
84 0 6.48742430195431
84 100 16.3804022886181
84 300 24.3119212250228
84 1000 24.2049578781286
85 0 5.09864023476591
85 100 12.0370538294787
85 300 24.702101280774
85 1000 35.8686094259529
86 0 6.87894248621777
86 100 9.73357164407398
86 300 18.5356643416144
86 1000 24.6367334485268
87 0 3.09538187706171
87 100 6.604736786951
87 300 10.5927114979415
87 1000 16.7315945998147
88 0 6.1150739407084
88 100 19.9968946689414
88 300 25.9298220212432
88 1000 30.1223044759267
89 0 8.22684563708297
89 100 12.3363050673418
89 300 17.8933069809389
89 1000 28.1958423651802
90 0 6.06230259151011
90 100 10.1600913212525
90 300 18.4304675457961
90 1000 24.5407822845199
91 0 10.9905172968934
91 100 17.5200376796059
91 300 27.1794285133176
91 1000 50.7514007732841
92 0 6.12853838269286
92 100 10.91020181572
92 300 19.2051140069771
92 1000 29.4796238515287
93 0 5.24304611027997
93 100 8.3275926561373
93 300 12.302923019908
93 1000 15.4313318543599
94 0 4.45941685831423
94 100 10.0257324040185
94 300 15.8644235201002
94 1000 26.5508597908054
95 0 5.32186911352284
95 100 12.8794476996635
95 300 27.2486906528612
95 1000 39.691740129949
96 0 5.94413093072597
96 100 9.60314602100564
96 300 12.6349836228176
96 1000 14.9877700529441
97 0 9.59966280649259
97 100 12.850053538258
97 300 15.6633631180976
97 1000 14.7039601899054
98 0 5.33820751311532
98 100 14.8940913252467
98 300 22.2582948694606
98 1000 29.9385806093816
99 0 5.21263736569255
99 100 16.9536740220674
99 300 27.6640415168623
99 1000 26.0496550291723
100 0 5.53666840961543
100 100 12.7657360657536
100 300 24.1517225926106
100 1000 44.833444006451
