id dose y
1 0 6.15699860930731
1 100 13.2046982416122
1 300 19.2180281802807
1 1000 22.2938505129366
2 0 5.85862161551034
2 100 8.21733218146587
2 300 9.71221363958619
2 1000 10.7151582378554
3 0 3.85705338775376
3 100 8.37831929084222
3 300 14.8268477885402
3 1000 25.7810251783877
4 0 11.0178310873187
4 100 18.3302468730369
4 300 17.7668008913818
4 1000 20.5815398899012
5 0 3.95233731745022
5 100 9.40192273483073
5 300 11.966334509859
5 1000 14.0067898109264
6 0 9.11675394837665
6 100 9.9159829806009
6 300 11.4756660747101
6 1000 13.2942620501177
7 0 5.75083369727711
7 100 9.98132594179543
7 300 15.0133820199059
7 1000 23.1940623961713
8 0 3.29674234253735
8 100 19.2799461599458
8 300 27.7271535325031
8 1000 56.9307703056314
9 0 3.57202839622133
9 100 8.8794342932435
9 300 20.0802441895742
9 1000 31.2284721144458
10 0 5.45220944348947
10 100 10.8789039115846
10 300 13.6866425271711
10 1000 16.5451649554054
11 0 6.42322697928249
11 100 23.3821943774696
11 300 34.0627174674543
11 1000 52.3460084092511
12 0 4.5739214868924
12 100 10.176747846454
12 300 16.2157152178051
12 1000 21.2318773440245
13 0 5.26057322384261
13 100 11.1346928675337
13 300 13.8010610261311
13 1000 20.7534740321026
14 0 5.02030101038632
14 100 8.01860061241129
14 300 17.5468865230189
14 1000 19.0809477662823
15 0 5.37136425295233
15 100 10.5775027296297
15 300 18.5574415900154
15 1000 32.4147636039268
16 0 7.45331943962826
16 100 13.3191213257943
16 300 16.7515022000763
16 1000 31.4990300209119
17 0 8.36182393264288
17 100 13.9753964237879
17 300 17.5576105240751
17 1000 25.8402594891268
18 0 5.77885653436116
18 100 7.25571685449824
18 300 8.95147222033611
18 1000 10.5517971394517
19 0 6.20935032514964
19 100 7.34421451159971
19 300 10.1703555255609
19 1000 16.9929287238074
20 0 4.44925234186033
20 100 8.30502289235031
20 300 13.4172026576169
20 1000 20.0766421282195
21 0 6.36305422844969
21 100 8.24711711975777
21 300 15.0886002639715
21 1000 26.4446475796042
22 0 3.9785503259222
22 100 12.8121987514946
22 300 32.8896725862428
22 1000 48.99945221946
23 0 4.42245177897161
23 100 22.4282379651154
23 300 27.466958276144
23 1000 34.5846266428853
24 0 8.86188943631949
24 100 13.8213840990442
24 300 14.0112635532395
24 1000 26.7805442611813
25 0 3.86802256313961
25 100 10.1213218770338
25 300 15.0153119662356
25 1000 22.021142682452
26 0 6.36958956092881
26 100 9.08838653927891
26 300 16.5267773556046
26 1000 21.3207882146964
27 0 5.298258510933
27 100 10.5940715559198
27 300 20.0834394296139
27 1000 31.4712243855015
28 0 4.13692163349121
28 100 7.29510676431461
28 300 9.90287914816163
28 1000 17.0560530416035
29 0 4.29598791171649
29 100 7.19246197959085
29 300 9.12581747804325
29 1000 9.06339494771596
30 0 3.59466517680195
30 100 9.99662556915286
30 300 16.3431669541414
30 1000 27.7474587959886
31 0 4.09696902533856
31 100 8.85792675772148
31 300 14.689335747287
31 1000 24.868981077188
32 0 6.21658068997638
32 100 8.98343844714172
32 300 15.2756363763896
32 1000 30.4813448894243
33 0 7.20984527534394
33 100 10.9857304548811
33 300 22.4299025383388
33 1000 26.9089143752599
34 0 4.69799568033147
34 100 24.7679656666942
34 300 46.9037783605016
34 1000 72.6739457072486
35 0 6.48902625395183
35 100 12.636560144777
35 300 20.1891238204529
35 1000 30.7174130573803
36 0 7.7443990367956
36 100 11.7293222032583
36 300 18.0868443941185
36 1000 28.7840059809389
37 0 4.10653492515223
37 100 9.94742490307945
37 300 14.790798644544
37 1000 21.2775622028333
38 0 4.22212609275078
38 100 24.8209944784689
38 300 50.9183995115036
38 1000 79.8350136463577
39 0 4.22538509305631
39 100 7.36849339199235
39 300 9.98425818569737
39 1000 19.6318169818259
40 0 5.77736991355739
40 100 9.11013951406203
40 300 12.0800378865971
40 1000 15.6966605269601
41 0 10.7373364891068
41 100 12.1628291320024
41 300 13.3803114087611
41 1000 15.7076248719315
42 0 5.4185250631351
42 100 10.8119754566208
42 300 18.6363149426057
42 1000 20.7999366941859
43 0 3.20371467190865
43 100 6.57914750979387
43 300 10.1536523334861
43 1000 15.0165403483362
44 0 4.46500826874668
44 100 10.4262143883377
44 300 16.9489249715713
44 1000 30.3107586576064
45 0 3.07740615777191
45 100 9.23793497117325
45 300 21.8363315745889
45 1000 36.2397325809499
46 0 3.83217350693244
46 100 10.4679067495767
46 300 12.4305689957093
46 1000 17.121264373221
47 0 4.390683830958
47 100 13.1998295891909
47 300 26.7820113585184
47 1000 58.9362311583473
48 0 3.98649488971117
48 100 11.2339862849081
48 300 22.0560569460448
48 1000 37.9705948655935
49 0 6.17090983436203
49 100 9.23221626950644
49 300 15.3694595630236
49 1000 25.6042201778044
50 0 3.36354596407237
50 100 29.0190205253391
50 300 51.9376584825904
50 1000 70.2639791404119
51 0 3.73807434493319
51 100 8.21265404882784
51 300 9.87117646242743
51 1000 10.8547664551141
52 0 5.1854906097725
52 100 9.92967037989271
52 300 15.7696997973037
52 1000 26.7630292003156
53 0 7.97461019216709
53 100 13.760130482969
53 300 19.7662923379174
53 1000 39.5375582452094
54 0 6.0836901717461
54 100 14.6041096595525
54 300 26.3604670077713
54 1000 36.7677912678109
55 0 4.69956668484513
55 100 8.09735623609512
55 300 12.0031918036772
55 1000 22.4620935444116
56 0 6.81797710033132
56 100 9.28316186772945
56 300 19.5092454311866
56 1000 35.3843016333173
57 0 3.59008914947021
57 100 6.07481297686035
57 300 11.5209953094683
57 1000 11.4229042386868
58 0 4.84639236025027
58 100 15.2101880606938
58 300 20.9166524674557
58 1000 28.2267638138423
59 0 3.83028736526889
59 100 30.8644368274338
59 300 45.741065522636
59 1000 76.8408974937884
60 0 6.49597743646085
60 100 11.9832613218434
60 300 15.6372978554851
60 1000 26.76554970933
61 0 4.41921097773682
61 100 10.7669426170707
61 300 14.2837029271842
61 1000 19.8850459011502
62 0 4.67039455445741
62 100 12.198509944522
62 300 21.9182819732371
62 1000 52.5088598233873
63 0 5.12088898143966
63 100 14.3937468950147
63 300 21.7700785119274
63 1000 30.6267453407313
64 0 6.51103243771944
64 100 18.9512225816735
64 300 22.0782248545712
64 1000 29.6010291131137
65 0 6.65817081812819
65 100 16.9643078311336
65 300 23.9855288421055
65 1000 34.2622598768876
66 0 5.51387182184888
66 100 9.17916906016498
66 300 14.6616660007122
66 1000 21.3421535927058
67 0 10.4549813198961
67 100 12.7829004924527
67 300 15.8777763509816
67 1000 21.3920487007373
68 0 5.16188326590027
68 100 14.5503363659489
68 300 24.2638533407978
68 1000 37.0256309777378
69 0 5.7194114092929
69 100 17.9253204491755
69 300 24.5729287677296
69 1000 47.5840513042827
70 0 4.79447723742464
70 100 18.4995715722457
70 300 25.7458871538583
70 1000 43.5127548268901
71 0 3.1563049315651
71 100 6.8822087457984
71 300 10.1395694764413
71 1000 12.399044531868
72 0 2.6647292839239
72 100 7.37048635839154
72 300 11.7046758316293
72 1000 10.8633984716223
73 0 6.45599193784592
73 100 16.2036635809624
73 300 30.8911851207826
73 1000 52.3445061458664
74 0 5.79067488827423
74 100 14.2480204673352
74 300 21.7887757087282
74 1000 29.3279038598769
75 0 7.89746421784418
75 100 8.94590083647241
75 300 11.0541901064009
75 1000 16.148696744507
76 0 2.37346048126715
76 100 4.11885301018186
76 300 7.96088305958097
76 1000 15.2190455414946
77 0 3.10610912260074
77 100 4.36440075595162
77 300 8.35815620129919
77 1000 18.0093057662625
78 0 6.5582924869669
78 100 9.69368609174817
78 300 17.0722262482815
78 1000 30.2421662178781
79 0 3.09287390999425
79 100 5.95201770802666
79 300 12.0569625348089
79 1000 21.1716598115058
80 0 3.87413223629253
80 100 6.72684421167882
80 300 10.1411030358197
80 1000 19.2317726171402
81 0 3.54635202866001
81 100 8.51198415741036
81 300 12.8239381753621
81 1000 22.8366231102656
82 0 5.65190281442111
82 100 13.5861730067959
82 300 27.8667738207823
82 1000 53.3521319764745
83 0 4.31323798981646
83 100 21.0534731120934
83 300 25.734770900774
83 1000 44.575924036043
84 0 6.05012741747072
84 100 6.5477688072336
84 300 13.287066889444
84 1000 26.3190789078784
85 0 2.73519262593033
85 100 8.23321339702537
85 300 13.2055869673026
85 1000 18.4613996533562
86 0 6.76533957855315
86 100 17.3705153219597
86 300 34.6522287088387
86 1000 66.4426802866778
87 0 4.87119737930901
87 100 8.95045826032605
87 300 21.3967131655534
87 1000 35.4556967309771
88 0 6.18579599423927
88 100 7.16583505598405
88 300 10.476878862397
88 1000 13.5510583426575
89 0 3.67214075332664
89 100 16.3599569714799
89 300 31.6368190740057
89 1000 46.5553997424964
90 0 4.41099449551023
90 100 9.00346445041064
90 300 21.9751146763133
90 1000 31.9879156386341
91 0 7.68641600358741
91 100 12.3369976830904
91 300 24.8137187938812
91 1000 43.7230719961099
92 0 5.238958891852
92 100 11.9278768440663
92 300 20.7297952152699
92 1000 28.8863954103015
93 0 3.63503530004217
93 100 6.69425311936065
93 300 10.5916428885982
93 1000 13.8021634852302
94 0 4.68597515401622
94 100 11.6445709459395
94 300 19.9499320750129
94 1000 25.6578353384673
95 0 3.83860985919774
95 100 11.2165572645039
95 300 24.096359542279
95 1000 35.8233692710557
96 0 3.04588982985725
96 100 8.9682570449011
96 300 20.0537017580724
96 1000 30.2481497049689
97 0 3.52122303760437
97 100 11.3124089355272
97 300 22.9298104127593
97 1000 39.0294979046918
98 0 12.0952756353968
98 100 14.692287847674
98 300 15.698937401113
98 1000 21.9503829360521
99 0 4.81650653541508
99 100 16.5134521460045
99 300 33.1803100063301
99 1000 37.1552231709857
100 0 5.68635426454671
100 100 19.8781007548423
100 300 28.1870124324933
100 1000 27.3205787224597
