id dose y
1 0 6.57107428116154
1 100 11.0988869244255
1 300 14.2428427321055
1 1000 19.0641564101535
2 0 7.08068676116128
2 100 23.8596123280194
2 300 31.9616081606358
2 1000 41.4537994068169
3 0 4.60716269561689
3 100 13.964984061332
3 300 23.354625914615
3 1000 35.280557237664
4 0 4.69855287580224
4 100 7.13669318528167
4 300 12.1891436836744
4 1000 17.1136550932563
5 0 6.68740943453989
5 100 7.71978570454738
5 300 10.8119177184904
5 1000 16.3068430780357
6 0 3.50309442388037
6 100 28.392947542748
6 300 47.1725119370643
6 1000 67.4830406875489
7 0 5.38803618164067
7 100 14.2941767790147
7 300 21.5670936589412
7 1000 41.2852828078033
8 0 9.40262678018205
8 100 19.1034730020828
8 300 24.904684013348
8 1000 48.7023852360472
9 0 4.67038204370646
9 100 14.7548788803991
9 300 22.5727753509504
9 1000 40.563294103174
10 0 4.45109193874563
10 100 10.0994131720154
10 300 14.2063530230873
10 1000 31.3794290833681
11 0 4.32842508687935
11 100 7.32735458870543
11 300 8.83775691726845
11 1000 12.1570787213651
12 0 6.48999660293591
12 100 18.0229012715087
12 300 37.040259305006
12 1000 69.8319517704946
13 0 5.29305212803048
13 100 9.99145508849992
13 300 16.0365592526643
13 1000 27.326940160947
14 0 4.57324151091962
14 100 24.3536496022542
14 300 33.6271708290503
14 1000 46.6436757734676
15 0 5.3431052298708
15 100 13.7802154717921
15 300 20.818606900712
15 1000 50.0038066813515
16 0 8.53847906726835
16 100 15.2142798468113
16 300 25.1644067261351
16 1000 31.0401441967248
17 0 4.11180160730638
17 100 15.439970704868
17 300 27.6931924189158
17 1000 47.7898098519901
18 0 4.55990114628295
18 100 12.0693397903977
18 300 20.7412040579584
18 1000 22.5823709272064
19 0 4.7608471609352
19 100 14.5614075906414
19 300 20.8811159046345
19 1000 27.4234734675361
20 0 4.79657045079988
20 100 15.4393412633249
20 300 32.2493104883753
20 1000 52.1387315823366
21 0 7.19540943716936
21 100 18.8124417088159
21 300 30.6618005347135
21 1000 51.6483873244074
22 0 4.9319336717446
22 100 7.45831423741023
22 300 12.4918910395445
22 1000 15.1643523011403
23 0 3.31614683754585
23 100 7.06508926071556
23 300 15.9428990253847
23 1000 32.1657060489259
24 0 4.78165752107661
24 100 11.1071861670864
24 300 14.9811790166523
24 1000 13.8548146290492
25 0 2.83615569639741
25 100 7.11857532326571
25 300 12.3459446746372
25 1000 22.6150164399613
26 0 7.06542333307591
26 100 7.46128913817168
26 300 13.0042940334008
26 1000 14.5914031716208
27 0 4.78832432947572
27 100 8.81107988142306
27 300 10.4501840662081
27 1000 10.7882717943289
28 0 5.0267451642863
28 100 5.2411704682114
28 300 9.03894921388326
28 1000 12.8898574942754
29 0 3.67193119913667
29 100 4.86800934665521
29 300 5.25687093091554
29 1000 8.57865772707054
30 0 6.5577248158008
30 100 10.179737598033
30 300 20.3302199114407
30 1000 34.6121000952694
31 0 6.32216852384128
31 100 11.1541853265219
31 300 16.798185450922
31 1000 26.2011859851145
32 0 5.78909594524162
32 100 9.94333016897617
32 300 19.0852645869363
32 1000 28.197301144432
33 0 6.23049730682572
33 100 10.7383126907561
33 300 15.0229798283981
33 1000 18.6843553195247
34 0 7.51135758312843
34 100 9.42195678756339
34 300 16.2822365957402
34 1000 24.7308959674942
35 0 3.36097296966922
35 100 5.06524358301963
35 300 10.6041695997416
35 1000 17.8754937832964
36 0 7.23441637955729
36 100 11.4621780298553
36 300 23.1300070177198
36 1000 37.047882358591
37 0 4.98295124916165
37 100 6.93086196643167
37 300 12.9081375564238
37 1000 21.0581698967409
38 0 9.00857414752991
38 100 16.9590934469018
38 300 24.8997707230182
38 1000 39.8954704781212
39 0 3.78677660377804
39 100 12.0827105647708
39 300 23.4796454293759
39 1000 41.1107051416417
40 0 5.92391555195088
40 100 28.4123231307468
40 300 57.1479490050151
40 1000 73.8597771830437
41 0 5.54362127372674
41 100 7.13998556479172
41 300 10.4917761906117
41 1000 9.79582253858767
42 0 6.10741976744268
42 100 7.495292046129
42 300 12.5485210803525
42 1000 18.4469739460857
43 0 4.59556403925915
43 100 8.22253789104694
43 300 11.334649330728
43 1000 19.8966188616467
44 0 7.88003006127719
44 100 14.2567408450886
44 300 22.9271352931308
44 1000 27.6506947747524
45 0 4.84494852060718
45 100 9.53309901969248
45 300 16.5220244050532
45 1000 29.5691695423845
46 0 5.96205214161928
46 100 11.0151165450586
46 300 16.2217577614546
46 1000 31.24571488503
47 0 2.87568541871325
47 100 6.3685882450873
47 300 16.5790191577855
47 1000 28.5903771145458
48 0 5.54617252969555
48 100 15.3858831655058
48 300 24.3120899297707
48 1000 26.6918121625263
49 0 7.27529893000332
49 100 12.8047685992876
49 300 14.1795683655455
49 1000 17.5391483739194
50 0 3.8700249602066
50 100 11.9227418610844
50 300 26.9770947968791
50 1000 51.2155085943902
51 0 3.45606956650843
51 100 7.60668871860169
51 300 14.1859963851376
51 1000 22.1355228087556
52 0 4.36094178338414
52 100 7.53221574591862
52 300 14.2138746900665
52 1000 15.2854196196569
53 0 5.21907334346606
53 100 11.579416882331
53 300 19.9915563499136
53 1000 24.6574777973114
54 0 8.14830332218238
54 100 25.3485084325597
54 300 57.5434319817792
54 1000 63.0190087171426
55 0 3.6954149888349
55 100 7.15829170526035
55 300 7.02384304150324
55 1000 10.0794625329381
56 0 4.12652722132757
56 100 10.8795790865311
56 300 14.3381369374901
56 1000 26.1457139102114
57 0 4.50658642270297
57 100 13.1185354657536
57 300 23.1425166532092
57 1000 31.3613839338956
58 0 5.02953267506458
58 100 7.99824156581428
58 300 12.7054099607433
58 1000 20.4367048634933
59 0 6.38877324011388
59 100 11.4383797601784
59 300 18.1716824150257
59 1000 25.4374742246825
60 0 4.32329246923162
60 100 7.54008366718875
60 300 9.74875575535294
60 1000 12.7587989901289
61 0 8.41479749061016
61 100 10.6978413424426
61 300 14.7728428112418
61 1000 14.5511553203455
62 0 5.06250088268125
62 100 11.4889180662292
62 300 14.1104131167632
62 1000 23.1821182909583
63 0 4.13253613917126
63 100 12.9124302313708
63 300 26.7311445218696
63 1000 49.9522173539154
64 0 7.00943239083687
64 100 10.6083889500357
64 300 14.800985739135
64 1000 31.5225254516854
65 0 3.54062956867771
65 100 13.440207498355
65 300 23.7849848107692
65 1000 41.6499316506714
66 0 6.433567604475
66 100 15.5937800891974
66 300 28.5617235681418
66 1000 52.2846301433055
67 0 6.72867706675852
67 100 8.583651777971
67 300 11.4222394805778
67 1000 21.2838880923641
68 0 5.26572790452173
68 100 8.89129879375096
68 300 12.6227110607416
68 1000 18.0872880555301
69 0 8.25434982914909
69 100 10.3745503816394
69 300 14.950814429871
69 1000 17.7550276654747
70 0 4.43571617636241
70 100 7.71526709844355
70 300 11.290432581545
70 1000 15.9081432386529
71 0 3.14949113037979
71 100 5.63107964665789
71 300 12.6864777817583
71 1000 25.7937168369007
72 0 5.15359415140285
72 100 20.9582868515721
72 300 43.2064075219715
72 1000 81.0469552836958
73 0 6.45301102424532
73 100 10.1628265934678
73 300 12.2844771413728
73 1000 13.6217344934468
74 0 5.86483670588888
74 100 10.3168960196286
74 300 14.0563681244325
74 1000 17.8971393515316
75 0 3.36223475266765
75 100 13.4066554639147
75 300 31.9566008373078
75 1000 60.9214278436179
76 0 4.81650223899417
76 100 6.32779225520308
76 300 6.58205869538438
76 1000 10.4960514580587
77 0 5.7151996505495
77 100 11.4782479239629
77 300 22.4971529927822
77 1000 35.0235925228675
78 0 3.32257201885259
78 100 10.5606616304464
78 300 22.3056346004595
78 1000 32.2369761645374
79 0 5.59541265339838
79 100 17.8652544954297
79 300 18.6310084923047
79 1000 22.5743862139225
80 0 3.89028123816891
80 100 5.72244791184851
80 300 12.113079687488
80 1000 18.1233446319905
81 0 7.89365889133793
81 100 8.24206818489093
81 300 11.8997272605247
81 1000 14.4227652634421
82 0 5.67331710549955
82 100 13.0853338453515
82 300 22.1231966125213
82 1000 27.117894505611
83 0 5.72413975218306
83 100 12.7315837421472
83 300 25.9441223454771
83 1000 58.0022783218338
84 0 5.10388730602676
84 100 10.2058562030433
84 300 18.7619916799241
84 1000 39.650276755228
85 0 4.75235416661369
85 100 12.5679244131278
85 300 22.7982408341328
85 1000 39.5515008944621
86 0 2.11701971094561
86 100 4.08814155211514
86 300 7.23973699515487
86 1000 14.286049890761
87 0 3.3396530091393
87 100 5.41785692742071
87 300 6.09663424732371
87 1000 9.63641580077653
88 0 7.97707781657558
88 100 11.1844168407995
88 300 25.5226113817195
88 1000 38.3633798169381
89 0 4.10749980019779
89 100 13.3661419954565
89 300 20.8200538895904
89 1000 34.5843517329605
90 0 5.26183620811133
90 100 8.41075154915279
90 300 12.8561289588689
90 1000 20.2840213768506
91 0 4.50197887355122
91 100 7.68640984356082
91 300 13.593135744061
91 1000 14.0215278323838
92 0 4.70912157576366
92 100 8.25019278552299
92 300 17.5978576094164
92 1000 32.9650965642997
93 0 5.40585056211486
93 100 7.25836629104143
93 300 12.1785914032811
93 1000 17.7451801302496
94 0 7.60703262268724
94 100 10.6516112400343
94 300 19.8468167023155
94 1000 30.8196541327076
95 0 3.68939340415755
95 100 6.35344774930001
95 300 10.8995976418535
95 1000 20.077470233169
96 0 4.61301352795819
96 100 7.18796221517399
96 300 7.89273265418973
96 1000 12.2704524219206
97 0 6.38856621402348
97 100 8.73601240771715
97 300 17.3909235986365
97 1000 20.8617474991706
98 0 4.85946785781345
98 100 12.1256754010784
98 300 17.663858584215
98 1000 24.2184596468593
99 0 3.84544733112833
99 100 9.744833013206
99 300 15.3788103968158
99 1000 22.2880145441222
100 0 4.63146234925921
100 100 11.9467772819975
100 300 17.7891771770272
100 1000 32.4935505118334
