id dose y
1 0 4.60345255549981
1 100 8.8469150656516
1 300 14.8172090156656
1 1000 18.1289618566262
2 0 5.37254337612614
2 100 9.56259400318538
2 300 15.5896927468563
2 1000 30.8476343887901
3 0 5.34239411576937
3 100 13.4087862933543
3 300 25.0133561837652
3 1000 54.3982129547006
4 0 3.8255353686161
4 100 7.46928990984842
4 300 13.9372732016513
4 1000 24.1924267953529
5 0 4.22636830336157
5 100 17.3901405110402
5 300 34.8460482313414
5 1000 55.7704217775899
6 0 6.52285433495087
6 100 11.8539153376714
6 300 17.6654667774719
6 1000 25.4384738249711
7 0 4.06832692394552
7 100 6.41944538584764
7 300 6.63924035741243
7 1000 9.14468120000831
8 0 4.51333304818454
8 100 15.0873667008748
8 300 31.8383285799658
8 1000 69.8291527790641
9 0 4.53367910662828
9 100 11.6855969416543
9 300 18.3555881564504
9 1000 28.0396176525277
10 0 2.66152747695412
10 100 7.81075763441959
10 300 15.8432445341579
10 1000 24.2697793477683
11 0 6.09819969530358
11 100 18.7314774581345
11 300 44.542830387697
11 1000 62.4380825378884
12 0 6.48952252699869
12 100 10.6031818858366
12 300 10.5114290546825
12 1000 13.9142264665913
13 0 3.75343930933969
13 100 7.05111363591295
13 300 13.0691418623595
13 1000 18.4535410323973
14 0 3.66197908930057
14 100 7.9671374213237
14 300 14.3885167919578
14 1000 25.3436920504974
15 0 8.74725547076534
15 100 12.6844823160951
15 300 15.2570123201787
15 1000 17.5089748359479
16 0 3.58759589046939
16 100 12.3417623428122
16 300 21.4397741597825
16 1000 26.337040471517
17 0 2.90092718146641
17 100 8.1207043594619
17 300 13.6706671331116
17 1000 23.2199098989067
18 0 5.7742895456697
18 100 8.6099843236181
18 300 12.4170830032849
18 1000 13.2235299116325
19 0 3.52807400765288
19 100 11.9126826399051
19 300 27.8859215910923
19 1000 50.7660963950508
20 0 4.48404916566722
20 100 8.08518774531374
20 300 9.59915548674662
20 1000 17.5615016498768
21 0 3.55701535488091
21 100 11.2680619709783
21 300 16.1851100039617
21 1000 31.6241317344258
22 0 3.75625932076104
22 100 10.9813521487368
22 300 21.1952227896501
22 1000 50.1933501084582
23 0 10.2294687631658
23 100 20.129310154704
23 300 29.3895477728435
23 1000 47.5541683808689
24 0 8.45086488782474
24 100 9.62795866801338
24 300 11.3095424344166
24 1000 15.0367179887683
25 0 9.42609688322833
25 100 10.8183523679666
25 300 17.3828551209544
25 1000 26.0593994869238
26 0 5.67293761089914
26 100 7.05730171529579
26 300 9.71166843744956
26 1000 14.2288453274442
27 0 8.40955556646159
27 100 15.2639195199354
27 300 20.7561614819368
27 1000 37.6029125995261
28 0 5.76642410994662
28 100 7.57578303364685
28 300 8.72112160323611
28 1000 15.9027960487037
29 0 8.24541259469924
29 100 8.83352218554566
29 300 13.2019380159878
29 1000 22.1075653132497
30 0 4.48281657552915
30 100 13.950930720765
30 300 27.2516556010514
30 1000 43.3518957757033
31 0 4.54331896027935
31 100 6.896072624012
31 300 10.8235888079316
31 1000 21.8063244978116
32 0 3.84169293004724
32 100 7.86672773947305
32 300 10.8449390882418
32 1000 14.4669917263783
33 0 3.8548433876533
33 100 11.6105427977144
33 300 19.5821921627762
33 1000 29.9333577189981
34 0 3.719165804779
34 100 6.07196404496845
34 300 9.87779284932583
34 1000 13.912392934408
35 0 5.90264942917413
35 100 7.70077755706321
35 300 10.1593944204699
35 1000 13.8550300345503
36 0 2.65908309992341
36 100 6.30592177349285
36 300 10.2762292153833
36 1000 16.2920109286006
37 0 6.06449289669536
37 100 12.2286221340268
37 300 20.9176480495707
37 1000 25.0305656844554
38 0 6.78497560721711
38 100 13.6697389136159
38 300 21.787555003599
38 1000 18.8131757690286
39 0 5.4302992073398
39 100 19.4894822090353
39 300 31.7887071118503
39 1000 45.3436180651081
40 0 7.96008173230188
40 100 14.9825513395962
40 300 26.5041222480123
40 1000 39.2579934441261
41 0 4.47743051340898
41 100 12.7979735880214
41 300 18.3758746045542
41 1000 24.8167065441636
42 0 5.8650268421093
42 100 6.95997075797232
42 300 9.31483284442435
42 1000 10.4189869639013
43 0 5.87052674346069
43 100 9.73229546632691
43 300 17.6954968516523
43 1000 28.8218405854271
44 0 6.33606731804815
44 100 11.7989217583768
44 300 14.6407098166965
44 1000 30.5029945290307
45 0 3.6811509277651
45 100 23.3175518003084
45 300 36.6717028602372
45 1000 73.2468940224635
46 0 3.65437778781677
46 100 10.9278538527377
46 300 16.7493648695824
46 1000 24.0613157713326
47 0 7.92878643014983
47 100 10.0629534244316
47 300 9.60345745222972
47 1000 20.4114237114913
48 0 6.07732963233196
48 100 12.1934689051104
48 300 16.351633858903
48 1000 24.8779513489769
49 0 5.2432149173768
49 100 14.449112510045
49 300 19.7733198695122
49 1000 21.1334575572779
50 0 4.30682716886401
50 100 7.72760256109244
50 300 13.9881350740165
50 1000 21.1002626921684
51 0 6.43710268755651
51 100 14.775390401134
51 300 27.2654803143112
51 1000 35.916213817248
52 0 6.96097038782279
52 100 11.1785097222254
52 300 15.3109220678724
52 1000 22.5692751929293
53 0 4.34891556314769
53 100 16.3106324057883
53 300 18.2427240950819
53 1000 28.8934790827524
54 0 3.08912443610745
54 100 10.2960323940641
54 300 14.3245942410455
54 1000 29.3308353810312
55 0 5.65093175115158
55 100 13.1959957919689
55 300 19.3108074755392
55 1000 27.3535878176465
56 0 4.38111772186365
56 100 10.6704064334007
56 300 13.5120565172168
56 1000 17.4013731417188
57 0 3.41293917540476
57 100 5.66259700492699
57 300 9.59825367833576
57 1000 18.9394421040875
58 0 4.28663413116853
58 100 14.5103286034377
58 300 16.0344437863325
58 1000 29.058935510225
59 0 3.89602191748344
59 100 24.727495700369
59 300 31.7415375063325
59 1000 52.6181766703762
60 0 5.12364706014612
60 100 6.4794355948362
60 300 9.88272845267839
60 1000 8.88055707518493
61 0 5.24301206771003
61 100 11.3671269000809
61 300 18.7394121541518
61 1000 35.2195721701252
62 0 4.99273143783868
62 100 11.3678467295993
62 300 23.8947258198253
62 1000 34.8976999875988
63 0 4.10906620293445
63 100 8.28759787814207
63 300 14.3290907492854
63 1000 30.6878352884912
64 0 6.32591664994673
64 100 17.0453296834246
64 300 22.0739208919379
64 1000 38.8754800423258
65 0 6.72925957509514
65 100 11.4722468340607
65 300 26.4087362738493
65 1000 38.2111703859591
66 0 3.2481364730992
66 100 11.0111815589157
66 300 16.7024386114016
66 1000 17.8125704140579
67 0 9.4613552843175
67 100 14.4791394693133
67 300 20.9177827300118
67 1000 33.606293393903
68 0 3.48313915759655
68 100 6.48374711557763
68 300 9.46894659278389
68 1000 19.4353413738869
69 0 5.92637043476168
69 100 8.5421171213443
69 300 13.9219297413644
69 1000 18.4304835739439
70 0 3.14224120447698
70 100 7.63794162370606
70 300 15.6900876228898
70 1000 16.427226497955
71 0 5.72432912638857
71 100 15.7668270129085
71 300 23.1719771019777
71 1000 32.5174564692644
72 0 5.4600880330356
72 100 14.9697108254805
72 300 21.4198648605598
72 1000 37.9214392691748
73 0 5.03554270385877
73 100 8.84325687372833
73 300 12.503407725304
73 1000 28.2721419213587
74 0 7.38651012889039
74 100 9.87920214428481
74 300 13.0284974433108
74 1000 17.0424425035218
75 0 7.57731576944636
75 100 9.17600791438659
75 300 15.1935667055506
75 1000 25.03327572303
76 0 5.28319541180751
76 100 9.10028328842735
76 300 13.8326808132541
76 1000 17.2796246291338
77 0 7.6674365985491
77 100 10.8941647065302
77 300 16.5594808784814
77 1000 27.1981690459651
78 0 8.35481034944012
78 100 9.84930324031611
78 300 10.8617547292153
78 1000 11.8284012645629
79 0 6.39041939056952
79 100 10.3713798582177
79 300 12.4966420227962
79 1000 13.6340173631586
80 0 4.42649730756654
80 100 9.25779300506807
80 300 15.9849372206154
80 1000 32.1373822196083
81 0 4.4797786096743
81 100 7.92032218464688
81 300 12.0881914596127
81 1000 13.1255670820412
82 0 4.57026871879703
82 100 6.55856200694088
82 300 12.7794417094303
82 1000 17.4552629585482
83 0 5.71025786506885
83 100 10.8164197123288
83 300 17.7803060916077
83 1000 33.3997593330272
84 0 5.94285349916525
84 100 12.3211524358482
84 300 22.591176438701
84 1000 60.7684077996772
85 0 7.18256053606195
85 100 22.8632611136785
85 300 30.8730751068564
85 1000 51.6784780428877
86 0 5.71711912130592
86 100 12.0608891107658
86 300 21.4892489316455
86 1000 33.8719619230381
87 0 5.3194338490072
87 100 13.0220484831271
87 300 21.9816451503543
87 1000 30.5355598993647
88 0 5.84340375616597
88 100 13.328196795667
88 300 20.1544135447246
88 1000 29.8568218841876
89 0 4.60446294590188
89 100 7.16225859487659
89 300 12.8966453565104
89 1000 15.44903138167
90 0 7.54790508377935
90 100 11.4840897505711
90 300 22.0083083165388
90 1000 33.7133796848213
91 0 4.58138558692586
91 100 11.6692303494047
91 300 18.9577173299985
91 1000 26.0120323669142
92 0 6.24165952769194
92 100 16.4615119317151
92 300 31.9976362848035
92 1000 49.3659099387406
93 0 5.32616588894796
93 100 6.90287885825319
93 300 9.61311719561717
93 1000 12.2770565907207
94 0 3.2772502330962
94 100 7.338659483896
94 300 10.2743898759534
94 1000 14.8114823342172
95 0 3.20275841043829
95 100 9.48490452397289
95 300 24.0910595589341
95 1000 44.6494032000633
96 0 4.71028356889295
96 100 12.0028423307861
96 300 22.2935639243575
96 1000 24.6411447889329
97 0 4.32873412446
97 100 22.7108774120125
97 300 39.5130452222817
97 1000 53.0197773624457
98 0 4.27333265205739
98 100 6.02467676276795
98 300 11.8789133574037
98 1000 14.9086418117808
99 0 9.14339962770071
99 100 8.76187943571987
99 300 8.13367829118912
99 1000 8.68884025809975
100 0 4.03447323404968
100 100 16.5345746660471
100 300 24.5281256398543
100 1000 31.071877899065
