id dose y
1 0 5.72263340559384
1 100 10.782086153843
1 300 17.4146338099154
1 1000 28.247477583831
2 0 6.88533335963585
2 100 12.80746115623
2 300 25.7496994168039
2 1000 37.0833436419636
3 0 4.53875613743989
3 100 13.5610913569099
3 300 25.4355407418479
3 1000 49.044043761677
4 0 4.17533948440029
4 100 6.73978553544361
4 300 11.6543103498843
4 1000 19.5428913068936
5 0 5.92552976382637
5 100 5.65970234170798
5 300 8.87106124814487
5 1000 15.8862975575199
6 0 5.4122548898305
6 100 24.7005212239297
6 300 37.2350256044725
6 1000 37.9771208175029
7 0 5.6552554604641
7 100 13.7405924435318
7 300 25.8031540420729
7 1000 43.4936165286282
8 0 6.3135717122836
8 100 9.15675528412569
8 300 9.6208717699249
8 1000 14.1402098663826
9 0 5.41386060902537
9 100 8.83648210898449
9 300 11.5874686499416
9 1000 15.3510989739537
10 0 4.83071677522319
10 100 8.2890315086943
10 300 14.0349875186658
10 1000 27.0648814373014
11 0 7.79516582922899
11 100 20.8941317143124
11 300 38.8450794618822
11 1000 49.5396098916867
12 0 5.61333041889377
12 100 15.0948781057383
12 300 26.5617528064298
12 1000 45.1305175558595
13 0 4.48868739146769
13 100 5.0732209913717
13 300 4.7318656898813
13 1000 7.68146262959263
14 0 5.94294523785554
14 100 33.5419533410546
14 300 60.0190601225754
14 1000 114.57966001532
15 0 3.21243454886492
15 100 25.3777828764408
15 300 50.992235211276
15 1000 58.2573355050979
16 0 6.80936951918941
16 100 8.38355057632546
16 300 13.6774167075511
16 1000 23.9354552516564
17 0 5.16433855941468
17 100 8.65588085187563
17 300 12.6403251619205
17 1000 20.2953602100934
18 0 3.60746531657402
18 100 8.15575076817972
18 300 14.5502719839921
18 1000 22.1561701092623
19 0 4.69009444644747
19 100 6.54043119611932
19 300 7.23715731532836
19 1000 11.0824122623441
20 0 5.83158329652941
20 100 13.7465612158698
20 300 23.6775590352862
20 1000 26.9562459802096
21 0 4.59941460067014
21 100 4.98663205875457
21 300 7.71424460094746
21 1000 14.6435521445607
22 0 4.35800688459612
22 100 11.6629337883969
22 300 18.0148395969154
22 1000 25.2821368237859
23 0 3.85240876028573
23 100 14.1440456967837
23 300 27.1675077701471
23 1000 47.3423880099172
24 0 6.43449302757439
24 100 16.997011967856
24 300 31.9366733297322
24 1000 55.9744567293213
25 0 5.26757072881391
25 100 17.1909471350955
25 300 26.8675199821532
25 1000 27.5125059289042
26 0 2.20389300894391
26 100 33.1840175373005
26 300 70.0834952690381
26 1000 100.643478933716
27 0 4.03281141751488
27 100 6.1355176295683
27 300 5.71401121930043
27 1000 7.6165800710153
28 0 9.6296676572084
28 100 15.932166037057
28 300 29.7719537254715
28 1000 36.1383273119936
29 0 4.99644943531757
29 100 7.69845045624737
29 300 12.681658610323
29 1000 24.0509268600118
30 0 4.42326820249533
30 100 18.4492016294077
30 300 33.6927695911291
30 1000 38.2700732285136
31 0 5.79779119692805
31 100 10.9106920280881
31 300 15.9495598560145
31 1000 24.1816298690509
32 0 3.42039364199493
32 100 14.0787533095169
32 300 22.9397398997182
32 1000 29.0306532416225
33 0 6.03259493959301
33 100 28.9206681379187
33 300 39.8773607355839
33 1000 48.6551311444624
34 0 5.98354343782035
34 100 12.6835897020403
34 300 15.6825627867375
34 1000 17.0220021652936
35 0 3.33099415187669
35 100 8.22079614552706
35 300 18.7241807306877
35 1000 29.982468025064
36 0 4.32468418293505
36 100 7.40581582496824
36 300 12.139816228078
36 1000 21.6530759230155
37 0 6.73498888371172
37 100 14.3646724660941
37 300 21.7299435017146
37 1000 29.3318396600079
38 0 8.69497148788438
38 100 12.6139932239512
38 300 21.010562193231
38 1000 29.559876186534
39 0 3.81528810060077
39 100 12.0222745866321
39 300 20.0551588549862
39 1000 22.5936402035211
40 0 5.00719151731358
40 100 11.7496660045998
40 300 13.3189929782874
40 1000 14.1112169223059
41 0 3.43129546917349
41 100 21.0423858344054
41 300 43.0143923756822
41 1000 70.9993999144052
42 0 3.69163397657396
42 100 9.49791753731813
42 300 14.8018122919264
42 1000 25.8339117259168
43 0 4.74469502186043
43 100 5.63176442254498
43 300 6.95922836422629
43 1000 9.15047291728874
44 0 8.13015396338886
44 100 12.1037305131473
44 300 22.8167529254574
44 1000 49.2225675766117
45 0 5.78957561151371
45 100 12.5484849885154
45 300 20.1203948806304
45 1000 37.421954958223
46 0 7.37433238688059
46 100 9.58420879131927
46 300 13.4639276262252
46 1000 21.5501652452888
47 0 6.86408575101413
47 100 11.1838461707643
47 300 18.3971129571853
47 1000 38.4018889414033
48 0 8.6652603235473
48 100 19.2935120049692
48 300 25.0076448697256
48 1000 33.984515452468
49 0 4.92056899234435
49 100 7.36768325251891
49 300 10.6998657340666
49 1000 18.0246343560126
50 0 3.11323377555488
50 100 5.25026116488822
50 300 8.17392698340723
50 1000 11.1951590740683
51 0 4.04986952985
51 100 11.4560904695118
51 300 12.6432933297584
51 1000 22.2699568182327
52 0 10.7758941625616
52 100 22.0602486076203
52 300 24.1923535935123
52 1000 34.8669525867841
53 0 3.98049613914132
53 100 5.7262450492459
53 300 11.1324082614492
53 1000 17.7096127063672
54 0 4.64584306242877
54 100 9.47446767698305
54 300 15.81986142116
54 1000 17.6141923094722
55 0 8.40361553102545
55 100 12.5799090452317
55 300 17.7594074038839
55 1000 25.9176432172366
56 0 6.63843328804389
56 100 12.0309189944958
56 300 20.1565636930141
56 1000 23.4027614300627
57 0 4.69403819527674
57 100 8.1578244879989
57 300 12.8667978644207
57 1000 24.3444326050602
58 0 4.36785960155161
58 100 8.05589706956717
58 300 11.2969505148612
58 1000 19.3481773447624
59 0 4.13304496020866
59 100 8.10779164787577
59 300 11.6904740279697
59 1000 19.3658362754199
60 0 4.60543593223032
60 100 6.98288157320474
60 300 13.4874558258319
60 1000 29.4668881852803
61 0 3.32546651862964
61 100 7.68236234619394
61 300 15.4775421860094
61 1000 19.8352317188207
62 0 10.4262498861557
62 100 10.5079386992521
62 300 18.600349687954
62 1000 38.4923942676499
63 0 5.73050751283026
63 100 16.0865312014257
63 300 24.0484534430226
63 1000 44.2950729544284
64 0 4.38059733721406
64 100 10.5992483018173
64 300 21.1875418063728
64 1000 33.0602870862481
65 0 6.4280845306465
65 100 15.6461810974049
65 300 22.2616224541536
65 1000 29.3274287400667
66 0 7.36904452850761
66 100 20.0519930791716
66 300 29.9377778719906
66 1000 38.4331570109961
67 0 4.77147188420564
67 100 6.72891411164862
67 300 11.3144277177789
67 1000 18.4428420498199
68 0 4.98696340076467
68 100 9.60040791907042
68 300 14.6652291789433
68 1000 26.1523468840567
69 0 2.90087617105731
69 100 11.4106176520383
69 300 23.3191388778368
69 1000 36.1249974372585
70 0 4.10309226406508
70 100 10.0433453719343
70 300 18.3376541589231
70 1000 27.5345035330656
71 0 2.43009109224699
71 100 6.95012862841693
71 300 11.9321084483392
71 1000 19.2015393649338
72 0 7.65061113033717
72 100 13.0314386707365
72 300 23.7305492937362
72 1000 47.8462180400743
73 0 4.63172374959542
73 100 14.1279765831863
73 300 20.1025541134672
73 1000 38.7781255271695
74 0 5.07367696641734
74 100 8.24695726031306
74 300 10.907126027961
74 1000 14.4715664810932
75 0 6.20918736360615
75 100 10.7589962658162
75 300 15.6290497609636
75 1000 17.4140878109283
76 0 2.75966864076702
76 100 10.2099973783377
76 300 19.9806325073139
76 1000 28.5801641480607
77 0 8.28296803586007
77 100 16.8651718175611
77 300 22.282604186197
77 1000 30.324532762474
78 0 5.87836054969642
78 100 11.4094568604021
78 300 18.106888632186
78 1000 27.5112696710065
79 0 3.47802596382285
79 100 13.6783001854907
79 300 23.0201833262621
79 1000 25.5994510351636
80 0 5.03186991906736
80 100 6.30284835460717
80 300 7.08575043136661
80 1000 9.75111232682446
81 0 6.99011162212484
81 100 8.34365685211402
81 300 9.37648762482972
81 1000 17.4307408169517
82 0 3.98981630524766
82 100 12.9555524259828
82 300 20.6583611936196
82 1000 33.962187742908
83 0 5.9430620923996
83 100 12.1870264945034
83 300 16.6309380536126
83 1000 25.4940464937203
84 0 3.76813438062687
84 100 10.9428475878316
84 300 18.1961543147791
84 1000 28.4951358287753
85 0 5.48460212808428
85 100 9.10145525713338
85 300 9.06925040810321
85 1000 12.7653611370973
86 0 4.16446815634865
86 100 8.94865459124116
86 300 11.3613902943784
86 1000 12.4320653434628
87 0 6.25632401987352
87 100 7.89346963513552
87 300 12.1777909520233
87 1000 16.6929643961762
88 0 6.24358834543218
88 100 17.6922056668878
88 300 18.0320611833001
88 1000 29.6670307768911
89 0 5.57527696181429
89 100 7.55488888098547
89 300 17.4665398113451
89 1000 28.0824184232994
90 0 2.92987996039523
90 100 5.57045815907386
90 300 6.84607802929799
90 1000 10.680567811706
91 0 4.31605312538065
91 100 6.84135020390074
91 300 9.80931521480234
91 1000 22.3984153984718
92 0 5.35483271824916
92 100 5.66699778260484
92 300 8.25150937462625
92 1000 13.2444181268159
93 0 3.9537549836164
93 100 9.48246386676772
93 300 16.9086117223637
93 1000 20.6251103847882
94 0 4.02699453925698
94 100 10.490737197081
94 300 16.1216491688005
94 1000 23.387174704192
95 0 4.87212418212374
95 100 9.04414130158444
95 300 13.5628849959624
95 1000 18.7007502316108
96 0 4.83541656048047
96 100 15.8101260456277
96 300 27.8370404145385
96 1000 38.6691479882669
97 0 4.12010408336577
97 100 9.53020054043154
97 300 14.8839850490812
97 1000 32.4785857103548
98 0 5.30763350556148
98 100 15.4551044407349
98 300 26.8044396459118
98 1000 47.0358993082817
99 0 3.52340234355208
99 100 7.86351352324406
99 300 10.8589680408593
99 1000 17.2254443715384
100 0 3.81921897407171
100 100 10.1689563220964
100 300 13.0707436868034
100 1000 18.854463075649
