id dose y
1 0 5.34374989583809
1 100 9.60348323637649
1 300 15.5557511330499
1 1000 34.5108104273341
2 0 4.03064543833373
2 100 15.2472458504529
2 300 28.5534208189273
2 1000 33.5512384623215
3 0 6.28616399416472
3 100 11.1276450261219
3 300 13.7709895710647
3 1000 27.4747376670433
4 0 5.40118186116884
4 100 13.5026303472689
4 300 17.0930175077626
4 1000 24.5284653445542
5 0 4.86501823288831
5 100 7.69545138464006
5 300 14.8463029639574
5 1000 22.2204777531196
6 0 4.14651677013778
6 100 8.28902154776133
6 300 13.8909334866435
6 1000 20.1649607233098
7 0 5.51516656291891
7 100 10.2805297465116
7 300 17.0156592734154
7 1000 27.1063280888819
8 0 3.96404145951649
8 100 11.7936694984574
8 300 14.14534654186
8 1000 14.8514068778307
9 0 6.26224559388718
9 100 10.4568413179061
9 300 13.9456248255952
9 1000 20.4785639412167
10 0 3.82408992152425
10 100 7.69289147451163
10 300 12.7626957137031
10 1000 18.3484533018246
11 0 5.30885145167566
11 100 15.7438909600746
11 300 29.0702637104366
11 1000 39.3563953758315
12 0 4.95356973826963
12 100 9.19093736050126
12 300 13.6826176378999
12 1000 17.3227407533537
13 0 4.79182835143338
13 100 6.32335839797355
13 300 11.3234140396849
13 1000 18.1382351573393
14 0 6.65337067300779
14 100 6.0873062009452
14 300 8.48462298021775
14 1000 11.430653292634
15 0 3.30418571725243
15 100 8.82138674499267
15 300 17.2924372522784
15 1000 28.263540755016
16 0 3.69261464247782
16 100 7.99183500129469
16 300 14.7417937296749
16 1000 22.5763868411292
17 0 5.06070575535638
17 100 12.2147919401444
17 300 22.3089890032794
17 1000 30.9646324443544
18 0 5.8562400398251
18 100 10.9646613460442
18 300 23.1545589296735
18 1000 30.9047648747768
19 0 4.49756965248338
19 100 10.1144402426612
19 300 13.482695017838
19 1000 17.4995573128939
20 0 3.5479788111658
20 100 6.38436517315391
20 300 8.74170332109025
20 1000 16.5032333498583
21 0 4.68150455963826
21 100 10.2590469373577
21 300 17.2281947186816
21 1000 24.1030786502805
22 0 5.36538629699355
22 100 6.90491483608056
22 300 8.62223943310192
22 1000 11.218080095002
23 0 4.73256896195634
23 100 10.3930844546853
23 300 21.2682352878148
23 1000 18.5615825650798
24 0 10.9415100057913
24 100 11.175017452048
24 300 16.6059250254671
24 1000 17.4049390324252
25 0 5.19730949063384
25 100 8.78221839393017
25 300 16.1247291327472
25 1000 21.393093541285
26 0 2.85867433644261
26 100 5.96709878141839
26 300 9.66611236216819
26 1000 14.633967365068
27 0 4.31562215308578
27 100 7.82084063440529
27 300 10.9201675355001
27 1000 14.4795801670281
28 0 4.86944509746769
28 100 11.0383392019058
28 300 13.8541763188091
28 1000 23.1918118993761
29 0 5.03645677959067
29 100 17.1365049808338
29 300 22.0944163974871
29 1000 33.7463690551207
30 0 5.37317211914322
30 100 14.2634816627959
30 300 23.5608330956361
30 1000 41.3088592773923
31 0 4.14684260408082
31 100 10.015985487426
31 300 18.6826972306987
31 1000 28.984926030505
32 0 6.63300634124336
32 100 9.9316311965393
32 300 14.8120356413567
32 1000 18.5047194473101
33 0 6.44735568740239
33 100 15.6882556822119
33 300 40.348888120445
33 1000 68.4681983946778
34 0 4.37914600760262
34 100 9.71844580845725
34 300 16.7339607781102
34 1000 19.8409139860144
35 0 5.09465670529122
35 100 9.23597273344383
35 300 17.9237523008254
35 1000 32.4216935414136
36 0 4.06414732075018
36 100 5.88607923493595
36 300 10.7894272154045
36 1000 12.7453753561276
37 0 4.25239133689566
37 100 6.28311315928721
37 300 10.2350283617482
37 1000 23.3200668624592
38 0 4.76441492950276
38 100 5.81725703851112
38 300 8.16494151562435
38 1000 12.9323418355972
39 0 2.26055010533049
39 100 5.48925872889302
39 300 9.57699305005653
39 1000 14.8362981903516
40 0 4.69532067627023
40 100 10.475227255299
40 300 19.204014520067
40 1000 23.7390631536322
41 0 4.53825864240984
41 100 12.281016894009
41 300 19.039055985164
41 1000 35.3924322071907
42 0 5.84083399851333
42 100 7.36178874280949
42 300 9.96504121616372
42 1000 13.3026438003276
43 0 4.73021742753063
43 100 4.9560827739633
43 300 10.5782519904711
43 1000 14.3595239323007
44 0 5.37805154758698
44 100 17.8831753313008
44 300 30.0454696493959
44 1000 50.2288754810653
45 0 3.52359619153635
45 100 10.5755687104741
45 300 18.51514735162
45 1000 35.3161363577131
46 0 8.34016929931953
46 100 29.23152332564
46 300 43.5692945768772
46 1000 38.7664281853003
47 0 4.38147587867393
47 100 6.70035978093109
47 300 8.56917756247549
47 1000 11.9062354568085
48 0 4.55830428112279
48 100 17.1087909503127
48 300 32.8289576161968
48 1000 43.7211074620391
49 0 5.43810002329191
49 100 9.37074869306405
49 300 11.2668667262587
49 1000 13.9245238528549
50 0 7.27950787141163
50 100 14.1416033310275
50 300 25.1276537212869
50 1000 36.4882638820922
51 0 5.38166031715561
51 100 18.5316134254647
51 300 45.1317938220343
51 1000 77.9112585768355
52 0 3.90639771002795
52 100 7.08895568882383
52 300 11.1905507366056
52 1000 15.9690350608631
53 0 4.99087999359164
53 100 9.67783883744975
53 300 15.8844199870796
53 1000 28.6271369126003
54 0 9.30846820650582
54 100 19.7747238525524
54 300 35.2249973314872
54 1000 76.4916012609599
55 0 6.75976991401339
55 100 12.4239531220084
55 300 14.2182488144144
55 1000 25.1168163477291
56 0 5.07589287866562
56 100 31.1816141860586
56 300 44.3592975709159
56 1000 89.3620598003915
57 0 1.83725963102849
57 100 8.0093152407597
57 300 14.4903782622263
57 1000 22.238302040654
58 0 6.56689182991813
58 100 10.424941449408
58 300 13.1722862592873
58 1000 23.0894250606803
59 0 5.86476961137753
59 100 19.0852946253643
59 300 22.4198156626433
59 1000 43.8158821008286
60 0 4.46024790569809
60 100 9.06316497461042
60 300 17.6273920435706
60 1000 21.8638467523769
61 0 6.12149895725345
61 100 12.7551021173914
61 300 13.8117286492957
61 1000 26.4232650189368
62 0 9.24661003236913
62 100 25.181285259246
62 300 44.7271696042615
62 1000 64.2263159714967
63 0 5.6149341211919
63 100 9.09430073940612
63 300 15.5357499508511
63 1000 22.6444632783649
64 0 5.35800124917531
64 100 10.6899149909947
64 300 18.8421209510326
64 1000 33.6346254127641
65 0 4.37456340203766
65 100 13.0896633064131
65 300 19.2690788400872
65 1000 21.968382331268
66 0 8.65652327902804
66 100 15.1094404133138
66 300 19.9922395694208
66 1000 29.4463752055556
67 0 4.16421343189465
67 100 7.54766083594567
67 300 13.0368499294325
67 1000 24.1792288686996
68 0 8.60327616661386
68 100 11.6407765231952
68 300 13.2753927643541
68 1000 19.119681109277
69 0 2.94137200897416
69 100 5.90354382415946
69 300 12.100295377702
69 1000 20.1863924659051
70 0 4.66711277904341
70 100 13.513028597509
70 300 31.2519539418386
70 1000 66.6130838424162
71 0 4.32653446508251
71 100 5.32241033649248
71 300 7.60237679580203
71 1000 15.421638996156
72 0 4.75013505370413
72 100 6.15146799266901
72 300 8.35525085349576
72 1000 11.3119194004625
73 0 12.8417121177336
73 100 13.803022290489
73 300 26.6439737159285
73 1000 27.1152826759586
74 0 4.98085111613898
74 100 7.02154060415006
74 300 8.87819572047589
74 1000 13.7097737288701
75 0 5.45780911731425
75 100 9.18644409703309
75 300 21.1744118249915
75 1000 28.2755033124516
76 0 6.97115851755496
76 100 10.8000479694809
76 300 20.1353433103541
76 1000 25.0517646226329
77 0 5.25131346471665
77 100 7.50815311215548
77 300 11.1555792174694
77 1000 18.2505020098364
78 0 3.982275671124
78 100 7.08284166755179
78 300 10.3188090477549
78 1000 10.3255761650507
79 0 6.92212167977211
79 100 13.6825288210923
79 300 20.2800683174269
79 1000 25.1675394236152
80 0 5.39775516179164
80 100 15.5180866722125
80 300 24.6790254329798
80 1000 38.092766095602
81 0 3.83129418301686
81 100 19.8728821720344
81 300 38.6547604960452
81 1000 51.6134690996803
82 0 6.12800587535048
82 100 8.74821037922057
82 300 15.5320335059025
82 1000 31.6390163710162
83 0 5.05432663924791
83 100 8.01625851005891
83 300 14.8428086538402
83 1000 24.1013754474903
84 0 3.75496598293389
84 100 7.66134371547999
84 300 10.6228389995291
84 1000 24.7712923287351
85 0 10.8119200892021
85 100 19.4543055649984
85 300 34.3211492368782
85 1000 47.0054923051372
86 0 4.09725080114948
86 100 12.6164507403054
86 300 17.9292989762142
86 1000 27.3458825596697
87 0 3.23148160963092
87 100 14.8880749753445
87 300 23.3628682074332
87 1000 28.9387585417718
88 0 4.51498380719461
88 100 9.66248684394872
88 300 17.4684730690694
88 1000 27.2332015076612
89 0 5.67551369829146
89 100 8.33078177627851
89 300 11.0294056836709
89 1000 18.2665650141116
90 0 1.94996206788092
90 100 6.43652429815996
90 300 14.9320709591203
90 1000 34.9338963553439
91 0 6.35323819655803
91 100 15.2370078476915
91 300 15.8848750094808
91 1000 32.6638467427341
92 0 5.41585651254269
92 100 10.9160965878568
92 300 19.4795173053858
92 1000 26.505178655174
93 0 5.39212015847649
93 100 11.2688692541503
93 300 16.5935935217265
93 1000 30.5535964119631
94 0 4.80817462581926
94 100 11.8654917181934
94 300 20.302222523188
94 1000 32.9687003189237
95 0 6.9068028898478
95 100 15.5617384532579
95 300 36.5032780649176
95 1000 57.9918251970072
96 0 2.99237387212633
96 100 8.23224647156501
96 300 11.5630602294502
96 1000 16.0864069714467
97 0 7.13439423571486
97 100 10.2592881264258
97 300 13.3806108732684
97 1000 19.7660291961029
98 0 4.63814703982029
98 100 5.94359155530196
98 300 8.43778058261632
98 1000 12.1402283331384
99 0 10.4060252361228
99 100 13.3612686074154
99 300 26.7360718810431
99 1000 39.684969136433
100 0 7.15246148247675
100 100 10.6982480179176
100 300 14.9785492356065
100 1000 23.4290269207845
