id dose y
1 0 5.30299792370288
1 100 11.8431185229746
1 300 15.3632030133077
1 1000 22.6363427394638
2 0 2.7180483796475
2 100 7.40155648079029
2 300 15.1919639393543
2 1000 19.3925216774573
3 0 6.75473969403468
3 100 12.6330552679893
3 300 17.3855217554235
3 1000 28.2252316612488
4 0 6.09967944631711
4 100 14.6840717813059
4 300 24.2097834072123
4 1000 44.4867349119881
5 0 4.31119270859334
5 100 7.44504668310951
5 300 16.848156846106
5 1000 25.1175061046819
6 0 5.23930982271487
6 100 12.9294409899431
6 300 23.2784686257823
6 1000 45.6022591898274
7 0 5.3135185938229
7 100 7.04426862856414
7 300 11.6332125020404
7 1000 11.2402957789145
8 0 5.48590982395313
8 100 9.25993053673059
8 300 12.2934676856034
8 1000 14.7552705282898
9 0 5.7059256806531
9 100 12.3276814800208
9 300 21.7653934483186
9 1000 38.8503620079575
10 0 6.70103819418279
10 100 10.9123500368885
10 300 17.1617497417637
10 1000 27.8480611046503
11 0 7.98971260393248
11 100 10.8629736856673
11 300 17.7459566431757
11 1000 25.5532601685135
12 0 4.17579351127533
12 100 9.93446298830827
12 300 16.6956267277294
12 1000 39.7351423825406
13 0 4.89850565781704
13 100 9.38028117608571
13 300 12.1678925283511
13 1000 25.1082956669315
14 0 7.52508632352855
14 100 9.68650335994294
14 300 11.8513767922652
14 1000 14.8571864571742
15 0 4.1755072712729
15 100 9.75197138015209
15 300 23.4616917721513
15 1000 39.4414440853497
16 0 5.34801349447989
16 100 12.1395133164114
16 300 21.730094809589
16 1000 27.4817290513869
17 0 8.19783572174845
17 100 10.1433956168251
17 300 14.1999315513228
17 1000 23.3828916996739
18 0 4.63276456958601
18 100 9.81122697771105
18 300 12.7467696196856
18 1000 14.0357747348115
19 0 6.48899042411976
19 100 11.3500589686895
19 300 14.7749045503459
19 1000 31.7658792864361
20 0 4.56768605039101
20 100 7.88635666333864
20 300 8.80822451701386
20 1000 12.014321105075
21 0 6.34626266113008
21 100 11.2017295661944
21 300 17.6673946761118
21 1000 23.3944695138448
22 0 6.99029491013744
22 100 18.8738355314769
22 300 34.9780366772543
22 1000 40.9968371560703
23 0 9.08372651800559
23 100 30.4415247385904
23 300 34.7339932598786
23 1000 44.746818241344
24 0 7.85294701462895
24 100 11.495332140397
24 300 14.7727953577345
24 1000 26.3535249871385
25 0 6.02231196458906
25 100 9.90740956110632
25 300 13.1515091780057
25 1000 16.9466572042129
26 0 9.69100747258869
26 100 13.3619005356527
26 300 20.6422677582613
26 1000 28.3862633416428
27 0 6.1994957715072
27 100 5.91793619224607
27 300 9.98247759298596
27 1000 14.8025722430056
28 0 4.88987204119554
28 100 6.23323405738243
28 300 5.92830995297804
28 1000 9.68825343024941
29 0 5.97908754615052
29 100 10.3704211522491
29 300 15.2859382073657
29 1000 19.9722380505352
30 0 4.83281218126266
30 100 11.5197951815029
30 300 16.7610722599953
30 1000 32.4449160328238
31 0 6.81126872624043
31 100 8.11305343837993
31 300 10.2196199319964
31 1000 12.1928927426
32 0 4.94986481165602
32 100 7.12756756209622
32 300 11.1731821088295
32 1000 10.6989733448664
33 0 6.48179895581268
33 100 9.798923978443
33 300 14.2165157275837
33 1000 19.344821273215
34 0 2.23547259829115
34 100 16.0295217432315
34 300 29.1894383260137
34 1000 41.7078562127216
35 0 6.20949965231437
35 100 9.63508980776878
35 300 18.7675909452787
35 1000 34.3697580806563
36 0 3.83596407818906
36 100 11.2097733991683
36 300 16.2293310710907
36 1000 27.2875423274935
37 0 4.78382294205409
37 100 14.1956926663679
37 300 23.2218248701724
37 1000 52.5461496246285
38 0 2.13112633767664
38 100 7.13893180263069
38 300 13.3723872500902
38 1000 22.5854999719547
39 0 4.69251871885863
39 100 7.83744732456857
39 300 11.6901152582581
39 1000 17.9290144538784
40 0 7.03666805887249
40 100 17.4748393819853
40 300 23.7235255898485
40 1000 22.7590483502578
41 0 2.66020785965683
41 100 5.91956790976049
41 300 11.7131332427343
41 1000 24.9076465833844
42 0 4.5574198760146
42 100 8.42288807678108
42 300 13.3956854750377
42 1000 18.4110949654578
43 0 4.09600830871612
43 100 5.06438759064145
43 300 6.06192102146086
43 1000 8.86186688815837
44 0 6.96274965089384
44 100 20.477472847744
44 300 33.1654051300546
44 1000 49.0179806947426
45 0 5.61683587289679
45 100 10.1166490610304
45 300 12.9123430993626
45 1000 22.3199047277301
46 0 5.43605996288418
46 100 8.61584370254943
46 300 9.84848901828851
46 1000 10.2845303652312
47 0 4.23689137987358
47 100 16.0253612334818
47 300 29.4945857744418
47 1000 46.024401575806
48 0 4.79887716158215
48 100 16.6608532485168
48 300 24.8032205388841
48 1000 40.1518568339859
49 0 2.83551041012573
49 100 7.55157081979561
49 300 11.0197925660608
49 1000 20.4817302580635
50 0 4.83867021398115
50 100 7.08522593908732
50 300 6.44883865691009
50 1000 7.23968208688473
51 0 5.66444100951387
51 100 14.9287922815489
51 300 29.1249323993145
51 1000 54.584858305419
52 0 4.75376400088165
52 100 10.2291780007054
52 300 20.7287924735377
52 1000 25.387560739545
53 0 6.42357896760114
53 100 15.0054415235098
53 300 24.8384770823358
53 1000 42.6361383341209
54 0 8.75607182512143
54 100 12.6805697690432
54 300 16.8925875132053
54 1000 20.7460305435224
55 0 7.02361301840652
55 100 16.8635974136992
55 300 33.8172185016556
55 1000 56.1612106659581
56 0 6.51821937328878
56 100 13.174362524027
56 300 18.5035357115765
56 1000 18.713172346572
57 0 3.47648148680849
57 100 6.43098688349187
57 300 9.75401381199298
57 1000 15.6455866682907
58 0 4.611316836455
58 100 9.97030412633381
58 300 12.6749579934754
58 1000 15.3470476444853
59 0 3.12850907190436
59 100 10.9765804395273
59 300 22.8483505000582
59 1000 31.4429054136046
60 0 5.88815323664559
60 100 14.9080674888917
60 300 20.3132280810698
60 1000 31.2649118147347
61 0 5.8464507172604
61 100 11.2445533552839
61 300 19.5149616340386
61 1000 24.1569077168861
62 0 3.80124339615593
62 100 7.77916082465534
62 300 10.5953429266532
62 1000 19.1865429770806
63 0 4.74956426852999
63 100 7.34214596352207
63 300 7.55965583585221
63 1000 12.4009353723611
64 0 5.9137274600381
64 100 9.59704143594857
64 300 13.5310479497649
64 1000 16.0444583478374
65 0 5.05893530627777
65 100 13.4473171630853
65 300 25.1240717949105
65 1000 39.1990844210281
66 0 8.21805742911295
66 100 11.1880959293701
66 300 9.72165562454532
66 1000 15.0283362915068
67 0 5.1063650261924
67 100 12.7809178659283
67 300 21.3572107175542
67 1000 45.7582366408468
68 0 4.29235043646424
68 100 7.75125295636096
68 300 12.9008281380336
68 1000 18.2355137620676
69 0 2.14326573389435
69 100 9.14528545652152
69 300 14.5759292105817
69 1000 22.4200092017799
70 0 4.9395735214076
70 100 9.69378121021716
70 300 17.4084672392633
70 1000 25.9778290620614
71 0 3.76001621905584
71 100 6.75582147899836
71 300 10.1845585156704
71 1000 15.2287729400783
72 0 7.05653506573152
72 100 12.0075716486504
72 300 12.7654354181732
72 1000 18.9178921812587
73 0 7.38765344399956
73 100 9.95932572989565
73 300 13.0200970127954
73 1000 22.5315266563561
74 0 6.69423598613077
74 100 17.0222171047561
74 300 20.435005979456
74 1000 29.159326427859
75 0 4.35231995351246
75 100 11.2063582624303
75 300 17.6115393080848
75 1000 27.3539784525318
76 0 3.47023596913456
76 100 6.62133286082543
76 300 7.90511774690873
76 1000 10.8170308383072
77 0 6.01309475471081
77 100 11.1944665852959
77 300 19.89354257556
77 1000 33.6938928975742
78 0 6.3079583780646
78 100 15.8393589449846
78 300 21.2742638492116
78 1000 28.1471393754924
79 0 3.68787619638955
79 100 7.17052137804957
79 300 13.9021900014164
79 1000 29.4675932510556
80 0 4.62198496186348
80 100 5.74164254999907
80 300 9.37737156112393
80 1000 15.4127436396592
81 0 3.64410384118503
81 100 8.28503661382567
81 300 13.177358808006
81 1000 20.8390957967233
82 0 5.09847180721505
82 100 17.0606451991312
82 300 37.198420971715
82 1000 96.0163928834886
83 0 3.27442448100803
83 100 5.32843626531891
83 300 7.06054234353023
83 1000 10.0557460726185
84 0 3.98347042312902
84 100 10.0104409991983
84 300 18.3525788236261
84 1000 26.3446422046656
85 0 6.63151147732903
85 100 17.5066454573858
85 300 28.6290441528366
85 1000 30.839802406825
86 0 3.98765179248055
86 100 10.0317865097189
86 300 21.6806526334861
86 1000 39.5151202530109
87 0 6.63199730284586
87 100 20.3938801477652
87 300 26.2200359456028
87 1000 35.835782236082
88 0 4.22321985938141
88 100 11.4496195480965
88 300 11.5065790867885
88 1000 16.7061003360411
89 0 4.3579713875713
89 100 9.54787023159439
89 300 16.1518676993819
89 1000 24.3031945882429
90 0 4.20243629561503
90 100 12.477713964996
90 300 24.5973072997111
90 1000 28.5772570467292
91 0 9.8064984609284
91 100 33.6868005142872
91 300 44.3560026187971
91 1000 48.8556591144946
92 0 6.18614764287237
92 100 18.3409912381369
92 300 24.467910786448
92 1000 21.0434023591311
93 0 4.37598381218727
93 100 8.81057855884702
93 300 16.5535507521321
93 1000 20.8352143144137
94 0 5.59112207236555
94 100 29.264455912212
94 300 57.4072496194836
94 1000 87.5573726429629
95 0 4.61052479387308
95 100 10.383876165762
95 300 13.3067550965819
95 1000 23.2197718023499
96 0 13.7791784050268
96 100 14.0577044514761
96 300 20.9258807541937
96 1000 30.8573681785845
97 0 4.51572871206809
97 100 11.1733003271783
97 300 23.3274031106417
97 1000 26.5449104840954
98 0 4.79445392779435
98 100 8.76840440453846
98 300 9.67868716909264
98 1000 13.316966645006
99 0 4.01104880199668
99 100 24.0798125178913
99 300 37.9909528508127
99 1000 77.5988772346642
100 0 4.95665064706209
100 100 5.70241802381948
100 300 10.0161337134706
100 1000 16.0158043054305
