id dose y
1 0 4.07452772491127
1 100 11.64807732827
1 300 21.9340554419856
1 1000 27.8559506993118
2 0 8.42063114731792
2 100 11.2507756661987
2 300 17.6295558642305
2 1000 25.6988080044315
3 0 7.70516688508784
3 100 12.6566072619742
3 300 19.5994246627485
3 1000 27.2635979685912
4 0 5.9248542105918
4 100 10.8227709619802
4 300 15.8474039311369
4 1000 18.8901645703539
5 0 6.66752341226142
5 100 14.6178641607778
5 300 21.1883673862764
5 1000 30.1127185749905
6 0 4.73894668124223
6 100 10.3549260789503
6 300 12.3322895708672
6 1000 16.9642648332808
7 0 6.18876017550124
7 100 14.946623676691
7 300 30.8699246518868
7 1000 51.8576717593525
8 0 4.48962671517914
8 100 12.6792557277894
8 300 23.3174519358798
8 1000 31.4231765062555
9 0 5.82493064938549
9 100 9.45295737112179
9 300 18.4354211470667
9 1000 23.7469707848771
10 0 2.92902854508503
10 100 14.9155364666651
10 300 25.8898078023623
10 1000 34.9808888214598
11 0 5.83805697768155
11 100 12.0218603211395
11 300 17.5649785863561
11 1000 20.7227721712648
12 0 5.6163103912194
12 100 10.2762916644992
12 300 10.7639707175103
12 1000 13.3556249946711
13 0 3.06362700359847
13 100 10.9455415425249
13 300 16.9970958648811
13 1000 23.6503446604708
14 0 4.38227795070178
14 100 8.81276328078653
14 300 16.1900755917685
14 1000 27.340711025121
15 0 4.10632957266192
15 100 10.2558091698858
15 300 16.3080971387596
15 1000 26.577386972485
16 0 6.18962807176357
16 100 8.16428741627174
16 300 10.3669619641414
16 1000 17.4000032365506
17 0 6.2647673825658
17 100 17.5334077796304
17 300 27.0928670119453
17 1000 39.6338959634904
18 0 5.13860329757691
18 100 13.2866688578348
18 300 17.604254632222
18 1000 37.202970204069
19 0 2.08019203228551
19 100 9.25603143842786
19 300 21.2005089726265
19 1000 35.874698086712
20 0 4.49743486495622
20 100 12.5866068379468
20 300 21.6757993620989
20 1000 26.7545600794884
21 0 7.3409183734802
21 100 9.89880568205659
21 300 14.3109181077551
21 1000 16.7047079976126
22 0 3.13964252812451
22 100 8.44773381347942
22 300 11.0889806085784
22 1000 18.0079121534739
23 0 4.23891279274311
23 100 12.1932680602
23 300 17.8731515952868
23 1000 28.9960406491813
24 0 5.24326894174062
24 100 12.8524504042424
24 300 27.7287152203814
24 1000 77.9053915321709
25 0 5.50233940785775
25 100 8.89550649190061
25 300 12.8467105900622
25 1000 12.6047905200309
26 0 3.41644731983336
26 100 9.79559095486582
26 300 16.8670737477541
26 1000 27.2412515746693
27 0 6.05567892555619
27 100 8.66689634232563
27 300 12.9052908326702
27 1000 19.3313504275348
28 0 5.87693755239483
28 100 9.76486441352217
28 300 13.4575799456345
28 1000 15.519075362638
29 0 6.84359309280455
29 100 11.1159407351996
29 300 20.5559216332086
29 1000 27.8862392969402
30 0 4.44817805314808
30 100 11.7767719641349
30 300 18.346821657972
30 1000 33.6979118848393
31 0 6.00815449748944
31 100 11.8830512194712
31 300 18.4505900270992
31 1000 34.0669514223655
32 0 5.72180333169128
32 100 20.1514395257455
32 300 26.17119607296
32 1000 35.7419844857111
33 0 4.09892589042834
33 100 7.26787258738827
33 300 9.796798827526
33 1000 14.2554240513729
34 0 5.89902811486166
34 100 16.6102808133985
34 300 25.1847752467757
34 1000 28.752086915815
35 0 5.29321450522519
35 100 7.4775108908412
35 300 15.0325560054355
35 1000 17.4671797060607
36 0 4.92902351177301
36 100 13.1009374230345
36 300 28.1491354350593
36 1000 44.5861435454178
37 0 3.04506733106277
37 100 11.4325787989023
37 300 19.6059663733607
37 1000 36.8627586398181
38 0 2.55295280575643
38 100 12.6481702469303
38 300 19.7171050761101
38 1000 29.1745875844238
39 0 2.76791071769335
39 100 5.66559959232179
39 300 9.46606448854389
39 1000 16.6183608288162
40 0 3.47043920969115
40 100 6.73826215744517
40 300 10.5540173643584
40 1000 15.1774850907719
41 0 5.46742654958156
41 100 10.7043020130887
41 300 15.0310809695908
41 1000 26.5083092388386
42 0 3.14763879989653
42 100 7.22798905336923
42 300 12.1542531350532
42 1000 19.5383459261027
43 0 4.24079114502258
43 100 11.9901173037632
43 300 24.3918432203438
43 1000 42.5904976605134
44 0 4.48896813551051
44 100 11.036120313511
44 300 18.7519189561533
44 1000 37.4793883470821
45 0 4.2971510821315
45 100 10.3369739225963
45 300 28.2895928167895
45 1000 49.5835040241193
46 0 5.28044819455502
46 100 7.79098769940896
46 300 7.91612226986307
46 1000 11.9260717352828
47 0 5.15559273079735
47 100 6.88562269653758
47 300 10.0263023977103
47 1000 15.6899745787258
48 0 4.9152551384137
48 100 11.9132834784346
48 300 25.3574669745
48 1000 31.3728551203519
49 0 6.18865863453502
49 100 8.99780522201939
49 300 9.61086141800334
49 1000 12.2000405410765
50 0 7.58867211793607
50 100 15.7088465955558
50 300 27.7162399182242
50 1000 48.2315554298735
51 0 8.81488556854542
51 100 15.7933036967328
51 300 34.0081937079151
51 1000 50.0774921002399
52 0 5.74276185695794
52 100 11.7455492618748
52 300 15.0328641219786
52 1000 21.367187286918
53 0 5.51052552866753
53 100 11.4993115477506
53 300 19.5582717857976
53 1000 24.3884967856605
54 0 5.06174323672663
54 100 10.1082368824184
54 300 15.8781876106732
54 1000 19.9219108676815
55 0 7.09494710515198
55 100 20.5985558112976
55 300 35.5593439398425
55 1000 51.2719925066489
56 0 7.79745402081864
56 100 9.9596194260293
56 300 21.8946071654427
56 1000 30.420770915137
57 0 4.52524533188323
57 100 8.62022077720794
57 300 15.3944574809617
57 1000 29.8769676121842
58 0 4.82533149579651
58 100 5.12548420261
58 300 8.15252417908715
58 1000 11.2450123896478
59 0 4.08112900752185
59 100 11.1199678812076
59 300 19.5621891271604
59 1000 33.1420704578578
60 0 3.77389548878712
60 100 7.4177349097596
60 300 11.5219947078472
60 1000 21.7684156112179
61 0 5.80001175467257
61 100 17.8329717914689
61 300 37.1020677029029
61 1000 37.8884842024846
62 0 3.42558510737512
62 100 25.26900958735
62 300 36.3444270091029
62 1000 66.0008529132245
63 0 6.89075105964151
63 100 7.1383051819387
63 300 9.93370360865481
63 1000 17.1633150043067
64 0 3.61922108180319
64 100 4.62990564114125
64 300 7.4593609171795
64 1000 7.77382016782283
65 0 4.29477089920845
65 100 12.9376674761171
65 300 32.4586159833974
65 1000 47.3308162632801
66 0 3.77124525734935
66 100 9.39000899424844
66 300 16.2407176439929
66 1000 16.8537771421852
67 0 8.19676452522584
67 100 11.9870453036897
67 300 15.073853630031
67 1000 19.6588100053811
68 0 4.5159809099727
68 100 7.2086485292498
68 300 9.58236175132425
68 1000 14.6249334573001
69 0 4.98031941908847
69 100 8.20261344818371
69 300 14.4827077458958
69 1000 15.1965216363893
70 0 9.37409747618207
70 100 15.2745610758378
70 300 21.8482067293968
70 1000 34.1456401196501
71 0 3.20602679102349
71 100 10.1822458495567
71 300 20.7441314381969
71 1000 25.3861319613631
72 0 5.17953985639439
72 100 28.591134719193
72 300 59.4587113643001
72 1000 91.4087415395339
73 0 3.47465628928516
73 100 12.7001310384882
73 300 15.4733848884622
73 1000 16.7759072012565
74 0 1.5854554562457
74 100 4.8356771053225
74 300 8.22146736453508
74 1000 18.0316163779864
75 0 4.72869940296809
75 100 9.37089358139698
75 300 18.0409267178737
75 1000 32.7817527587398
76 0 6.15222915725394
76 100 9.8446570673184
76 300 13.2284095641237
76 1000 16.7814682276007
77 0 5.55055857503857
77 100 7.73975205169327
77 300 13.1620339679495
77 1000 21.9082413157347
78 0 6.04290071950822
78 100 10.1875859296293
78 300 15.8865519648878
78 1000 18.8173604379097
79 0 7.81814389735794
79 100 10.9882669444539
79 300 17.5511064628525
79 1000 18.8883213934817
80 0 4.28693520291507
80 100 9.23282875459882
80 300 16.4300886811631
80 1000 22.9372431128546
81 0 3.51461238168435
81 100 8.65079315683137
81 300 23.5143457973244
81 1000 30.7495867794132
82 0 5.36084446374696
82 100 22.2991098847315
82 300 35.0244917032486
82 1000 52.4332348275312
83 0 9.05859032839761
83 100 13.3619496679242
83 300 22.9400551613154
83 1000 41.5210473817367
84 0 2.31107774634772
84 100 4.64700484270781
84 300 6.62979130859058
84 1000 9.71470535657458
85 0 5.30793149714678
85 100 14.5499366516381
85 300 21.8976185251012
85 1000 33.9051965954411
86 0 6.21126416191975
86 100 9.08868682644062
86 300 12.5486064783769
86 1000 16.538497270884
87 0 5.026803568887
87 100 9.02362118580423
87 300 15.6093743457554
87 1000 21.2013364155232
88 0 3.23795378020694
88 100 7.46512610439055
88 300 13.4197086577594
88 1000 17.105945465101
89 0 5.75611344206283
89 100 8.6293515187317
89 300 10.4329025311966
89 1000 21.6589087669325
90 0 6.6472143883173
90 100 14.7783051360922
90 300 18.1189608739134
90 1000 24.2317415062938
91 0 4.86651385547456
91 100 9.20987402435703
91 300 13.3340150491955
91 1000 20.7467958895345
92 0 4.75200975130262
92 100 11.9563238786293
92 300 16.804828144466
92 1000 24.1132996218724
93 0 4.64758967006182
93 100 14.7256781796722
93 300 28.1868425550914
93 1000 45.1070466939562
94 0 2.91240582114462
94 100 7.52822671733171
94 300 13.3335954941227
94 1000 16.2534713519775
95 0 4.31997035756698
95 100 11.9522580435639
95 300 18.1900698964595
95 1000 28.3341005263612
96 0 5.07762631742237
96 100 7.74932457773677
96 300 13.6940278772817
96 1000 23.9794259039197
97 0 3.48773649834486
97 100 5.90808075343473
97 300 11.4788390714982
97 1000 15.5629338665595
98 0 10.0751490222005
98 100 15.1846427440042
98 300 19.0723000937022
98 1000 31.8885616595197
99 0 8.51937613105211
99 100 9.74980149160118
99 300 14.957858152241
99 1000 26.7127828676711
100 0 4.14747969821698
100 100 7.77610390104871
100 300 13.5749373523045
100 1000 20.557799038057
