id dose y
1 0 2.68757282591799
1 100 25.0521691104241
1 300 46.5926244618999
1 1000 57.3493826186169
2 0 6.25735074346262
2 100 10.9655467882752
2 300 18.9605545951581
2 1000 37.958082054526
3 0 2.49513921748194
3 100 7.92658546412167
3 300 13.3177789455177
3 1000 26.5493499126687
4 0 4.84251664007236
4 100 13.2602126592348
4 300 24.38094837824
4 1000 45.4644048899702
5 0 5.49229155660644
5 100 10.6216404369611
5 300 12.666268729597
5 1000 21.170432115605
6 0 2.86375144081922
6 100 8.25891881335613
6 300 15.4853976346905
6 1000 38.6732057076195
7 0 5.74266734440443
7 100 7.58419015930115
7 300 10.8424313214339
7 1000 13.5093675842579
8 0 3.68818038345926
8 100 10.9887016347325
8 300 19.9789454046772
8 1000 37.1086574190932
9 0 6.46031389138469
9 100 10.5574153392281
9 300 9.97299188105215
9 1000 13.5520225896995
10 0 4.69810129840173
10 100 14.7121645741571
10 300 28.1588387540165
10 1000 33.3005202279043
11 0 3.50379517936212
11 100 9.18482070959795
11 300 18.7513839433933
11 1000 28.2284778330891
12 0 6.45956944530882
12 100 8.3851548697162
12 300 10.5538099943902
12 1000 18.3276915804628
13 0 7.15446659584667
13 100 11.2003358913975
13 300 19.2253221717072
13 1000 27.5907814487074
14 0 5.01692951853505
14 100 18.6974347602619
14 300 33.9393477319879
14 1000 35.2152934344834
15 0 2.74011384411903
15 100 8.016376734535
15 300 14.2681293840405
15 1000 26.6353216120922
16 0 5.06943733136075
16 100 8.20166131236413
16 300 8.85780184738126
16 1000 19.8601657828936
17 0 4.78662963463426
17 100 11.5530443970938
17 300 23.9899040690937
17 1000 57.9533627969116
18 0 4.58105100979576
18 100 9.2541638087576
18 300 16.4786010697188
18 1000 23.6932924494915
19 0 4.34443443425114
19 100 15.6960011446525
19 300 29.9282995701781
19 1000 55.2017819911689
20 0 3.51843060377313
20 100 7.52895531126678
20 300 14.2687376398202
20 1000 28.2970151819116
21 0 6.21429137956072
21 100 7.9583364694916
21 300 9.37275897834363
21 1000 10.9407224497124
22 0 5.29660839207245
22 100 7.7485828112573
22 300 12.7123896314709
22 1000 17.8704488715135
23 0 3.79981057790975
23 100 8.52782915952455
23 300 14.0259221589121
23 1000 22.9721614047651
24 0 9.55309976300685
24 100 15.5233727232306
24 300 26.6550039995532
24 1000 34.8182860828295
25 0 4.11446791695044
25 100 5.80472709984067
25 300 7.82898535872746
25 1000 13.5738870028942
26 0 4.09454005402558
26 100 11.3250402502343
26 300 14.6034592261649
26 1000 24.2639132078617
27 0 4.84033681027687
27 100 6.74881593596671
27 300 7.8280508883534
27 1000 8.78926209243423
28 0 6.40367987595752
28 100 16.792633371438
28 300 37.5838409539245
28 1000 45.6583396224386
29 0 2.95412018657152
29 100 10.7793576325391
29 300 19.7347544431902
29 1000 22.7292488834885
30 0 6.30064845337082
30 100 13.1446568088609
30 300 19.0974379755184
30 1000 29.0743503706107
31 0 3.86390326312122
31 100 13.6181297923116
31 300 28.6529942782487
31 1000 49.0487296039321
32 0 4.4963310736642
32 100 14.5048756450461
32 300 23.0387369736207
32 1000 34.7430505185103
33 0 2.49530657631515
33 100 4.49304868010004
33 300 6.47382924410691
33 1000 12.8304696020302
34 0 4.83891499824291
34 100 9.03587643578239
34 300 18.2648622248102
34 1000 39.2404623842975
35 0 4.00087257886235
35 100 4.54527033118349
35 300 5.90921321824259
35 1000 7.99811256104366
36 0 4.64426705615519
36 100 11.1345297770526
36 300 16.3372371616362
36 1000 28.4343717874044
37 0 9.20420267839788
37 100 12.9027852072551
37 300 15.3907853692575
37 1000 21.0314600687127
38 0 4.89599243667626
38 100 13.1875660553367
38 300 19.3873651515082
38 1000 48.0413846537827
39 0 5.40017265707405
39 100 9.09550724958768
39 300 10.8549739372935
39 1000 16.199900652464
40 0 2.35144017158292
40 100 6.68912202439259
40 300 13.087176345456
40 1000 21.1079496278872
41 0 6.00249890859812
41 100 20.8286168636028
41 300 30.1542679138249
41 1000 47.1341284173966
42 0 3.16034512927987
42 100 8.22668718728772
42 300 10.0449601733821
42 1000 13.954400609369
43 0 4.97119384123255
43 100 10.6733554057632
43 300 15.6485216523139
43 1000 26.8909738963903
44 0 3.78107505696144
44 100 9.13860645173764
44 300 14.8038317117223
44 1000 22.1600050064106
45 0 4.15622370239346
45 100 5.42667304584397
45 300 8.16836418122414
45 1000 12.9210029079837
46 0 3.85077346593543
46 100 9.03287617937136
46 300 15.188640344015
46 1000 23.8129162249353
47 0 5.99593317065789
47 100 20.4741015137151
47 300 37.8394213592739
47 1000 55.314734104483
48 0 4.36039921993794
48 100 7.59101123621409
48 300 9.01132477609175
48 1000 12.9681926346656
49 0 4.93844507333205
49 100 8.7351909743371
49 300 11.1666980513471
49 1000 15.3977775594267
50 0 2.4409674495523
50 100 5.8546911615922
50 300 10.5192899815771
50 1000 14.0624020398463
51 0 5.39049618747166
51 100 11.0239775817187
51 300 16.089807437137
51 1000 16.685261452301
52 0 4.1008686450639
52 100 6.55918966477401
52 300 10.9321040715686
52 1000 13.4735377836051
53 0 4.71212431790553
53 100 11.0699750867131
53 300 14.979469292566
53 1000 33.9827241582973
54 0 5.11419392392599
54 100 7.35081489645471
54 300 14.6818708200408
54 1000 27.1438641143483
55 0 5.68794987990683
55 100 15.0977175008829
55 300 30.4119090493458
55 1000 43.5054404225408
56 0 4.59932199309303
56 100 10.5671967221142
56 300 28.0170687789771
56 1000 42.0065218667743
57 0 6.13343185789586
57 100 8.78481581228374
57 300 12.4149759793574
57 1000 14.6247658329282
58 0 5.88715323454304
58 100 12.2263183349716
58 300 21.0988163375688
58 1000 40.8643738193772
59 0 3.03356924554938
59 100 10.6591989515427
59 300 23.5231404759191
59 1000 42.6246759195661
60 0 4.58413079970233
60 100 8.87938034793275
60 300 17.1761148502843
60 1000 28.8466152292452
61 0 3.04474876180989
61 100 9.4592334516427
61 300 18.6436895602496
61 1000 42.1518702157167
62 0 3.57867525363537
62 100 13.6186989396101
62 300 26.5483311486641
62 1000 46.2809896006576
63 0 5.39145832378711
63 100 10.6607770311913
63 300 11.5741017125641
63 1000 13.3110817098538
64 0 6.33028278929117
64 100 9.20006565779222
64 300 15.6707201504567
64 1000 24.1701699521576
65 0 3.63671619643549
65 100 7.41751879224067
65 300 11.0476169033222
65 1000 14.8327833467077
66 0 7.30100668675904
66 100 7.65064435945654
66 300 8.82686061395788
66 1000 11.9011374996552
67 0 8.1382574889556
67 100 14.3730959515574
67 300 16.9019641973697
67 1000 26.0394876776685
68 0 8.12872344251362
68 100 21.1557470708523
68 300 38.8427321289502
68 1000 37.6869059201133
69 0 3.17262935365935
69 100 21.7466711244198
69 300 50.097959386147
69 1000 74.2508785279381
70 0 9.48610769028879
70 100 17.063182981061
70 300 22.8613843687482
70 1000 26.7824603783053
71 0 5.49400073337294
71 100 15.8881634575139
71 300 35.4334013988754
71 1000 51.9860798139975
72 0 4.44404473635573
72 100 9.18248941290338
72 300 13.7697756155485
72 1000 30.5661165500725
73 0 2.99033594210249
73 100 12.7637079189373
73 300 16.4247458292796
73 1000 32.5300401514924
74 0 3.80400478200847
74 100 6.76079859827384
74 300 9.45722018022803
74 1000 13.5069634987016
75 0 4.84148221307245
75 100 7.79705943270135
75 300 10.7335871244504
75 1000 11.799863117019
76 0 4.64051650285035
76 100 11.0726911269368
76 300 18.5825410404716
76 1000 47.0997987442979
77 0 6.02268753002242
77 100 7.78528726780552
77 300 8.86119877047044
77 1000 10.8499060697637
78 0 3.86818352298483
78 100 7.82610534648275
78 300 10.3152245939727
78 1000 11.7547985610268
79 0 7.53231212564836
79 100 7.24082275966458
79 300 9.55450622430734
79 1000 13.9002498276753
80 0 7.23668337833637
80 100 13.6163389361159
80 300 16.9124333991947
80 1000 17.3588289798598
81 0 5.09437668255555
81 100 11.8622475560719
81 300 16.356389138107
81 1000 21.6218107124426
82 0 5.25653202968518
82 100 8.76505936474264
82 300 10.958667525468
82 1000 19.5573636739345
83 0 2.91504061130843
83 100 10.0851899458764
83 300 14.9228356499365
83 1000 26.9799709935532
84 0 3.91760980048471
84 100 8.81146325887856
84 300 18.7225600580103
84 1000 40.1606512407661
85 0 5.62978403866308
85 100 25.1719053644645
85 300 29.3945755700995
85 1000 33.7515801775666
86 0 4.71691694242431
86 100 11.4916586075126
86 300 22.0591978830548
86 1000 34.4181045513542
87 0 6.79190577046125
87 100 12.9143500386514
87 300 14.0709303234823
87 1000 22.6572559992911
88 0 7.4330033053673
88 100 30.6066788284881
88 300 59.0893307327689
88 1000 87.2301730509879
89 0 6.90108814754176
89 100 9.68090057218927
89 300 13.4182755342642
89 1000 14.3092540966314
90 0 4.44131695199944
90 100 6.69063284496325
90 300 12.1943911206706
90 1000 17.9215405616582
91 0 7.06267143992843
91 100 15.6029307167071
91 300 22.9623969682893
91 1000 29.9970202436973
92 0 5.33580019856716
92 100 8.66410424127657
92 300 18.126382699843
92 1000 21.8415410914172
93 0 8.17521930245835
93 100 11.7667730099148
93 300 18.4186098163495
93 1000 27.9212320553036
94 0 6.81060303069283
94 100 13.1494030370631
94 300 23.0346512879377
94 1000 34.7829078157946
95 0 7.48588970100408
95 100 8.33085613132613
95 300 11.2541066829009
95 1000 14.2109021060185
96 0 5.24735076405484
96 100 16.229360415279
96 300 29.1721506661384
96 1000 43.851801910244
97 0 6.3509339084052
97 100 10.7017299830719
97 300 16.4109862103345
97 1000 33.312346534822
98 0 3.42864663704163
98 100 11.680519033657
98 300 21.3700413345552
98 1000 37.6893913939802
99 0 3.36669711067196
99 100 9.85634007304442
99 300 20.8065743175395
99 1000 33.7918338261363
100 0 3.02391052984326
100 100 6.5123829006897
100 300 9.4042784463367
100 1000 15.9657713786689
