id dose y
1 0 4.68975636737439
1 100 7.97934064787601
1 300 15.0880241244482
1 1000 27.8085644592088
2 0 5.9814586499795
2 100 9.00906260726019
2 300 10.1866345811807
2 1000 12.6374799268316
3 0 4.90508054570325
3 100 6.44800375692122
3 300 11.1735497630759
3 1000 18.5250387277114
4 0 8.81807846014347
4 100 12.2315062411828
4 300 18.1048896091292
4 1000 26.3444575760717
5 0 5.67253443853783
5 100 6.33725043649889
5 300 9.74592168477641
5 1000 17.1167764169032
6 0 8.53154160616679
6 100 18.8898180921139
6 300 26.8487064471751
6 1000 41.6478017216814
7 0 6.8466061774698
7 100 16.8217626356445
7 300 23.3821333242107
7 1000 31.2394391022544
8 0 4.9452692512874
8 100 6.21214218949236
8 300 6.55718423131355
8 1000 10.4575508057604
9 0 6.36926202598134
9 100 18.0333170157302
9 300 34.7950415161534
9 1000 61.6002113584621
10 0 5.19191216541001
10 100 13.563879584938
10 300 23.908166581933
10 1000 38.9003789134357
11 0 6.01846168938551
11 100 8.00925264423512
11 300 12.6553115923351
11 1000 13.6583546331093
12 0 6.35536682938725
12 100 11.6873001421965
12 300 12.2128272466146
12 1000 12.6815252429623
13 0 6.89127154190033
13 100 7.8158075164757
13 300 11.7501856985502
13 1000 13.020062069182
14 0 7.82359406835582
14 100 19.1273061970175
14 300 28.0393213285962
14 1000 38.9291208362181
15 0 4.18122346561285
15 100 9.50740757711985
15 300 12.3969473033492
15 1000 27.6128331640716
16 0 3.88415500923599
16 100 15.078154761397
16 300 32.4624834756246
16 1000 59.8145665694182
17 0 6.66239105552471
17 100 14.1872051707595
17 300 21.4650581672443
17 1000 29.4621848373471
18 0 4.9900083261801
18 100 7.59938444339916
18 300 12.9480560463839
18 1000 19.196304145262
19 0 5.4707067061103
19 100 7.06178345480711
19 300 15.004513180093
19 1000 29.519091496401
20 0 4.62068540164609
20 100 8.52351450952497
20 300 10.1758444837056
20 1000 16.5228100743024
21 0 7.66283052438308
21 100 8.87868812502723
21 300 13.2634263296833
21 1000 20.4571479620447
22 0 3.85680643994363
22 100 6.2634197852774
22 300 11.1170082286885
22 1000 15.1388084423976
23 0 5.12760376173525
23 100 18.0847187159853
23 300 29.9827834115356
23 1000 49.2773485043551
24 0 5.09710683053265
24 100 14.5669060776807
24 300 21.4603012831857
24 1000 28.6084388172534
25 0 4.90595802893689
25 100 11.5563642903061
25 300 18.8700829676622
25 1000 34.6280889296037
26 0 3.89558211121656
26 100 6.83494149896964
26 300 11.91736462221
26 1000 20.6781112731364
27 0 5.80932088464882
27 100 10.6717108500363
27 300 15.1585270376711
27 1000 29.989409409145
28 0 5.73250045513076
28 100 9.95442476130184
28 300 14.3038408374444
28 1000 18.8770109484445
29 0 5.96034229582895
29 100 6.78598456440644
29 300 10.2815009363022
29 1000 10.4374124209501
30 0 3.74781504467116
30 100 9.96587545274986
30 300 20.5982654081996
30 1000 19.8884140905223
31 0 4.87503654179214
31 100 8.21355200738446
31 300 13.0869187404267
31 1000 17.504202318663
32 0 5.9638622959042
32 100 8.45289568093748
32 300 13.9629991311004
32 1000 19.248971580771
33 0 7.87035785270858
33 100 13.8421749554885
33 300 18.7007855240478
33 1000 34.8809630204978
34 0 4.08949805440901
34 100 8.19198183817336
34 300 12.2058023687781
34 1000 17.8564435972994
35 0 7.23960119187197
35 100 9.74363033250057
35 300 19.238407473946
35 1000 38.3022536097758
36 0 5.68580281840242
36 100 8.87748037228624
36 300 17.0034386292781
36 1000 28.8643062250549
37 0 3.85987885526068
37 100 11.2312947840886
37 300 22.5494114543428
37 1000 45.1584669859457
38 0 4.84725311592092
38 100 9.31622037557069
38 300 11.5450030692163
38 1000 21.6155274062359
39 0 10.2918820067418
39 100 14.8304950401536
39 300 16.0869311618926
39 1000 22.7710230009534
40 0 3.14259204613172
40 100 14.1605711793126
40 300 18.0250171714964
40 1000 25.779970648444
41 0 4.69872689709429
41 100 9.89928789371118
41 300 21.4016455448688
41 1000 37.4868098387483
42 0 6.34155748750382
42 100 9.00386756519184
42 300 17.1128431320773
42 1000 22.3115469857036
43 0 4.30037562802142
43 100 12.0831072964146
43 300 17.8156853049153
43 1000 26.1714985019781
44 0 4.98251183579744
44 100 25.9833748159769
44 300 38.7668864608067
44 1000 73.4398330377373
45 0 10.7209217077217
45 100 12.2766774768811
45 300 21.5636511991367
45 1000 29.6510180563786
46 0 3.00692444485065
46 100 15.6127709864671
46 300 30.8800582285401
46 1000 88.5734929409602
47 0 5.08702680975057
47 100 13.2307329559385
47 300 16.0818375345237
47 1000 23.3097180653474
48 0 8.56513569979673
48 100 19.8061818033343
48 300 41.0394691130451
48 1000 67.2390798550602
49 0 4.42225533452348
49 100 9.07505900489588
49 300 16.7972319217329
49 1000 23.227303619285
50 0 10.0291045334499
50 100 11.9121366780801
50 300 17.7308639427994
50 1000 30.3081710890073
51 0 6.02575424850752
51 100 9.85510469923946
51 300 14.0349969027124
51 1000 18.9601670093428
52 0 6.7405468597387
52 100 10.6812870300568
52 300 14.1517686203016
52 1000 23.4281570980022
53 0 5.92469480420793
53 100 22.097171304926
53 300 39.6150992179426
53 1000 66.9900328313566
54 0 6.54475594458319
54 100 13.714325866033
54 300 30.4133639531324
54 1000 62.3042617732197
55 0 5.78104597261144
55 100 18.2950477743262
55 300 22.0843144609825
55 1000 30.8565765988865
56 0 5.01741451318544
56 100 14.4218192117142
56 300 18.218316595447
56 1000 34.2408751861769
57 0 2.18243487750671
57 100 7.40180816765626
57 300 13.5293071392802
57 1000 25.5632972746812
58 0 3.91675864351641
58 100 9.37336424463884
58 300 10.2730751874774
58 1000 15.9571932357826
59 0 4.24086460033811
59 100 8.13956853645061
59 300 14.310491062727
59 1000 30.165984436131
60 0 4.58471760877181
60 100 7.88923383469891
60 300 13.0490821482509
60 1000 16.3979615353839
61 0 3.73959629735006
61 100 11.1470507123811
61 300 19.942958675525
61 1000 31.9682924821076
62 0 5.97419467783279
62 100 8.86297193704905
62 300 12.3153809683584
62 1000 12.3201185932504
63 0 6.52623631362798
63 100 16.0790512586744
63 300 20.205242580519
63 1000 23.3902506056105
64 0 5.62445202807409
64 100 7.93383195590272
64 300 15.0393006389425
64 1000 20.8808187628899
65 0 3.73117099183464
65 100 5.19018344261778
65 300 10.1356004079303
65 1000 17.8021880827885
66 0 4.23791452245044
66 100 17.7290582600438
66 300 31.5277172699189
66 1000 51.1854095366999
67 0 4.69181798793678
67 100 18.2254640304646
67 300 34.2304763264456
67 1000 53.9249339806391
68 0 2.01559529441614
68 100 11.935597180804
68 300 28.0449602871795
68 1000 57.7238908211635
69 0 8.87432426647713
69 100 13.8968826277293
69 300 30.3225384824596
69 1000 43.4733298272159
70 0 7.43583904458585
70 100 11.7441043362286
70 300 23.5910162793113
70 1000 37.3526503339334
71 0 5.6569229643381
71 100 14.6115830453878
71 300 25.4326493547227
71 1000 33.0544439321486
72 0 4.10298612335246
72 100 6.6021032853473
72 300 9.1224536133871
72 1000 12.2227251497663
73 0 6.74694607074428
73 100 10.7391028333936
73 300 19.6124881691836
73 1000 26.3062658567356
74 0 4.14726248751956
74 100 6.95788255723996
74 300 8.51232118922076
74 1000 15.1433493277325
75 0 4.35382082887839
75 100 8.03862545295988
75 300 16.5912121823342
75 1000 24.4390395942176
76 0 3.93834934960218
76 100 8.45816166358059
76 300 14.6906439219393
76 1000 17.8816926669866
77 0 3.89643401836833
77 100 7.89359345777574
77 300 11.9561706071176
77 1000 25.3136461817429
78 0 4.32062315880072
78 100 8.05954263400726
78 300 18.5512141280562
78 1000 28.6601664403069
79 0 2.76265681500509
79 100 8.36635253595771
79 300 13.3778565244385
79 1000 23.6940413129648
80 0 6.58981016815058
80 100 18.160819636544
80 300 25.5841032830466
80 1000 51.7867599674154
81 0 4.70403411073197
81 100 5.94810619381759
81 300 7.03315713422659
81 1000 10.8363636962535
82 0 4.19515679312847
82 100 9.44587563764099
82 300 21.8937066686265
82 1000 32.7811021420517
83 0 7.47820968723501
83 100 29.6996707892917
83 300 49.6168315769364
83 1000 54.8806728521101
84 0 5.97462798487703
84 100 20.2562615668771
84 300 26.4203091875922
84 1000 32.1500037548011
85 0 3.36984311590323
85 100 16.3872735516319
85 300 31.2085149337413
85 1000 45.4863138806083
86 0 6.65383440769736
86 100 9.04870282647087
86 300 11.1686969684604
86 1000 14.5125717412418
87 0 5.4975044914476
87 100 9.8424327173715
87 300 10.2004777756932
87 1000 16.5647581434429
88 0 3.69814944681915
88 100 5.91366523061119
88 300 7.13590797509532
88 1000 10.2095869695047
89 0 4.69377215247227
89 100 12.1383646659273
89 300 19.5609961153836
89 1000 33.9483309540286
90 0 7.28885534438889
90 100 11.3941257914544
90 300 13.6821972529542
90 1000 17.8454445673279
91 0 5.22453451002056
91 100 8.11150791702963
91 300 18.0902367234025
91 1000 30.6284271002673
92 0 3.81747108261991
92 100 10.0376412586675
92 300 20.0077380349809
92 1000 20.1823728394431
93 0 4.95534021492512
93 100 5.77207655392546
93 300 8.43867957114742
93 1000 9.38437566239395
94 0 4.99244149556958
94 100 8.91425478070938
94 300 12.5473774855067
94 1000 13.5305564610266
95 0 7.04142835069537
95 100 7.77938521687306
95 300 12.8064946144741
95 1000 28.0628951713113
96 0 10.240995691892
96 100 12.128267064375
96 300 14.4377275628728
96 1000 21.9937939162512
97 0 4.19888643240892
97 100 17.39505850124
97 300 31.8433014183057
97 1000 34.8117899050654
98 0 5.300789997919
98 100 9.5404375546346
98 300 15.9900470580597
98 1000 22.8804788814344
99 0 5.67937613465762
99 100 9.40999390679612
99 300 15.8294425391889
99 1000 25.7018248784015
100 0 3.66062591646256
100 100 6.22225919675268
100 300 14.5906615979941
100 1000 26.8089113448922
