id dose y
1 0 4.70365986865008
1 100 8.58091140910067
1 300 11.8980033872042
1 1000 14.0555123783805
2 0 4.78255144364711
2 100 8.78450609313489
2 300 16.8826328837386
2 1000 29.3068268055556
3 0 3.88768591996306
3 100 13.3074049848828
3 300 28.4263503333195
3 1000 35.524773207247
4 0 4.40448036259826
4 100 7.09680590106912
4 300 12.3150105419259
4 1000 19.6330961954157
5 0 5.13979269938896
5 100 9.28836573976548
5 300 13.6738294052442
5 1000 25.2177239121177
6 0 4.15053038769902
6 100 9.51956445875656
6 300 11.094467856828
6 1000 14.4656519865058
7 0 4.51583961374431
7 100 9.06470619385143
7 300 12.2795621807647
7 1000 19.9961007366509
8 0 5.49428153569912
8 100 8.78484799663532
8 300 14.0050297522332
8 1000 22.2012673216183
9 0 7.73062046159191
9 100 12.8757657666427
9 300 17.4341240507319
9 1000 20.0797220659813
10 0 6.18444665490484
10 100 11.6926444117771
10 300 16.3802025906258
10 1000 17.847305912179
11 0 2.61170850448981
11 100 16.4905129671195
11 300 29.9794867245181
11 1000 55.414864478454
12 0 4.25546553261891
12 100 7.9902519734694
12 300 13.7773322215959
12 1000 19.6984917644773
13 0 4.42963191571421
13 100 6.6558456559333
13 300 12.5403504704292
13 1000 22.923935665116
14 0 5.71414297797886
14 100 16.3939463029581
14 300 28.1284775105706
14 1000 48.5090926788071
15 0 4.23430495068082
15 100 13.2869082165479
15 300 19.904598569012
15 1000 29.3377788806162
16 0 2.29398454312556
16 100 4.07420298745105
16 300 9.0711413617717
16 1000 13.7993408982234
17 0 6.95865632423185
17 100 13.1554955786569
17 300 20.8484632882494
17 1000 18.7808180545063
18 0 3.51969187365525
18 100 8.6495840329198
18 300 15.6147065977112
18 1000 22.9443561478175
19 0 7.28724330639087
19 100 14.5644133689662
19 300 17.9193190869944
19 1000 32.2885842699312
20 0 4.25809087851583
20 100 5.94552635556159
20 300 6.24450198297684
20 1000 10.243236948293
21 0 4.65947927449326
21 100 17.4365825233811
21 300 41.4746474223596
21 1000 61.5210118886559
22 0 18.6018982066414
22 100 26.4655247454487
22 300 29.5675561978423
22 1000 35.9384437442247
23 0 6.48528819933962
23 100 11.3409558238965
23 300 16.1445106830754
23 1000 27.671359003931
24 0 6.95703148677208
24 100 14.351643382137
24 300 21.0697024832589
24 1000 29.4830166380579
25 0 4.90477416953347
25 100 8.47492408618307
25 300 14.9326370199288
25 1000 28.0879742685507
26 0 3.92320188251001
26 100 8.32723328542202
26 300 12.1830208242693
26 1000 20.9827714751118
27 0 3.53472916351349
27 100 5.63033272613955
27 300 8.90864419711913
27 1000 12.7909151557454
28 0 4.00454265301263
28 100 13.523060061226
28 300 29.4948632638696
28 1000 45.9869716399048
29 0 6.76223721933112
29 100 9.51872603893218
29 300 15.2251265251128
29 1000 22.5752738171139
30 0 4.02622080881576
30 100 8.91215644352413
30 300 13.8654241080036
30 1000 26.8054045927123
31 0 3.27076608463985
31 100 8.45884209969994
31 300 13.1332046680097
31 1000 18.4795088947191
32 0 5.63624540756146
32 100 11.1185849761394
32 300 12.1186422201725
32 1000 14.4578028059815
33 0 5.28329151678289
33 100 10.9741797257709
33 300 9.62041146018236
33 1000 20.9870911427199
34 0 5.38440114181684
34 100 7.30225670380807
34 300 7.94136080729108
34 1000 12.9014091778559
35 0 6.12041321266727
35 100 9.58548743966946
35 300 12.8034414292729
35 1000 24.7460522494723
36 0 5.06125881219308
36 100 23.5672548372652
36 300 37.0734933549622
36 1000 70.4422081910842
37 0 4.38352552339169
37 100 14.3444750595501
37 300 22.8729173031511
37 1000 31.6708808128875
38 0 6.18130561598106
38 100 12.0452940877908
38 300 20.2604812189567
38 1000 31.4346117772288
39 0 5.16136603589414
39 100 13.8424426902117
39 300 17.7924404848359
39 1000 23.4778106267202
40 0 3.49748294115994
40 100 34.5854011007609
40 300 80.843429503937
40 1000 118.582645694054
41 0 6.55208628523793
41 100 18.1644954787987
41 300 50.5484347130804
41 1000 67.506981000837
42 0 6.22794115892474
42 100 12.2713836785201
42 300 21.5649598174712
42 1000 32.0487796029019
43 0 5.88999275474026
43 100 8.75248744287043
43 300 15.3515838301673
43 1000 26.9324945787564
44 0 5.45194905451809
44 100 7.10993625431408
44 300 8.43240412164523
44 1000 7.81445312419095
45 0 6.21204330686009
45 100 10.442032168039
45 300 15.3395426117939
45 1000 22.1437987110171
46 0 4.60360598052177
46 100 6.64008174588369
46 300 8.82639708814908
46 1000 12.0675947217371
47 0 7.9133618180903
47 100 8.8066554309565
47 300 11.9682840485949
47 1000 18.2648978078475
48 0 5.01157880524053
48 100 12.8820337919133
48 300 20.9949186726004
48 1000 51.5550952122023
49 0 3.30115431908367
49 100 7.36834804307995
49 300 9.79765007317271
49 1000 14.3762024088099
50 0 3.66776056581621
50 100 7.06841984447346
50 300 7.67074137183329
50 1000 9.94182406657668
51 0 4.90745688992976
51 100 8.25398207486491
51 300 10.4049263977041
51 1000 16.1069582183781
52 0 5.53570308835398
52 100 20.5561416232898
52 300 30.0851086959871
52 1000 56.0197849441813
53 0 3.54839575998517
53 100 7.92478727430521
53 300 16.6210627183479
53 1000 20.2254432667434
54 0 3.21318191191209
54 100 12.0600142043638
54 300 24.8126899540246
54 1000 29.2347215313521
55 0 9.34666860766306
55 100 24.9514470204072
55 300 34.1161825175591
55 1000 58.9437550307864
56 0 4.23810256262157
56 100 7.68036112861201
56 300 11.168215392854
56 1000 19.652860917154
57 0 3.24623834278903
57 100 6.92447095229764
57 300 11.604395315049
57 1000 12.7320246714477
58 0 9.99789781765694
58 100 20.02922808615
58 300 38.1551930445415
58 1000 42.7483494444948
59 0 3.3614147131738
59 100 11.7364840032963
59 300 22.3795403910995
59 1000 31.3301649040272
60 0 3.26386028206449
60 100 6.11605307915504
60 300 10.8399415294277
60 1000 11.5622380502951
61 0 3.76665425787877
61 100 8.92332770082743
61 300 15.0033594620757
61 1000 20.8257869271934
62 0 3.91119421159644
62 100 12.4171152205988
62 300 22.1769620177727
62 1000 21.1810674586955
63 0 2.92396403306561
63 100 10.8726124986672
63 300 14.7809615873404
63 1000 21.5144905969098
64 0 4.33710943091111
64 100 7.4355024255263
64 300 12.2967865158084
64 1000 20.6212733064546
65 0 8.32950354928136
65 100 19.2237249680089
65 300 33.5283423698369
65 1000 40.8001212409234
66 0 4.99292672591361
66 100 7.91863185493638
66 300 11.9572876415933
66 1000 12.6942129901217
67 0 4.39179901354903
67 100 8.65302850144027
67 300 15.2204068661509
67 1000 33.345527336131
68 0 5.91666861505982
68 100 18.3570843238899
68 300 37.4307271922102
68 1000 46.83555509557
69 0 5.23821321368577
69 100 14.793940304112
69 300 30.3651621704127
69 1000 51.8553092206176
70 0 5.21068645118322
70 100 8.14045688505538
70 300 13.4067221168028
70 1000 19.9541735027108
71 0 6.91230163786283
71 100 28.1063952849346
71 300 53.4467579737432
71 1000 77.0216287514239
72 0 6.47846232746092
72 100 12.3513870789504
72 300 13.5926359802744
72 1000 19.8595858778257
73 0 5.24896204869754
73 100 8.53906581289385
73 300 12.316475865276
73 1000 16.8844839980523
74 0 2.96351502487541
74 100 5.61372079512025
74 300 9.46252459376805
74 1000 15.6896416884734
75 0 4.80880552666643
75 100 5.17320285212983
75 300 7.61756347990182
75 1000 9.75732229416708
76 0 4.24104296646715
76 100 8.74940035601007
76 300 11.7556672662152
76 1000 20.2815903083554
77 0 3.29242288976413
77 100 8.38510656960886
77 300 15.7250667183777
77 1000 28.6911371041549
78 0 5.01071958294382
78 100 8.66163382130206
78 300 8.59571189999257
78 1000 11.6285766347325
79 0 5.24900297329479
79 100 10.810526442429
79 300 18.8273863581481
79 1000 24.2217197191151
80 0 4.72696168632423
80 100 6.0557794631991
80 300 9.78846325090815
80 1000 13.6233679350391
81 0 3.32479997557255
81 100 11.9106579069491
81 300 16.3837734355313
81 1000 28.3511467329389
82 0 5.76267922154965
82 100 15.0272643753763
82 300 21.9641353914787
82 1000 24.6423922304756
83 0 4.33106332998112
83 100 8.28031452049631
83 300 10.9817680787914
83 1000 23.7576624403962
84 0 3.92545271844304
84 100 14.2067209187852
84 300 24.6595661252171
84 1000 43.8160792614382
85 0 4.03752814897821
85 100 8.28006618668382
85 300 12.6387544943916
85 1000 32.6608880225512
86 0 4.75668572571588
86 100 5.04298167755071
86 300 7.49566640704181
86 1000 11.0739181844762
87 0 3.7246687858451
87 100 6.42477413697389
87 300 9.96193190241626
87 1000 16.7880421027094
88 0 3.41616714328477
88 100 11.3439958058408
88 300 16.9656566777349
88 1000 29.8084951406997
89 0 6.59581742683626
89 100 16.5154466030791
89 300 29.1094902623973
89 1000 47.2829842389288
90 0 4.26857128383469
90 100 13.2293130702481
90 300 25.0273543421503
90 1000 36.5244043315794
91 0 7.16683564158413
91 100 16.4897739345389
91 300 34.5475413843663
91 1000 62.5602640230258
92 0 2.98618849511076
92 100 5.481930602234
92 300 10.467840615234
92 1000 15.9678075888559
93 0 9.82158962926946
93 100 19.8543837607187
93 300 29.9142366873734
93 1000 43.3162098205342
94 0 5.53340164566818
94 100 10.0853171401069
94 300 16.2421015250106
94 1000 17.8956999297282
95 0 3.52016985518148
95 100 11.6344952490341
95 300 21.8530194351791
95 1000 34.8761397835063
96 0 5.58444494344683
96 100 11.1449408917411
96 300 18.7239160125406
96 1000 23.0221802456999
97 0 4.5592924324046
97 100 6.82689984812969
97 300 7.31744975516955
97 1000 9.07988233784213
98 0 5.03359245973175
98 100 8.72337293884459
98 300 15.9053465880737
98 1000 30.7934123853576
99 0 5.27926211931421
99 100 9.66153100994872
99 300 13.5865011375216
99 1000 14.936060034767
100 0 5.67091797629569
100 100 12.2676914187103
100 300 20.4608894092212
100 1000 37.5292825886593
