id dose y
1 0 3.52994543921333
1 100 9.88571683310087
1 300 13.7348034852672
1 1000 15.7149313218107
2 0 2.61613311374445
2 100 9.5228041030048
2 300 16.8692281177221
2 1000 18.8353841065853
3 0 2.82861198760739
3 100 5.56908840017382
3 300 8.03695393872204
3 1000 10.3691945737344
4 0 4.10745671200497
4 100 11.7085614591799
4 300 28.5800911785424
4 1000 42.2145870504473
5 0 3.84705201553371
5 100 6.5683716278288
5 300 11.8955588303686
5 1000 21.1641748378143
6 0 4.47894882489942
6 100 9.46155294509727
6 300 10.8470368161957
6 1000 20.7769303034616
7 0 7.26260988793284
7 100 11.3598046619546
7 300 18.2850465745418
7 1000 37.3856440052907
8 0 7.08227667503111
8 100 9.12915085661515
8 300 12.8844232534465
8 1000 22.246603434434
9 0 3.31449321092828
9 100 5.52035332702172
9 300 7.76293102474484
9 1000 9.36213693195661
10 0 3.55327248146445
10 100 10.9607550500227
10 300 23.8409318293084
10 1000 51.0876825833775
11 0 2.08612354518458
11 100 9.56495022225997
11 300 23.6929488146099
11 1000 33.7887610214843
12 0 8.43972505031747
12 100 16.6908199359609
12 300 26.5464351307673
12 1000 36.5217227770769
13 0 4.23724650181265
13 100 10.1092466160694
13 300 20.1517259684121
13 1000 23.2817855767593
14 0 4.32446284952919
14 100 9.26256741997313
14 300 24.10583715667
14 1000 45.8005138049051
15 0 3.82118967617612
15 100 6.4065390463691
15 300 11.1048978206078
15 1000 20.313326764101
16 0 3.73289433615431
16 100 8.83127578060205
16 300 19.8233012393442
16 1000 27.1990868060266
17 0 3.29121463048239
17 100 11.3031684926939
17 300 19.2674451324536
17 1000 38.9232732593086
18 0 3.5542649000036
18 100 4.73163218495662
18 300 8.4966888145269
18 1000 12.7718328510035
19 0 5.20675180202016
19 100 10.319103040213
19 300 17.1946091992813
19 1000 21.4608928735938
20 0 8.29219845880096
20 100 11.2444868208328
20 300 13.7189074220153
20 1000 22.6346743952817
21 0 3.10333003402917
21 100 19.4462011750063
21 300 49.4160503212623
21 1000 120.061153835557
22 0 5.7577331171282
22 100 12.8946205472278
22 300 22.8874152990915
22 1000 36.6965393359716
23 0 3.74885583584493
23 100 6.46145923346417
23 300 8.02930619662297
23 1000 10.7506870234877
24 0 11.0545531702737
24 100 19.4683657725293
24 300 21.2369715973234
24 1000 36.5867036709504
25 0 5.08759136471267
25 100 11.1386125037984
25 300 19.2286964651983
25 1000 25.8357217372537
26 0 4.59030474954444
26 100 10.7212418249611
26 300 19.0478695244044
26 1000 30.4468518673347
27 0 6.95470519696097
27 100 14.4277293652188
27 300 29.3258924548909
27 1000 59.559908922043
28 0 8.2805049671913
28 100 9.31716101193269
28 300 10.6109934917397
28 1000 19.0821659098058
29 0 6.74627563332163
29 100 23.2294841393307
29 300 34.1393937803251
29 1000 76.9602793215094
30 0 3.33913240691516
30 100 6.70695013857492
30 300 7.9318468345596
30 1000 9.34434950848309
31 0 6.21024363589477
31 100 25.4184148984947
31 300 35.9563406215383
31 1000 34.7283942152624
32 0 6.22450189320399
32 100 9.08350283363274
32 300 15.3472533609547
32 1000 23.9394127049964
33 0 4.23693913602891
33 100 13.6275971487856
33 300 25.7904500575443
33 1000 35.1259239316161
34 0 3.85743334808196
34 100 5.74689400320139
34 300 6.4908844726674
34 1000 11.1645094428672
35 0 5.92527779392817
35 100 12.2426763325159
35 300 16.0474772636584
35 1000 16.6951373667355
36 0 5.0092664429485
36 100 9.96504266679683
36 300 16.2761252675962
36 1000 35.8838520824349
37 0 3.20568185415445
37 100 7.00290764456935
37 300 10.6661891945844
37 1000 13.0212793193459
38 0 3.73051202887193
38 100 24.230570377063
38 300 43.1405699228475
38 1000 72.5423955981839
39 0 3.82058147032156
39 100 14.8881102120156
39 300 24.8640121952856
39 1000 36.3947034385115
40 0 4.85786733361044
40 100 13.667249962099
40 300 21.8313812133003
40 1000 30.9686466952042
41 0 6.81478152165752
41 100 13.7451683576458
41 300 24.8493653149331
41 1000 53.7368177761957
42 0 5.79110764457752
42 100 7.74721170862362
42 300 11.2938827534179
42 1000 19.5243552764009
43 0 5.0881060111272
43 100 14.3900846822478
43 300 18.2601777328584
43 1000 24.9756977051656
44 0 3.28543676650599
44 100 6.41312843812833
44 300 8.8984000341551
44 1000 13.6961512602185
45 0 6.54065443316624
45 100 9.4735912656334
45 300 17.6594956005559
45 1000 27.2916508618379
46 0 4.54499676513706
46 100 9.33364399995553
46 300 17.4880434386448
46 1000 23.8580357086654
47 0 5.05337545914911
47 100 10.2392941918874
47 300 12.5643116222432
47 1000 22.3151247204928
48 0 6.37937227336763
48 100 14.7261519552852
48 300 25.1276558377315
48 1000 56.1332407185493
49 0 3.2522488856309
49 100 7.38459431548816
49 300 13.9747932591305
49 1000 24.8510904002691
50 0 5.23782111439783
50 100 7.75310855373348
50 300 16.4485942190492
50 1000 22.4299277644664
51 0 6.5462511679015
51 100 26.2962923568978
51 300 55.7582230953739
51 1000 76.1985878917373
52 0 4.07011505156914
52 100 10.9675065916463
52 300 21.4188803453018
52 1000 28.8759994735397
53 0 5.71103720248336
53 100 12.7283249528951
53 300 18.6788263311104
53 1000 25.1941280169049
54 0 4.05792262106059
54 100 5.06468666911832
54 300 7.53424807079182
54 1000 13.9008011967189
55 0 9.20374260129641
55 100 11.2695533904773
55 300 12.2495747932134
55 1000 20.3316403044825
56 0 7.06526606526281
56 100 12.1675564107879
56 300 15.5274789977547
56 1000 13.9002798182032
57 0 4.41136604924429
57 100 9.89802213903022
57 300 19.9822037331863
57 1000 21.9768972785561
58 0 4.35495848593208
58 100 12.340127970626
58 300 13.7470662856193
58 1000 17.1507836745978
59 0 3.7305645514142
59 100 7.24640797773248
59 300 11.6791230297941
59 1000 22.9942664377666
60 0 2.8591271031403
60 100 8.01549006380307
60 300 11.6208928272275
60 1000 13.5698544967642
61 0 5.68346716302689
61 100 9.34061106379422
61 300 18.0747553371765
61 1000 26.9617907447627
62 0 2.89008189467013
62 100 5.54546279508548
62 300 8.28822982141863
62 1000 15.6829437761739
63 0 6.34811085452063
63 100 16.3896750157324
63 300 22.1683288164669
63 1000 27.2274674625301
64 0 7.26948372479824
64 100 9.04915739174686
64 300 11.5481473553829
64 1000 17.2188744094856
65 0 9.02318380795964
65 100 12.5082894009502
65 300 24.1478078587594
65 1000 34.4803844619543
66 0 6.28314733716411
66 100 15.9095570497016
66 300 29.7691738325853
66 1000 39.5955574059959
67 0 10.1858271996241
67 100 15.4223239559354
67 300 21.4680564413978
67 1000 32.5096320393533
68 0 5.95545702632382
68 100 14.1911473073761
68 300 19.0878560892006
68 1000 31.9501341811821
69 0 3.71445850970688
69 100 13.0833426252981
69 300 23.303020080571
69 1000 43.1635291266812
70 0 5.6849790628416
70 100 8.00389230069622
70 300 11.2260993369367
70 1000 12.2044740367973
71 0 6.36998452806815
71 100 11.7334430844929
71 300 18.5013860393363
71 1000 19.424368968014
72 0 4.67311531662126
72 100 6.19312139671933
72 300 9.19741518186783
72 1000 16.4143473977633
73 0 6.26444476464527
73 100 9.5461581594419
73 300 14.8103863254322
73 1000 17.4799862663676
74 0 5.35958724687105
74 100 7.72250996663728
74 300 8.93732143454439
74 1000 18.6847109718892
75 0 6.99132562713978
75 100 16.6552827918479
75 300 24.3854005472283
75 1000 25.9444337848409
76 0 2.61963701680349
76 100 8.97123106861476
76 300 14.3652557472448
76 1000 24.3187120852862
77 0 5.72041489501728
77 100 8.42732654623945
77 300 17.6576035609921
77 1000 26.220649760785
78 0 2.50749485727293
78 100 5.28650385152177
78 300 8.93100568056701
78 1000 16.6607310802296
79 0 4.53707182408473
79 100 8.28574775174811
79 300 12.8902816370694
79 1000 17.7352175605295
80 0 4.59345685398232
80 100 9.57619874399745
80 300 13.0895010189834
80 1000 22.8375967876406
81 0 4.38191748633798
81 100 8.03350012419963
81 300 14.1802744363063
81 1000 21.7091817433168
82 0 6.70371902568361
82 100 18.3631619755432
82 300 28.9359318976796
82 1000 32.0340246704931
83 0 5.56218299887414
83 100 6.13996175502219
83 300 9.46694741160374
83 1000 12.612908975644
84 0 4.14684028662806
84 100 7.0549715372012
84 300 13.1685066916218
84 1000 20.6495003589656
85 0 4.90243158150152
85 100 12.2350036764865
85 300 20.2048245519582
85 1000 27.0383930875218
86 0 6.54761219489054
86 100 12.1559760856749
86 300 20.1588238347279
86 1000 28.9222310522439
87 0 4.67020153697124
87 100 12.8721811570453
87 300 24.5828932185026
87 1000 29.851135714291
88 0 7.97886738898647
88 100 16.6763429031087
88 300 26.9700744990196
88 1000 47.9320735372398
89 0 3.17934551136719
89 100 7.77274585233186
89 300 15.3359540885929
89 1000 30.601033402996
90 0 2.93585298563804
90 100 6.95996531904613
90 300 13.8387126348259
90 1000 23.1237087629057
91 0 4.72276677002512
91 100 8.47924779175956
91 300 13.6945031757844
91 1000 21.7460476267387
92 0 3.11086491948086
92 100 20.9879564255817
92 300 47.3639766942186
92 1000 110.860821956258
93 0 4.36643948058128
93 100 10.7482049567553
93 300 18.0466273693478
93 1000 32.6922077300104
94 0 5.00021634826011
94 100 9.81099085156669
94 300 20.8075672811288
94 1000 36.5823768321258
95 0 7.23278118952549
95 100 12.0925836848491
95 300 13.2112905400145
95 1000 18.8457454247495
96 0 2.10348196561037
96 100 8.25300743010487
96 300 12.6387183478846
96 1000 31.1802644874944
97 0 4.85376734894019
97 100 13.9706928688537
97 300 29.3228557717112
97 1000 38.1038740598358
98 0 5.5483375745337
98 100 8.83433500279972
98 300 12.6188723436938
98 1000 13.9864946067667
99 0 4.14768780350183
99 100 7.73404223901014
99 300 12.5113831077075
99 1000 18.677703247028
100 0 6.70646402704844
100 100 14.3541233005251
100 300 19.4772073865336
100 1000 30.2575118466514
