id dose y
1 0 4.81141080015006
1 100 9.32968326748848
1 300 15.4475701365824
1 1000 22.3957204256192
2 0 6.55809719557914
2 100 11.6884938412553
2 300 15.2198770660393
2 1000 19.5071885879721
3 0 5.86254433343187
3 100 8.57792153578152
3 300 14.4103497537543
3 1000 22.2471991227881
4 0 4.14081018435419
4 100 10.7737641177098
4 300 16.9344254470104
4 1000 25.3068608358295
5 0 6.09898059208544
5 100 10.0248062900019
5 300 15.4825349258286
5 1000 26.8267522877233
6 0 3.97858429846587
6 100 8.10409994386393
6 300 11.5476052324094
6 1000 29.146587144126
7 0 7.8607377153023
7 100 9.48248080526767
7 300 10.2823622092369
7 1000 15.4083441526221
8 0 4.40212196742621
8 100 10.8550674315652
8 300 17.3834657954029
8 1000 34.5897022857928
9 0 5.28489496491802
9 100 24.6937797090165
9 300 41.6289112977826
9 1000 54.950757060382
10 0 2.63828091739399
10 100 5.02573457893657
10 300 6.13753804676356
10 1000 14.0760484895587
11 0 6.87704725594446
11 100 17.7595087785511
11 300 29.6755745205042
11 1000 53.1077787372148
12 0 9.39857755428132
12 100 14.6103321125839
12 300 21.5474654368984
12 1000 39.3309463116096
13 0 6.40002003421434
13 100 11.7173967278393
13 300 20.0843422088285
13 1000 37.0445834814752
14 0 4.28268320621228
14 100 11.5680700379584
14 300 22.509127716556
14 1000 24.4353820767057
15 0 6.73917547311612
15 100 15.6015513932629
15 300 27.9902606448271
15 1000 33.1814157835527
16 0 3.25644692150448
16 100 5.18262103566688
16 300 6.9348060693725
16 1000 10.4660479465492
17 0 5.56293827682474
17 100 9.49277276183571
17 300 16.2961911568086
17 1000 24.5961115228559
18 0 5.15137326862223
18 100 9.40582599863046
18 300 13.1206874604814
18 1000 12.236103087742
19 0 5.40347838516434
19 100 9.62514603375307
19 300 12.6651274708831
19 1000 16.7563805546696
20 0 4.27994359447144
20 100 8.31696119491733
20 300 10.7977781048758
20 1000 15.7668018663242
21 0 4.49933568031563
21 100 9.88607665949309
21 300 15.9025667704398
21 1000 27.4798858678721
22 0 4.00761185973081
22 100 6.47414943659865
22 300 9.71091784659122
22 1000 19.8776053145764
23 0 2.66697516444361
23 100 9.48551485797011
23 300 18.067832652471
23 1000 25.496849477437
24 0 4.9771137625541
24 100 12.5651636135194
24 300 18.9201700278491
24 1000 22.3986177244685
25 0 4.498955531082
25 100 9.6611235843305
25 300 14.8111152647129
25 1000 24.7554323342056
26 0 5.71752840562186
26 100 8.27809413834347
26 300 13.4908353464177
26 1000 13.9262778095303
27 0 7.56491896940263
27 100 10.6288230343617
27 300 14.0850739859451
27 1000 28.5715373897731
28 0 7.73126405007851
28 100 19.9560143807835
28 300 46.852898005268
28 1000 76.0625338530326
29 0 4.11046042044276
29 100 5.24926505591323
29 300 6.91451703603456
29 1000 8.12083441905958
30 0 6.6015296182459
30 100 7.63994916786855
30 300 13.3347944691357
30 1000 16.2949633676077
31 0 11.3090469249337
31 100 29.2588811029626
31 300 44.7974653552254
31 1000 55.5382931970421
32 0 5.48539093863375
32 100 14.0660475501855
32 300 25.2737726775226
32 1000 35.6150980894598
33 0 6.72731906598307
33 100 9.86379644444978
33 300 17.1724693535555
33 1000 16.633930889876
34 0 4.73732689794131
34 100 17.5796813763209
34 300 27.806226763354
34 1000 65.3051106870032
35 0 6.80397029534476
35 100 25.5473211755417
35 300 35.6168194186076
35 1000 62.9598272558366
36 0 7.46611662291482
36 100 11.1928203884525
36 300 11.2032208944123
36 1000 12.3895749893918
37 0 3.49635729400247
37 100 10.9143487466972
37 300 17.4784978525882
37 1000 23.0123371795382
38 0 4.01674734040878
38 100 11.2367558295582
38 300 17.6805600720213
38 1000 36.8977868854369
39 0 4.88158925001535
39 100 7.92198815388259
39 300 12.8535254150147
39 1000 18.8281409375714
40 0 5.38937590365665
40 100 19.7609795743185
40 300 37.1785993548067
40 1000 76.7097272134252
41 0 5.05344768460695
41 100 27.6191675835511
41 300 44.6270836296785
41 1000 65.735924120873
42 0 3.04859138933001
42 100 7.01542241936444
42 300 10.3952980972197
42 1000 13.8751732981961
43 0 7.76616449019888
43 100 7.21086399200907
43 300 9.82674937351323
43 1000 14.8202451307441
44 0 5.00999351985234
44 100 10.1607300231888
44 300 14.4756490887686
44 1000 30.0082575898599
45 0 5.7032178512321
45 100 16.6570039946068
45 300 17.917532126028
45 1000 32.5470403506352
46 0 3.10573603771317
46 100 6.27933843845459
46 300 8.55272705518076
46 1000 12.4433446533126
47 0 4.37182870868511
47 100 7.48612991461624
47 300 13.6803404277372
47 1000 19.9158460999583
48 0 3.35926611472803
48 100 6.70816494821843
48 300 8.48016308314745
48 1000 12.014831899607
49 0 4.02714431852084
49 100 10.8453112279468
49 300 21.3888484277008
49 1000 43.0509381385746
50 0 5.20632158002426
50 100 10.0115605264321
50 300 14.2634721220224
50 1000 30.5878991773939
51 0 7.11082877233516
51 100 13.1118110001063
51 300 20.941426999988
51 1000 25.1949318661426
52 0 6.80890357480186
52 100 8.8290292148548
52 300 18.8691627829302
52 1000 25.7332632296652
53 0 3.07450607885363
53 100 10.239426690003
53 300 22.9874269233316
53 1000 59.7401216061789
54 0 5.53000464281757
54 100 9.55484528913587
54 300 18.4817784309311
54 1000 30.0784317041245
55 0 6.55133728984643
55 100 6.60083089271415
55 300 7.75799852738771
55 1000 7.77578765589839
56 0 7.0209939443763
56 100 15.2036121244794
56 300 26.4547764530231
56 1000 52.6779055251675
57 0 4.76972728189955
57 100 8.51203605505939
57 300 11.3314409944245
57 1000 14.7565584377267
58 0 4.67223028619843
58 100 8.41904211025302
58 300 13.4260631598212
58 1000 26.6580086906706
59 0 5.49950948894673
59 100 9.7605383000458
59 300 15.4648061682852
59 1000 35.3858275381887
60 0 3.82444595450904
60 100 9.42864479224323
60 300 12.1407007919248
60 1000 17.6173643623827
61 0 6.3319772011347
61 100 7.0016850927919
61 300 13.8536845510357
61 1000 15.3291376374272
62 0 6.12596188723825
62 100 6.76294096841614
62 300 9.51053040059644
62 1000 14.9194803357307
63 0 4.68783022704237
63 100 19.119428681455
63 300 34.3633358056096
63 1000 47.5483818783364
64 0 3.20928911956513
64 100 7.70107759212374
64 300 12.4870244675234
64 1000 14.4982590213686
65 0 6.75688181894957
65 100 17.6082583243669
65 300 25.8061334758604
65 1000 40.4692345370002
66 0 3.69697480987806
66 100 8.8459162754427
66 300 17.372943078813
66 1000 29.0829553795045
67 0 6.14671327898564
67 100 14.0651368342824
67 300 23.460500668738
67 1000 33.494919210924
68 0 9.0459627504042
68 100 9.43364441628129
68 300 13.8751484334791
68 1000 15.1962649352111
69 0 2.92119259488684
69 100 5.90605838646877
69 300 6.55301235723845
69 1000 17.820751575154
70 0 5.91412987182262
70 100 10.7107926158071
70 300 14.1101604335638
70 1000 20.4663198207002
71 0 5.62770624847085
71 100 8.22068719825713
71 300 9.20046133658299
71 1000 11.9064374794389
72 0 5.91229621575802
72 100 15.5040074123419
72 300 16.0375887053325
72 1000 21.8396671223196
73 0 5.68339312060216
73 100 9.26497818118301
73 300 12.8486590772331
73 1000 15.5708268001573
74 0 5.22123133672307
74 100 21.1474703531657
74 300 48.1876651733923
74 1000 80.0369170538816
75 0 7.38121644302199
75 100 18.8789938645293
75 300 37.1060791385776
75 1000 55.5207288665174
76 0 4.05568662243834
76 100 12.8362460437264
76 300 22.3689726134288
76 1000 38.243464442678
77 0 3.44899629255008
77 100 9.15892983781867
77 300 8.43689169828413
77 1000 10.2255807423504
78 0 5.25594491538776
78 100 8.75545565776502
78 300 13.3995723983703
78 1000 26.1211042191612
79 0 3.22566211108318
79 100 10.56723966864
79 300 18.4307757786252
79 1000 23.5879541164023
80 0 7.41532129238666
80 100 12.3750156998841
80 300 18.4155048900173
80 1000 23.6611463355007
81 0 3.99227291923524
81 100 20.7988629917618
81 300 33.0660658848487
81 1000 70.741512988377
82 0 3.15844155457254
82 100 6.63934568205284
82 300 15.1784533422486
82 1000 29.149235654946
83 0 3.43653831106272
83 100 11.2070618433046
83 300 19.0228968080779
83 1000 36.4720638768113
84 0 4.90351376207565
84 100 8.42570907160487
84 300 13.3949116949644
84 1000 24.9627045487789
85 0 4.55549784437653
85 100 7.9894669553637
85 300 12.1479259463446
85 1000 22.6787303830941
86 0 5.15851529219619
86 100 6.958022890741
86 300 12.3093224968483
86 1000 19.037337367509
87 0 6.23985723258032
87 100 16.0936419441851
87 300 29.7437347091923
87 1000 56.010657136186
88 0 4.25251243228313
88 100 13.5757250760074
88 300 18.378293365067
88 1000 22.9161991366948
89 0 5.51425195906202
89 100 8.99943672243135
89 300 16.0295654357787
89 1000 24.9168436540072
90 0 6.94724385416026
90 100 13.0580068745755
90 300 15.4385109630628
90 1000 47.8347459602421
91 0 5.86798974430404
91 100 7.85787806866197
91 300 10.9957734250393
91 1000 16.9764962167109
92 0 4.56143657818865
92 100 7.61819646234555
92 300 10.0671094759885
92 1000 15.6597769525603
93 0 4.75799313224885
93 100 6.29882639789146
93 300 8.96008008085374
93 1000 10.8419136484625
94 0 1.93489187515035
94 100 5.82851666695128
94 300 11.3147421917002
94 1000 12.6375770406103
95 0 7.78237836674603
95 100 16.5373434382167
95 300 31.5043869481463
95 1000 49.8742882983648
96 0 4.56830166994417
96 100 9.52322658005604
96 300 15.9975327640152
96 1000 20.035801768538
97 0 4.16503349210604
97 100 12.3148017768457
97 300 19.9016275782684
97 1000 31.6451624920123
98 0 5.71345354066158
98 100 9.60703361967687
98 300 12.2981744816111
98 1000 14.8823227476092
99 0 5.12746458260668
99 100 15.6395339909049
99 300 28.7321007734112
99 1000 41.1978685353171
100 0 2.69526332167069
100 100 6.97934631963292
100 300 12.5928027623622
100 1000 22.636978898396
