id dose y
1 0 4.65986737802753
1 100 12.3443729553351
1 300 16.9283762768281
1 1000 18.6440868723059
2 0 6.20077351241782
2 100 11.7377117137253
2 300 16.5114012980524
2 1000 18.5114111826743
3 0 3.53480941641464
3 100 10.4010976625166
3 300 20.6822132434904
3 1000 38.7657398001875
4 0 5.38991320420707
4 100 7.65512666248505
4 300 13.5318617865688
4 1000 19.2895171239471
5 0 5.49455872930756
5 100 11.5550424598932
5 300 20.6014169327055
5 1000 34.4991038417421
6 0 6.03789290425882
6 100 12.1709590312785
6 300 24.4997875983522
6 1000 45.0530816559848
7 0 5.73723751200176
7 100 15.2184594618411
7 300 24.8164789732193
7 1000 35.5610024576061
8 0 7.70377665412699
8 100 17.0838753743514
8 300 20.458475818307
8 1000 23.8605352946657
9 0 5.16337370605458
9 100 5.89979737517807
9 300 11.8403739162812
9 1000 14.0552364684183
10 0 4.71949310667566
10 100 11.7089173738418
10 300 23.5001392456691
10 1000 38.6408552701955
11 0 5.50398113981026
11 100 8.0980261312809
11 300 11.8555067038689
11 1000 12.4457094835139
12 0 4.67359677385744
12 100 11.3599970635914
12 300 17.8093783404867
12 1000 22.0109175164073
13 0 3.93482375716675
13 100 8.33831471725114
13 300 10.9702204686773
13 1000 14.8056343064905
14 0 4.40193913966883
14 100 8.24183827549315
14 300 9.78336604042003
14 1000 16.4497961437868
15 0 6.89566076868088
15 100 9.77367307938275
15 300 16.0301938096501
15 1000 20.503165587045
16 0 8.46502418784903
16 100 12.5796100060692
16 300 12.1848678151487
16 1000 15.754370880311
17 0 5.02270269799386
17 100 10.0390119277957
17 300 15.5078690661579
17 1000 24.8751167101563
18 0 5.61751879095623
18 100 8.83498226275331
18 300 10.2819261721959
18 1000 14.2993504412465
19 0 7.71051473300206
19 100 10.3333928649545
19 300 12.7789162980078
19 1000 14.7072853946884
20 0 3.18801079341303
20 100 7.04361993068828
20 300 15.850620908829
20 1000 41.5499343089008
21 0 5.33201211221843
21 100 7.79845948972256
21 300 14.5508444054312
21 1000 21.2190747146107
22 0 7.36257896707218
22 100 9.64686343596883
22 300 13.3736687308299
22 1000 17.3338754350387
23 0 3.16049593480493
23 100 4.72798461151357
23 300 6.20514547187563
23 1000 12.4785703853896
24 0 3.87653142191473
24 100 7.76301293682535
24 300 13.495091908163
24 1000 27.8615572369238
25 0 10.0003174547819
25 100 17.2725269519902
25 300 15.4968477012729
25 1000 19.2524724570765
26 0 4.12720482570844
26 100 10.4610636618655
26 300 21.0018876998638
26 1000 34.1394090257944
27 0 3.98695506896458
27 100 14.5997505992426
27 300 29.7904900447353
27 1000 48.5725161133558
28 0 5.8826436142331
28 100 9.46857986683434
28 300 17.2468854389434
28 1000 23.5913858741882
29 0 8.47160008553688
29 100 14.6270837984038
29 300 28.0761396702047
29 1000 39.4832531975563
30 0 4.01261409944627
30 100 6.79242971635542
30 300 10.2371015019146
30 1000 16.4628198893674
31 0 3.48364480480772
31 100 7.37092670348599
31 300 11.5641526848643
31 1000 23.9038039440151
32 0 3.11914956925206
32 100 7.40959054635469
32 300 12.0080771539686
32 1000 12.6474113255974
33 0 5.04210825914144
33 100 6.31553301103894
33 300 7.08486153174238
33 1000 10.0042839193462
34 0 3.48461462527653
34 100 7.55140897893503
34 300 15.6860928443617
34 1000 25.9400906414834
35 0 2.87799062461264
35 100 6.56352009501859
35 300 11.2512379382646
35 1000 14.3169764926344
36 0 4.4469714857961
36 100 7.83978559686844
36 300 10.7105843486322
36 1000 20.285744264343
37 0 5.76877268681375
37 100 9.71659512815005
37 300 8.63921421074407
37 1000 14.7892439340077
38 0 3.19033925078578
38 100 6.59316178205237
38 300 11.117853354522
38 1000 24.7249769699575
39 0 3.9263726769187
39 100 8.8052122005411
39 300 14.354264105011
39 1000 17.3634820889906
40 0 7.55306542727176
40 100 12.8161263167736
40 300 22.9503951756052
40 1000 21.1647846414017
41 0 5.44785860409023
41 100 12.801793745091
41 300 19.9023740922402
41 1000 31.3734382158671
42 0 3.55620290353613
42 100 20.9956372293887
42 300 26.8447294292235
42 1000 33.5244954378644
43 0 5.72753243827136
43 100 10.9831752053404
43 300 20.0992870222736
43 1000 39.6302747341696
44 0 6.37240056531484
44 100 11.8483428620793
44 300 11.8618675774071
44 1000 15.47214691035
45 0 7.15057710948767
45 100 14.6888011541451
45 300 17.5953787398884
45 1000 38.4940145286008
46 0 4.14124941557526
46 100 15.9882273444715
46 300 32.5882622550984
46 1000 54.5151405656245
47 0 3.47266062553473
47 100 5.57050815662173
47 300 10.3496215610557
47 1000 16.4165243537287
48 0 6.09827622265292
48 100 8.02754136417281
48 300 9.84494219223332
48 1000 15.7386190446152
49 0 6.48198288439613
49 100 17.9565749006729
49 300 25.9815184436619
49 1000 39.2601641176072
50 0 4.71781228671652
50 100 7.67611963866749
50 300 10.5650010424788
50 1000 16.0869473459706
51 0 3.68928007513046
51 100 4.95301150579711
51 300 6.72910776956758
51 1000 7.99541037686351
52 0 9.59150673182484
52 100 14.6122143650726
52 300 28.3719326876525
52 1000 42.1774577554894
53 0 3.76748973522793
53 100 12.5361744861856
53 300 21.5431056858546
53 1000 53.8569574740395
54 0 5.03932520915449
54 100 8.15323848110915
54 300 16.6032802752069
54 1000 27.3353031800643
55 0 2.95736954787458
55 100 16.2249255740005
55 300 21.5827341003415
55 1000 27.0938377849323
56 0 4.4919329524782
56 100 6.33103067962403
56 300 6.89240590576605
56 1000 9.24105944844702
57 0 3.11241717363054
57 100 11.5067933516852
57 300 16.1357845052255
57 1000 20.0358850771767
58 0 5.91139965615108
58 100 7.47886102717435
58 300 10.9996001573152
58 1000 13.6862344180598
59 0 6.12534702593324
59 100 13.8563423199514
59 300 23.003061835734
59 1000 32.3798465572393
60 0 5.13375577256041
60 100 9.73308226919393
60 300 15.4286586327383
60 1000 30.0021205396352
61 0 5.28255093673429
61 100 8.74436097688289
61 300 14.4043396840995
61 1000 22.9774009863768
62 0 6.18227985055938
62 100 12.0454397952371
62 300 18.9315577283133
62 1000 46.0485103861742
63 0 6.37002533616429
63 100 9.73834314302395
63 300 20.520485417807
63 1000 25.6771948081346
64 0 2.49891262618706
64 100 9.74130605757952
64 300 19.1584917146341
64 1000 27.150819057967
65 0 3.70024400975626
65 100 14.8793070025727
65 300 27.1578416324441
65 1000 33.8387331884748
66 0 4.25999393613096
66 100 10.498597784682
66 300 19.5415723057009
66 1000 38.9157907157567
67 0 4.73095995454569
67 100 11.2864114933927
67 300 17.8943433870113
67 1000 31.3477656967889
68 0 2.72526363781246
68 100 7.17015964805935
68 300 9.880647890351
68 1000 14.0543987055432
69 0 5.90250774993492
69 100 10.4572598623128
69 300 10.2704849595638
69 1000 17.2995938018172
70 0 8.77786660685021
70 100 21.8804445764846
70 300 33.6731200335211
70 1000 47.5601214873453
71 0 4.16126923664175
71 100 5.7546170943479
71 300 8.59410858371154
71 1000 14.1563009389146
72 0 5.79736385911573
72 100 30.0168700827206
72 300 66.8122109494577
72 1000 81.433588876596
73 0 3.33785567069352
73 100 31.1882330995583
73 300 48.3931222330858
73 1000 68.0325950274334
74 0 4.92506531755727
74 100 21.802723645526
74 300 45.1234780958609
74 1000 63.0963189669602
75 0 5.15577377962642
75 100 9.31665358497054
75 300 19.0355836722302
75 1000 28.0128053032773
76 0 5.24556014555537
76 100 11.7288853311898
76 300 28.0360637847906
76 1000 37.5076038295756
77 0 4.01729706763549
77 100 24.5524950202739
77 300 60.8714347376557
77 1000 122.890470754284
78 0 2.55652952156155
78 100 7.70685159470926
78 300 12.3133563962375
78 1000 19.0986252902691
79 0 6.99257408398314
79 100 10.0842808040861
79 300 18.6402367551163
79 1000 34.5818624601619
80 0 8.55395498817146
80 100 10.4064024730312
80 300 12.0153200849349
80 1000 18.0104643789245
81 0 5.07600873596113
81 100 8.72821037829152
81 300 11.7247132615738
81 1000 27.8147030218256
82 0 5.46642281393327
82 100 8.02825313909912
82 300 12.0511028865982
82 1000 22.8999907901824
83 0 6.74727275919751
83 100 6.7756590176345
83 300 11.4258799127707
83 1000 16.8628117874345
84 0 4.27703696482554
84 100 5.4863188988868
84 300 8.68502887106696
84 1000 13.9729305397711
85 0 4.76389867930566
85 100 12.7292309559384
85 300 22.4149119798929
85 1000 32.1918200296779
86 0 2.75733201415808
86 100 16.7434585270941
86 300 28.0590717531463
86 1000 28.6826694226112
87 0 4.58288064173331
87 100 10.3190035810693
87 300 15.5504481185735
87 1000 19.7140665664912
88 0 3.53178333351844
88 100 8.54752115818671
88 300 14.887741642144
88 1000 21.8639143683676
89 0 6.47871507334901
89 100 14.5299861420298
89 300 22.3764546845694
89 1000 31.0986593418979
90 0 7.00667272386652
90 100 15.1645590922969
90 300 18.6726171189427
90 1000 37.7769320913595
91 0 3.94859555652398
91 100 6.56851551612785
91 300 8.51782905201413
91 1000 8.48687767792039
92 0 5.5470886109961
92 100 9.83298543927951
92 300 13.4331326201469
92 1000 15.3506173099774
93 0 3.75967601478041
93 100 13.4099518714421
93 300 26.6164220114108
93 1000 55.2537077895883
94 0 4.10363527146998
94 100 15.7177754923909
94 300 27.3270312696386
94 1000 36.7300120045807
95 0 7.31523906186764
95 100 10.6791516785915
95 300 11.5891642425739
95 1000 17.2610202728655
96 0 3.06735255727094
96 100 9.12945202885435
96 300 15.2999750296544
96 1000 22.1024318874608
97 0 8.45197026113794
97 100 12.848578367181
97 300 22.5733298003153
97 1000 24.032868071447
98 0 4.23772709930713
98 100 9.6526248340742
98 300 13.3747227992469
98 1000 22.8151427562047
99 0 5.60336986634466
99 100 10.9165903181705
99 300 22.3079821811348
99 1000 35.9646608235805
100 0 7.38992647182083
100 100 9.77428631017006
100 300 11.4103411140153
100 1000 15.8696836477355
