rep,id,a,b,eta_a,eta_b
1,1,16.0458917117659,0.975825062709062,0.815962132645385,-0.0826891357002651
1,2,13.6159102621871,0.84645077922004,-1.6140193169334,-0.212063419189288
1,3,15.2072794200578,0.890381290289012,-0.0226501590627048,-0.168132908120316
1,4,14.1682666044458,0.808113329344278,-1.06166297467467,-0.25040086906505
1,5,12.9547280598941,0.982969007894559,-2.2752015192264,-0.0755451905147685
1,6,14.6568374012017,1.1083279349344,-0.573092177918785,0.0498137365250739
1,7,15.6300944995305,1.1820543629032,0.400164920410045,0.123540164493873
1,8,17.1568424795082,1.33647236238641,1.92691290038771,0.277958163977086
1,9,17.0594946191699,0.869442478462911,1.82956504004945,-0.189071719946417
1,10,13.5291113377015,0.832003003832878,-1.70081824141896,-0.22651119457645
1,11,14.5951817336584,0.948338272508778,-0.634747845462087,-0.11017592590055
1,12,14.1763626800131,0.878178250176765,-1.05356689910738,-0.180335948232562
1,13,15.9651225529297,0.767549459812837,0.735192973809259,-0.29096473859649
1,14,14.4995145353005,0.973314903318547,-0.730415043819935,-0.0851992950907803
1,15,14.7960388049831,1.00783191185512,-0.433890774137339,-0.0506822865542067
1,16,16.330227334993,1.20413657503625,1.10029775587249,0.145622376626921
1,17,15.4580671666524,1.0610096845991,0.228137587531966,0.00249548618977657
1,18,16.3068393747234,1.02221985140638,1.07690979560292,-0.036294347002952
1,19,11.0642903070601,1.69428244396761,-4.16563927206037,0.635768245558278
1,20,15.0249115408178,1.08525008798069,-0.205018038302626,0.0267358895713596
1,21,13.8683522544747,0.567661385757018,-1.36157732464573,-0.490852812652309
1,22,12.7423126709797,0.947477987635767,-2.48761690814072,-0.11103621077356
1,23,15.2761279871227,1.12158281682806,0.0461984080022049,0.0630686184187348
1,24,13.3967040028332,1.55758497885321,-1.83322557628722,0.499070780443884
1,25,12.5344596878958,1.06459673781194,-2.69546989122469,0.00608253940261583
1,26,17.097105827268,1.63888497140149,1.86717624814758,0.58037077299216
1,27,15.8390439339564,0.797514373074317,0.60911435483596,-0.26099982533501
1,28,16.5606663269725,1.01663236802977,1.33073674785199,-0.041881830379555
1,29,15.2704986352061,0.774619060232025,0.0405690560856264,-0.283895138177303
1,30,14.5075161348788,1.18470630354845,-0.722413444241685,0.12619210513912
1,31,16.2611810801517,0.51967854125304,1.03125150103124,-0.538835657156287
1,32,18.4935569464503,0.715272639777381,3.26362736732979,-0.343241558631947
1,33,19.7083887882928,0.925503722538752,4.47845920917238,-0.133010475870576
1,34,11.9087768369448,0.89813721773043,-3.32115274217564,-0.160376980678897
1,35,16.9353790889243,1.52518558846151,1.70544950980383,0.466671390052178
1,36,13.5660007630937,0.929805810718124,-1.66392881602674,-0.128708387691204
1,37,16.4253815573296,1.22211267323864,1.19545197820918,0.163598474829315
1,38,12.4625041476127,0.739471975570623,-2.76742543150776,-0.319042222838705
1,39,15.6784289029406,1.14226588829071,0.448499323820116,0.0837516898813864
1,40,17.9633228919552,1.160524372813,2.73339331283474,0.102010174403673
1,41,14.3158042610923,1.67009859481064,-0.914125318028157,0.611584396401308
1,42,16.1639915890198,1.0593481948999,0.934062009899307,0.000833996490570588
1,43,15.8129158897597,1.13704766232948,0.582986310639255,0.0785334639201511
1,44,15.1902645979077,0.848802927770871,-0.0396649812127468,-0.209711270638456
1,45,14.3242034309453,1.27521343742821,-0.905726148175132,0.216699239018884
1,46,14.8405824922106,0.601385972074394,-0.389347086909904,-0.457128226334933
1,47,13.6868766509143,1.04466559936476,-1.54305292820619,-0.0138485990445716
1,48,17.003299662334,1.39489207291027,1.77337008321352,0.336377874500943
1,49,14.5114033231737,0.866221158473956,-0.718526255946754,-0.192293039935372
1,50,15.0949643459097,1.20799851320602,-0.134965233210746,0.149484314796691
1,51,13.8335518832872,1.32772390856618,-1.39637769583326,0.269209710156849
1,52,14.6664334955738,0.584804627205241,-0.563496083546649,-0.473709571204087
1,53,14.8907181503882,0.889708443962947,-0.339211428732233,-0.168805754446381
1,54,16.616945593191,1.7831611370744,1.38701601407056,0.724646938665072
1,55,13.5590098951127,0.837937912718158,-1.6709196840078,-0.220576285691169
1,56,16.2144454565157,0.429909842648245,0.984515877395275,-0.628604355761082
1,57,15.4168670689966,1.05525133832037,0.186937489876128,-0.00326286008896148
1,58,14.4876672767928,1.23384500301563,-0.742262302327708,0.175330804606305
1,59,17.0060581049374,0.77343949858316,1.77612852581697,-0.285074699826167
1,60,17.8644566460293,1.14490779647969,2.63452706690879,0.0863935980703578
1,61,18.1202415828093,1.0497194169557,2.89031200368879,-0.00879478145362822
1,62,15.0892696848907,0.40333107404242,-0.140659894229763,-0.655183124366908
1,63,14.3190304468069,1.11706989821674,-0.910899132313581,0.0585556998074137
1,64,15.0660920965486,0.91961084843658,-0.163837482571822,-0.138903349972747
1,65,11.5801371114235,1.25255396468248,-3.64979246769694,0.194039766273153
1,66,15.8214726277625,0.899969931584482,0.591543048642041,-0.158544266824846
1,67,11.4609538533648,0.750072364569792,-3.76897572575562,-0.308441833839536
1,68,15.4400703319606,1.47328821564738,0.210140752840161,0.414774017238049
1,69,16.3226267496241,1.04931015248667,1.09269717050362,-0.00920404592265611
1,70,15.1496192431206,1.06811088368061,-0.0803103359998509,0.0095966852712801
1,71,13.9717904630848,1.15091615445043,-1.25813911603568,0.0924019560411053
1,72,12.3992411366084,1.01171247925566,-2.83068844251202,-0.0468017191536647
1,73,20.8103172863289,0.644359427523858,5.5803877072084,-0.41415477088547
1,74,14.4473485227364,1.39473933863504,-0.782581056384068,0.336225140225713
1,75,13.4255720638619,1.16559806049446,-1.8043575152586,0.107083862085136
1,76,16.8743004292347,0.977582769917537,1.64437085011419,-0.0809314284917901
1,77,18.3319757977263,1.28918000419566,3.10204621860582,0.230665805786332
1,78,18.1453557855305,0.594108517297486,2.91542620641006,-0.464405681111842
1,79,16.042017133905,1.28132848663723,0.812087554784494,0.222814288227907
1,80,15.5237140798604,0.883059648618972,0.29378450073991,-0.175454549790355
1,81,19.5666801410788,1.30291019558095,4.33675056195835,0.244395997171623
1,82,15.0450021336773,1.40471805481111,-0.184927445443117,0.346203856401784
1,83,11.7645566987722,1.31646423097737,-3.46537288034823,0.257950032568047
1,84,12.8545567467349,0.981686209570647,-2.37537283238557,-0.0768279888386805
1,85,15.1121714262107,1.14110057431716,-0.117758152909815,0.0825863759078291
1,86,16.9999141370696,1.08501504757839,1.76998455794909,0.0265008491690584
1,87,14.1748098609598,0.501148100545289,-1.05511971816071,-0.557366097864038
1,88,14.570616773891,1.1089628661105,-0.659312805229421,0.0504486677011708
1,89,16.3320161302712,1.16600240737503,1.10208655115072,0.107488208965702
1,90,15.6528102605746,1.12542408978569,0.422880681454135,0.0669098913763604
1,91,15.5562581071155,0.616906458876551,0.326328527995061,-0.441607739532777
1,92,12.8875376969773,1.16087241787814,-2.3423918821432,0.102358219468809
1,93,10.8243733755337,0.670334008245082,-4.40555620358677,-0.388180190164245
1,94,18.6975492951008,0.966543255063319,3.46761971598029,-0.091970943346009
1,95,14.4278158529535,1.10129017793061,-0.802113726166981,0.0427759795212819
1,96,13.3784846482785,0.849588091842972,-1.85144493084193,-0.208926106566356
1,97,14.7484495839487,0.80903679133174,-0.481479995171767,-0.249477407077588
1,98,16.4755942581089,1.22349891356578,1.24566467898839,0.164984715156454
1,99,16.9324941536144,0.973622886198824,1.70256457449392,-0.0848913122105032
1,100,13.7707072599193,0.900781272152076,-1.45922231920118,-0.157732926257251
