id dose eff group
1 0 90.9065433874932 0
1 200 87.7616602366736 0
1 400 73.8757266179644 0
1 500 67.5475016334783 0
1 700 81.1005585656995 0
1 1000 51.6032843237286 0
2 0 111.520446243447 0
2 200 95.1768782474518 0
2 400 55.0739831749033 0
2 500 63.0369042930848 0
2 700 46.223713219075 0
2 1000 36.3323287688163 0
3 0 69.0157892908935 0
3 200 65.1041921892793 0
3 400 74.7732246734194 0
3 500 57.574297016991 0
3 700 39.2511348802271 0
3 1000 48.9725998242603 0
4 0 95.2921125744826 0
4 200 84.2086411793791 0
4 400 57.9037148061349 0
4 500 84.8463295596095 0
4 700 41.8916591594914 0
4 1000 41.9695920973267 0
5 0 130.403114970058 0
5 200 93.122974621816 0
5 400 82.8668029709735 0
5 500 58.5947389027708 0
5 700 65.9339760926013 0
5 1000 65.5710029456818 0
6 0 83.3999858540579 0
6 200 72.8753493866274 0
6 400 83.5960696249889 0
6 500 72.7828905665743 0
6 700 56.6649648038396 0
6 1000 39.1349914623888 0
7 0 104.009342298018 0
7 200 99.9148067601876 0
7 400 54.1518733382307 0
7 500 36.6270940216443 0
7 700 48.9464699170044 0
7 1000 36.0639813188404 0
8 0 139.281065087804 0
8 200 57.8180881816589 0
8 400 77.7948554613352 0
8 500 56.5823577017566 0
8 700 33.5943912984927 0
8 1000 36.1418215241402 0
9 0 107.12896243068 0
9 200 83.9540856129214 0
9 400 73.7351153264131 0
9 500 100.270745362735 0
9 700 64.4520168509404 0
9 1000 34.653061952773 0
10 0 104.84107377953 0
10 200 76.6162888782459 0
10 400 99.0108295424249 0
10 500 84.150039135092 0
10 700 81.7483877642315 0
10 1000 43.0362466382786 0
11 0 89.0201805871777 0
11 200 66.1568040370446 0
11 400 81.3487883073458 0
11 500 42.616746449969 0
11 700 28.9657755094456 0
11 1000 34.9782040406793 0
12 0 52.4015533702207 0
12 200 88.9320451544393 0
12 400 57.6379771288016 0
12 500 41.0554661168704 0
12 700 47.1764671199578 0
12 1000 58.8543269053853 0
13 0 91.3371881276875 0
13 200 75.8047422969456 0
13 400 54.2696174001887 0
13 500 76.715192368753 0
13 700 62.9860044625147 0
13 1000 42.4325930756423 0
14 0 108.24906279102 0
14 200 74.495863787758 0
14 400 92.4781206701628 0
14 500 95.3935408905711 0
14 700 85.4567851935051 0
14 1000 43.7349768375349 0
15 0 101.677383620562 0
15 200 95.6547590336266 0
15 400 116.134665386046 0
15 500 85.0712675063347 0
15 700 80.4690035996764 0
15 1000 79.0791660782615 0
16 0 140.659408679653 0
16 200 108.697356549133 0
16 400 57.4843625437286 0
16 500 65.7147591163943 0
16 700 26.7691569871166 0
16 1000 46.1550902637412 0
17 0 94.9856379463517 0
17 200 55.5223763771461 0
17 400 65.2170051681129 0
17 500 52.5082353803139 0
17 700 52.0040808380347 0
17 1000 21.6485636725694 0
18 0 84.5692300224232 0
18 200 112.286375865088 0
18 400 87.0955875705127 0
18 500 64.2035838727724 0
18 700 81.6053826889435 0
18 1000 54.010026498811 0
19 0 111.374556409609 0
19 200 81.3130221160449 0
19 400 58.2392377450402 0
19 500 54.5386738843784 0
19 700 59.7212749189111 0
19 1000 48.0534264075081 0
20 0 118.785283968463 0
20 200 94.5558267991867 0
20 400 60.6210151268817 0
20 500 22.2096708308871 0
20 700 30.5157233659145 0
20 1000 27.2797784697158 0
21 0 80.4227565927203 0
21 200 55.934334338012 0
21 400 85.7759065842278 0
21 500 46.7489141100821 0
21 700 44.7332638853973 0
21 1000 35.4339479865479 0
22 0 140.575163461777 0
22 200 60.4894638561081 0
22 400 45.6331264807134 0
22 500 37.8866386963368 0
22 700 59.2135244186405 0
22 1000 33.563475829124 0
23 0 108.937791904051 0
23 200 69.8213997150142 0
23 400 85.8612379646927 0
23 500 68.9029074171405 0
23 700 46.7969996788613 0
23 1000 56.8794574774363 0
24 0 123.329797029499 0
24 200 54.1525688581038 0
24 400 45.6755530171608 0
24 500 55.6653464089251 0
24 700 21.7421469845596 0
24 1000 34.1469055648379 0
25 0 64.0885802192628 0
25 200 132.514662860485 0
25 400 59.5924098042345 0
25 500 66.920186498182 0
25 700 74.0358367546 0
25 1000 37.8251570156324 0
26 0 87.515172007152 0
26 200 95.9786469086161 0
26 400 84.6105699446097 0
26 500 67.496614293989 0
26 700 57.2803910387291 0
26 1000 51.0224460066876 0
27 0 116.301831059147 0
27 200 101.612642753419 0
27 400 76.8172946636066 0
27 500 45.1228554843747 0
27 700 49.740863293406 0
27 1000 49.2871959016796 0
28 0 136.157580274904 0
28 200 108.0941892532 0
28 400 74.7076167615429 0
28 500 44.952573571499 0
28 700 56.686403216276 0
28 1000 53.1332804138877 0
29 0 102.120743251776 0
29 200 82.4688676702387 0
29 400 60.9091837055112 0
29 500 57.424737795314 0
29 700 54.94366055206 0
29 1000 44.7809859574863 0
30 0 104.4187006788 0
30 200 104.225184250345 0
30 400 62.9113069857941 0
30 500 68.6248951272662 0
30 700 63.7248600034364 0
30 1000 49.5935301668651 0
31 0 90.5686203231385 0
31 200 89.7588470772414 0
31 400 94.9792683034271 0
31 500 79.9547075409538 0
31 700 63.9507582819372 0
31 1000 55.6796381944897 0
32 0 132.598752663904 0
32 200 66.2478884705616 0
32 400 50.2194056153821 0
32 500 56.8735181650672 0
32 700 53.7091862191619 0
32 1000 38.6945740466248 0
33 0 107.74144394866 0
33 200 79.4527346541407 0
33 400 73.589891648903 0
33 500 49.3436819381031 0
33 700 42.5346180180585 0
33 1000 49.5128988637008 0
34 0 98.2321946288931 0
34 200 125.808595797739 0
34 400 82.8243575959858 0
34 500 76.8202815214945 0
34 700 68.558287647492 0
34 1000 51.9508717239299 0
35 0 101.644382414979 0
35 200 101.928319735216 0
35 400 82.1108950740034 0
35 500 86.7090409027609 0
35 700 38.1580490850708 0
35 1000 62.9310387829243 0
36 0 94.0048291610629 0
36 200 122.154664128519 0
36 400 100.136174532353 0
36 500 93.030100848371 0
36 700 74.7787409701122 0
36 1000 44.9985499973943 0
37 0 100.875255756387 0
37 200 88.3577269497213 0
37 400 82.5511877644751 0
37 500 40.2365564161651 0
37 700 52.4214147351646 0
37 1000 41.007237726284 0
38 0 103.668617316278 0
38 200 99.7648570602929 0
38 400 52.7633654069178 0
38 500 56.9925151401013 0
38 700 32.3925182064531 0
38 1000 36.9633397824993 0
39 0 110.14555985297 0
39 200 110.54363031808 0
39 400 102.462869983155 0
39 500 67.0321157538546 0
39 700 35.7310910635295 0
39 1000 48.185050325636 0
40 0 86.0774944456527 0
40 200 85.3377180217994 0
40 400 91.6434424542028 0
40 500 76.7509278410582 0
40 700 71.3350560459987 0
40 1000 62.1211290270771 0
41 0 127.065142859077 0
41 200 66.547240246353 0
41 400 40.3012113249999 0
41 500 50.0888059716012 0
41 700 46.5168065596458 0
41 1000 33.0231164986498 0
42 0 106.050967205812 0
42 200 85.2617893643879 0
42 400 55.6219568272141 0
42 500 25.7453246611594 0
42 700 32.3596245109371 0
42 1000 49.1387143086402 0
43 0 141.951015646391 0
43 200 113.690961619427 0
43 400 121.899275438999 0
43 500 116.718536660303 0
43 700 79.7633589391164 0
43 1000 46.3778931370854 0
44 0 111.46070051343 0
44 200 63.1366135931383 0
44 400 50.5725443550174 0
44 500 102.706398952062 0
44 700 77.6757131344047 0
44 1000 68.6594882567047 0
45 0 104.408285519527 0
45 200 117.933365242116 0
45 400 85.1197869993689 0
45 500 58.0353252133179 0
45 700 75.5468027683696 0
45 1000 41.275406136769 0
46 0 98.0659855805772 0
46 200 102.405114475741 0
46 400 92.8463524374928 0
46 500 73.1330154702146 0
46 700 60.163165528516 0
46 1000 51.0116831185325 0
47 0 123.924102773005 0
47 200 78.6006503631693 0
47 400 64.0904133841932 0
47 500 84.8104323671449 0
47 700 54.0029506333734 0
47 1000 61.1390224944546 0
48 0 164.983154184827 0
48 200 103.0138845155 0
48 400 49.0050071612285 0
48 500 53.2499869838392 0
48 700 53.125681568742 0
48 1000 42.3329218159669 0
49 0 87.8675861393977 0
49 200 85.3336734619709 0
49 400 54.8648301985521 0
49 500 86.8792847852379 0
49 700 65.0366696747992 0
49 1000 27.1464068773006 0
50 0 106.357857303658 0
50 200 73.5910051213776 0
50 400 56.1727015531991 0
50 500 42.3775659291035 0
50 700 34.0363532987857 0
50 1000 33.8847865679277 0
51 0 93.6246461406554 1
51 200 67.0624018544927 1
51 400 68.9867563496229 1
51 500 73.1972486612293 1
51 700 66.5432459092242 1
51 1000 52.6127304902138 1
52 0 102.469016679762 1
52 200 56.8029034944293 1
52 400 49.546086731176 1
52 500 49.208309758638 1
52 700 54.5521378445164 1
52 1000 23.6785785359433 1
53 0 95.1102270340457 1
53 200 86.8520532711686 1
53 400 96.7724751231203 1
53 500 72.2322425857989 1
53 700 40.6870250779719 1
53 1000 51.4017207876268 1
54 0 77.9155581753616 1
54 200 87.8679911657544 1
54 400 55.5541962159932 1
54 500 42.0512714710313 1
54 700 32.9224217566401 1
54 1000 33.8586482115229 1
55 0 105.288466767431 1
55 200 57.9688958340591 1
55 400 50.1139690102511 1
55 500 33.3729566598794 1
55 700 35.6605575261012 1
55 1000 36.1197371603627 1
56 0 77.841297222321 1
56 200 49.2268984262132 1
56 400 31.3181582174731 1
56 500 20.6176479142577 1
56 700 39.1838891234267 1
56 1000 41.3779232133891 1
57 0 113.279228775504 1
57 200 71.6749736030726 1
57 400 32.9240472552365 1
57 500 34.3546160944237 1
57 700 23.9338724613852 1
57 1000 36.5370111573914 1
58 0 97.5845791354648 1
58 200 67.3177945959103 1
58 400 41.8952863900985 1
58 500 52.4384919079573 1
58 700 19.0364786652 1
58 1000 28.7915789925441 1
59 0 92.3352277645372 1
59 200 49.9696763090663 1
59 400 49.9120137611867 1
59 500 52.4864074043115 1
59 700 37.3245076711256 1
59 1000 43.1349255541304 1
60 0 89.8427878845154 1
60 200 90.1653986293887 1
60 400 77.3274177433664 1
60 500 47.4654716401999 1
60 700 62.9582231994919 1
60 1000 33.6849538005604 1
61 0 125.498996601975 1
61 200 89.1753598554328 1
61 400 45.6869425148653 1
61 500 64.7299728844696 1
61 700 33.3974527383747 1
61 1000 28.0437528088131 1
62 0 120.720447597322 1
62 200 95.92015128263 1
62 400 40.8650140564524 1
62 500 49.0315765595622 1
62 700 53.3841595945931 1
62 1000 45.158083765718 1
63 0 68.0522514086147 1
63 200 62.9732983765363 1
63 400 37.6213278138206 1
63 500 48.5559140047485 1
63 700 30.885158870502 1
63 1000 13.2097447562942 1
64 0 74.0884017246078 1
64 200 113.335402157586 1
64 400 49.6176138328762 1
64 500 45.3476171983861 1
64 700 53.4639230482908 1
64 1000 32.2954423088035 1
65 0 114.444506789035 1
65 200 78.8713069145764 1
65 400 60.974686982484 1
65 500 31.3797019722879 1
65 700 44.9511443057263 1
65 1000 56.8987346497842 1
66 0 104.961538187057 1
66 200 57.3028247382764 1
66 400 74.0081293463084 1
66 500 58.8530904695254 1
66 700 34.7412829635014 1
66 1000 35.1793090564812 1
67 0 95.9990935862604 1
67 200 107.193979617419 1
67 400 56.5490314914891 1
67 500 49.2154472680645 1
67 700 30.3756836449143 1
67 1000 27.0023994704419 1
68 0 89.795289013223 1
68 200 91.773265825571 1
68 400 93.5185513506392 1
68 500 49.9174940431608 1
68 700 49.4191325110702 1
68 1000 45.6370832674706 1
69 0 73.965719290965 1
69 200 59.6257373971394 1
69 400 47.5999769026026 1
69 500 57.3319392859649 1
69 700 23.3538159845575 1
69 1000 48.4590019473708 1
70 0 100.803935985501 1
70 200 82.7256664792999 1
70 400 52.673656405608 1
70 500 54.6959730945431 1
70 700 38.7317037953191 1
70 1000 25.8208746301949 1
71 0 111.820994920318 1
71 200 98.702610319455 1
71 400 70.1441738278353 1
71 500 58.3426661242562 1
71 700 54.5516854304434 1
71 1000 43.5068712822806 1
72 0 92.8289544533518 1
72 200 77.43452730259 1
72 400 39.7097085004127 1
72 500 41.627554230476 1
72 700 25.5560167830683 1
72 1000 34.6357734690617 1
73 0 73.8778312031286 1
73 200 124.222784617297 1
73 400 75.5733101645792 1
73 500 77.3146139531892 1
73 700 40.7086241589289 1
73 1000 37.8822577822411 1
74 0 138.542049249439 1
74 200 111.768040866837 1
74 400 40.364314559944 1
74 500 44.6804643473439 1
74 700 57.7360842128993 1
74 1000 46.0284654977797 1
75 0 148.644878938971 1
75 200 94.2203327243075 1
75 400 91.4822856892997 1
75 500 68.8274901209541 1
75 700 46.9158749251763 1
75 1000 40.023067792079 1
76 0 116.354125103119 1
76 200 67.105365231958 1
76 400 34.4424506890144 1
76 500 27.8825844473607 1
76 700 39.0194425148059 1
76 1000 27.5761011848418 1
77 0 122.980125434421 1
77 200 139.146801616412 1
77 400 122.228021277854 1
77 500 75.1145212484213 1
77 700 36.1621848835311 1
77 1000 41.7071731440053 1
78 0 92.2595274980062 1
78 200 84.5710994100509 1
78 400 58.3443427341975 1
78 500 52.7322529963363 1
78 700 50.3929857832054 1
78 1000 39.5722257864055 1
79 0 108.404576453675 1
79 200 73.2030029621955 1
79 400 64.8702552511469 1
79 500 45.4443163442707 1
79 700 59.3847116183792 1
79 1000 34.8516014087487 1
80 0 114.084926432176 1
80 200 102.006897756562 1
80 400 46.7316576434841 1
80 500 48.6500740770591 1
80 700 24.3577611954912 1
80 1000 32.2883151012312 1
81 0 115.333677302275 1
81 200 59.6551423961728 1
81 400 51.0184181735006 1
81 500 36.9034956192113 1
81 700 47.6752461782463 1
81 1000 31.0581110824518 1
82 0 92.469862488523 1
82 200 68.2961058838514 1
82 400 40.8831597957528 1
82 500 45.8303628300649 1
82 700 40.6532850201644 1
82 1000 24.8586282277623 1
83 0 98.1195311252131 1
83 200 54.3538371842539 1
83 400 64.6740975575059 1
83 500 33.5740731602858 1
83 700 35.8409323406825 1
83 1000 27.9356385402398 1
84 0 120.0938799089 1
84 200 73.2620966884697 1
84 400 53.8055939674623 1
84 500 68.6720024189111 1
84 700 52.5529507123342 1
84 1000 33.4658924626634 1
85 0 111.670871075893 1
85 200 96.8074627698248 1
85 400 65.5322895745073 1
85 500 31.3002056193072 1
85 700 51.417552125318 1
85 1000 39.6473599932195 1
86 0 152.220245702656 1
86 200 73.5849729555668 1
86 400 46.0408528016905 1
86 500 45.4859983150135 1
86 700 27.5976319372815 1
86 1000 52.8759859859547 1
87 0 95.9676236163887 1
87 200 84.6761589204484 1
87 400 74.7181197801639 1
87 500 64.6509141145939 1
87 700 43.7347348281564 1
87 1000 40.573918833527 1
88 0 63.9448663294051 1
88 200 42.8915593979387 1
88 400 52.420836107437 1
88 500 26.132605820132 1
88 700 34.8915844729114 1
88 1000 45.3195697894303 1
89 0 86.5345216951177 1
89 200 88.857741072111 1
89 400 71.3544085297307 1
89 500 63.5459335105865 1
89 700 59.549678030904 1
89 1000 27.6176573905892 1
90 0 142.418221831925 1
90 200 96.7972436058762 1
90 400 60.2661111582393 1
90 500 68.8967530652647 1
90 700 51.065420683791 1
90 1000 67.1178279574003 1
91 0 97.7718898993029 1
91 200 82.0621940757994 1
91 400 54.1636163360871 1
91 500 44.88035249417 1
91 700 37.8296397962939 1
91 1000 52.3728936266307 1
92 0 81.5562427747904 1
92 200 67.9544146945533 1
92 400 56.6141409750829 1
92 500 59.6415411920584 1
92 700 40.0224746883754 1
92 1000 27.8783245942194 1
93 0 104.434044820364 1
93 200 95.2533343143119 1
93 400 37.907191333556 1
93 500 31.8224557656302 1
93 700 36.0072465922411 1
93 1000 39.2512371942896 1
94 0 84.1020165949453 1
94 200 96.5769473903325 1
94 400 71.0677545605832 1
94 500 54.0494377042064 1
94 700 47.3548117545814 1
94 1000 44.9768236179295 1
95 0 80.9118201025772 1
95 200 50.0303039706837 1
95 400 26.3074165482861 1
95 500 16.3047642208295 1
95 700 27.197877778553 1
95 1000 27.4912748650599 1
96 0 125.594777130335 1
96 200 121.455164351555 1
96 400 84.6866473801135 1
96 500 77.3352257349057 1
96 700 67.0914774843499 1
96 1000 57.1102968621128 1
97 0 69.5908431334706 1
97 200 67.0815886243956 1
97 400 38.4112105197364 1
97 500 42.1762855255254 1
97 700 41.1718410207643 1
97 1000 29.2999810060828 1
98 0 90.7447038062125 1
98 200 64.8389411213051 1
98 400 82.9534663781332 1
98 500 58.8472605902328 1
98 700 60.5693848039164 1
98 1000 43.3528632095075 1
99 0 141.709006512389 1
99 200 83.0734056144741 1
99 400 66.0369078386917 1
99 500 55.3042387449259 1
99 700 38.2982106219202 1
99 1000 25.4810194524269 1
100 0 118.520099887852 1
100 200 91.3620465405391 1
100 400 97.7008551951937 1
100 500 71.0408973796806 1
100 700 53.7676761164373 1
100 1000 34.5256292594731 1
