id dose eff group
1 0 122.219762908779 0
1 200 109.18399100455 0
1 400 35.3966470889775 0
1 500 44.0224531556621 0
1 700 37.4575699567842 0
1 1000 31.1078320495944 0
2 0 93.2220903738068 0
2 200 102.742106006681 0
2 400 74.8811116661665 0
2 500 65.7319474123085 0
2 700 56.1119030382518 0
2 1000 48.8110980894242 0
3 0 94.7861140115167 0
3 200 85.7349638485496 0
3 400 52.9266928842358 0
3 500 64.5308720426868 0
3 700 55.0438221351028 0
3 1000 31.9074034028644 0
4 0 118.280533983507 0
4 200 74.8370136232004 0
4 400 57.3776190544647 0
4 500 62.8839058361679 0
4 700 27.1670864248008 0
4 1000 32.3376401843669 0
5 0 124.312318266594 0
5 200 52.3790736841851 0
5 400 39.4718512406244 0
5 500 45.2028145650932 0
5 700 40.9240665981879 0
5 1000 16.0683415845208 0
6 0 130.903434358877 0
6 200 115.322786463049 0
6 400 75.5915907103601 0
6 500 75.8294062765297 0
6 700 97.900585626933 0
6 1000 68.7160833484544 0
7 0 78.5418407184599 0
7 200 70.4614324649774 0
7 400 78.4658300260658 0
7 500 41.548786082801 0
7 700 37.820428818229 0
7 1000 43.4022999995651 0
8 0 86.8609987896561 0
8 200 89.7530899392811 0
8 400 53.8734786063275 0
8 500 67.0814741532007 0
8 700 64.0199603364374 0
8 1000 49.2783366753006 0
9 0 81.5932773465456 0
9 200 109.524946310696 0
9 400 101.939994009345 0
9 500 98.9088099305436 0
9 700 50.3975054020267 0
9 1000 65.2988813922647 0
10 0 94.8403911720794 0
10 200 88.9041374445681 0
10 400 74.4456027241372 0
10 500 68.3119349546657 0
10 700 68.3893517714681 0
10 1000 57.2541748661653 0
11 0 85.1900971259912 0
11 200 70.4104428033537 0
11 400 82.070332981241 0
11 500 79.6704506503348 0
11 700 63.4614882919911 0
11 1000 80.9024678250171 0
12 0 84.5486518227669 0
12 200 133.58262437658 0
12 400 86.1791928040469 0
12 500 87.819884333962 0
12 700 52.8357571413584 0
12 1000 48.6299179519862 0
13 0 82.2409275150925 0
13 200 96.7884245367724 0
13 400 75.6664334651389 0
13 500 70.9993367883325 0
13 700 94.1309630953183 0
13 1000 75.3845191340432 0
14 0 119.536521160995 0
14 200 63.4547810633675 0
14 400 83.4208598525562 0
14 500 56.687925291568 0
14 700 43.4318099055368 0
14 1000 32.9389187927276 0
15 0 109.305435997689 0
15 200 129.551092900573 0
15 400 128.07329374575 0
15 500 129.405414326254 0
15 700 91.3309469187579 0
15 1000 67.7658668100466 0
16 0 132.363144007035 0
16 200 131.588152979256 0
16 400 72.8523497313394 0
16 500 31.0903721003144 0
16 700 51.4873675199152 0
16 1000 21.8205714372951 0
17 0 124.919009432371 0
17 200 94.2354199518742 0
17 400 75.4829622572366 0
17 500 71.4737523969267 0
17 700 59.819494201017 0
17 1000 54.8514922317459 0
18 0 98.2732967147565 0
18 200 98.204057078903 0
18 400 97.9937612166999 0
18 500 90.9482908211578 0
18 700 28.4675482695882 0
18 1000 61.2567988431537 0
19 0 77.4978817460956 0
19 200 85.8637977434879 0
19 400 69.3767617348844 0
19 500 60.6471969867268 0
19 700 54.3408892239353 0
19 1000 46.5825404706593 0
20 0 73.9408050945373 0
20 200 82.6980894140867 0
20 400 104.884659636461 0
20 500 67.3896813990205 0
20 700 44.259356071054 0
20 1000 34.7836078005146 0
21 0 103.785246916635 0
21 200 133.455877832254 0
21 400 51.151094425212 0
21 500 85.2496254477112 0
21 700 34.7921016495025 0
21 1000 32.6381065621471 0
22 0 93.8046039438286 0
22 200 72.2527653369536 0
22 400 69.8702573876567 0
22 500 49.1235622744798 0
22 700 34.2837101257567 0
22 1000 36.3240234606596 0
23 0 110.340920233055 0
23 200 71.8778854801978 0
23 400 67.409175515599 0
23 500 66.2243914014436 0
23 700 43.7352125400869 0
23 1000 40.3927370570077 0
24 0 142.214325392926 0
24 200 91.8505980405913 0
24 400 43.9530542599151 0
24 500 23.1331617717335 0
24 700 39.0107443323525 0
24 1000 30.417935655812 0
25 0 92.0932580161323 0
25 200 81.0108442042053 0
25 400 61.5188193651822 0
25 500 78.9984219397806 0
25 700 62.6272945551552 0
25 1000 31.5198368522991 0
26 0 99.9858698691764 0
26 200 77.2661705790223 0
26 400 83.4003823960055 0
26 500 50.0667310356349 0
26 700 58.4664422074752 0
26 1000 29.4439707450258 0
27 0 47.4201933637777 0
27 200 66.3206606295142 0
27 400 55.4608698265124 0
27 500 38.5352664575639 0
27 700 52.0699624481643 0
27 1000 38.2044866483842 0
28 0 97.1846613507279 0
28 200 76.7468095476343 0
28 400 75.3207927979465 0
28 500 78.7928375372221 0
28 700 66.7925483546929 0
28 1000 39.4821482162669 0
29 0 98.0714233019463 0
29 200 77.4637131922978 0
29 400 74.1922856486371 0
29 500 70.8348173624151 0
29 700 39.973320638086 0
29 1000 25.3682711692939 0
30 0 114.542785075384 0
30 200 90.9038988805661 0
30 400 68.4508159929413 0
30 500 55.1751694589819 0
30 700 42.4806300175693 0
30 1000 39.6116900240916 0
31 0 112.352868300017 0
31 200 79.7767401562367 0
31 400 45.0090411642456 0
31 500 69.9522267506752 0
31 700 35.1698940928827 0
31 1000 43.7107381466543 0
32 0 124.905677114619 0
32 200 106.23665408164 0
32 400 91.6845025885129 0
32 500 66.4304934590198 0
32 700 78.258451673845 0
32 1000 47.91421583911 0
33 0 108.059604086155 0
33 200 99.1676699131607 0
33 400 91.5331542585265 0
33 500 34.871414663955 0
33 700 80.7040397188273 0
33 1000 33.4211382577941 0
34 0 128.434877302996 0
34 200 97.970155719468 0
34 400 56.6880503458977 0
34 500 41.293280722069 0
34 700 50.6014491245537 0
34 1000 50.1866616237356 0
35 0 95.8018165350465 0
35 200 96.7581116379622 0
35 400 77.5969734823648 0
35 500 101.220419078264 0
35 700 55.5205149679925 0
35 1000 60.0184087130778 0
36 0 126.842284758796 0
36 200 131.252130108597 0
36 400 89.9596922335939 0
36 500 73.2637348762597 0
36 700 65.2369326631327 0
36 1000 49.7995906742948 0
37 0 99.457034773991 0
37 200 108.351967556293 0
37 400 53.2389332682839 0
37 500 38.28306882747 0
37 700 45.6347473640679 0
37 1000 43.6058372023876 0
38 0 110.820645929483 0
38 200 93.7348423637786 0
38 400 52.7935063611683 0
38 500 40.443740052401 0
38 700 71.0264434234904 0
38 1000 27.8431394498906 0
39 0 107.096905722603 0
39 200 82.9118145301216 0
39 400 55.3375630237086 0
39 500 71.2708891826863 0
39 700 43.634506863482 0
39 1000 35.7820564327761 0
40 0 150.590627183867 0
40 200 83.426633790271 0
40 400 95.5660232819016 0
40 500 52.2836270916008 0
40 700 80.4256513701463 0
40 1000 56.3455016857915 0
41 0 104.559343055604 0
41 200 102.600217320385 0
41 400 78.2612924776834 0
41 500 49.4504846911758 0
41 700 67.6220658929729 0
41 1000 52.3415279386722 0
42 0 129.944845663869 0
42 200 72.2429337578495 0
42 400 66.525019505675 0
42 500 108.871597154237 0
42 700 27.0678488757835 0
42 1000 65.093547842051 0
43 0 115.241437924016 0
43 200 113.788994278388 0
43 400 41.2113823823536 0
43 500 81.5000337598276 0
43 700 37.2165312698913 0
43 1000 27.7200629172592 0
44 0 157.002377844329 0
44 200 105.683622662603 0
44 400 118.931831144377 0
44 500 89.1426676404374 0
44 700 114.08295106266 0
44 1000 37.6438622106679 0
45 0 94.6719023650034 0
45 200 92.4149532484215 0
45 400 93.7745613212728 0
45 500 58.015981800668 0
45 700 61.1961541901263 0
45 1000 54.3370520059548 0
46 0 106.700538795116 0
46 200 61.5814648390192 0
46 400 56.5740690957644 0
46 500 44.0384592317941 0
46 700 36.9481739100261 0
46 1000 33.4541168969358 0
47 0 102.689358243303 0
47 200 93.6010636560734 0
47 400 42.1080927969069 0
47 500 71.2760836082285 0
47 700 36.5811639833084 0
47 1000 47.1580839647757 0
48 0 112.478065588887 0
48 200 85.1996065910631 0
48 400 60.4055318533226 0
48 500 52.7065324953455 0
48 700 45.9906405599573 0
48 1000 23.5240870932437 0
49 0 88.599711662366 0
49 200 83.8158334998204 0
49 400 93.6836173519408 0
49 500 65.0486678765776 0
49 700 57.5511091149637 0
49 1000 40.5286107029068 0
50 0 73.8890233489606 0
50 200 41.4730920670895 0
50 400 48.7167879932894 0
50 500 55.4374258832156 0
50 700 43.8700839477005 0
50 1000 33.9365721965493 0
51 0 111.740636238878 1
51 200 64.8809736237413 1
51 400 66.7438670236757 1
51 500 52.6533758709208 1
51 700 43.067095196759 1
51 1000 27.9815960802333 1
52 0 95.9542345009081 1
52 200 86.7528057357049 1
52 400 69.836452409016 1
52 500 40.4959871965328 1
52 700 54.0181247452966 1
52 1000 42.2156061310321 1
53 0 46.9421791420485 1
53 200 66.0151707067126 1
53 400 56.9748635674452 1
53 500 41.2855378879175 1
53 700 22.6604582854362 1
53 1000 36.3870223268655 1
54 0 112.296478999036 1
54 200 98.1369119001189 1
54 400 75.7938599142374 1
54 500 65.8141888297616 1
54 700 61.6464905039474 1
54 1000 48.4189571138728 1
55 0 73.4575931224667 1
55 200 61.2483498286684 1
55 400 55.9109835431773 1
55 500 43.6129535760179 1
55 700 41.4036153656912 1
55 1000 32.3453639052995 1
56 0 124.175860953954 1
56 200 48.2108802671634 1
56 400 49.3847623784783 1
56 500 46.8303875278506 1
56 700 40.8044262448824 1
56 1000 37.7186682441323 1
57 0 89.6944465798119 1
57 200 68.8550087634022 1
57 400 40.7290966564921 1
57 500 55.4049056932419 1
57 700 51.9730316339239 1
57 1000 47.8213489172527 1
58 0 99.9600957892824 1
58 200 58.7674401463192 1
58 400 35.9174595407098 1
58 500 42.1053554222666 1
58 700 39.0759940756866 1
58 1000 19.4174258223882 1
59 0 108.511014289003 1
59 200 75.9685670343401 1
59 400 52.5356313809724 1
59 500 39.2763469004524 1
59 700 45.5072066109382 1
59 1000 47.9824708203484 1
60 0 161.821865290355 1
60 200 92.5026753550151 1
60 400 51.4615589895534 1
60 500 62.7714276051827 1
60 700 31.5082554957847 1
60 1000 43.3475428569334 1
61 0 99.1608275076021 1
61 200 86.1380526530765 1
61 400 60.5750197902563 1
61 500 53.3951985521683 1
61 700 38.6966469171737 1
61 1000 48.4234415382987 1
62 0 125.849501481711 1
62 200 103.950748102555 1
62 400 51.277208309748 1
62 500 27.3113299069695 1
62 700 41.2314979508658 1
62 1000 39.0147681204881 1
63 0 66.0691112265611 1
63 200 116.062990282731 1
63 400 105.462013988109 1
63 500 81.0043446611546 1
63 700 71.0280682569034 1
63 1000 40.2719586188511 1
64 0 110.930841967141 1
64 200 52.5146108315641 1
64 400 31.2368266582302 1
64 500 41.1800466370869 1
64 700 47.0638209395585 1
64 1000 19.5121042319107 1
65 0 125.090822417519 1
65 200 107.056965749647 1
65 400 102.528360597261 1
65 500 42.8592069675397 1
65 700 47.3794786826888 1
65 1000 48.3295480256091 1
66 0 89.2284179490206 1
66 200 105.443895073232 1
66 400 46.7933247618659 1
66 500 66.221938599735 1
66 700 52.9929004040345 1
66 1000 40.8275272592768 1
67 0 92.3598931988215 1
67 200 96.1475355608028 1
67 400 46.828650492625 1
67 500 43.4666238528955 1
67 700 33.3361703103749 1
67 1000 39.1630298780351 1
68 0 103.775012631718 1
68 200 84.1399044145307 1
68 400 63.5711231681819 1
68 500 59.5031756208178 1
68 700 41.622595400943 1
68 1000 47.4434341149352 1
69 0 89.8190580784025 1
69 200 49.8305782372572 1
69 400 34.4088316679785 1
69 500 35.3747021178259 1
69 700 33.7513136733322 1
69 1000 23.8801619193221 1
70 0 103.918535904429 1
70 200 93.5677638538332 1
70 400 59.9216358452192 1
70 500 45.4457954410267 1
70 700 56.6949679930757 1
70 1000 30.9060990332261 1
71 0 98.6879731332732 1
71 200 82.5043108172635 1
71 400 66.7627583402582 1
71 500 48.6350200314638 1
71 700 44.6660140480764 1
71 1000 33.528260889375 1
72 0 92.0266076747073 1
72 200 66.5998720487253 1
72 400 55.0087685055606 1
72 500 48.174783785993 1
72 700 62.0655254516145 1
72 1000 31.2203382150447 1
73 0 127.292235107514 1
73 200 65.26915188085 1
73 400 73.5794844718569 1
73 500 44.6753739899226 1
73 700 43.825797944515 1
73 1000 37.0931853652 1
74 0 122.875284662713 1
74 200 52.0487270499955 1
74 400 60.5261926042518 1
74 500 50.4237084246437 1
74 700 50.118330191027 1
74 1000 40.9572246044299 1
75 0 93.0852282681143 1
75 200 67.9959598939512 1
75 400 52.8456124029275 1
75 500 57.6585953053156 1
75 700 53.2000230615236 1
75 1000 45.2296047772923 1
76 0 101.788535862302 1
76 200 91.2368868339418 1
76 400 56.7383698909216 1
76 500 74.1088472717751 1
76 700 38.9031285185571 1
76 1000 51.7073274609213 1
77 0 92.8766711896273 1
77 200 71.4900812894637 1
77 400 44.4260885001235 1
77 500 38.5246338173916 1
77 700 45.055277441272 1
77 1000 34.2306372923757 1
78 0 99.7192383090097 1
78 200 49.3646473033945 1
78 400 57.6925880641743 1
78 500 59.0373753121698 1
78 700 48.9297425703796 1
78 1000 45.6147479623449 1
79 0 76.8534511683687 1
79 200 73.3401026903132 1
79 400 39.5944312632692 1
79 500 40.2315305915319 1
79 700 33.3303960934758 1
79 1000 25.2811456716581 1
80 0 62.989027184361 1
80 200 51.4656755687324 1
80 400 69.6175662476196 1
80 500 45.2469566100801 1
80 700 58.6016623957215 1
80 1000 37.1505419977046 1
81 0 79.0663147463324 1
81 200 77.8823823291892 1
81 400 70.7240836765447 1
81 500 97.7234880544983 1
81 700 54.3321780608223 1
81 1000 44.2197064903234 1
82 0 118.883809710046 1
82 200 89.7599032651004 1
82 400 41.8471784715007 1
82 500 54.4110389836368 1
82 700 27.2263926804076 1
82 1000 30.8678100493674 1
83 0 158.160950202918 1
83 200 53.3527042045454 1
83 400 83.6523213563925 1
83 500 61.0317729599187 1
83 700 56.9616270671716 1
83 1000 46.1844989328925 1
84 0 146.261627244041 1
84 200 81.0141850658477 1
84 400 70.5791524625041 1
84 500 53.7901685573089 1
84 700 38.1486822003816 1
84 1000 27.7526807315864 1
85 0 100.030502242358 1
85 200 78.322675548188 1
85 400 63.5780586999329 1
85 500 50.6154598594922 1
85 700 33.2921896029647 1
85 1000 34.9064098690906 1
86 0 127.257633795553 1
86 200 66.1726616606536 1
86 400 29.8060498468662 1
86 500 32.3920758426786 1
86 700 43.1003785797294 1
86 1000 31.2523181962122 1
87 0 119.837493783509 1
87 200 105.992712779098 1
87 400 70.3397699638661 1
87 500 55.7532169026874 1
87 700 38.9085910994216 1
87 1000 40.9783644792649 1
88 0 99.3920658160326 1
88 200 64.7776597317936 1
88 400 33.9420760268098 1
88 500 44.6813164737178 1
88 700 31.7088039266178 1
88 1000 28.7643467958758 1
89 0 108.535951484242 1
89 200 84.0354224966153 1
89 400 78.4993197268639 1
89 500 52.2702348418215 1
89 700 52.387522784286 1
89 1000 45.7912513797209 1
90 0 98.3555943404904 1
90 200 87.9870603784698 1
90 400 60.7479821449513 1
90 500 43.0909286187722 1
90 700 31.7082894274489 1
90 1000 36.0495960487923 1
91 0 98.241768147308 1
91 200 62.6875859427116 1
91 400 35.9382250808233 1
91 500 40.1941594317338 1
91 700 22.9390416512324 1
91 1000 24.4423827491268 1
92 0 103.072452282932 1
92 200 109.673037339136 1
92 400 91.3229196581585 1
92 500 29.0168358496395 1
92 700 46.3785544301586 1
92 1000 51.6243761597364 1
93 0 50.9776042819841 1
93 200 66.94089572998 1
93 400 58.6940300711328 1
93 500 50.8239934743379 1
93 700 66.7058575679565 1
93 1000 50.7490474342546 1
94 0 65.2082153754107 1
94 200 64.2521133627246 1
94 400 41.6217010370053 1
94 500 48.4216461141391 1
94 700 28.1174393024811 1
94 1000 43.5790021928555 1
95 0 109.450108608191 1
95 200 102.949111315358 1
95 400 49.2640688981926 1
95 500 52.7340008544656 1
95 700 33.257680041715 1
95 1000 38.752023602523 1
96 0 67.78867566115 1
96 200 35.8940653579056 1
96 400 48.9821838620338 1
96 500 41.6567863357889 1
96 700 44.4641827070083 1
96 1000 25.0850066881192 1
97 0 132.68761103948 1
97 200 47.0376726917559 1
97 400 49.3383008006846 1
97 500 59.5858820065137 1
97 700 37.5013452245996 1
97 1000 41.4634250917226 1
98 0 123.525866206732 1
98 200 128.138367518729 1
98 400 104.066683550285 1
98 500 102.765703546859 1
98 700 69.5451952391941 1
98 1000 54.6043714331603 1
99 0 78.6002400952241 1
99 200 76.5358930256629 1
99 400 73.2778659999154 1
99 500 56.1910380840461 1
99 700 35.7932530435343 1
99 1000 21.6814432708253 1
100 0 80.569359109885 1
100 200 37.7316146182014 1
100 400 25.6011040354144 1
100 500 23.9146822861621 1
100 700 34.7567193763516 1
100 1000 38.9704796894969 1
