id dose eff group
1 0 98.3806582336819 0
1 200 127.024341445328 0
1 400 77.3545991349408 0
1 500 68.1518642758455 0
1 700 67.8997055800445 0
1 1000 32.6968929123146 0
2 0 101.312421055948 0
2 200 96.5303726478086 0
2 400 64.9162378236402 0
2 500 55.665616707825 0
2 700 37.2962374730428 0
2 1000 37.536765504826 0
3 0 105.81130963787 0
3 200 92.179141067896 0
3 400 54.7077714798899 0
3 500 40.8567738653107 0
3 700 63.1583983265742 0
3 1000 23.3467011850113 0
4 0 91.6212205890321 0
4 200 94.855587664145 0
4 400 86.8905150749473 0
4 500 69.5628713258639 0
4 700 48.7496872365769 0
4 1000 45.1683169665532 0
5 0 103.823835727809 0
5 200 98.4148873387131 0
5 400 26.5552583347292 0
5 500 63.0199512097158 0
5 700 57.5946858867648 0
5 1000 35.3362114088764 0
6 0 116.459312775651 0
6 200 77.5027731997109 0
6 400 72.2884161834509 0
6 500 55.7684115637816 0
6 700 62.0339624264922 0
6 1000 44.0389427352646 0
7 0 97.0746993384341 0
7 200 86.2327929931202 0
7 400 98.0721180987822 0
7 500 79.0678755756915 0
7 700 50.7162020376573 0
7 1000 55.1505246986797 0
8 0 100.319006833986 0
8 200 70.4870578118058 0
8 400 45.643473417285 0
8 500 72.0999582740109 0
8 700 58.5390057606895 0
8 1000 39.5010334491054 0
9 0 122.217263079806 0
9 200 125.53912953598 0
9 400 106.821268996619 0
9 500 98.1719014159343 0
9 700 74.0284171602221 0
9 1000 54.8475003887402 0
10 0 86.471993898096 0
10 200 80.6536679870698 0
10 400 67.9109336752496 0
10 500 80.2006466208074 0
10 700 60.7042398472524 0
10 1000 39.9827544646789 0
11 0 74.9321389428381 0
11 200 106.119160247508 0
11 400 74.3936292251379 0
11 500 46.904080831112 0
11 700 40.6788092527397 0
11 1000 69.1744075877713 0
12 0 135.308838688408 0
12 200 149.497634693533 0
12 400 93.8172710818972 0
12 500 88.8809909967638 0
12 700 72.8634954918729 0
12 1000 47.1213005305803 0
13 0 79.0316121384604 0
13 200 42.1151789531916 0
13 400 78.5776767850358 0
13 500 65.3510086040134 0
13 700 80.8128873531646 0
13 1000 70.2698292992598 0
14 0 124.56766169052 0
14 200 50.1875243017201 0
14 400 79.3507028326795 0
14 500 103.312778307811 0
14 700 46.1838371307169 0
14 1000 48.212423626832 0
15 0 111.646064611587 0
15 200 92.8345162605102 0
15 400 51.44276089268 0
15 500 75.2198297679735 0
15 700 49.9848428454353 0
15 1000 54.4782469246301 0
16 0 141.336521172613 0
16 200 94.5305726036664 0
16 400 84.9967355462083 0
16 500 125.945232555589 0
16 700 64.8030937929483 0
16 1000 85.6242103419517 0
17 0 157.880691223722 0
17 200 137.056199483907 0
17 400 114.160720914594 0
17 500 100.75190990174 0
17 700 67.8960988411225 0
17 1000 72.9689831189985 0
18 0 112.768014347019 0
18 200 99.1064509933551 0
18 400 92.1933870454244 0
18 500 97.0687789660524 0
18 700 79.8272792719826 0
18 1000 57.3552361977424 0
19 0 123.296401124235 0
19 200 121.770659136569 0
19 400 67.132835556935 0
19 500 77.0563041552601 0
19 700 54.9448304763559 0
19 1000 49.2762602849523 0
20 0 109.281556456623 0
20 200 72.4279833521239 0
20 400 80.5905358800874 0
20 500 63.7934111012977 0
20 700 35.2704135520328 0
20 1000 43.7570806256377 0
21 0 105.810994675591 0
21 200 66.410195944275 0
21 400 53.3465245167257 0
21 500 62.1569642639491 0
21 700 53.7344223468641 0
21 1000 55.368786240922 0
22 0 111.394987383388 0
22 200 97.7194842945589 0
22 400 84.1515735227977 0
22 500 69.1587947898842 0
22 700 58.2457528540624 0
22 1000 42.1533351409806 0
23 0 64.0853569271387 0
23 200 64.2443194023922 0
23 400 67.0169063081939 0
23 500 56.9287125130061 0
23 700 37.0628431857479 0
23 1000 39.9383863160885 0
24 0 72.3208017873739 0
24 200 100.849469109879 0
24 400 48.8944901722467 0
24 500 56.4638358730926 0
24 700 32.8943515059989 0
24 1000 22.427602906116 0
25 0 55.370092893156 0
25 200 63.2067859165122 0
25 400 33.9878992001868 0
25 500 59.1242466026427 0
25 700 50.4939186332809 0
25 1000 40.6363528942681 0
26 0 133.566236728703 0
26 200 62.7881541722602 0
26 400 109.093985322783 0
26 500 86.9769855929899 0
26 700 47.9942549631317 0
26 1000 46.1117441054599 0
27 0 132.587605916476 0
27 200 83.275097283267 0
27 400 60.3209004137178 0
27 500 75.176597610514 0
27 700 39.4557794926111 0
27 1000 50.3120038888072 0
28 0 116.543860213666 0
28 200 99.6238928636495 0
28 400 92.811091053223 0
28 500 71.9696774632701 0
28 700 54.6158165823403 0
28 1000 49.391926751951 0
29 0 87.6988178429497 0
29 200 79.3313714320441 0
29 400 40.2030827053046 0
29 500 41.5751482278469 0
29 700 34.6334362374923 0
29 1000 31.5302806936752 0
30 0 112.539070317849 0
30 200 97.6269818230208 0
30 400 41.562204158639 0
30 500 76.1086578890543 0
30 700 52.2701074232801 0
30 1000 57.3208212025267 0
31 0 95.6032461443997 0
31 200 77.2404087393362 0
31 400 77.3487877428282 0
31 500 45.4088406480045 0
31 700 73.0223340958 0
31 1000 28.5520600870551 0
32 0 116.627046634605 0
32 200 102.799626961183 0
32 400 57.708859527076 0
32 500 62.6761289504335 0
32 700 50.0874417523184 0
32 1000 49.6167606378417 0
33 0 74.3964332777411 0
33 200 80.9893511650562 0
33 400 83.9887923271813 0
33 500 69.7260840556808 0
33 700 60.1745318707982 0
33 1000 51.8146489068982 0
34 0 121.463929149865 0
34 200 92.3330071839909 0
34 400 86.2993950852916 0
34 500 66.3674272153355 0
34 700 35.4102421186821 0
34 1000 47.2684248675182 0
35 0 118.96375902595 0
35 200 120.418629809198 0
35 400 50.3859026494641 0
35 500 62.9557234779085 0
35 700 40.1525757170765 0
35 1000 30.8983586533894 0
36 0 118.650529426117 0
36 200 52.7859834333866 0
36 400 79.7100335152929 0
36 500 46.7170202262526 0
36 700 50.3505716783948 0
36 1000 44.379025426426 0
37 0 107.032245953318 0
37 200 117.071873178464 0
37 400 86.8589882463058 0
37 500 89.1791991020955 0
37 700 82.9015445282458 0
37 1000 71.5364619327336 0
38 0 106.913124539991 0
38 200 54.4280747651407 0
38 400 59.9614733727222 0
38 500 44.0063123398741 0
38 700 35.3538198592456 0
38 1000 42.1420671002247 0
39 0 45.7026816441086 0
39 200 97.5893592323299 0
39 400 52.8764521602781 0
39 500 43.8522692446925 0
39 700 51.0275696618335 0
39 1000 51.6230724070538 0
40 0 86.6025482859097 0
40 200 90.1771330932729 0
40 400 79.6582527843168 0
40 500 61.8037602263464 0
40 700 54.9873934896675 0
40 1000 52.3709332956986 0
41 0 104.412228019885 0
41 200 78.5309451168849 0
41 400 62.3635845455588 0
41 500 74.2466172856253 0
41 700 41.6390982981795 0
41 1000 40.3260688202693 0
42 0 119.772220946343 0
42 200 60.0754950666935 0
42 400 80.3170835118309 0
42 500 69.5964365243344 0
42 700 72.5499646669054 0
42 1000 46.7266822912243 0
43 0 79.3104286542916 0
43 200 93.1640424406647 0
43 400 68.9688696745922 0
43 500 57.6157728690634 0
43 700 67.1695695436415 0
43 1000 57.5718474562201 0
44 0 105.623651524584 0
44 200 70.8130077260979 0
44 400 63.4082846658533 0
44 500 37.1163985292191 0
44 700 45.4606259419657 0
44 1000 34.6165185261108 0
45 0 80.1775417729933 0
45 200 107.190875258485 0
45 400 56.5771954773835 0
45 500 40.9360954458431 0
45 700 50.0013048967139 0
45 1000 36.2060254288005 0
46 0 43.7419758330941 0
46 200 76.9780106379835 0
46 400 54.588092376279 0
46 500 57.1532029678202 0
46 700 42.9808675532889 0
46 1000 35.2092634664572 0
47 0 135.773988898276 0
47 200 88.0868731283464 0
47 400 44.4910396167463 0
47 500 49.1948834299144 0
47 700 41.3584284285339 0
47 1000 30.3393543626192 0
48 0 95.6768387811776 0
48 200 105.906072376534 0
48 400 85.0455442358761 0
48 500 83.3299833793205 0
48 700 59.651908439881 0
48 1000 57.3317151661071 0
49 0 117.104421867342 0
49 200 81.5203231879715 0
49 400 71.3925210044427 0
49 500 56.5012676880149 0
49 700 60.6539649908312 0
49 1000 38.2809971476584 0
50 0 164.69165631845 0
50 200 61.2947709295462 0
50 400 79.8985901888467 0
50 500 75.2327757565951 0
50 700 75.0976218590052 0
50 1000 39.2952436979805 0
51 0 111.292500690828 1
51 200 86.9895613796053 1
51 400 39.2702552500135 1
51 500 43.858269217968 1
51 700 51.785413202751 1
51 1000 52.4457687755517 1
52 0 125.182138633576 1
52 200 57.2121637320928 1
52 400 100.800546512843 1
52 500 44.3499177008156 1
52 700 64.1466358913195 1
52 1000 46.5834296682206 1
53 0 131.822075180323 1
53 200 64.2001288012421 1
53 400 53.6524305997173 1
53 500 29.6266051526528 1
53 700 35.6190039587776 1
53 1000 30.147957146036 1
54 0 140.321161332724 1
54 200 109.81812692773 1
54 400 66.2115320010721 1
54 500 47.4865592120248 1
54 700 55.7491760434574 1
54 1000 35.1164802680432 1
55 0 83.3014375664731 1
55 200 108.485962167707 1
55 400 37.0823002963454 1
55 500 59.300873874368 1
55 700 37.3547857479362 1
55 1000 51.4829848254305 1
56 0 120.035294653503 1
56 200 43.8431925867639 1
56 400 53.8592883763062 1
56 500 58.2129788377784 1
56 700 34.2683317489527 1
56 1000 44.3393776458278 1
57 0 113.753592474091 1
57 200 95.6728580385196 1
57 400 94.8825467306027 1
57 500 82.7001374872446 1
57 700 68.8672096685501 1
57 1000 41.6213512496909 1
58 0 144.705574417525 1
58 200 75.0507896520141 1
58 400 74.571869772271 1
58 500 38.0692015683441 1
58 700 38.3670325083441 1
58 1000 28.656220104275 1
59 0 101.838082250316 1
59 200 47.8538540029234 1
59 400 47.2001139815183 1
59 500 46.5031635085929 1
59 700 54.2667696284302 1
59 1000 30.0390288125172 1
60 0 70.0510608129678 1
60 200 47.3503630550178 1
60 400 60.7577523558442 1
60 500 36.7434671112338 1
60 700 26.7998471400898 1
60 1000 44.2518177716312 1
61 0 82.7944524804496 1
61 200 65.661725297534 1
61 400 45.8050544830863 1
61 500 44.6979894762238 1
61 700 48.0685316947457 1
61 1000 29.0074450944587 1
62 0 100.044397377763 1
62 200 88.2348923465065 1
62 400 53.2339201062721 1
62 500 35.4836215778803 1
62 700 36.6101219967505 1
62 1000 34.6139352530189 1
63 0 94.5237184752077 1
63 200 68.9088396859732 1
63 400 76.2183549558618 1
63 500 55.5603824403164 1
63 700 33.2017802643009 1
63 1000 50.6314043128604 1
64 0 94.3264654247722 1
64 200 113.930208370897 1
64 400 76.1525521182108 1
64 500 43.0908037962398 1
64 700 63.0732067763473 1
64 1000 54.7489161411186 1
65 0 94.4307338002398 1
65 200 72.0656220842846 1
65 400 49.8229473649871 1
65 500 39.5374442141073 1
65 700 59.9282021676442 1
65 1000 35.4656415021773 1
66 0 39.5025055050271 1
66 200 70.2577270715457 1
66 400 49.4962006334257 1
66 500 30.5240903843935 1
66 700 39.4426897731414 1
66 1000 27.9567296907884 1
67 0 110.895284502619 1
67 200 84.5488859701094 1
67 400 52.2138850183383 1
67 500 61.4107031145882 1
67 700 40.4156903240948 1
67 1000 28.5412769329044 1
68 0 90.5530426549294 1
68 200 84.9997722486394 1
68 400 45.7032777571612 1
68 500 84.7888840594072 1
68 700 44.4227592163557 1
68 1000 30.7501184373932 1
69 0 102.346866658138 1
69 200 73.7652321421787 1
69 400 60.9694735651648 1
69 500 57.2053453102519 1
69 700 29.5586075111255 1
69 1000 47.2450362994396 1
70 0 82.7909995604422 1
70 200 105.8331108693 1
70 400 95.6433740865781 1
70 500 57.9066430970868 1
70 700 30.4947714076863 1
70 1000 49.8429508655693 1
71 0 98.7160761576943 1
71 200 46.1418208840512 1
71 400 47.6204134405385 1
71 500 39.1704876110753 1
71 700 27.5703319857949 1
71 1000 24.5682899052465 1
72 0 71.9990526686879 1
72 200 56.8087414635425 1
72 400 49.5305218769772 1
72 500 43.2486915222663 1
72 700 33.4435013537319 1
72 1000 25.4035006163842 1
73 0 108.474768751623 1
73 200 83.9326053579767 1
73 400 50.9437210331125 1
73 500 46.3694721264969 1
73 700 17.5280509456372 1
73 1000 35.2267752092713 1
74 0 130.881637548036 1
74 200 62.0269945496276 1
74 400 41.8614950214282 1
74 500 52.9047404779485 1
74 700 35.5042899617336 1
74 1000 41.0398919909548 1
75 0 105.029900168848 1
75 200 91.3457838878241 1
75 400 56.6459977295509 1
75 500 63.1268464421649 1
75 700 55.3256722014935 1
75 1000 36.4297349073751 1
76 0 65.5267517501114 1
76 200 105.209002681589 1
76 400 48.2110500173834 1
76 500 48.3899427856337 1
76 700 46.1676498848016 1
76 1000 54.8422153882438 1
77 0 73.0669194405608 1
77 200 68.6580120092933 1
77 400 46.6060819457591 1
77 500 37.4819052156023 1
77 700 37.1548144684292 1
77 1000 42.2086982949803 1
78 0 92.2037940359655 1
78 200 79.0625812072413 1
78 400 60.1680784023024 1
78 500 58.7792810249234 1
78 700 56.2022216772854 1
78 1000 29.6141313737966 1
79 0 113.107558021562 1
79 200 49.2009767063445 1
79 400 32.1251679525152 1
79 500 37.9579402716169 1
79 700 34.2012669274843 1
79 1000 35.402831462851 1
80 0 98.9697194023714 1
80 200 92.4628119390462 1
80 400 54.2173004987824 1
80 500 56.8856045135285 1
80 700 47.0346396715849 1
80 1000 44.0921011878141 1
81 0 82.8534861341489 1
81 200 70.8818689365027 1
81 400 68.0867987491171 1
81 500 31.9259718644489 1
81 700 23.7398801812194 1
81 1000 27.4992195076021 1
82 0 125.680187974986 1
82 200 105.05296638006 1
82 400 93.101643628128 1
82 500 73.7987857300012 1
82 700 47.3957304088756 1
82 1000 45.5582511964274 1
83 0 109.776561748896 1
83 200 81.5170673295159 1
83 400 66.0337397388885 1
83 500 47.9485725036821 1
83 700 53.1359121673872 1
83 1000 43.724030482616 1
84 0 150.405795653693 1
84 200 64.5506760056393 1
84 400 51.122810046828 1
84 500 54.6798684794913 1
84 700 42.0024835367652 1
84 1000 41.8094392516555 1
85 0 137.103108719145 1
85 200 87.0794079869678 1
85 400 56.1437047242244 1
85 500 61.8791815455846 1
85 700 39.1197016540293 1
85 1000 40.2254288441858 1
86 0 79.967519779933 1
86 200 84.9815284969876 1
86 400 40.4827861302287 1
86 500 62.2789797988975 1
86 700 42.4529865159171 1
86 1000 41.5148599749768 1
87 0 85.8644019357113 1
87 200 74.3670130603056 1
87 400 61.1080049199768 1
87 500 48.2492075055771 1
87 700 54.8140545549573 1
87 1000 58.0538499463612 1
88 0 78.5094800188029 1
88 200 111.045996471618 1
88 400 42.2116711382888 1
88 500 58.4322834669319 1
88 700 39.9237239083858 1
88 1000 48.4789355674329 1
89 0 93.7091630738536 1
89 200 68.7348164080507 1
89 400 75.6580918407255 1
89 500 28.5899301216179 1
89 700 42.7254354751797 1
89 1000 30.4049497386483 1
90 0 127.204272429201 1
90 200 57.4890184403773 1
90 400 69.5976054588397 1
90 500 39.9349449744855 1
90 700 30.9017946263929 1
90 1000 25.7688660444086 1
91 0 91.0166645986827 1
91 200 88.3422811793671 1
91 400 35.1130353570865 1
91 500 49.7766757183248 1
91 700 42.1128782371478 1
91 1000 34.7769363835936 1
92 0 74.0674825929476 1
92 200 61.3392022175646 1
92 400 67.8642656872297 1
92 500 53.6185148883971 1
92 700 50.6925172270215 1
92 1000 38.8640247825009 1
93 0 100.855202574999 1
93 200 36.9959360773495 1
93 400 52.1300715641116 1
93 500 48.9881998523034 1
93 700 48.328388869104 1
93 1000 21.3466266900936 1
94 0 66.3845595391423 1
94 200 70.1888088779123 1
94 400 96.2456836121063 1
94 500 37.903673241394 1
94 700 55.5723050411299 1
94 1000 44.8282448525276 1
95 0 71.9026557370635 1
95 200 46.1437057514061 1
95 400 44.7971089089954 1
95 500 37.6196288377436 1
95 700 44.712716257452 1
95 1000 36.1676706246828 1
96 0 95.9109735244232 1
96 200 65.7978384049575 1
96 400 49.8624739947284 1
96 500 53.7908416515102 1
96 700 46.2173848912765 1
96 1000 28.9169677367685 1
97 0 98.1059313157371 1
97 200 83.7827801161571 1
97 400 57.9805993438547 1
97 500 47.0231945881253 1
97 700 40.8829345259131 1
97 1000 29.6993481682928 1
98 0 85.642848214004 1
98 200 58.6813671310064 1
98 400 53.8204038835625 1
98 500 47.6390711258603 1
98 700 42.5542538003922 1
98 1000 33.6561976369983 1
99 0 133.891604171291 1
99 200 109.364029220723 1
99 400 61.1628776129913 1
99 500 61.7622410529066 1
99 700 30.6739818655941 1
99 1000 27.1904447614298 1
100 0 139.860839938307 1
100 200 74.4345461112549 1
100 400 62.2524406583185 1
100 500 93.8574730864786 1
100 700 49.640353306784 1
100 1000 38.4958668622491 1
