id dose eff group
1 0 82.4523913589571 0
1 200 120.329598126633 0
1 400 97.9813969492837 0
1 500 73.3409149731377 0
1 700 75.6511042751652 0
1 1000 48.203422477024 0
2 0 117.013785803352 0
2 200 97.3649462167993 0
2 400 62.0350779367013 0
2 500 35.4363089786493 0
2 700 47.3721894095473 0
2 1000 30.8756129500438 0
3 0 96.3373400315811 0
3 200 82.8713572846679 0
3 400 95.9856188356315 0
3 500 80.100968686427 0
3 700 42.61284265101 0
3 1000 25.8042631767187 0
4 0 130.633796664479 0
4 200 70.8330623327446 0
4 400 63.430777375047 0
4 500 40.4967292262514 0
4 700 39.8799816764444 0
4 1000 45.7353204294998 0
5 0 91.4824587576127 0
5 200 89.0466215154381 0
5 400 48.6878065217749 0
5 500 59.6989126161459 0
5 700 48.5710632852954 0
5 1000 24.358954242969 0
6 0 103.716048372801 0
6 200 79.1798202400215 0
6 400 110.079397838322 0
6 500 51.1232057751685 0
6 700 75.4230882482189 0
6 1000 50.8512428090375 0
7 0 99.0315416628779 0
7 200 52.5509204547787 0
7 400 79.9060595738455 0
7 500 34.1132128280559 0
7 700 51.2321166943782 0
7 1000 35.6949211028422 0
8 0 108.085480184469 0
8 200 84.6937808096831 0
8 400 59.4476730643366 0
8 500 48.983025864415 0
8 700 63.1783822630723 0
8 1000 53.5857390896456 0
9 0 114.197253573085 0
9 200 117.621225120185 0
9 400 75.0991277357144 0
9 500 71.7453446966017 0
9 700 52.2870209219261 0
9 1000 68.3131986472881 0
10 0 91.1610556941619 0
10 200 91.2603134624005 0
10 400 61.3285826891805 0
10 500 83.1906260203617 0
10 700 35.0717306292706 0
10 1000 37.9820817777049 0
11 0 76.8712143695817 0
11 200 78.1053172429787 0
11 400 104.562586326436 0
11 500 90.1920617343459 0
11 700 58.1480327601789 0
11 1000 33.8893926149647 0
12 0 120.843267303897 0
12 200 70.4559311094181 0
12 400 73.6261876438672 0
12 500 67.9945778120639 0
12 700 40.9101733496236 0
12 1000 54.1633764116597 0
13 0 117.794972319413 0
13 200 55.5216187746053 0
13 400 71.0071925565341 0
13 500 36.6927602851602 0
13 700 35.7601524395134 0
13 1000 36.3912092552527 0
14 0 95.1846039554802 0
14 200 116.645786524831 0
14 400 37.1003639647799 0
14 500 67.9920804319435 0
14 700 38.7125865298091 0
14 1000 55.413240272901 0
15 0 102.557542814293 0
15 200 108.46099065225 0
15 400 106.098591575809 0
15 500 101.470061430028 0
15 700 70.5012670837809 0
15 1000 75.9757775343902 0
16 0 71.4842552394648 0
16 200 106.41425526716 0
16 400 64.1352108510139 0
16 500 70.3722093207912 0
16 700 64.7994858488883 0
16 1000 29.1053223724647 0
17 0 83.9189597559784 0
17 200 95.9704951734693 0
17 400 120.060707206472 0
17 500 106.425712579822 0
17 700 99.839288314918 0
17 1000 34.0280455717642 0
18 0 104.028355254972 0
18 200 97.5827898215411 0
18 400 105.847745104276 0
18 500 103.675603326307 0
18 700 92.6607418074553 0
18 1000 63.6405219262065 0
19 0 110.208093991143 0
19 200 106.677204146525 0
19 400 74.5311253475399 0
19 500 73.183131371583 0
19 700 30.9655156723478 0
19 1000 47.2271339606542 0
20 0 151.211583998364 0
20 200 116.083262795778 0
20 400 105.049310234848 0
20 500 74.8730962765623 0
20 700 71.4298178367054 0
20 1000 63.5517291717702 0
21 0 144.775408068792 0
21 200 127.639653440579 0
21 400 79.9145740456467 0
21 500 84.5078604857739 0
21 700 53.0477322521213 0
21 1000 58.4175380252517 0
22 0 99.3196439190929 0
22 200 63.3704651766475 0
22 400 54.2502941620754 0
22 500 33.2731821960032 0
22 700 65.5333896877812 0
22 1000 43.9278314241434 0
23 0 116.501233634458 0
23 200 107.22209110925 0
23 400 67.5843660784595 0
23 500 112.178929108637 0
23 700 92.8050231275868 0
23 1000 72.736079113876 0
24 0 95.5206705396795 0
24 200 87.9673551819342 0
24 400 73.0904948559521 0
24 500 56.9657142984908 0
24 700 43.0884435919674 0
24 1000 50.4388210571864 0
25 0 114.236168302082 0
25 200 92.3379606994406 0
25 400 71.6088564967611 0
25 500 66.5743469156228 0
25 700 48.0721918478187 0
25 1000 38.2509523232949 0
26 0 95.6682478306274 0
26 200 103.352942451068 0
26 400 98.8864343569965 0
26 500 84.3443008443167 0
26 700 41.7142568893422 0
26 1000 59.4292458397879 0
27 0 113.847069088976 0
27 200 81.9274597385256 0
27 400 71.9681702394007 0
27 500 68.4792942286929 0
27 700 68.6177565848493 0
27 1000 60.2341109171459 0
28 0 99.5991445612158 0
28 200 83.5325156605913 0
28 400 72.8310601512266 0
28 500 45.4766117973954 0
28 700 35.7990946680199 0
28 1000 36.7176497465217 0
29 0 109.101260217954 0
29 200 77.6933770875943 0
29 400 83.2385116188314 0
29 500 56.4163333266894 0
29 700 54.427441448804 0
29 1000 42.6884162218101 0
30 0 108.171038930569 0
30 200 113.221987240603 0
30 400 79.8866755274449 0
30 500 81.5876285236493 0
30 700 43.7936345276663 0
30 1000 27.242732549389 0
31 0 91.305988276624 0
31 200 107.10971140477 0
31 400 71.395505773602 0
31 500 26.3441347742991 0
31 700 41.6864976498845 0
31 1000 16.0203261920946 0
32 0 115.832652884145 0
32 200 140.81375447285 0
32 400 77.1599738486141 0
32 500 70.6635237226003 0
32 700 84.2779963688884 0
32 1000 57.7075303839471 0
33 0 98.1378299677413 0
33 200 79.5959427746161 0
33 400 69.5432323344769 0
33 500 55.7645854228934 0
33 700 71.5741033274976 0
33 1000 42.1726557372198 0
34 0 135.706512014211 0
34 200 77.3301497033003 0
34 400 87.7671816506192 0
34 500 65.7750330850179 0
34 700 69.5209462855899 0
34 1000 44.8708275534597 0
35 0 84.4660528104522 0
35 200 73.0449736564794 0
35 400 88.0501063059865 0
35 500 54.8876801719608 0
35 700 102.604425116095 0
35 1000 52.7851045540383 0
36 0 123.616868793849 0
36 200 117.924837529231 0
36 400 78.9315653356565 0
36 500 53.8809849948438 0
36 700 21.2550716966961 0
36 1000 56.9562784475102 0
37 0 115.799156522918 0
37 200 138.561594386865 0
37 400 85.9300047014893 0
37 500 73.8692737579522 0
37 700 69.5006431386256 0
37 1000 51.9359562854182 0
38 0 66.3013294613988 0
38 200 94.307357032457 0
38 400 59.3124219785317 0
38 500 51.1586137086666 0
38 700 37.6895419447684 0
38 1000 39.1984911521308 0
39 0 92.2104138538092 0
39 200 85.5680952151301 0
39 400 42.1853100709869 0
39 500 59.6606030818916 0
39 700 47.7285001124028 0
39 1000 35.4291178395028 0
40 0 66.8349380752322 0
40 200 64.6301202909869 0
40 400 55.8886383722062 0
40 500 57.8192610877686 0
40 700 29.0693532817089 0
40 1000 30.3207308383473 0
41 0 128.666800865814 0
41 200 129.558491274937 0
41 400 100.015908815614 0
41 500 84.8615701170211 0
41 700 76.4548313146504 0
41 1000 36.1938342686115 0
42 0 115.310976923302 0
42 200 110.978642180932 0
42 400 94.426803673622 0
42 500 96.5847225452544 0
42 700 87.3124083589866 0
42 1000 64.0048291201918 0
43 0 75.4270399824263 0
43 200 104.058435475305 0
43 400 61.6424274017668 0
43 500 57.9854355635131 0
43 700 40.9042125379465 0
43 1000 24.273590369097 0
44 0 114.95430742446 0
44 200 110.82666529265 0
44 400 114.125071999784 0
44 500 60.3080967388385 0
44 700 100.786145301642 0
44 1000 68.9377702045566 0
45 0 82.914701417425 0
45 200 74.1635851765448 0
45 400 33.5175125128997 0
45 500 37.6649252936109 0
45 700 39.702911992142 0
45 1000 35.8413420917025 0
46 0 88.061924508422 0
46 200 88.8472727895367 0
46 400 51.8744764730524 0
46 500 45.8360394602848 0
46 700 27.3391184814745 0
46 1000 43.8539105818364 0
47 0 103.52879056607 0
47 200 73.5726584580923 0
47 400 88.8357319203761 0
47 500 103.251048849929 0
47 700 90.4420770363789 0
47 1000 37.6635352396453 0
48 0 125.60550964517 0
48 200 105.255854284144 0
48 400 73.0965777532084 0
48 500 56.7422452276941 0
48 700 27.6239072954476 0
48 1000 48.555181294947 0
49 0 93.1437573854564 0
49 200 92.2561594262928 0
49 400 71.0223484155533 0
49 500 73.9459513407177 0
49 700 53.4088664094208 0
49 1000 31.3461837184342 0
50 0 104.560241639428 0
50 200 65.8355756597429 0
50 400 63.4906711856968 0
50 500 53.0055544438125 0
50 700 46.325462356865 0
50 1000 48.701997562731 0
51 0 130.662783935232 1
51 200 70.3267079310031 1
51 400 42.3093559190822 1
51 500 36.9733795543259 1
51 700 36.2397470754693 1
51 1000 28.2118017232787 1
52 0 89.8684134162688 1
52 200 61.1422765368789 1
52 400 38.2003474307682 1
52 500 41.8038662673923 1
52 700 23.6430963695421 1
52 1000 31.6692552607297 1
53 0 99.6359617654099 1
53 200 47.4440740915699 1
53 400 78.6322133871441 1
53 500 68.3696539812175 1
53 700 47.440138055356 1
53 1000 39.5785301369813 1
54 0 94.5012058957978 1
54 200 73.1075712356232 1
54 400 56.3913703174638 1
54 500 40.6771264808809 1
54 700 39.7147237577585 1
54 1000 25.7355711351964 1
55 0 95.7418388358323 1
55 200 79.6378799887962 1
55 400 54.6344546498927 1
55 500 67.4834473750605 1
55 700 46.938678494953 1
55 1000 57.7029216857412 1
56 0 113.900090018926 1
56 200 97.50479775849 1
56 400 54.5456091461987 1
56 500 45.2947012233158 1
56 700 39.9955603589777 1
56 1000 50.884278240802 1
57 0 70.6313326829238 1
57 200 46.8814222763168 1
57 400 45.789961108331 1
57 500 53.5037375045954 1
57 700 49.2858711086909 1
57 1000 26.1357617727072 1
58 0 132.959280755211 1
58 200 105.367526703886 1
58 400 67.9648970139636 1
58 500 66.9413601432034 1
58 700 37.8110524120927 1
58 1000 51.5685161431837 1
59 0 129.453247848831 1
59 200 83.0473521801236 1
59 400 49.9947959674585 1
59 500 46.5698076605628 1
59 700 26.79363373918 1
59 1000 36.6558648335183 1
60 0 82.3852917489535 1
60 200 43.3671849584058 1
60 400 68.1424042469584 1
60 500 42.3402334272927 1
60 700 55.7670802058861 1
60 1000 58.6148066663977 1
61 0 111.877099716669 1
61 200 85.9054774368703 1
61 400 42.9072044728846 1
61 500 42.7094767467352 1
61 700 43.2148464545528 1
61 1000 44.2108762223933 1
62 0 103.569543866412 1
62 200 98.494956095983 1
62 400 16.9878981756217 1
62 500 46.4161943825519 1
62 700 59.5990529125396 1
62 1000 30.6643720871107 1
63 0 84.6048528797035 1
63 200 115.682884063128 1
63 400 90.8095638053676 1
63 500 34.893601189353 1
63 700 60.2973723316089 1
63 1000 55.6069646865526 1
64 0 100.822701770943 1
64 200 57.0051898066143 1
64 400 65.1454887065914 1
64 500 50.3960397003699 1
64 700 41.7638064049792 1
64 1000 58.3981597562504 1
65 0 74.8033395992386 1
65 200 69.8738639328629 1
65 400 65.4669779927979 1
65 500 52.8225336947123 1
65 700 31.783058505202 1
65 1000 53.1090301599542 1
66 0 77.5325550004877 1
66 200 68.3559431377677 1
66 400 47.8157836620845 1
66 500 47.7481114072461 1
66 700 18.6800477100141 1
66 1000 42.2781658649263 1
67 0 109.325918532804 1
67 200 57.1126475315947 1
67 400 70.0673848317623 1
67 500 89.8598008963259 1
67 700 48.0129101434753 1
67 1000 50.2836905537426 1
68 0 100.235382872582 1
68 200 78.300193047171 1
68 400 50.4318695007504 1
68 500 37.7877663256313 1
68 700 52.5469273742175 1
68 1000 43.5254159467446 1
69 0 88.6037066624192 1
69 200 52.8924164814561 1
69 400 37.3120944514279 1
69 500 40.4521491228362 1
69 700 30.0014792940795 1
69 1000 40.8509642291661 1
70 0 84.3147471071045 1
70 200 75.2433300972756 1
70 400 59.5079501396382 1
70 500 57.1330243869487 1
70 700 28.1199903508155 1
70 1000 47.0419158498277 1
71 0 148.955042683414 1
71 200 101.666695282235 1
71 400 59.366614621004 1
71 500 46.5550910700613 1
71 700 47.8318488626987 1
71 1000 46.7535589328611 1
72 0 105.411136918981 1
72 200 91.6691533119834 1
72 400 50.399455480899 1
72 500 31.7577615191419 1
72 700 51.3091378653845 1
72 1000 35.7437259498073 1
73 0 93.0942850797747 1
73 200 82.9904067571463 1
73 400 75.7230450760551 1
73 500 63.2888886147619 1
73 700 59.2153681093775 1
73 1000 21.3839825416 1
74 0 80.9417324249468 1
74 200 47.8367454860822 1
74 400 33.5190255681504 1
74 500 28.0636036903442 1
74 700 29.9309860635553 1
74 1000 37.0325165091869 1
75 0 107.872656705778 1
75 200 94.5098275762856 1
75 400 102.876332287441 1
75 500 68.0768021011159 1
75 700 69.5744295289726 1
75 1000 44.2829808443096 1
76 0 48.7329465582567 1
76 200 64.0644007382365 1
76 400 65.3983731363417 1
76 500 59.7322268734002 1
76 700 33.620647826011 1
76 1000 29.3238770210359 1
77 0 95.7350767261929 1
77 200 91.3853569265729 1
77 400 64.0376160290436 1
77 500 53.1337329031137 1
77 700 43.2738889254582 1
77 1000 41.6488669700618 1
78 0 112.238385278081 1
78 200 73.3481178037707 1
78 400 46.3308858898187 1
78 500 49.9763499188022 1
78 700 49.0708656514215 1
78 1000 42.2807922548866 1
79 0 96.476700374654 1
79 200 46.111102672742 1
79 400 33.2413056785028 1
79 500 45.669720297265 1
79 700 44.8813459056933 1
79 1000 34.9473349747656 1
80 0 147.591943111402 1
80 200 98.9168891119325 1
80 400 66.4658698221222 1
80 500 71.9835929683803 1
80 700 63.9447724580182 1
80 1000 61.698393527466 1
81 0 109.499125004821 1
81 200 55.5156489344014 1
81 400 56.3037253369048 1
81 500 68.2306085213799 1
81 700 50.0070724527446 1
81 1000 20.9962796467798 1
82 0 100.19278136876 1
82 200 106.761601595098 1
82 400 76.1605946291614 1
82 500 34.9548848284664 1
82 700 38.9776777023042 1
82 1000 60.6525908233666 1
83 0 123.849803043363 1
83 200 95.7623013456647 1
83 400 64.5655885668937 1
83 500 59.2540370944868 1
83 700 39.0538644758068 1
83 1000 46.4794549440597 1
84 0 74.7512459199795 1
84 200 58.1357891207776 1
84 400 64.9239318177943 1
84 500 44.4481393447339 1
84 700 27.1131487652899 1
84 1000 51.0812107497346 1
85 0 98.1231745730697 1
85 200 62.4356256636641 1
85 400 61.4606557043039 1
85 500 68.2814967143557 1
85 700 48.3442256958656 1
85 1000 47.8704171768139 1
86 0 107.713556120617 1
86 200 72.9909722100811 1
86 400 55.8776239698963 1
86 500 48.350070679216 1
86 700 31.1401407053115 1
86 1000 46.3340064366939 1
87 0 134.995822200776 1
87 200 82.645959999398 1
87 400 96.7192968377229 1
87 500 79.6867408931293 1
87 700 59.208992706296 1
87 1000 31.6624592229852 1
88 0 62.8061446850505 1
88 200 79.3163887552824 1
88 400 56.2243504396651 1
88 500 53.1714151909181 1
88 700 44.2739209448719 1
88 1000 40.4043380529721 1
89 0 124.493929232991 1
89 200 97.2865237354546 1
89 400 57.6572376322127 1
89 500 48.1819179005852 1
89 700 46.8566395622303 1
89 1000 26.1910789299474 1
90 0 95.5860523045519 1
90 200 68.3224347521309 1
90 400 59.4217547229281 1
90 500 35.385428330613 1
90 700 42.0856897000111 1
90 1000 41.6103342355712 1
91 0 107.421921674762 1
91 200 57.8206827330361 1
91 400 58.977655521068 1
91 500 62.0700316003721 1
91 700 57.1125157820665 1
91 1000 40.2811834243317 1
92 0 82.2272451996497 1
92 200 103.32665024378 1
92 400 78.6907690449621 1
92 500 46.0067868760071 1
92 700 28.561588603307 1
92 1000 22.6766008270544 1
93 0 88.9788937982657 1
93 200 98.0460657525026 1
93 400 58.1020414666902 1
93 500 58.3016944871133 1
93 700 45.3598635336377 1
93 1000 39.4822103147021 1
94 0 90.7034586256302 1
94 200 79.5632209313703 1
94 400 39.3172953332049 1
94 500 25.3813685548877 1
94 700 36.1078489452128 1
94 1000 40.2453372668191 1
95 0 133.89758762925 1
95 200 51.4378268407144 1
95 400 76.0220609125207 1
95 500 47.7798235519761 1
95 700 28.1856691371857 1
95 1000 26.8495833907476 1
96 0 109.152767307616 1
96 200 121.558008034585 1
96 400 86.8177345356461 1
96 500 84.4404465076307 1
96 700 49.7155654541072 1
96 1000 47.8087724635458 1
97 0 97.9605184880479 1
97 200 50.3010485635751 1
97 400 96.8323238786231 1
97 500 55.3659380319059 1
97 700 31.167834774768 1
97 1000 45.4373838348617 1
98 0 118.132230432563 1
98 200 97.3373913800052 1
98 400 79.8314524181113 1
98 500 54.9721148699834 1
98 700 35.3831701149449 1
98 1000 50.0179782993355 1
99 0 124.235370766788 1
99 200 99.345355861241 1
99 400 73.7577522806947 1
99 500 48.640520570381 1
99 700 63.1306050786175 1
99 1000 47.0397190717243 1
100 0 136.10085466341 1
100 200 115.495484671894 1
100 400 77.5333102010503 1
100 500 56.4454851615159 1
100 700 51.0413841573077 1
100 1000 49.8428126195833 1
