id dose eff group
1 0 87.910292782714 0
1 200 86.9815178439852 0
1 400 40.6624078770034 0
1 500 76.3464297153629 0
1 700 50.3132290687856 0
1 1000 46.2249782327783 0
2 0 41.0206181018029 0
2 200 71.7641279049129 0
2 400 79.1283009040609 0
2 500 53.2066422249277 0
2 700 58.2366057923315 0
2 1000 29.2268672984267 0
3 0 83.9503436829251 0
3 200 73.701190010233 0
3 400 45.0135087639555 0
3 500 53.2857508859891 0
3 700 48.6113219955546 0
3 1000 37.7180601380934 0
4 0 97.4664017421521 0
4 200 53.500271293709 0
4 400 41.4673590362984 0
4 500 62.3909480266605 0
4 700 43.3396376313481 0
4 1000 21.8479780396635 0
5 0 86.8570581281311 0
5 200 78.0294762362573 0
5 400 86.8311426069648 0
5 500 70.765914227895 0
5 700 71.3442704851346 0
5 1000 58.6439548147607 0
6 0 89.8359224423495 0
6 200 93.6201265496548 0
6 400 78.15818722418 0
6 500 69.8314411370997 0
6 700 68.8127825941104 0
6 1000 58.5497063053827 0
7 0 47.2997209432552 0
7 200 86.7419741421575 0
7 400 64.158643476015 0
7 500 102.854665913878 0
7 700 52.3456599772833 0
7 1000 78.779904631765 0
8 0 107.056890030067 0
8 200 76.1476988154528 0
8 400 72.266637207242 0
8 500 66.9755948279799 0
8 700 60.419631181176 0
8 1000 36.9575184343996 0
9 0 88.1019553625439 0
9 200 114.452628282281 0
9 400 74.0274344716523 0
9 500 56.5803029548583 0
9 700 39.5975866081818 0
9 1000 50.7723259297928 0
10 0 57.3616421977149 0
10 200 107.332358477567 0
10 400 78.0268829707821 0
10 500 97.8877535923293 0
10 700 56.8488279398815 0
10 1000 72.9238314804481 0
11 0 172.984087419975 0
11 200 51.4293274537411 0
11 400 85.0089563098838 0
11 500 87.9231192656158 0
11 700 49.5945271318832 0
11 1000 52.2617521069052 0
12 0 87.1923825781034 0
12 200 97.3372129637388 0
12 400 56.7538219681107 0
12 500 66.4725447553812 0
12 700 37.6538499091506 0
12 1000 36.3998338882034 0
13 0 61.5947045091761 0
13 200 86.629200932563 0
13 400 72.4156217276472 0
13 500 66.6571173574883 0
13 700 49.4505758167895 0
13 1000 49.5584021493752 0
14 0 144.964852879931 0
14 200 92.5776534313498 0
14 400 112.750557329303 0
14 500 74.3152969757241 0
14 700 52.708142599074 0
14 1000 58.3900915243213 0
15 0 65.7372546170029 0
15 200 71.8996154810725 0
15 400 88.324556918813 0
15 500 44.0466543583862 0
15 700 81.0748393311422 0
15 1000 62.8443676977027 0
16 0 122.767700826512 0
16 200 127.704218939463 0
16 400 66.0719724981965 0
16 500 64.1688284662258 0
16 700 68.7470568390276 0
16 1000 57.0660164364053 0
17 0 161.656991777451 0
17 200 87.0891872749182 0
17 400 66.3352884138956 0
17 500 90.3431174174234 0
17 700 73.2420259176345 0
17 1000 42.0912732475357 0
18 0 71.1379030543573 0
18 200 66.6604624513878 0
18 400 64.8213844266339 0
18 500 64.0606361820104 0
18 700 43.8932047701048 0
18 1000 33.09462566741 0
19 0 122.776801093425 0
19 200 118.887459033352 0
19 400 84.1876974020329 0
19 500 79.8463165518109 0
19 700 53.4160904078584 0
19 1000 43.5978792671627 0
20 0 83.2484345020124 0
20 200 91.7163986979887 0
20 400 58.3216193326204 0
20 500 71.9682940990831 0
20 700 49.870587453763 0
20 1000 56.2897995232376 0
21 0 119.961231499435 0
21 200 109.472813282761 0
21 400 100.89981152399 0
21 500 83.9390199978099 0
21 700 73.7189631400284 0
21 1000 38.3338315644564 0
22 0 105.755480224515 0
22 200 87.3429799553441 0
22 400 62.0074133811664 0
22 500 59.8316386721201 0
22 700 41.9885701733725 0
22 1000 51.523246623225 0
23 0 113.60991298972 0
23 200 89.7319661762257 0
23 400 76.9902461490773 0
23 500 92.1191805323292 0
23 700 43.6766454212625 0
23 1000 60.4096276464645 0
24 0 74.8931840968706 0
24 200 105.124220468256 0
24 400 59.4513797656656 0
24 500 61.2831885782139 0
24 700 48.563208589193 0
24 1000 58.020870029473 0
25 0 105.861082363872 0
25 200 93.8084193228583 0
25 400 59.85487592729 0
25 500 47.3984232847598 0
25 700 54.2281261442334 0
25 1000 34.1030647074871 0
26 0 101.466128181928 0
26 200 58.5556075153409 0
26 400 73.8235305748362 0
26 500 60.406297537058 0
26 700 37.9124389956685 0
26 1000 38.9653690325896 0
27 0 123.520469553972 0
27 200 100.948207266377 0
27 400 60.1820542995239 0
27 500 64.2634932268702 0
27 700 31.7271460070099 0
27 1000 47.0577940816951 0
28 0 93.8227644947338 0
28 200 93.5661156388668 0
28 400 56.1527382868301 0
28 500 47.1016884660259 0
28 700 38.3767482506586 0
28 1000 46.9824110851238 0
29 0 87.2303770173363 0
29 200 97.0867795011709 0
29 400 95.8605544011138 0
29 500 56.3315869521676 0
29 700 64.7034420861348 0
29 1000 47.9553720470574 0
30 0 81.0215039700155 0
30 200 79.0476563678594 0
30 400 90.8352853499365 0
30 500 55.3897363706859 0
30 700 65.4485481704734 0
30 1000 46.0988885275707 0
31 0 110.310598121215 0
31 200 114.919446316853 0
31 400 75.266809307936 0
31 500 78.4451242102114 0
31 700 66.9729402614006 0
31 1000 8.96819897209932 0
32 0 92.7809365662003 0
32 200 67.860782308787 0
32 400 90.4253130848939 0
32 500 59.9932590201752 0
32 700 71.7097394010084 0
32 1000 57.8479483144396 0
33 0 129.129338955604 0
33 200 64.0569395718785 0
33 400 75.9418953938148 0
33 500 47.7836314805919 0
33 700 42.2239728631477 0
33 1000 57.184340632426 0
34 0 93.6678940592957 0
34 200 57.6836780535011 0
34 400 73.6675160362639 0
34 500 105.268931058423 0
34 700 92.2110483515421 0
34 1000 54.5830361102956 0
35 0 49.254584107734 0
35 200 64.2426022433973 0
35 400 63.5073703747736 0
35 500 74.2761891809665 0
35 700 51.5756669478292 0
35 1000 53.2996347379489 0
36 0 99.9241001647601 0
36 200 91.8880977646139 0
36 400 66.3049536406138 0
36 500 52.6603473487956 0
36 700 67.9215396569476 0
36 1000 33.32560568304 0
37 0 89.3848304467227 0
37 200 82.1000480554775 0
37 400 52.2091435751467 0
37 500 72.5511038397742 0
37 700 36.5961891233756 0
37 1000 31.868282795966 0
38 0 142.161397488259 0
38 200 112.224793161619 0
38 400 44.3103349583417 0
38 500 93.7298446938013 0
38 700 67.5094538433702 0
38 1000 49.3166690550862 0
39 0 63.2817425096955 0
39 200 68.7556912382016 0
39 400 42.0951121626074 0
39 500 32.7338986729755 0
39 700 32.7482687915195 0
39 1000 29.1380701167951 0
40 0 107.451874286303 0
40 200 99.8368853926463 0
40 400 101.187544018169 0
40 500 71.9301217699753 0
40 700 79.9307310154896 0
40 1000 71.783627234242 0
41 0 117.93860948276 0
41 200 98.6596511583005 0
41 400 97.9977951913467 0
41 500 69.7204459136218 0
41 700 46.7516859060211 0
41 1000 57.1396547003245 0
42 0 95.9690060522264 0
42 200 75.2104209913723 0
42 400 67.3209178523397 0
42 500 54.8145653207652 0
42 700 49.8761229393417 0
42 1000 49.6403156246086 0
43 0 142.597983563583 0
43 200 117.292814285244 0
43 400 129.06930165483 0
43 500 73.3809820179429 0
43 700 43.6873211167991 0
43 1000 78.0097827390866 0
44 0 157.780384787153 0
44 200 107.664702857407 0
44 400 67.960498729087 0
44 500 46.1472940439869 0
44 700 71.8692229142711 0
44 1000 48.3984597690688 0
45 0 147.782502761198 0
45 200 87.8694033955438 0
45 400 106.68411218857 0
45 500 60.5902001869998 0
45 700 78.7253752140616 0
45 1000 56.6951490651869 0
46 0 113.80199138154 0
46 200 99.7473111767445 0
46 400 75.7184498950865 0
46 500 59.0642912285047 0
46 700 34.1458572050337 0
46 1000 41.2699036348659 0
47 0 131.90061033524 0
47 200 75.3921216197042 0
47 400 38.1837635348593 0
47 500 34.2008319671517 0
47 700 27.3743630087719 0
47 1000 20.8413342282001 0
48 0 84.10780535392 0
48 200 94.5385377286685 0
48 400 59.4530862476859 0
48 500 42.5812770550196 0
48 700 62.2037175631968 0
48 1000 60.3555175463626 0
49 0 102.210673169291 0
49 200 97.3213701956269 0
49 400 81.9195171435603 0
49 500 84.2189922028154 0
49 700 44.7829410039011 0
49 1000 57.8985314135028 0
50 0 116.513928539393 0
50 200 110.652499946226 0
50 400 59.8194348509579 0
50 500 42.0920939685936 0
50 700 41.9882326300919 0
50 1000 43.9336299337387 0
51 0 89.6575469109865 1
51 200 92.0945245054012 1
51 400 50.0038079006655 1
51 500 50.8517174062623 1
51 700 29.995423791762 1
51 1000 31.8955465807377 1
52 0 81.096877847041 1
52 200 91.2894968276111 1
52 400 54.1642357590195 1
52 500 49.4485896469069 1
52 700 38.6136738973166 1
52 1000 21.7448450439386 1
53 0 99.591381065315 1
53 200 106.303814097794 1
53 400 71.0147549850325 1
53 500 36.8094897946086 1
53 700 39.7080496130254 1
53 1000 27.0024928042444 1
54 0 132.531293920231 1
54 200 87.8086339834685 1
54 400 67.3798763766088 1
54 500 40.5184079210542 1
54 700 10.6631324004027 1
54 1000 33.9472968845176 1
55 0 75.6385478637878 1
55 200 100.211216899846 1
55 400 62.3277779451069 1
55 500 35.3425352629274 1
55 700 63.5489134920806 1
55 1000 34.6829351065574 1
56 0 128.115562526752 1
56 200 60.8670761842513 1
56 400 73.4334943496997 1
56 500 82.8569965980059 1
56 700 57.1242414606141 1
56 1000 33.5541270029668 1
57 0 107.73967317365 1
57 200 48.4381808902135 1
57 400 69.0008575939086 1
57 500 56.7433646255588 1
57 700 60.0038255282698 1
57 1000 33.1077314327598 1
58 0 107.719853232539 1
58 200 78.2328275201943 1
58 400 60.8320135844264 1
58 500 58.3163976477237 1
58 700 42.5015720454045 1
58 1000 34.9061448931136 1
59 0 107.139413945856 1
59 200 45.0065768791627 1
59 400 61.187899941318 1
59 500 45.311280920908 1
59 700 43.8039999010631 1
59 1000 40.1677910985559 1
60 0 107.857027194222 1
60 200 81.5853457712741 1
60 400 55.8214328196315 1
60 500 41.8291953947833 1
60 700 34.0690770533027 1
60 1000 42.368525279363 1
61 0 65.7544346690613 1
61 200 86.3472891856019 1
61 400 44.8838995456747 1
61 500 81.4319766282123 1
61 700 58.0515951250935 1
61 1000 43.5137708945557 1
62 0 105.965220472652 1
62 200 99.2432070197899 1
62 400 95.4658370880749 1
62 500 58.1481694382721 1
62 700 57.0128045582966 1
62 1000 38.3920878648376 1
63 0 90.9433893887707 1
63 200 114.280721640431 1
63 400 65.1516904720717 1
63 500 51.2224771185054 1
63 700 45.8629756288293 1
63 1000 39.351453310056 1
64 0 71.648776879786 1
64 200 62.9353593072253 1
64 400 42.0128975633823 1
64 500 31.5028582594566 1
64 700 35.9884590933987 1
64 1000 32.7712723268821 1
65 0 103.039711259227 1
65 200 63.0111490520589 1
65 400 70.047654869566 1
65 500 41.3074399070263 1
65 700 56.560972151392 1
65 1000 46.1736059000672 1
66 0 86.0954713154931 1
66 200 97.9280835845414 1
66 400 29.9864467335349 1
66 500 53.8434139988265 1
66 700 26.1840004475141 1
66 1000 39.5942673552578 1
67 0 75.9075900739672 1
67 200 77.1792635756645 1
67 400 52.6811463814438 1
67 500 49.6983325140296 1
67 700 50.6712337346829 1
67 1000 16.1741323598224 1
68 0 96.5267431797073 1
68 200 67.7039129231042 1
68 400 48.8127091869465 1
68 500 73.1023558191097 1
68 700 40.7305797815157 1
68 1000 34.8338587872924 1
69 0 104.285083781674 1
69 200 76.8268237173995 1
69 400 50.6048328034459 1
69 500 58.3755845773716 1
69 700 22.8220734454711 1
69 1000 22.25092946882 1
70 0 81.8390534556504 1
70 200 76.1028923646533 1
70 400 65.8852413161662 1
70 500 38.0893347956143 1
70 700 30.1722442466503 1
70 1000 30.992187465156 1
71 0 71.0837646131148 1
71 200 77.6599268593682 1
71 400 49.6731532526683 1
71 500 50.6623604741027 1
71 700 21.7133182136858 1
71 1000 27.1682884008811 1
72 0 77.8122618091606 1
72 200 75.2000450062365 1
72 400 53.2567165187228 1
72 500 54.5689486991241 1
72 700 48.3051883842155 1
72 1000 23.2574404143292 1
73 0 108.86419220081 1
73 200 91.571985639867 1
73 400 75.8236420618495 1
73 500 75.498824774087 1
73 700 43.0476166716254 1
73 1000 49.7746797584265 1
74 0 68.6336178781797 1
74 200 77.2750427418603 1
74 400 53.4642884806667 1
74 500 53.486123539884 1
74 700 48.1951037628233 1
74 1000 38.9593104760732 1
75 0 100.321927872767 1
75 200 84.993933217376 1
75 400 53.2242605764618 1
75 500 68.679156805572 1
75 700 60.4874948252256 1
75 1000 23.4702958718703 1
76 0 85.3322905967629 1
76 200 65.553135961863 1
76 400 82.5527685002888 1
76 500 63.3770222837487 1
76 700 45.1398588902407 1
76 1000 57.2972495757576 1
77 0 90.754975010587 1
77 200 83.2878623216077 1
77 400 71.8828042299528 1
77 500 52.686777726451 1
77 700 30.1937945747995 1
77 1000 46.8598499835932 1
78 0 69.9054756162701 1
78 200 100.390135162184 1
78 400 71.3313366373848 1
78 500 46.9040212790201 1
78 700 51.1327415203264 1
78 1000 35.8561482068696 1
79 0 123.270906489147 1
79 200 68.6305027662677 1
79 400 62.0138507227866 1
79 500 44.1111018613341 1
79 700 27.2450877076698 1
79 1000 39.8325741568105 1
80 0 110.523131265554 1
80 200 43.6858187456044 1
80 400 42.4031474976608 1
80 500 67.6334179928696 1
80 700 32.6710957019162 1
80 1000 34.4094113207729 1
81 0 100.973324482061 1
81 200 85.5672732465276 1
81 400 66.3179324660707 1
81 500 66.639214718478 1
81 700 52.1631707871291 1
81 1000 37.9228078983641 1
82 0 114.833916917967 1
82 200 85.0885291909723 1
82 400 62.5876005693983 1
82 500 51.1705031018251 1
82 700 53.8709925384083 1
82 1000 45.8127977251333 1
83 0 132.979019898372 1
83 200 91.605785796468 1
83 400 66.4153871163627 1
83 500 55.5672522966417 1
83 700 35.8819384212128 1
83 1000 45.597984730386 1
84 0 77.3937931816342 1
84 200 126.453632409435 1
84 400 69.2117280720077 1
84 500 62.4696700755035 1
84 700 72.4833526541778 1
84 1000 55.0602630448211 1
85 0 135.206713899775 1
85 200 109.253763008749 1
85 400 92.8080248216057 1
85 500 59.977292719252 1
85 700 62.9889360201842 1
85 1000 76.9641066433599 1
86 0 101.140515261547 1
86 200 88.4042806091358 1
86 400 69.5866675363193 1
86 500 27.4997725666294 1
86 700 15.4730812941503 1
86 1000 42.6613291161729 1
87 0 85.3170444687722 1
87 200 65.6716843218815 1
87 400 40.6814736919778 1
87 500 40.1079912255473 1
87 700 37.0896969314299 1
87 1000 26.0610038877216 1
88 0 117.969590235873 1
88 200 97.3733231295876 1
88 400 56.7719927637937 1
88 500 47.3965589149776 1
88 700 42.4729897689967 1
88 1000 17.7015523456479 1
89 0 120.199918654171 1
89 200 60.4136325009069 1
89 400 38.5240012182769 1
89 500 25.39212145789 1
89 700 29.8972386276269 1
89 1000 29.6262537760115 1
90 0 93.3726121350812 1
90 200 81.2092194863628 1
90 400 52.739958881364 1
90 500 39.1460529955169 1
90 700 51.2767452364089 1
90 1000 40.603218723515 1
91 0 49.3012950316211 1
91 200 52.6402972269317 1
91 400 70.1133655966608 1
91 500 46.1174264951574 1
91 700 23.0493786377221 1
91 1000 31.3961593724952 1
92 0 101.58576983447 1
92 200 77.6116870642714 1
92 400 76.4643257524217 1
92 500 83.7027416675494 1
92 700 40.0109350930594 1
92 1000 24.3512945831417 1
93 0 100.647036977257 1
93 200 73.4318005318333 1
93 400 101.578616534471 1
93 500 75.9129904010632 1
93 700 60.5303996245847 1
93 1000 63.6748464036991 1
94 0 70.8866151555025 1
94 200 78.3843575553857 1
94 400 79.33418460503 1
94 500 38.5676389000382 1
94 700 43.3047012082767 1
94 1000 20.9336967049561 1
95 0 75.3866307803879 1
95 200 59.6169498124729 1
95 400 42.5534004400697 1
95 500 41.7221460563458 1
95 700 29.4719107078619 1
95 1000 47.1347926295901 1
96 0 86.0005654655378 1
96 200 68.3120453582022 1
96 400 47.3539393451835 1
96 500 62.0634482884857 1
96 700 57.7190467741377 1
96 1000 28.0106231544951 1
97 0 133.562412845849 1
97 200 94.9184588651735 1
97 400 80.7903277140032 1
97 500 55.8943216723932 1
97 700 55.4537293741316 1
97 1000 32.9745423348805 1
98 0 92.430527985589 1
98 200 64.7496370852862 1
98 400 30.8920021912001 1
98 500 30.8051389885591 1
98 700 35.098413762257 1
98 1000 27.6954539254848 1
99 0 90.9568867326569 1
99 200 78.8836211378291 1
99 400 48.3014377576944 1
99 500 50.4998848907484 1
99 700 30.1735532825264 1
99 1000 30.4787980793496 1
100 0 62.0263483051555 1
100 200 65.7016259540602 1
100 400 62.1237728501996 1
100 500 55.0973826585423 1
100 700 51.1419136683602 1
100 1000 21.6391824471702 1
