id dose eff group
1 0 106.652692100864 0
1 200 85.477579998682 0
1 400 66.1058909498638 0
1 500 65.1844196359042 0
1 700 43.3940605019209 0
1 1000 28.9920882953968 0
2 0 107.844747243962 0
2 200 132.734538974581 0
2 400 94.563397649422 0
2 500 57.3569180364248 0
2 700 52.1144752490805 0
2 1000 47.8087457099499 0
3 0 98.9395277471584 0
3 200 109.651777162223 0
3 400 100.889122267286 0
3 500 89.9206130063052 0
3 700 68.2468733298862 0
3 1000 80.6136095516682 0
4 0 82.1562496742065 0
4 200 76.9960611377381 0
4 400 57.1892009869362 0
4 500 63.1846778947511 0
4 700 46.8528552190577 0
4 1000 62.0552663504279 0
5 0 72.4260953916732 0
5 200 90.4584700722679 0
5 400 43.4881482515684 0
5 500 57.8998536844212 0
5 700 51.3782781751526 0
5 1000 59.5773368106724 0
6 0 102.728595521822 0
6 200 103.554925332749 0
6 400 65.8096365915541 0
6 500 35.9032268192841 0
6 700 45.1500065375199 0
6 1000 40.4146137412387 0
7 0 133.628123380666 0
7 200 108.807395234469 0
7 400 79.2261403770826 0
7 500 68.8600100493569 0
7 700 52.1945127183392 0
7 1000 42.9322952654515 0
8 0 121.623002404643 0
8 200 92.239864221409 0
8 400 65.9057281570606 0
8 500 87.958090087768 0
8 700 70.0911439268639 0
8 1000 22.2383907596379 0
9 0 80.8081516871842 0
9 200 56.107661545106 0
9 400 50.4084647133289 0
9 500 50.5545346263525 0
9 700 32.079727129263 0
9 1000 44.7046807715583 0
10 0 95.4070277909779 0
10 200 91.6981629421042 0
10 400 67.1587143518505 0
10 500 78.2401118018939 0
10 700 63.0468284617497 0
10 1000 47.9419177677568 0
11 0 69.2013163332805 0
11 200 91.0608849361044 0
11 400 71.9710058428754 0
11 500 34.8588478412492 0
11 700 37.4660931692145 0
11 1000 31.0105297445952 0
12 0 104.900492274149 0
12 200 72.569852265624 0
12 400 68.7305787511879 0
12 500 78.9682898345289 0
12 700 43.1463061342525 0
12 1000 56.4617270183005 0
13 0 88.2506526321436 0
13 200 90.4914539139765 0
13 400 53.6949912467121 0
13 500 48.4966233189641 0
13 700 47.348445033801 0
13 1000 29.4044582066003 0
14 0 115.207351205163 0
14 200 62.8189165444322 0
14 400 64.5219509097739 0
14 500 33.409591356729 0
14 700 41.5662858977152 0
14 1000 37.2023548608773 0
15 0 114.457451092394 0
15 200 106.20350798399 0
15 400 44.6694027200334 0
15 500 80.1884568459454 0
15 700 59.8982939887727 0
15 1000 55.4376847649579 0
16 0 95.7871095490262 0
16 200 91.8556749240647 0
16 400 83.8583996866714 0
16 500 76.9332341797259 0
16 700 41.0452422406213 0
16 1000 45.0447751874913 0
17 0 91.1642276997098 0
17 200 61.1037730873672 0
17 400 50.7676687717461 0
17 500 68.9222146911642 0
17 700 56.7202869676517 0
17 1000 26.3541917462873 0
18 0 109.495185164879 0
18 200 93.0425032852586 0
18 400 99.0573858314469 0
18 500 76.9522930094333 0
18 700 77.5727918624952 0
18 1000 81.1266482445716 0
19 0 126.477162941866 0
19 200 75.0272919785751 0
19 400 121.88232204119 0
19 500 79.3931268462222 0
19 700 53.0473983549585 0
19 1000 38.0421763219949 0
20 0 88.0300570599594 0
20 200 83.0160237564049 0
20 400 96.0108390768245 0
20 500 72.9430777106737 0
20 700 49.0714678105204 0
20 1000 46.6464489419728 0
21 0 89.0572444945634 0
21 200 81.0375898287184 0
21 400 64.22529769025 0
21 500 55.9485991733643 0
21 700 61.0369049583472 0
21 1000 46.1339653369608 0
22 0 123.819793385454 0
22 200 46.5133825183444 0
22 400 54.6260414244768 0
22 500 54.6183822239768 0
22 700 58.3437603067765 0
22 1000 45.5158855092475 0
23 0 93.7474278616676 0
23 200 88.5795220948926 0
23 400 71.4595212983561 0
23 500 37.5558780189162 0
23 700 51.7216344017183 0
23 1000 25.2100525768527 0
24 0 121.693424974151 0
24 200 150.802792733701 0
24 400 77.2031520016345 0
24 500 115.314739329377 0
24 700 67.5916292794405 0
24 1000 53.7912277447107 0
25 0 96.3433889449007 0
25 200 115.668871670112 0
25 400 88.497724619163 0
25 500 79.414432836737 0
25 700 59.4865190754981 0
25 1000 38.1778777514259 0
26 0 85.2837510079839 0
26 200 52.0418716760893 0
26 400 56.8840086116092 0
26 500 49.1915726675077 0
26 700 49.016098465229 0
26 1000 40.6799749132274 0
27 0 134.148608652871 0
27 200 82.4016727848924 0
27 400 73.6563854721915 0
27 500 40.102659825039 0
27 700 43.8115470429675 0
27 1000 46.8351820310469 0
28 0 138.990351588509 0
28 200 89.2290807848851 0
28 400 104.473330897466 0
28 500 40.754453694948 0
28 700 51.3919580690884 0
28 1000 43.3325458665567 0
29 0 128.894120801028 0
29 200 84.3907259370001 0
29 400 101.359933583853 0
29 500 69.5606401087194 0
29 700 63.8362772237867 0
29 1000 57.8071084112766 0
30 0 121.268041334093 0
30 200 75.8142807801318 0
30 400 94.6715436417584 0
30 500 61.5101775307313 0
30 700 76.0071251535787 0
30 1000 61.7570566929686 0
31 0 107.480039777176 0
31 200 97.3589299384397 0
31 400 75.1762100932463 0
31 500 68.293503524403 0
31 700 59.8664402718819 0
31 1000 42.1851423467343 0
32 0 85.7177520281213 0
32 200 116.910839664221 0
32 400 52.2596346354847 0
32 500 55.4685625616942 0
32 700 55.1619234089196 0
32 1000 55.1793554960325 0
33 0 122.168366156913 0
33 200 64.7377359540929 0
33 400 66.2432028703602 0
33 500 50.2213825941792 0
33 700 59.0187646437086 0
33 1000 42.8845071286545 0
34 0 113.042619747424 0
34 200 83.1225160121869 0
34 400 74.251097986589 0
34 500 49.2701074387574 0
34 700 66.1187723695212 0
34 1000 37.9175550034652 0
35 0 110.059691249489 0
35 200 77.9029950537233 0
35 400 68.3673427507104 0
35 500 68.5368117233818 0
35 700 65.8086141535894 0
35 1000 47.2227103752202 0
36 0 150.193949904943 0
36 200 91.7214302798989 0
36 400 42.6924769582184 0
36 500 44.0496230251675 0
36 700 42.5867874908345 0
36 1000 28.4415197994616 0
37 0 140.351050736562 0
37 200 136.215133156253 0
37 400 44.070717168866 0
37 500 75.9129821925905 0
37 700 49.4256342036528 0
37 1000 66.866508654233 0
38 0 125.732969856251 0
38 200 76.68979418181 0
38 400 81.9068066963912 0
38 500 39.8145201664323 0
38 700 46.3206271089782 0
38 1000 38.5886977594811 0
39 0 86.5800889159908 0
39 200 86.0690579433804 0
39 400 36.4154278498141 0
39 500 59.8868323039294 0
39 700 35.0845522746193 0
39 1000 36.4132245784316 0
40 0 66.2067751050327 0
40 200 58.8947420270596 0
40 400 44.1552944893238 0
40 500 47.7920469672819 0
40 700 46.4823959894497 0
40 1000 16.0375398149329 0
41 0 133.559379472374 0
41 200 88.5692541891547 0
41 400 70.5059783056449 0
41 500 81.0514211188931 0
41 700 50.5332578626505 0
41 1000 40.8515275530712 0
42 0 100.623539794587 0
42 200 76.8884108888563 0
42 400 62.5407878001648 0
42 500 56.2714042421226 0
42 700 49.1721088100904 0
42 1000 39.5267886687216 0
43 0 140.679900967353 0
43 200 75.8935423256219 0
43 400 94.2423738396925 0
43 500 132.06283960918 0
43 700 62.5266911498157 0
43 1000 55.8754782515486 0
44 0 141.773109625354 0
44 200 106.210279616783 0
44 400 101.314401762096 0
44 500 43.0970557302412 0
44 700 62.6931865129895 0
44 1000 60.8862178518701 0
45 0 131.201544901637 0
45 200 94.2161967679019 0
45 400 60.6234816483328 0
45 500 67.2802757435393 0
45 700 47.9175894906866 0
45 1000 36.7589587189523 0
46 0 88.1570345182568 0
46 200 133.577602620102 0
46 400 91.1143068023001 0
46 500 105.96888488701 0
46 700 49.746466696275 0
46 1000 72.5024733498166 0
47 0 93.6428761743454 0
47 200 66.1170539520971 0
47 400 66.1237118731479 0
47 500 75.9819050913148 0
47 700 64.3096514610019 0
47 1000 55.6866927851087 0
48 0 68.6683500530848 0
48 200 106.414927755431 0
48 400 57.6764259684235 0
48 500 73.8345149360563 0
48 700 68.9157285923097 0
48 1000 43.4502724920103 0
49 0 142.645119976117 0
49 200 97.7707278157194 0
49 400 71.365009504198 0
49 500 62.0322177184196 0
49 700 58.1413574321566 0
49 1000 39.1193579828636 0
50 0 136.073971344023 0
50 200 87.4073874570549 0
50 400 53.6746221314456 0
50 500 76.8974251516876 0
50 700 52.6634213167165 0
50 1000 35.2698180653783 0
51 0 110.042546306831 1
51 200 71.5133794831467 1
51 400 51.2100463881603 1
51 500 55.235283658455 1
51 700 47.4264898493379 1
51 1000 36.4694924324124 1
52 0 101.062714271675 1
52 200 84.3674467755463 1
52 400 62.2306407823505 1
52 500 73.6090242534632 1
52 700 53.6250771241571 1
52 1000 47.094578199884 1
53 0 117.272596132703 1
53 200 48.892011838364 1
53 400 71.4046640819264 1
53 500 55.3918669790686 1
53 700 25.9123217868034 1
53 1000 25.5015507315592 1
54 0 147.769438026861 1
54 200 76.2469517003783 1
54 400 61.6484140518918 1
54 500 55.7512408415213 1
54 700 50.2107493086899 1
54 1000 32.371745206862 1
55 0 117.158287861962 1
55 200 92.3780523870096 1
55 400 41.1067938212376 1
55 500 63.2960283849916 1
55 700 49.3858373251102 1
55 1000 23.4208349115631 1
56 0 126.446595524803 1
56 200 58.5594040759296 1
56 400 44.5546273448281 1
56 500 43.1519609427794 1
56 700 35.3376439815837 1
56 1000 39.4778575483981 1
57 0 115.135253390716 1
57 200 89.481715365515 1
57 400 90.5925577771401 1
57 500 48.3755275414024 1
57 700 58.6993645198223 1
57 1000 31.1722058541707 1
58 0 126.738849103307 1
58 200 55.403981197934 1
58 400 69.8865462809322 1
58 500 57.368226058073 1
58 700 55.0067942008583 1
58 1000 29.2831723468334 1
59 0 91.8433752118667 1
59 200 82.3404405484855 1
59 400 33.9210251286558 1
59 500 49.5246920708713 1
59 700 42.6552373620145 1
59 1000 48.4351861440752 1
60 0 107.634368459534 1
60 200 55.4309033343879 1
60 400 63.0574768676881 1
60 500 34.8464740362866 1
60 700 25.9415484459681 1
60 1000 27.5564939629705 1
61 0 84.7790694128393 1
61 200 42.0542518312411 1
61 400 32.7366089184117 1
61 500 30.6257060157159 1
61 700 29.0895558187004 1
61 1000 30.1031777060797 1
62 0 78.5978675703019 1
62 200 73.3242695045609 1
62 400 67.881603748325 1
62 500 25.3346395223071 1
62 700 24.7195174845626 1
62 1000 29.8024752120672 1
63 0 101.29536308649 1
63 200 93.8692676464599 1
63 400 34.2953303014953 1
63 500 26.6054013208134 1
63 700 39.7447508245563 1
63 1000 34.432909142386 1
64 0 133.387443036251 1
64 200 74.2632564197774 1
64 400 48.9596636722281 1
64 500 38.5698037090305 1
64 700 45.4552384405566 1
64 1000 33.4175215464761 1
65 0 77.2965997561684 1
65 200 65.3606958812277 1
65 400 47.5572186666788 1
65 500 59.3936024498488 1
65 700 60.2775892896221 1
65 1000 26.1676293870204 1
66 0 130.381451105602 1
66 200 78.5418290837345 1
66 400 53.7162008716168 1
66 500 27.6588044711137 1
66 700 29.1115942581547 1
66 1000 24.1338822376956 1
67 0 84.6667363964826 1
67 200 63.2231255887969 1
67 400 41.3714513147991 1
67 500 30.8235449544075 1
67 700 29.9461175394424 1
67 1000 30.4499854040676 1
68 0 109.437984379313 1
68 200 65.8141747254788 1
68 400 53.9292632802841 1
68 500 29.640285040499 1
68 700 35.8533479965908 1
68 1000 33.5777317193381 1
69 0 107.974195420627 1
69 200 50.2624581023899 1
69 400 65.5230340276435 1
69 500 65.1503002378702 1
69 700 56.1853683947167 1
69 1000 34.997305172463 1
70 0 86.6361110368979 1
70 200 70.1369435509009 1
70 400 62.0728842250733 1
70 500 60.0353154459373 1
70 700 45.7490775354281 1
70 1000 42.0769735117761 1
71 0 55.0535588010296 1
71 200 59.8484592470742 1
71 400 40.7415418343364 1
71 500 43.766087093666 1
71 700 25.9778250434111 1
71 1000 27.581306485761 1
72 0 92.626800498405 1
72 200 103.202131836495 1
72 400 45.941343652493 1
72 500 61.0838062627078 1
72 700 40.4880397273937 1
72 1000 46.0208448230079 1
73 0 99.8045697227419 1
73 200 88.0510459085911 1
73 400 66.9244216021012 1
73 500 66.8641835747722 1
73 700 31.9022266550629 1
73 1000 52.5274819981704 1
74 0 58.3774180362354 1
74 200 55.1258503043362 1
74 400 54.8850065813315 1
74 500 45.4743968325972 1
74 700 19.9531750268598 1
74 1000 27.9032819957372 1
75 0 101.903244246376 1
75 200 97.4416888581195 1
75 400 56.7179414725423 1
75 500 54.5893071502971 1
75 700 47.2469628758298 1
75 1000 45.0417268957568 1
76 0 122.755777261307 1
76 200 62.9021019157736 1
76 400 63.1037594055705 1
76 500 57.2166387319044 1
76 700 28.1020783113038 1
76 1000 19.9410237284595 1
77 0 80.2049047689592 1
77 200 95.3618703346383 1
77 400 36.4125633572187 1
77 500 32.2189594796831 1
77 700 33.0724937598527 1
77 1000 34.8267083055642 1
78 0 100.210067097688 1
78 200 71.525260015525 1
78 400 47.8336905428578 1
78 500 48.9421060037871 1
78 700 46.3026064726581 1
78 1000 44.2323873788081 1
79 0 83.1183569039966 1
79 200 48.5838642611974 1
79 400 51.3578004726042 1
79 500 34.9109541105816 1
79 700 34.8189427537546 1
79 1000 38.5374711454993 1
80 0 86.4241409824395 1
80 200 89.6525688358506 1
80 400 44.9620379805062 1
80 500 78.7673653361069 1
80 700 62.7177990420632 1
80 1000 26.1824280259134 1
81 0 85.2182822056277 1
81 200 89.5348984370201 1
81 400 47.1358182416242 1
81 500 46.3599260017076 1
81 700 35.1426432290227 1
81 1000 24.6553089836895 1
82 0 74.8159950301504 1
82 200 63.1484795655347 1
82 400 34.547129108513 1
82 500 39.3164260218281 1
82 700 35.3095860333903 1
82 1000 36.219994877253 1
83 0 78.2422979979972 1
83 200 60.2152074401925 1
83 400 48.0181499894402 1
83 500 49.0910194726716 1
83 700 44.9591867137649 1
83 1000 32.3707262403672 1
84 0 95.026804878233 1
84 200 74.5686610360761 1
84 400 52.4612290441322 1
84 500 27.5357672285881 1
84 700 42.562144176096 1
84 1000 17.5495292571285 1
85 0 121.884170329922 1
85 200 100.089872644232 1
85 400 48.6788365070081 1
85 500 53.1729166632357 1
85 700 46.175042545827 1
85 1000 52.0017320122778 1
86 0 94.1239250397389 1
86 200 89.3984077724144 1
86 400 83.9081471321822 1
86 500 43.9893346264973 1
86 700 45.1106196841197 1
86 1000 48.1927984584446 1
87 0 54.2108651058045 1
87 200 79.2143791976678 1
87 400 41.2325975483718 1
87 500 41.6313950843494 1
87 700 44.4009705183385 1
87 1000 21.5040053455926 1
88 0 109.22048603009 1
88 200 79.1198436385137 1
88 400 45.6319342227303 1
88 500 40.7144665688764 1
88 700 43.726965369425 1
88 1000 38.2063582992624 1
89 0 94.3603912227462 1
89 200 56.7392562407627 1
89 400 72.0338007053837 1
89 500 56.5148860677778 1
89 700 45.8559952345213 1
89 1000 41.1786036801388 1
90 0 122.973313372337 1
90 200 68.0971693140431 1
90 400 51.6825645376006 1
90 500 47.0111322346953 1
90 700 67.7141062777023 1
90 1000 62.296295849247 1
91 0 78.7067072320244 1
91 200 78.6132414942689 1
91 400 36.03523993481 1
91 500 46.8155805689502 1
91 700 36.0987018424806 1
91 1000 30.4921044979905 1
92 0 93.6357792719127 1
92 200 55.4290907845455 1
92 400 37.296489398307 1
92 500 31.8815746960959 1
92 700 49.1961453252141 1
92 1000 35.481790592906 1
93 0 111.412408962276 1
93 200 112.837430837953 1
93 400 89.1849005503281 1
93 500 64.5812712117304 1
93 700 66.1315677056461 1
93 1000 61.9006197568656 1
94 0 88.4707271570442 1
94 200 85.6200063004593 1
94 400 41.1344016775717 1
94 500 54.919665636074 1
94 700 24.860596999793 1
94 1000 1.59032800860693 1
95 0 93.8238589279294 1
95 200 100.601504356738 1
95 400 46.0377793705584 1
95 500 27.5017940471969 1
95 700 64.053973058685 1
95 1000 25.7950906922262 1
96 0 123.389680696339 1
96 200 52.8727438840768 1
96 400 121.045335765973 1
96 500 81.9729899869056 1
96 700 65.2571329812879 1
96 1000 48.0463048463837 1
97 0 85.8613190439305 1
97 200 77.7609486111169 1
97 400 57.2459340879314 1
97 500 47.9105791675371 1
97 700 52.7152154565868 1
97 1000 52.9632975020985 1
98 0 37.549603859374 1
98 200 79.4688807888659 1
98 400 49.4530210930459 1
98 500 26.1947315292891 1
98 700 36.0164382229156 1
98 1000 39.136221750341 1
99 0 111.61889852741 1
99 200 81.3363493777549 1
99 400 40.3886224343299 1
99 500 42.424144050954 1
99 700 33.4272047643823 1
99 1000 31.546304384381 1
100 0 137.998908969304 1
100 200 94.8594615967036 1
100 400 50.3094409813734 1
100 500 46.2316784893089 1
100 700 46.9296015455037 1
100 1000 40.6449479478865 1
