id dose eff group
1 0 104.885412406224 0
1 200 105.288535795279 0
1 400 85.6041157209619 0
1 500 95.0274522256167 0
1 700 55.9635170516001 0
1 1000 40.8699951279303 0
2 0 98.6804382248683 0
2 200 94.8604989387079 0
2 400 67.0439700124185 0
2 500 50.9411945180018 0
2 700 54.8917953525568 0
2 1000 34.5694553117146 0
3 0 61.7658460248398 0
3 200 94.6822238864536 0
3 400 94.9549451814111 0
3 500 89.7411506995446 0
3 700 80.066396995683 0
3 1000 59.0758683848544 0
4 0 86.0462753453208 0
4 200 71.3884767422374 0
4 400 102.047735790204 0
4 500 46.9448560219764 0
4 700 55.648832229309 0
4 1000 54.3276242382678 0
5 0 90.440621230738 0
5 200 92.8724596224527 0
5 400 66.9532448264903 0
5 500 72.0179231557131 0
5 700 46.5437746415322 0
5 1000 51.9540201409843 0
6 0 60.2577664684753 0
6 200 78.7231757920839 0
6 400 63.0792251604192 0
6 500 31.0528598194573 0
6 700 64.8590918915947 0
6 1000 37.5864488488974 0
7 0 120.117430428049 0
7 200 79.0004648811342 0
7 400 95.9477023974466 0
7 500 103.389455793638 0
7 700 53.2685116829242 0
7 1000 33.4355534487838 0
8 0 91.0968931724334 0
8 200 72.5303232738825 0
8 400 68.3852630935992 0
8 500 45.1765457837383 0
8 700 53.6546315719966 0
8 1000 30.1645534451351 0
9 0 123.640925081215 0
9 200 136.622354662552 0
9 400 101.031899693325 0
9 500 88.2036421426528 0
9 700 66.7636240592493 0
9 1000 57.363564634132 0
10 0 111.582627632408 0
10 200 126.146520608046 0
10 400 67.2478148774575 0
10 500 76.4786510879241 0
10 700 41.5927058895763 0
10 1000 44.7039245494355 0
11 0 160.767147309824 0
11 200 78.9134560112903 0
11 400 77.9697200867493 0
11 500 74.5336418387383 0
11 700 48.8328356854135 0
11 1000 46.400257526581 0
12 0 61.6339553199982 0
12 200 84.1504960634074 0
12 400 72.873345109759 0
12 500 68.9783459373948 0
12 700 64.9749417875248 0
12 1000 50.4500807587834 0
13 0 80.9109785762866 0
13 200 98.2061505819306 0
13 400 58.3204634482691 0
13 500 59.0681237398917 0
13 700 54.1401611710115 0
13 1000 57.6064785522788 0
14 0 80.8771198869041 0
14 200 92.4636346618771 0
14 400 102.181079019239 0
14 500 54.7855898368167 0
14 700 33.2149467104007 0
14 1000 38.3135548043979 0
15 0 75.8430606354727 0
15 200 114.40380492118 0
15 400 111.011257222708 0
15 500 70.2330052653049 0
15 700 82.5915992086983 0
15 1000 46.5825512067764 0
16 0 148.5410848269 0
16 200 95.3040093643837 0
16 400 107.369168202396 0
16 500 83.121643299332 0
16 700 40.1256063170486 0
16 1000 79.7285024796017 0
17 0 111.304967269399 0
17 200 59.2886087338431 0
17 400 42.5453977829322 0
17 500 44.7149856005296 0
17 700 39.590979713525 0
17 1000 40.421147718375 0
18 0 117.234669896982 0
18 200 90.9774082358238 0
18 400 72.8860569028712 0
18 500 47.8390638033586 0
18 700 51.2817812108256 0
18 1000 47.9889866841849 0
19 0 98.5099341180704 0
19 200 106.319129730328 0
19 400 69.1900634336635 0
19 500 71.5372051369835 0
19 700 44.6755868361908 0
19 1000 39.0139735043099 0
20 0 128.754516041255 0
20 200 109.977597164126 0
20 400 92.9186875472921 0
20 500 58.3889800521359 0
20 700 69.0064898226836 0
20 1000 56.7540271657419 0
21 0 99.7943080023214 0
21 200 69.1282721048332 0
21 400 76.7105018313696 0
21 500 34.4869813001692 0
21 700 42.0573228401255 0
21 1000 11.1712365094353 0
22 0 75.8753715905998 0
22 200 133.233945457697 0
22 400 79.5308905379168 0
22 500 63.5794769006771 0
22 700 70.5229149442102 0
22 1000 54.8873911648474 0
23 0 108.086922532526 0
23 200 80.0712297181795 0
23 400 47.4500380505595 0
23 500 77.846236371706 0
23 700 61.0561282932202 0
23 1000 41.5045028247901 0
24 0 105.403967684413 0
24 200 97.2132156495538 0
24 400 68.6024331678607 0
24 500 45.4282882011938 0
24 700 83.5037647195202 0
24 1000 36.5280662862757 0
25 0 131.912642210222 0
25 200 67.0371674892655 0
25 400 88.9981257995815 0
25 500 48.4104192819837 0
25 700 64.1700937385775 0
25 1000 77.0914629385279 0
26 0 74.1138497713989 0
26 200 60.828665377154 0
26 400 88.9072944816144 0
26 500 73.2111048891009 0
26 700 63.2019887620115 0
26 1000 37.1984553686914 0
27 0 68.1822887501485 0
27 200 59.1959994662632 0
27 400 50.4188014354968 0
27 500 51.6603834364232 0
27 700 51.6871347175004 0
27 1000 38.3190883156161 0
28 0 107.470996656911 0
28 200 88.6724838724035 0
28 400 92.9246130963192 0
28 500 107.566161728344 0
28 700 58.410277043995 0
28 1000 71.5831238352834 0
29 0 114.368871167337 0
29 200 67.2478911587415 0
29 400 74.616571547962 0
29 500 43.9420654495255 0
29 700 39.6682295191429 0
29 1000 49.5513257202654 0
30 0 91.687320286542 0
30 200 81.6860417680926 0
30 400 59.6053438885355 0
30 500 57.4505161826435 0
30 700 53.9854386330687 0
30 1000 42.3084566584403 0
31 0 102.658854628352 0
31 200 102.521924395178 0
31 400 66.1286249142779 0
31 500 56.8870398062318 0
31 700 29.7087225030656 0
31 1000 27.5390335695204 0
32 0 98.8484973944516 0
32 200 64.1498808027564 0
32 400 78.2286712766141 0
32 500 85.1969877699908 0
32 700 60.9943899565002 0
32 1000 35.3648007895888 0
33 0 75.8959868386308 0
33 200 93.1625288446026 0
33 400 64.3653494934257 0
33 500 64.6599844975243 0
33 700 49.3006076248563 0
33 1000 52.9508883261772 0
34 0 80.587969550269 0
34 200 72.1863749540811 0
34 400 82.8070541690541 0
34 500 66.9241783175557 0
34 700 62.0862892329839 0
34 1000 43.3003688409358 0
35 0 145.55947611247 0
35 200 123.619804549366 0
35 400 46.1994770953159 0
35 500 64.1765606510833 0
35 700 49.603956327124 0
35 1000 50.4932146581794 0
36 0 92.9806921372825 0
36 200 92.1250456381584 0
36 400 22.5700871509213 0
36 500 45.0125232013625 0
36 700 70.2459571639004 0
36 1000 39.1541389162544 0
37 0 101.830890584649 0
37 200 93.2918400091975 0
37 400 79.0321026001534 0
37 500 69.350073568841 0
37 700 51.9714165169085 0
37 1000 38.0298164877388 0
38 0 68.2544424425254 0
38 200 93.8297435171923 0
38 400 65.1735892242432 0
38 500 72.5067098979539 0
38 700 41.2639275791371 0
38 1000 44.2701706434934 0
39 0 114.621422995861 0
39 200 95.2675946092191 0
39 400 71.0124508604447 0
39 500 42.5806025888982 0
39 700 32.7883569749259 0
39 1000 46.0522698801915 0
40 0 89.5479523582574 0
40 200 98.2583219614077 0
40 400 81.143793364752 0
40 500 83.2651267047961 0
40 700 37.0599700175819 0
40 1000 65.1273994326104 0
41 0 131.787013883291 0
41 200 102.96616727647 0
41 400 109.974659027134 0
41 500 59.3997529056515 0
41 700 48.3150991631026 0
41 1000 65.8255562662271 0
42 0 136.969769888266 0
42 200 69.2046087385894 0
42 400 103.949459960024 0
42 500 69.8133068081815 0
42 700 93.1102789273113 0
42 1000 81.7776661781515 0
43 0 100.824842845114 0
43 200 88.8054146023911 0
43 400 45.3152981763063 0
43 500 48.8408420784099 0
43 700 53.2959495058592 0
43 1000 40.51006549501 0
44 0 95.7749785708138 0
44 200 91.6897618831688 0
44 400 62.5064001621968 0
44 500 43.6157614691565 0
44 700 51.1201780911162 0
44 1000 37.8273945555639 0
45 0 98.4772142450136 0
45 200 82.7472101751667 0
45 400 73.3117336692543 0
45 500 79.4270183881558 0
45 700 77.4912705640651 0
45 1000 62.5786508361262 0
46 0 59.1426416777638 0
46 200 67.4643908264185 0
46 400 74.2425988550507 0
46 500 80.0591231598582 0
46 700 67.5115001811878 0
46 1000 47.1042097716564 0
47 0 130.503597657894 0
47 200 111.291979952843 0
47 400 68.7192936222799 0
47 500 91.9188455090326 0
47 700 72.9097073565483 0
47 1000 46.6307993610725 0
48 0 153.376282477183 0
48 200 104.268584497142 0
48 400 70.6257076035444 0
48 500 59.6508233142127 0
48 700 64.3619153571051 0
48 1000 49.2327990017521 0
49 0 93.6264589561076 0
49 200 56.8180026618265 0
49 400 77.4904488416687 0
49 500 31.2326196735097 0
49 700 38.0490491801167 0
49 1000 30.3980770061377 0
50 0 105.293497235753 0
50 200 27.4237786151392 0
50 400 55.8449325516708 0
50 500 64.6267210692155 0
50 700 44.7429323462109 0
50 1000 54.4040761851064 0
51 0 75.3852385210172 1
51 200 99.0818738410955 1
51 400 40.1359957711868 1
51 500 34.1005341001682 1
51 700 45.2295426550844 1
51 1000 49.7712615997718 1
52 0 62.5455015781593 1
52 200 70.6282968483947 1
52 400 60.3404529948141 1
52 500 50.1367674299066 1
52 700 46.3257559769187 1
52 1000 31.2655671268801 1
53 0 81.0719735567606 1
53 200 97.0666044834168 1
53 400 88.8546069977865 1
53 500 89.8807146860628 1
53 700 42.5680870337761 1
53 1000 36.1814540199967 1
54 0 113.198170302336 1
54 200 67.8246258893772 1
54 400 46.3545479028311 1
54 500 53.6092480066931 1
54 700 48.3850163802509 1
54 1000 27.8085123268806 1
55 0 104.803346562534 1
55 200 88.4660952414184 1
55 400 51.549315113175 1
55 500 47.9192740373675 1
55 700 53.9998364184282 1
55 1000 40.1349659060448 1
56 0 62.6809838337997 1
56 200 76.1845854798569 1
56 400 40.2497337303581 1
56 500 33.2510676400681 1
56 700 38.8082264663278 1
56 1000 22.5555194242866 1
57 0 99.8238188255203 1
57 200 117.583310574309 1
57 400 99.038097597943 1
57 500 47.6040683464508 1
57 700 76.8165283905633 1
57 1000 41.6394886770153 1
58 0 113.962163805832 1
58 200 76.9739260255252 1
58 400 53.7429734463923 1
58 500 41.9604678485332 1
58 700 28.8188322348409 1
58 1000 47.2180620858691 1
59 0 121.592384928049 1
59 200 84.3627295818891 1
59 400 67.6869620458403 1
59 500 60.335538115292 1
59 700 46.0009003605301 1
59 1000 43.9098307165598 1
60 0 83.47729078108 1
60 200 78.7502672941778 1
60 400 55.8537125601215 1
60 500 50.7440839173155 1
60 700 71.8228772783507 1
60 1000 32.8252085548134 1
61 0 99.6597685023531 1
61 200 96.1475124421933 1
61 400 20.5425879664629 1
61 500 61.8271145798448 1
61 700 23.5810760003987 1
61 1000 36.9272329540306 1
62 0 89.6743303127854 1
62 200 75.7863276407263 1
62 400 51.4024093777264 1
62 500 43.7858138116993 1
62 700 23.6994103634578 1
62 1000 47.2558200699816 1
63 0 105.581337132504 1
63 200 95.5199497274754 1
63 400 50.5931066988303 1
63 500 51.1176918358999 1
63 700 57.8568408200325 1
63 1000 29.6242802426808 1
64 0 114.489596955054 1
64 200 37.7803219817243 1
64 400 50.9112787384234 1
64 500 49.8754626875141 1
64 700 41.2879943134422 1
64 1000 29.8439490864019 1
65 0 73.9360185058308 1
65 200 87.7745854165221 1
65 400 90.234840908008 1
65 500 55.8352558905289 1
65 700 52.832978736415 1
65 1000 35.0658802992537 1
66 0 81.8166892749114 1
66 200 91.2347804737368 1
66 400 59.1455342228909 1
66 500 46.7915861088051 1
66 700 56.3454889295365 1
66 1000 33.4421106145904 1
67 0 75.5690482825274 1
67 200 75.8722540656227 1
67 400 43.0862633889528 1
67 500 47.8756671590379 1
67 700 35.7781465207932 1
67 1000 35.2397228579685 1
68 0 54.7639388109645 1
68 200 71.4338224122944 1
68 400 52.5594553014344 1
68 500 47.3157982001685 1
68 700 56.6585440082627 1
68 1000 34.9396084016896 1
69 0 118.450338900278 1
69 200 62.2525104783588 1
69 400 47.7815186012998 1
69 500 54.8521029130586 1
69 700 49.9729751028898 1
69 1000 44.3331322230297 1
70 0 43.9739553619331 1
70 200 59.564923671685 1
70 400 34.3733147348164 1
70 500 41.4358637676109 1
70 700 35.5631634807382 1
70 1000 37.2399521125055 1
71 0 132.962855081745 1
71 200 67.6814802628738 1
71 400 58.0017710515577 1
71 500 47.2563754290116 1
71 700 23.9032735552075 1
71 1000 25.5028820628515 1
72 0 97.6835077503783 1
72 200 62.1965935189856 1
72 400 60.4186783505846 1
72 500 30.0111672853171 1
72 700 34.8724581086981 1
72 1000 41.9181518649321 1
73 0 111.464700905012 1
73 200 79.8589312731311 1
73 400 34.1361662862693 1
73 500 41.255698744395 1
73 700 26.5708373494491 1
73 1000 38.888249904021 1
74 0 100.737386668086 1
74 200 62.1727603765614 1
74 400 46.1584669804482 1
74 500 44.1243758983799 1
74 700 27.9521864452472 1
74 1000 30.1801070554866 1
75 0 97.2266896469941 1
75 200 43.8009614367071 1
75 400 38.1334205870937 1
75 500 41.0761774540341 1
75 700 29.1616165408222 1
75 1000 21.8987459480386 1
76 0 97.1051773116589 1
76 200 85.5617014169976 1
76 400 65.906420045579 1
76 500 53.996215127409 1
76 700 46.9767831880946 1
76 1000 39.068799639961 1
77 0 98.2188959569065 1
77 200 90.0377320630567 1
77 400 62.1929138684001 1
77 500 52.0526998625439 1
77 700 50.2321056850622 1
77 1000 46.2386134967628 1
78 0 128.963618152987 1
78 200 78.319538775299 1
78 400 55.9361819562853 1
78 500 48.2385003067277 1
78 700 60.6784786641169 1
78 1000 36.8435926388714 1
79 0 105.875417405304 1
79 200 103.642973926235 1
79 400 51.4193306525229 1
79 500 64.8786385117318 1
79 700 30.9554994248135 1
79 1000 33.211996110978 1
80 0 109.238164528138 1
80 200 105.562358071005 1
80 400 45.4116697360456 1
80 500 55.4663692022839 1
80 700 48.8423144590762 1
80 1000 45.2427449254496 1
81 0 109.92240244628 1
81 200 47.8344989164948 1
81 400 69.6073773989278 1
81 500 37.9284863762246 1
81 700 45.4929427098858 1
81 1000 37.8113176571731 1
82 0 88.2361291330078 1
82 200 102.642589319824 1
82 400 69.9234049430512 1
82 500 58.9726562986013 1
82 700 48.6618371969764 1
82 1000 39.7849976382899 1
83 0 112.117155519282 1
83 200 111.06658160339 1
83 400 67.3906097821434 1
83 500 55.7189885803571 1
83 700 48.2456671495071 1
83 1000 32.8154117833064 1
84 0 122.242882666969 1
84 200 68.402515571029 1
84 400 51.6156789250263 1
84 500 45.4779640499416 1
84 700 51.3854876588535 1
84 1000 40.8386028319062 1
85 0 92.6103371905367 1
85 200 87.6312819137572 1
85 400 86.0185518323187 1
85 500 40.1307533176173 1
85 700 58.026896180772 1
85 1000 41.6534669178659 1
86 0 83.1976629590982 1
86 200 67.4572538931163 1
86 400 56.676282847286 1
86 500 68.4733453525742 1
86 700 55.9432194254355 1
86 1000 33.6349711586061 1
87 0 105.262105390321 1
87 200 60.919194308398 1
87 400 45.4878983209167 1
87 500 70.2764560856291 1
87 700 60.2706521253176 1
87 1000 32.0587179881113 1
88 0 69.7067008773269 1
88 200 48.0273266225704 1
88 400 43.2692898571805 1
88 500 24.7346942748589 1
88 700 39.1651904694608 1
88 1000 43.9246579321722 1
89 0 84.8795865987669 1
89 200 70.883339225011 1
89 400 29.9403945762029 1
89 500 51.2177764288436 1
89 700 25.3697608625341 1
89 1000 20.4023706198291 1
90 0 58.2965270663897 1
90 200 63.3735731350474 1
90 400 31.4972951207008 1
90 500 63.8497842296797 1
90 700 34.8309535953241 1
90 1000 34.9716681785523 1
91 0 138.521768254042 1
91 200 60.6305390925186 1
91 400 71.5995393363882 1
91 500 61.8613700246774 1
91 700 60.0620717704688 1
91 1000 36.9623090337797 1
92 0 156.506376978743 1
92 200 92.7391449045104 1
92 400 58.5716779677478 1
92 500 50.8353023593588 1
92 700 43.2183211541232 1
92 1000 37.3225759903531 1
93 0 76.6188524361539 1
93 200 47.572824686953 1
93 400 64.1286731642634 1
93 500 47.951497965984 1
93 700 33.3083885585227 1
93 1000 33.6305230962483 1
94 0 63.3761081309503 1
94 200 58.95188969729 1
94 400 53.3014587723951 1
94 500 49.1337390810933 1
94 700 29.9238194176945 1
94 1000 34.442280054802 1
95 0 150.161215630576 1
95 200 96.1171378676377 1
95 400 66.5806454718224 1
95 500 60.3390512351083 1
95 700 38.2420845225168 1
95 1000 40.9334942691808 1
96 0 141.28176334665 1
96 200 82.5686391660924 1
96 400 33.0860547848563 1
96 500 50.4848475226329 1
96 700 19.619387123997 1
96 1000 34.0925494892064 1
97 0 53.3936815431187 1
97 200 67.699123826453 1
97 400 41.1375916622924 1
97 500 46.6863256105317 1
97 700 25.3637554249483 1
97 1000 35.7293901915866 1
98 0 134.738187131373 1
98 200 49.1075817225884 1
98 400 49.6992740053899 1
98 500 38.3204074061757 1
98 700 26.9234671047224 1
98 1000 36.4782659165674 1
99 0 84.0215256562362 1
99 200 102.142532858185 1
99 400 61.3813171375198 1
99 500 60.8400358555195 1
99 700 48.3003897353398 1
99 1000 25.5250512616087 1
100 0 86.9400418646159 1
100 200 84.5567982632941 1
100 400 35.9434065574399 1
100 500 44.8056305493091 1
100 700 32.9698105252565 1
100 1000 22.4585048158001 1
