id dose eff group
1 0 126.167751100081 0
1 200 94.3653333469022 0
1 400 109.658096789299 0
1 500 95.3702939495382 0
1 700 52.6471882260265 0
1 1000 56.4645215694748 0
2 0 85.7737444405251 0
2 200 122.988905863415 0
2 400 65.1069562567026 0
2 500 51.0067483577759 0
2 700 40.4864135909799 0
2 1000 55.7323550076917 0
3 0 92.9915104109718 0
3 200 57.2330453455564 0
3 400 40.0597407485077 0
3 500 37.5679276207274 0
3 700 15.102931652959 0
3 1000 37.7382992303795 0
4 0 89.407524786181 0
4 200 57.3798934388635 0
4 400 67.5511592806039 0
4 500 57.4916488623859 0
4 700 55.5760969908582 0
4 1000 30.8730814377724 0
5 0 94.7914576597474 0
5 200 38.8236535535518 0
5 400 54.5240720583462 0
5 500 95.3617208636195 0
5 700 58.2128028584892 0
5 1000 62.8575370265105 0
6 0 103.639187668088 0
6 200 119.162103542046 0
6 400 109.838114820015 0
6 500 79.6426474454244 0
6 700 89.4143026224473 0
6 1000 26.1151987542564 0
7 0 81.3402898547916 0
7 200 92.2941372829863 0
7 400 66.8116250576696 0
7 500 59.1276044888234 0
7 700 66.1493851894305 0
7 1000 33.2012408256449 0
8 0 115.472504230721 0
8 200 94.7555174811906 0
8 400 97.4423585730715 0
8 500 61.2397251101912 0
8 700 59.7254055191662 0
8 1000 40.6142351682958 0
9 0 71.6539937379793 0
9 200 86.1232405010314 0
9 400 67.7028074631248 0
9 500 49.8327792435033 0
9 700 34.8479769405006 0
9 1000 47.3071082632134 0
10 0 125.121239037321 0
10 200 98.7094444681291 0
10 400 65.0297812088249 0
10 500 59.2835941943336 0
10 700 49.2115080541302 0
10 1000 47.0936000964199 0
11 0 111.262139975129 0
11 200 90.5143212806594 0
11 400 38.3184512767353 0
11 500 27.612205593427 0
11 700 45.4633141025276 0
11 1000 42.2685584431797 0
12 0 101.672418833468 0
12 200 71.9431717598876 0
12 400 47.5394956854785 0
12 500 58.3337809862186 0
12 700 39.1998482413568 0
12 1000 49.0357761964877 0
13 0 116.125453175238 0
13 200 109.969818349162 0
13 400 47.8887247480152 0
13 500 42.9999022347818 0
13 700 22.1988467461437 0
13 1000 50.4575598811676 0
14 0 96.3580952486499 0
14 200 77.8515630186232 0
14 400 62.7547821131048 0
14 500 32.9769957358594 0
14 700 42.9557846256852 0
14 1000 29.8096509314401 0
15 0 104.13131160631 0
15 200 60.966929792744 0
15 400 54.9452645433686 0
15 500 49.236222079931 0
15 700 36.061507895347 0
15 1000 33.7136143739331 0
16 0 80.2405456758903 0
16 200 63.913680999145 0
16 400 78.2777771140275 0
16 500 86.2255683772963 0
16 700 71.5293479437796 0
16 1000 45.8803547892129 0
17 0 117.921460603254 0
17 200 52.7675605513705 0
17 400 46.8581435826335 0
17 500 52.1435828548692 0
17 700 28.3613003574467 0
17 1000 27.8608112378119 0
18 0 110.060441925859 0
18 200 100.674618814107 0
18 400 88.8363753992472 0
18 500 85.5038960317828 0
18 700 65.6697551713432 0
18 1000 31.5348118995459 0
19 0 107.145006115027 0
19 200 78.7683808601508 0
19 400 75.9927839266654 0
19 500 59.3494253286466 0
19 700 36.2218349281331 0
19 1000 59.545003741943 0
20 0 62.412804944948 0
20 200 96.0003772118938 0
20 400 97.8335608678582 0
20 500 106.064688636658 0
20 700 57.0865649220893 0
20 1000 59.8597581852793 0
21 0 105.92279050731 0
21 200 109.889251078589 0
21 400 94.3227487589527 0
21 500 118.928953411376 0
21 700 74.2366539142376 0
21 1000 57.3438079408512 0
22 0 100.383792688215 0
22 200 70.0533391786995 0
22 400 75.2517631991769 0
22 500 68.6741728066261 0
22 700 57.9528875719037 0
22 1000 30.7982842068 0
23 0 83.6829231991749 0
23 200 59.3175556395606 0
23 400 94.0042197025107 0
23 500 83.2903903537824 0
23 700 62.4058083668785 0
23 1000 38.9279152396571 0
24 0 106.974767542981 0
24 200 101.428591025868 0
24 400 68.6355813164248 0
24 500 59.1854205745149 0
24 700 50.9822003886611 0
24 1000 35.2655980272902 0
25 0 75.7559933016934 0
25 200 60.2043860146231 0
25 400 94.6702213369177 0
25 500 66.0357021207923 0
25 700 31.9673122231331 0
25 1000 17.4135580854365 0
26 0 141.213822784708 0
26 200 130.462031170206 0
26 400 80.1822505285186 0
26 500 96.1570288537093 0
26 700 56.4335296768122 0
26 1000 75.7317330653384 0
27 0 65.5039156293917 0
27 200 98.0162035821382 0
27 400 89.6532901721818 0
27 500 59.9467573414528 0
27 700 64.7908710978661 0
27 1000 37.9341088649906 0
28 0 102.344335285504 0
28 200 107.895934590032 0
28 400 65.2837489169279 0
28 500 61.6624031043272 0
28 700 53.0389133330701 0
28 1000 45.2043935676739 0
29 0 98.0703526207372 0
29 200 54.3132302975588 0
29 400 49.3436036429793 0
29 500 34.0168321577188 0
29 700 43.218264880669 0
29 1000 37.605651774072 0
30 0 115.911009503193 0
30 200 101.338830148262 0
30 400 83.9772817823044 0
30 500 73.6458719206828 0
30 700 69.3592559389677 0
30 1000 56.4065494385419 0
31 0 43.0550619593194 0
31 200 75.7468051262638 0
31 400 89.0383218256856 0
31 500 58.3449539365292 0
31 700 57.2543588198063 0
31 1000 46.99617701141 0
32 0 127.789268798675 0
32 200 87.7316543829747 0
32 400 42.9267922582372 0
32 500 61.3469875264811 0
32 700 50.7448719033875 0
32 1000 24.3880159235921 0
33 0 121.281577106721 0
33 200 97.6750998437795 0
33 400 77.2621468136294 0
33 500 52.1030626337894 0
33 700 38.7814095755878 0
33 1000 27.5108497535616 0
34 0 111.534999210242 0
34 200 83.7910480893736 0
34 400 50.2956085187566 0
34 500 53.5798283605557 0
34 700 40.1844370747301 0
34 1000 36.5254551801025 0
35 0 105.878233972545 0
35 200 58.0218438894205 0
35 400 54.7789039367975 0
35 500 45.9271230217343 0
35 700 38.4346089921663 0
35 1000 22.4494944482483 0
36 0 75.5894300331005 0
36 200 66.6071688082499 0
36 400 59.7083884798648 0
36 500 55.273888445686 0
36 700 28.5824709377335 0
36 1000 40.4907679717457 0
37 0 56.748777814732 0
37 200 67.5695759212306 0
37 400 97.3392429628358 0
37 500 92.2060763491955 0
37 700 61.4792590941576 0
37 1000 55.2076668922494 0
38 0 83.7351415846132 0
38 200 76.3678154780837 0
38 400 105.602159558465 0
38 500 67.9058167222327 0
38 700 64.1004094187042 0
38 1000 60.2390423219258 0
39 0 95.0911419557479 0
39 200 78.3150645074304 0
39 400 56.8284193926961 0
39 500 50.9443999102663 0
39 700 38.5439008306949 0
39 1000 25.9171875266242 0
40 0 125.687137959914 0
40 200 112.333992612517 0
40 400 77.8040004791631 0
40 500 105.62190658613 0
40 700 79.3458385915727 0
40 1000 53.6073105389883 0
41 0 139.942988813917 0
41 200 121.505064338762 0
41 400 75.0835959623318 0
41 500 52.816235928241 0
41 700 64.1336847518094 0
41 1000 27.6437023451876 0
42 0 76.4542184222039 0
42 200 104.007255365848 0
42 400 102.480943142677 0
42 500 60.3676735482759 0
42 700 52.2236586912194 0
42 1000 26.5397864249972 0
43 0 122.573499962668 0
43 200 98.0194082197799 0
43 400 68.3862482140651 0
43 500 49.8092198816214 0
43 700 31.3142210432889 0
43 1000 43.4376551646014 0
44 0 109.432550059692 0
44 200 99.3989022203208 0
44 400 56.2299196068085 0
44 500 39.5741951901926 0
44 700 27.8759465313981 0
44 1000 39.5822034795931 0
45 0 130.407301882762 0
45 200 64.2537151110129 0
45 400 42.1525880329131 0
45 500 50.2857583542905 0
45 700 32.7955376091943 0
45 1000 37.2355321826849 0
46 0 115.722258379105 0
46 200 98.763661373632 0
46 400 67.9470641265158 0
46 500 63.1865483544868 0
46 700 47.2552408010242 0
46 1000 30.800982376559 0
47 0 76.4783661754508 0
47 200 104.004248067738 0
47 400 62.7627125420215 0
47 500 44.7098261582005 0
47 700 36.1716987010256 0
47 1000 37.3674097879228 0
48 0 108.524397743873 0
48 200 78.0488197690758 0
48 400 88.4902028274497 0
48 500 78.8433012666079 0
48 700 48.776531002033 0
48 1000 46.1967617101618 0
49 0 75.2382394705944 0
49 200 86.9738729954535 0
49 400 68.7352262072842 0
49 500 66.0581315710941 0
49 700 70.4388011302265 0
49 1000 57.9031730566078 0
50 0 94.7587068128081 0
50 200 65.5207440862511 0
50 400 83.2813562690228 0
50 500 73.7862430370079 0
50 700 77.8628810216474 0
50 1000 66.2034802728332 0
51 0 95.4590319044947 1
51 200 86.2790900907396 1
51 400 75.1329026976136 1
51 500 39.948943582349 1
51 700 49.2487560810889 1
51 1000 38.2970862006559 1
52 0 87.0092242411097 1
52 200 100.202578519942 1
52 400 71.130959180728 1
52 500 40.9369360461576 1
52 700 42.4281264473173 1
52 1000 37.6232111721741 1
53 0 71.1724298012437 1
53 200 52.2696604405597 1
53 400 66.6106187634141 1
53 500 77.2246755975834 1
53 700 43.0342746785657 1
53 1000 51.2595067534239 1
54 0 103.298929543167 1
54 200 73.1388384883689 1
54 400 44.3795867576622 1
54 500 57.7658317635053 1
54 700 37.1523927030839 1
54 1000 35.8608381814397 1
55 0 116.810912981406 1
55 200 52.5707123000092 1
55 400 57.5822953327748 1
55 500 49.1995897449168 1
55 700 48.7195261904237 1
55 1000 21.3608662945377 1
56 0 61.6623600398061 1
56 200 56.4195849183414 1
56 400 39.1453481803535 1
56 500 23.7806092429536 1
56 700 38.4884909902461 1
56 1000 41.5604529087034 1
57 0 81.0670990111331 1
57 200 74.8962920317627 1
57 400 49.9300282377142 1
57 500 42.7850057970762 1
57 700 43.3237633103479 1
57 1000 42.9325213262438 1
58 0 114.324140537479 1
58 200 83.6395419943365 1
58 400 57.5874110984631 1
58 500 64.6893179342783 1
58 700 70.7858956608144 1
58 1000 41.6937877626197 1
59 0 85.13981879502 1
59 200 85.2464269220021 1
59 400 98.8126443741237 1
59 500 58.8612893340449 1
59 700 44.6080321697849 1
59 1000 36.7595936134676 1
60 0 158.356620152692 1
60 200 116.959131585017 1
60 400 76.725417051334 1
60 500 66.4949204710568 1
60 700 39.9596927760996 1
60 1000 31.8338950367885 1
61 0 65.5775795260036 1
61 200 89.5271207550638 1
61 400 42.98981725231 1
61 500 42.4662678633411 1
61 700 39.9660342693092 1
61 1000 42.2986846764473 1
62 0 104.850537972823 1
62 200 92.7134744126118 1
62 400 65.5660780031101 1
62 500 72.0512107771594 1
62 700 47.1880359661241 1
62 1000 46.1027423174339 1
63 0 149.918056585143 1
63 200 73.0575943200325 1
63 400 58.8467299986766 1
63 500 59.9829708712798 1
63 700 41.3996496692429 1
63 1000 43.3603972592978 1
64 0 109.450486054963 1
64 200 96.2636029553717 1
64 400 60.4699614524188 1
64 500 65.7130652221809 1
64 700 43.4059952622868 1
64 1000 30.6998750210138 1
65 0 41.052155964632 1
65 200 67.3870202629401 1
65 400 56.8332930774938 1
65 500 33.1498429245338 1
65 700 60.3018081676262 1
65 1000 15.5215674273888 1
66 0 69.8504493866388 1
66 200 63.9628579071382 1
66 400 59.4886051486142 1
66 500 36.871703781185 1
66 700 23.1073127228655 1
66 1000 35.9649275981945 1
67 0 106.936403264186 1
67 200 81.0271730336663 1
67 400 56.5811485309407 1
67 500 36.7700534589743 1
67 700 40.4269884310044 1
67 1000 36.2280701391852 1
68 0 95.6682918048652 1
68 200 54.1561346387343 1
68 400 75.3110291018096 1
68 500 36.0111466054838 1
68 700 31.3366576679802 1
68 1000 49.3409094125121 1
69 0 83.6461604535038 1
69 200 37.0157667386229 1
69 400 31.849746900582 1
69 500 34.4072166980187 1
69 700 32.1911804378546 1
69 1000 49.8644413576667 1
70 0 66.8094958175393 1
70 200 62.8030257092002 1
70 400 22.1503378058848 1
70 500 52.8004932711346 1
70 700 32.7246674502389 1
70 1000 38.3056590043827 1
71 0 98.7483660575761 1
71 200 69.1147233279346 1
71 400 54.3950484380114 1
71 500 52.5602036942946 1
71 700 31.340538485891 1
71 1000 44.4268490669895 1
72 0 127.735336860385 1
72 200 71.3158492477527 1
72 400 55.6034485470121 1
72 500 27.4336932527275 1
72 700 28.9262479884099 1
72 1000 35.6782373685436 1
73 0 120.627512834947 1
73 200 52.2647644930468 1
73 400 32.9098154659621 1
73 500 42.4503237416566 1
73 700 41.8681973741484 1
73 1000 42.1288137582401 1
74 0 136.487266954853 1
74 200 91.6515940897294 1
74 400 53.5805407499764 1
74 500 54.7607641832343 1
74 700 40.2211208041388 1
74 1000 33.3676785137132 1
75 0 90.1331468194882 1
75 200 109.103024944961 1
75 400 97.6047223197337 1
75 500 50.6624050628969 1
75 700 73.331006884618 1
75 1000 59.2155238506993 1
76 0 117.561693767611 1
76 200 95.2904730361676 1
76 400 65.314316932918 1
76 500 43.8467259003499 1
76 700 52.9494162168859 1
76 1000 40.6229271436852 1
77 0 117.525856794974 1
77 200 67.8606761824056 1
77 400 54.6804126823315 1
77 500 45.0570332021983 1
77 700 34.5797547667184 1
77 1000 59.7142247830766 1
78 0 154.551926637039 1
78 200 96.5697236753518 1
78 400 64.2668965785849 1
78 500 32.5565603670638 1
78 700 52.7056492564468 1
78 1000 21.0041175181341 1
79 0 119.943040938185 1
79 200 84.889409161015 1
79 400 54.8107844914734 1
79 500 68.2370640330755 1
79 700 16.1648245598589 1
79 1000 28.9112855323672 1
80 0 161.674393175829 1
80 200 97.9659226089125 1
80 400 60.0853930884456 1
80 500 64.2090671186666 1
80 700 57.2431742106292 1
80 1000 62.6623945111977 1
81 0 154.637674566237 1
81 200 80.378271316658 1
81 400 37.1703005217929 1
81 500 47.781281276559 1
81 700 45.9066608634784 1
81 1000 41.3343010130478 1
82 0 99.4394624271146 1
82 200 124.38529426554 1
82 400 81.5553359314589 1
82 500 117.345312871972 1
82 700 88.4067984951914 1
82 1000 50.9702792243186 1
83 0 109.319941296803 1
83 200 97.8284627596634 1
83 400 56.8139291951656 1
83 500 43.2779878693888 1
83 700 34.45571552813 1
83 1000 49.8076282140036 1
84 0 76.623635487831 1
84 200 82.20051572812 1
84 400 75.3282178358109 1
84 500 78.3765219848467 1
84 700 28.7941638377067 1
84 1000 55.085173581183 1
85 0 130.751754429047 1
85 200 69.1045790721904 1
85 400 48.0402111346078 1
85 500 51.3811056881462 1
85 700 51.2316280847559 1
85 1000 44.0910540093939 1
86 0 76.1672215728159 1
86 200 59.9088945994162 1
86 400 67.7317528454294 1
86 500 72.7134871753216 1
86 700 44.7916778162442 1
86 1000 49.1447748548135 1
87 0 104.848185730805 1
87 200 109.460512947359 1
87 400 53.8759094889189 1
87 500 55.491394297628 1
87 700 40.8940963133569 1
87 1000 38.3844024210177 1
88 0 128.556399394696 1
88 200 93.0801820213812 1
88 400 50.1075995916483 1
88 500 36.4537091910758 1
88 700 46.3783294249812 1
88 1000 35.2053848437744 1
89 0 70.5461479261584 1
89 200 55.8855820269362 1
89 400 65.2891487375877 1
89 500 52.672263159227 1
89 700 29.1975211981173 1
89 1000 37.9840804561931 1
90 0 109.584641215605 1
90 200 86.4426751080394 1
90 400 70.4520721294168 1
90 500 50.6843548537851 1
90 700 29.2541681141851 1
90 1000 33.0705232143964 1
91 0 90.4963073074149 1
91 200 71.9775523238928 1
91 400 64.7501615405059 1
91 500 75.5553145476285 1
91 700 32.0706952630906 1
91 1000 33.3470827710457 1
92 0 111.242666366467 1
92 200 90.6166773337621 1
92 400 70.3127216142111 1
92 500 58.8916646569059 1
92 700 58.0215504474031 1
92 1000 29.4070056842745 1
93 0 118.555691720379 1
93 200 91.1026144948557 1
93 400 70.8589141525984 1
93 500 71.365379112275 1
93 700 39.4381604036688 1
93 1000 33.4680887487632 1
94 0 80.2458320472101 1
94 200 112.006602747086 1
94 400 64.4017951100491 1
94 500 46.6168149093833 1
94 700 36.4922469922496 1
94 1000 40.4550181371888 1
95 0 108.387469819927 1
95 200 79.284960690725 1
95 400 68.8622106739518 1
95 500 44.791758883478 1
95 700 50.861027239378 1
95 1000 55.742037359905 1
96 0 92.7578554249198 1
96 200 97.8210896999031 1
96 400 71.0759512032534 1
96 500 53.6929485321419 1
96 700 33.6333971393521 1
96 1000 60.6713777765056 1
97 0 66.6322604104643 1
97 200 120.268355531574 1
97 400 65.4298850909304 1
97 500 57.0912528895629 1
97 700 59.4842914311329 1
97 1000 29.2897145184742 1
98 0 117.355875194017 1
98 200 54.0245387991044 1
98 400 54.6207026326696 1
98 500 57.311944187925 1
98 700 32.8690831197571 1
98 1000 41.2876921872267 1
99 0 68.4886386884943 1
99 200 93.7275110919906 1
99 400 69.6317790017197 1
99 500 36.3570657384671 1
99 700 54.2348604755022 1
99 1000 39.0393712821624 1
100 0 116.272887429955 1
100 200 54.6116532063827 1
100 400 76.7169095522535 1
100 500 41.5484587641693 1
100 700 50.6352947287795 1
100 1000 39.1759712816445 1
