id dose eff group
1 0 108.223137816478 0
1 200 74.6366973133568 0
1 400 62.163280832754 0
1 500 62.0932578999014 0
1 700 58.6734482171953 0
1 1000 44.2056154113695 0
2 0 119.133363050055 0
2 200 105.238366572533 0
2 400 99.1631914966731 0
2 500 81.2049780620392 0
2 700 85.4313669168746 0
2 1000 42.8924969601378 0
3 0 99.1321672746919 0
3 200 96.6105977333598 0
3 400 69.9051976464674 0
3 500 54.7094946141613 0
3 700 60.734749245565 0
3 1000 47.6929416201969 0
4 0 150.508548503361 0
4 200 129.061081519174 0
4 400 83.6604529460381 0
4 500 78.8944313923701 0
4 700 55.5674544591956 0
4 1000 42.9204572510206 0
5 0 110.654530427669 0
5 200 75.1685584005946 0
5 400 76.4839184447798 0
5 500 50.5389980132855 0
5 700 47.2453507912612 0
5 1000 26.5305291211226 0
6 0 115.625455300141 0
6 200 88.338128320615 0
6 400 77.8785693628043 0
6 500 40.5853439470427 0
6 700 44.6163208967478 0
6 1000 32.036369517982 0
7 0 79.2058075996502 0
7 200 85.9199158286884 0
7 400 66.9576146164784 0
7 500 47.1099158342237 0
7 700 37.2156405180633 0
7 1000 49.7625492094065 0
8 0 120.123273470255 0
8 200 94.9168144665354 0
8 400 71.5325100088186 0
8 500 59.5155332063928 0
8 700 59.3492694070713 0
8 1000 24.2635465388932 0
9 0 88.5416545882655 0
9 200 51.9190405783278 0
9 400 68.3753821868081 0
9 500 39.700715232606 0
9 700 50.8738926945042 0
9 1000 24.2371287518035 0
10 0 96.033090408207 0
10 200 76.1138722158168 0
10 400 70.4651528813824 0
10 500 52.5703293449519 0
10 700 40.9456130575786 0
10 1000 38.100614171601 0
11 0 100.67858464496 0
11 200 95.6959109758307 0
11 400 80.3630527272199 0
11 500 88.0906603007901 0
11 700 49.6218151126742 0
11 1000 52.8737750728332 0
12 0 103.161449248832 0
12 200 58.0932738199666 0
12 400 67.1414691708072 0
12 500 63.2057869856346 0
12 700 46.1117985299914 0
12 1000 48.0578103994445 0
13 0 98.4503315450083 0
13 200 94.7701789405613 0
13 400 77.1861369741414 0
13 500 88.8068406845024 0
13 700 79.4971231994855 0
13 1000 47.0839886362956 0
14 0 85.9436236765861 0
14 200 77.9142410872758 0
14 400 80.6132985888742 0
14 500 60.9252392948223 0
14 700 45.1532073686539 0
14 1000 34.7055246182691 0
15 0 127.743225574599 0
15 200 117.262839514983 0
15 400 77.1082511634621 0
15 500 73.9078828034808 0
15 700 82.8896247676371 0
15 1000 44.1760531052836 0
16 0 115.750064457591 0
16 200 102.082154751544 0
16 400 64.0851918987872 0
16 500 78.3462844365242 0
16 700 62.9044225042202 0
16 1000 41.7330841605172 0
17 0 80.0295535745614 0
17 200 38.9222220147072 0
17 400 45.2597728072846 0
17 500 42.7226801297747 0
17 700 32.7366589146786 0
17 1000 24.8819202280734 0
18 0 127.518184529929 0
18 200 87.2890467861949 0
18 400 92.5615986249414 0
18 500 102.271451312086 0
18 700 41.1663834796767 0
18 1000 47.4490755997379 0
19 0 117.166666135877 0
19 200 123.110869356054 0
19 400 78.2208385686962 0
19 500 66.9912976668787 0
19 700 40.4217451378138 0
19 1000 21.3253739183329 0
20 0 77.7797954682434 0
20 200 69.5696117689689 0
20 400 71.4531195731345 0
20 500 87.1353384813895 0
20 700 48.5318040030173 0
20 1000 67.1619123807777 0
21 0 100.636953006659 0
21 200 75.346692496013 0
21 400 67.5964671600139 0
21 500 97.6215862575453 0
21 700 67.4508200378089 0
21 1000 56.3831713694253 0
22 0 91.385218364118 0
22 200 100.476282370808 0
22 400 73.8608324439525 0
22 500 41.3836732123982 0
22 700 50.708558195942 0
22 1000 58.5697891919619 0
23 0 86.9674722010021 0
23 200 147.112756052151 0
23 400 88.9007727964492 0
23 500 51.7148423124779 0
23 700 55.8895221795499 0
23 1000 45.5033402716379 0
24 0 118.915567605636 0
24 200 88.3266135755033 0
24 400 97.5606895158577 0
24 500 84.6454940155805 0
24 700 88.2981382559259 0
24 1000 65.8015639775294 0
25 0 77.9324109281911 0
25 200 60.6443948736529 0
25 400 80.3989925819356 0
25 500 58.0821498697388 0
25 700 53.577593044231 0
25 1000 46.5053677075411 0
26 0 97.6580348536686 0
26 200 48.341720587545 0
26 400 59.2524002136474 0
26 500 77.9211400202049 0
26 700 63.546892307333 0
26 1000 52.2006766301899 0
27 0 119.533449327756 0
27 200 61.4788157046134 0
27 400 44.7914313581691 0
27 500 35.7264188321434 0
27 700 34.3311276477333 0
27 1000 34.6884469276153 0
28 0 133.148812132763 0
28 200 93.2829318328611 0
28 400 82.6934839239428 0
28 500 112.4227390851 0
28 700 76.5425788268276 0
28 1000 31.0036711336423 0
29 0 113.1751634344 0
29 200 93.6067764299577 0
29 400 73.9458383522418 0
29 500 61.596579910479 0
29 700 47.4650642472847 0
29 1000 43.174478393166 0
30 0 118.558440717369 0
30 200 57.0852405614104 0
30 400 86.927801455391 0
30 500 91.3074002833888 0
30 700 64.8048671890416 0
30 1000 45.9428956661065 0
31 0 89.3557187757533 0
31 200 122.937980802861 0
31 400 72.9334892978481 0
31 500 105.795538546874 0
31 700 75.9914785305287 0
31 1000 74.665395274028 0
32 0 102.701043092625 0
32 200 99.7564632871149 0
32 400 70.0007094190429 0
32 500 58.329686192427 0
32 700 60.7616000760706 0
32 1000 37.5206449998576 0
33 0 80.0191571443804 0
33 200 133.138759868592 0
33 400 95.2766686859816 0
33 500 91.1817229522041 0
33 700 69.9817375410133 0
33 1000 43.8739375024451 0
34 0 87.5548134913808 0
34 200 122.94060129771 0
34 400 97.183790110261 0
34 500 75.2011797937522 0
34 700 40.1769137647914 0
34 1000 52.2607028365815 0
35 0 92.0114050827743 0
35 200 101.294362095653 0
35 400 70.1769068981727 0
35 500 72.9412059617422 0
35 700 58.0106669669354 0
35 1000 49.7427024300086 0
36 0 95.6393825343638 0
36 200 99.9929516558432 0
36 400 81.0632343577338 0
36 500 82.2787481916752 0
36 700 50.2654793868909 0
36 1000 31.1335752112248 0
37 0 114.291054546128 0
37 200 69.7502236200606 0
37 400 75.7521016320588 0
37 500 69.6900321669804 0
37 700 74.5963214468542 0
37 1000 56.4573189635114 0
38 0 83.3031898923973 0
38 200 110.024830675631 0
38 400 63.0156696165317 0
38 500 86.9407847145498 0
38 700 63.4520941680358 0
38 1000 15.7462261237679 0
39 0 140.471905807915 0
39 200 95.2216470765279 0
39 400 92.0233276094405 0
39 500 79.48948494342 0
39 700 45.9542846009743 0
39 1000 53.0589204135007 0
40 0 126.09671808203 0
40 200 89.8558281301823 0
40 400 41.7199477708216 0
40 500 37.691628002067 0
40 700 42.4344821909622 0
40 1000 41.5421516928654 0
41 0 86.7351096298555 0
41 200 125.150994051898 0
41 400 85.5850002483719 0
41 500 101.95121854311 0
41 700 61.7584736148035 0
41 1000 61.0808174765881 0
42 0 71.0216984441076 0
42 200 85.9257129460254 0
42 400 61.0740682972076 0
42 500 70.8153581244312 0
42 700 39.442019991227 0
42 1000 39.0503629300304 0
43 0 131.201282065629 0
43 200 98.3376047251701 0
43 400 65.1270504274678 0
43 500 47.0075936211125 0
43 700 41.4894544455566 0
43 1000 66.146883485147 0
44 0 138.638000753366 0
44 200 186.167004046953 0
44 400 109.213895539483 0
44 500 89.0573061037954 0
44 700 58.5013014558769 0
44 1000 43.8638349231521 0
45 0 111.245283982566 0
45 200 61.9159724701808 0
45 400 65.0955263589865 0
45 500 61.4383376772586 0
45 700 36.0995344105916 0
45 1000 42.0501741995218 0
46 0 119.837873476641 0
46 200 89.990979563522 0
46 400 43.0599222329525 0
46 500 44.6552066277296 0
46 700 27.3671351774763 0
46 1000 31.7937648502339 0
47 0 73.4825260021335 0
47 200 68.2381946002894 0
47 400 67.330544442977 0
47 500 56.9213282561136 0
47 700 67.1064569124271 0
47 1000 38.6966999874771 0
48 0 75.2690437292713 0
48 200 84.6089295908261 0
48 400 65.8297567272417 0
48 500 71.0849645176708 0
48 700 66.4989620427485 0
48 1000 67.9100948487945 0
49 0 82.7745762636711 0
49 200 123.235370044235 0
49 400 103.269709342898 0
49 500 95.0546091295808 0
49 700 70.0493957257907 0
49 1000 68.7979118202865 0
50 0 87.0643506643614 0
50 200 65.9901704060253 0
50 400 92.7716968703082 0
50 500 106.347424400818 0
50 700 45.3771170865513 0
50 1000 37.436181025904 0
51 0 121.093921966448 1
51 200 65.4647190836133 1
51 400 26.675340857409 1
51 500 46.4188288626539 1
51 700 54.1849847455935 1
51 1000 48.3251526557827 1
52 0 69.0710529979596 1
52 200 63.2106317607031 1
52 400 47.3978822784143 1
52 500 46.784006801902 1
52 700 46.6899985441593 1
52 1000 31.4542015564038 1
53 0 99.4683478759171 1
53 200 37.5680188681157 1
53 400 36.6798029359061 1
53 500 39.0905977802318 1
53 700 31.5547394814041 1
53 1000 24.8730192608492 1
54 0 113.015693314523 1
54 200 83.5052579019114 1
54 400 55.9907700448278 1
54 500 53.37973198103 1
54 700 54.7998669641929 1
54 1000 50.747503759213 1
55 0 128.225093043217 1
55 200 73.5069731418181 1
55 400 80.632500128579 1
55 500 51.5998049673844 1
55 700 74.5565647748764 1
55 1000 63.5572664656637 1
56 0 89.4117596126799 1
56 200 98.8684661443571 1
56 400 59.0742154539638 1
56 500 77.6845533910001 1
56 700 50.7757606907971 1
56 1000 28.6206240400899 1
57 0 136.666265844181 1
57 200 109.062048818685 1
57 400 83.3246678989974 1
57 500 84.5437378263633 1
57 700 64.5028289366358 1
57 1000 63.1813450594889 1
58 0 64.8212085733756 1
58 200 92.8231138476117 1
58 400 75.1991372212169 1
58 500 55.3965987738508 1
58 700 37.7121535911324 1
58 1000 38.9649397405138 1
59 0 113.158865980067 1
59 200 60.6979610195054 1
59 400 33.2150241157405 1
59 500 58.1781290149261 1
59 700 46.7746626960126 1
59 1000 43.4919257928887 1
60 0 114.390493511306 1
60 200 49.9083519104442 1
60 400 35.1260887210565 1
60 500 53.0877771953311 1
60 700 40.5788846519796 1
60 1000 31.1908690917126 1
61 0 136.348154308164 1
61 200 87.8319315661582 1
61 400 66.6290551554721 1
61 500 59.3040772963678 1
61 700 47.5154097099343 1
61 1000 57.8701085195901 1
62 0 119.629165731612 1
62 200 63.4745822898538 1
62 400 81.8547608824277 1
62 500 78.9402827084457 1
62 700 95.9123551349977 1
62 1000 64.8829456474355 1
63 0 138.47771709524 1
63 200 73.2659254431834 1
63 400 49.1686648670871 1
63 500 53.0206564789614 1
63 700 54.112129742922 1
63 1000 43.1481112225205 1
64 0 120.647535466764 1
64 200 67.4955452432328 1
64 400 77.5748695549916 1
64 500 67.0284699246023 1
64 700 50.0002178722221 1
64 1000 50.1776801829098 1
65 0 116.768186533429 1
65 200 84.1936932540131 1
65 400 103.355773528573 1
65 500 63.2019301671687 1
65 700 43.3988528590007 1
65 1000 37.8335648852196 1
66 0 135.608412793393 1
66 200 97.5284166709269 1
66 400 65.1053518181031 1
66 500 41.6453955473534 1
66 700 23.7928812919204 1
66 1000 22.5348236579568 1
67 0 90.6933215006342 1
67 200 79.2135283618776 1
67 400 55.2214570866482 1
67 500 37.5101029363616 1
67 700 49.255915895514 1
67 1000 28.693803275619 1
68 0 127.600317269151 1
68 200 87.2183929982225 1
68 400 48.0387810127306 1
68 500 42.9971405074492 1
68 700 45.9129182269887 1
68 1000 50.5152700780222 1
69 0 96.5401188272013 1
69 200 85.7819169501245 1
69 400 25.1155691512402 1
69 500 33.1354089811144 1
69 700 37.4254013997415 1
69 1000 26.2756655535307 1
70 0 146.560315046694 1
70 200 57.4487628457302 1
70 400 63.4276688125936 1
70 500 63.6337140543575 1
70 700 37.4792424704814 1
70 1000 32.2564350325184 1
71 0 126.710090346433 1
71 200 52.1751808112602 1
71 400 41.5294901756051 1
71 500 34.6457505834211 1
71 700 37.4911982549403 1
71 1000 30.4645720136575 1
72 0 138.272591107224 1
72 200 94.4446833466344 1
72 400 55.3814609833637 1
72 500 46.2471610079823 1
72 700 41.7176272008713 1
72 1000 42.7820468437586 1
73 0 122.46417684685 1
73 200 108.850467946182 1
73 400 65.0899491017735 1
73 500 92.3769973599757 1
73 700 43.5195445189691 1
73 1000 55.5327224750273 1
74 0 101.671946325947 1
74 200 96.3250815011135 1
74 400 37.0326223231036 1
74 500 49.2270040795518 1
74 700 52.2447847103368 1
74 1000 38.0279798553847 1
75 0 127.883410696815 1
75 200 69.602504055342 1
75 400 57.4097431053456 1
75 500 53.2075095698851 1
75 700 37.4966469883119 1
75 1000 30.6724070803183 1
76 0 76.0913925295892 1
76 200 115.211683780164 1
76 400 99.7945260366774 1
76 500 55.1305811001793 1
76 700 88.3296970018288 1
76 1000 48.7005460427577 1
77 0 82.5233046412126 1
77 200 61.8821970264263 1
77 400 40.4478836058587 1
77 500 41.4268107819082 1
77 700 28.2433352410937 1
77 1000 30.0558242761062 1
78 0 111.631053073859 1
78 200 79.8988669252036 1
78 400 52.9847759049948 1
78 500 67.1822881777926 1
78 700 35.464568766827 1
78 1000 41.1386255623815 1
79 0 146.457092622813 1
79 200 76.7721313027496 1
79 400 85.7467463623718 1
79 500 68.0551903976905 1
79 700 75.7956638859646 1
79 1000 60.6902314280961 1
80 0 86.6910554775142 1
80 200 84.0702526918737 1
80 400 46.0896678650388 1
80 500 52.2873100571269 1
80 700 34.6646905727471 1
80 1000 24.4093858169828 1
81 0 91.3325117612652 1
81 200 82.0520182694763 1
81 400 36.8080830788088 1
81 500 51.4482292142712 1
81 700 27.1552492906748 1
81 1000 46.2559079987883 1
82 0 84.673039949306 1
82 200 45.3442171472964 1
82 400 41.239809667004 1
82 500 40.5885578887122 1
82 700 28.8219940510119 1
82 1000 26.7494512582811 1
83 0 115.279785369949 1
83 200 80.2577494433361 1
83 400 74.8897070928572 1
83 500 47.1622402256472 1
83 700 47.0433549073666 1
83 1000 35.5072288617559 1
84 0 98.9460011384163 1
84 200 78.2964762097494 1
84 400 50.9583729313816 1
84 500 55.3369820942816 1
84 700 12.6609385591954 1
84 1000 31.084094730563 1
85 0 96.4621366474784 1
85 200 77.250678508138 1
85 400 42.4178461696722 1
85 500 32.1682738543105 1
85 700 26.2564424591357 1
85 1000 30.8832318105937 1
86 0 82.4861604663562 1
86 200 54.0726264953146 1
86 400 48.9500171409494 1
86 500 39.5349797694646 1
86 700 22.041377932491 1
86 1000 41.2757860440973 1
87 0 100.732957350772 1
87 200 119.22561515717 1
87 400 71.3064103765186 1
87 500 40.1318805354874 1
87 700 62.969953742134 1
87 1000 53.5143354178793 1
88 0 97.4142716579436 1
88 200 88.7554471731174 1
88 400 28.0891470621469 1
88 500 42.2428791255208 1
88 700 26.7134654766597 1
88 1000 27.0757581162432 1
89 0 161.305650768138 1
89 200 135.987279118329 1
89 400 70.0883364669832 1
89 500 69.0339864493384 1
89 700 53.1738415570698 1
89 1000 42.3854023317747 1
90 0 137.720897654478 1
90 200 116.313215218758 1
90 400 78.4855414403005 1
90 500 58.4355848901983 1
90 700 37.9444501964033 1
90 1000 51.1066503213171 1
91 0 140.127290448189 1
91 200 90.2967015463978 1
91 400 99.7933330512961 1
91 500 64.3972073113889 1
91 700 59.047628915559 1
91 1000 26.4640503535307 1
92 0 65.7670398421644 1
92 200 106.566599938993 1
92 400 68.4163564170814 1
92 500 100.579036576573 1
92 700 72.9651597248233 1
92 1000 53.5359806865436 1
93 0 118.379616125668 1
93 200 71.528127142535 1
93 400 62.8954584060128 1
93 500 68.3973076750124 1
93 700 30.6875905005817 1
93 1000 41.0739261016278 1
94 0 78.0390806372941 1
94 200 44.2039550404332 1
94 400 38.0462633009397 1
94 500 32.5103997782349 1
94 700 31.6928396757116 1
94 1000 21.5798403640796 1
95 0 68.9175937250301 1
95 200 66.7107312245178 1
95 400 61.6486469614813 1
95 500 23.5559287175865 1
95 700 41.3367792728962 1
95 1000 37.9038927436674 1
96 0 111.524168085943 1
96 200 93.270690330589 1
96 400 98.4228262134414 1
96 500 62.37874011773 1
96 700 48.3587926839234 1
96 1000 62.3082383878487 1
97 0 69.4974237738758 1
97 200 45.0464320019028 1
97 400 31.4681843473841 1
97 500 20.847357982615 1
97 700 30.5808631988752 1
97 1000 25.4182911240833 1
98 0 120.280255866952 1
98 200 51.27292883297 1
98 400 50.9463911046394 1
98 500 53.8121917819922 1
98 700 48.1741117685996 1
98 1000 42.6369719784146 1
99 0 107.52575019153 1
99 200 107.336505327944 1
99 400 119.944399791797 1
99 500 33.8750789483993 1
99 700 69.0616196360771 1
99 1000 45.1589808025081 1
100 0 131.251219257053 1
100 200 47.4459902384101 1
100 400 37.5579719300161 1
100 500 55.6798356891734 1
100 700 44.6668898797302 1
100 1000 42.9711349810511 1
