id dose eff group
1 0 103.342028133493 0
1 200 111.785186177669 0
1 400 58.9332531766924 0
1 500 48.0822505474303 0
1 700 66.0301439510326 0
1 1000 58.2242240840269 0
2 0 98.1699580352626 0
2 200 75.4269577732553 0
2 400 62.2184582118192 0
2 500 77.0786439684616 0
2 700 63.8324383190241 0
2 1000 33.0171903457568 0
3 0 82.6502690100617 0
3 200 60.598464518428 0
3 400 66.2301774519348 0
3 500 95.1239915070388 0
3 700 59.3717332528767 0
3 1000 49.3153920564689 0
4 0 142.149295805148 0
4 200 99.2129521773934 0
4 400 75.5218978411779 0
4 500 69.0983601186164 0
4 700 75.5594451536731 0
4 1000 58.9252822183098 0
5 0 128.281821518583 0
5 200 95.4974426840472 0
5 400 111.812047609706 0
5 500 109.55312469236 0
5 700 90.6160472507879 0
5 1000 61.124493046121 0
6 0 90.8976314524256 0
6 200 113.241551657347 0
6 400 114.471710482931 0
6 500 82.1850048842448 0
6 700 51.1475668149735 0
6 1000 41.6282935814958 0
7 0 91.9427779694183 0
7 200 57.1855486038071 0
7 400 38.4430342917763 0
7 500 67.1571349129226 0
7 700 57.8783796422652 0
7 1000 27.6460465021717 0
8 0 98.0707309930154 0
8 200 81.5117251396934 0
8 400 52.2788596920872 0
8 500 52.9855105022186 0
8 700 38.2379695980163 0
8 1000 34.1255087188684 0
9 0 96.9727954623117 0
9 200 63.1767720814397 0
9 400 45.935520130667 0
9 500 48.2268541674942 0
9 700 50.6663615445532 0
9 1000 48.2696417726627 0
10 0 99.2101082908829 0
10 200 83.911026433751 0
10 400 101.371419367447 0
10 500 68.3204389632252 0
10 700 57.375397648927 0
10 1000 65.452198958712 0
11 0 79.6553826098305 0
11 200 50.7983397373586 0
11 400 45.3901690939332 0
11 500 23.0663545174967 0
11 700 34.7604529264943 0
11 1000 38.9599531978447 0
12 0 54.3325617617314 0
12 200 92.3294216624556 0
12 400 39.2277492024588 0
12 500 30.3177608099805 0
12 700 77.1946451838232 0
12 1000 54.7202582657086 0
13 0 141.725461553204 0
13 200 74.5537494044635 0
13 400 94.4280087439522 0
13 500 56.0780753136256 0
13 700 42.8990640815157 0
13 1000 39.2460007779788 0
14 0 97.276735467282 0
14 200 91.5220294547297 0
14 400 34.3468334965452 0
14 500 68.3777722746195 0
14 700 58.4114389189568 0
14 1000 43.0185182540779 0
15 0 90.2589839520385 0
15 200 42.1468345219466 0
15 400 34.6377646768957 0
15 500 38.297249028233 0
15 700 19.3263036372205 0
15 1000 30.899224033122 0
16 0 141.174474412696 0
16 200 123.140269346828 0
16 400 81.0180446135718 0
16 500 69.044027047104 0
16 700 49.923297053648 0
16 1000 39.3564267573187 0
17 0 111.861061333395 0
17 200 97.7341253328905 0
17 400 53.7702575376327 0
17 500 63.1373821765939 0
17 700 41.8730037318945 0
17 1000 38.3920339934308 0
18 0 98.2971807682327 0
18 200 53.1345307768297 0
18 400 37.7114575147423 0
18 500 60.7212635744438 0
18 700 82.4959058809078 0
18 1000 47.2038038813544 0
19 0 70.8228211126846 0
19 200 65.5429394296368 0
19 400 31.7665322243663 0
19 500 53.6227205628498 0
19 700 39.2266354509383 0
19 1000 40.1498683154717 0
20 0 67.5517319443523 0
20 200 81.7828001319397 0
20 400 72.5412352181593 0
20 500 59.6390387035876 0
20 700 60.474079436063 0
20 1000 55.3135233513955 0
21 0 74.5292302107247 0
21 200 110.177048475076 0
21 400 89.7760718375692 0
21 500 80.7712059396417 0
21 700 68.5602207927657 0
21 1000 69.3377119812074 0
22 0 80.0370153221558 0
22 200 91.4428045305388 0
22 400 75.269686418883 0
22 500 47.1729234704708 0
22 700 42.4195234440233 0
22 1000 49.0818077269958 0
23 0 69.188403790512 0
23 200 50.2258639072594 0
23 400 52.1145186004514 0
23 500 31.9291712159814 0
23 700 32.8745685587507 0
23 1000 34.3134374994012 0
24 0 74.3314799558779 0
24 200 48.6018915204968 0
24 400 51.8643408875134 0
24 500 33.8838814792439 0
24 700 53.3233483114297 0
24 1000 32.0238357941359 0
25 0 73.7290355353936 0
25 200 56.4769650379005 0
25 400 85.5846131558199 0
25 500 45.4264679045702 0
25 700 56.6895581807607 0
25 1000 39.1361016199114 0
26 0 109.543135524735 0
26 200 120.896295355491 0
26 400 86.5499658436458 0
26 500 71.1600978129818 0
26 700 90.3731472651343 0
26 1000 63.5438881015928 0
27 0 81.325659408048 0
27 200 75.8091313570703 0
27 400 54.5887276757335 0
27 500 58.9095214054815 0
27 700 48.9862389627465 0
27 1000 34.4379840954165 0
28 0 103.729513920728 0
28 200 84.1982967706495 0
28 400 86.4149529894579 0
28 500 72.5692907205538 0
28 700 39.0961257826458 0
28 1000 48.3122376149411 0
29 0 106.76062367078 0
29 200 47.6491300087486 0
29 400 42.6772436667925 0
29 500 49.0042395019216 0
29 700 39.4700115817561 0
29 1000 50.2607469547496 0
30 0 92.1063502306814 0
30 200 97.1571599855961 0
30 400 67.8166244416659 0
30 500 64.7567141703886 0
30 700 49.0494334864535 0
30 1000 41.2613506194262 0
31 0 79.026253704801 0
31 200 96.934852929039 0
31 400 48.300888645227 0
31 500 45.1111148900065 0
31 700 67.3458523592791 0
31 1000 27.7652415410974 0
32 0 113.992205192922 0
32 200 110.326125999088 0
32 400 60.4492317861524 0
32 500 76.3315192333887 0
32 700 67.5485597628763 0
32 1000 50.1367393751083 0
33 0 103.648358073248 0
33 200 99.9624851439538 0
33 400 66.6894949469231 0
33 500 71.5764646334624 0
33 700 65.6626743482476 0
33 1000 36.0119448210186 0
34 0 46.0582005708997 0
34 200 66.4323127631094 0
34 400 57.0369890970576 0
34 500 66.6598894801424 0
34 700 53.3227599872172 0
34 1000 45.5487846502085 0
35 0 102.671433648292 0
35 200 105.247935486145 0
35 400 71.0788228101406 0
35 500 81.1483480700127 0
35 700 80.4247014335525 0
35 1000 45.4097586841731 0
36 0 90.7319783571059 0
36 200 80.3108298681153 0
36 400 106.616462315229 0
36 500 78.2058576135683 0
36 700 111.843223718422 0
36 1000 78.0267898670816 0
37 0 108.576262990653 0
37 200 66.7183552027958 0
37 400 63.7057534510706 0
37 500 82.5898127443388 0
37 700 71.4194186255339 0
37 1000 50.0925998170232 0
38 0 99.8338287086885 0
38 200 87.396059841468 0
38 400 72.4584213863086 0
38 500 52.6415657084076 0
38 700 35.2152032901532 0
38 1000 38.1464806885534 0
39 0 106.193113557084 0
39 200 74.9369021525236 0
39 400 89.3260345005467 0
39 500 83.6511698885414 0
39 700 48.5283081496181 0
39 1000 61.713675942366 0
40 0 121.163853888124 0
40 200 84.4549632729643 0
40 400 69.3364842852254 0
40 500 48.5020858602832 0
40 700 64.9152233071782 0
40 1000 34.1295213631537 0
41 0 129.472684090638 0
41 200 60.0855494241416 0
41 400 70.8850976247063 0
41 500 60.7840437475921 0
41 700 37.2356203695885 0
41 1000 44.4210172134351 0
42 0 116.744362853256 0
42 200 86.7276964866521 0
42 400 108.521367590312 0
42 500 94.3751810332811 0
42 700 71.3321385948413 0
42 1000 49.3847489697644 0
43 0 91.5313032515949 0
43 200 112.628206082049 0
43 400 107.530356715981 0
43 500 69.5073831963261 0
43 700 49.4107568842701 0
43 1000 56.8602245732073 0
44 0 129.652345648608 0
44 200 70.5295802664013 0
44 400 68.9415281867885 0
44 500 52.1625621560611 0
44 700 40.8742008656671 0
44 1000 38.563195087416 0
45 0 94.6266913861044 0
45 200 87.5340942482739 0
45 400 90.6243964659863 0
45 500 70.8601872036789 0
45 700 57.6646331699706 0
45 1000 57.7886810669838 0
46 0 101.400530250993 0
46 200 78.3477269402371 0
46 400 80.0075533609391 0
46 500 48.603871387215 0
46 700 36.9736179209796 0
46 1000 37.1107803942782 0
47 0 62.6632853289414 0
47 200 87.002231835025 0
47 400 53.8163545279769 0
47 500 85.4174907900684 0
47 700 51.4137108102571 0
47 1000 56.4097793025506 0
48 0 95.8986211504628 0
48 200 64.9101439220732 0
48 400 84.4291727639721 0
48 500 44.9394966522781 0
48 700 26.8179339031897 0
48 1000 41.9349152846186 0
49 0 106.363764054024 0
49 200 84.6011819409949 0
49 400 50.4156231197981 0
49 500 46.3092723181672 0
49 700 49.2671008176491 0
49 1000 22.5642989575736 0
50 0 99.5916858389368 0
50 200 78.1952307757385 0
50 400 69.4856523727621 0
50 500 29.7056892167244 0
50 700 34.2498883451355 0
50 1000 17.2479230383886 0
51 0 73.9084186513334 1
51 200 81.1012141413947 1
51 400 49.4420714304625 1
51 500 56.3785372136686 1
51 700 61.9355814070134 1
51 1000 31.384771056964 1
52 0 68.4194907319476 1
52 200 67.7861700430197 1
52 400 32.7237184668862 1
52 500 61.4655832359515 1
52 700 27.0757888373151 1
52 1000 34.4990083818451 1
53 0 104.8373823812 1
53 200 56.2759953733104 1
53 400 54.8922146029467 1
53 500 43.9649429113679 1
53 700 50.2428082068789 1
53 1000 23.2139871777204 1
54 0 94.4281434132716 1
54 200 66.9998167865369 1
54 400 65.4582008566749 1
54 500 67.0843235371709 1
54 700 34.839575011379 1
54 1000 31.4782097207672 1
55 0 73.9750635410183 1
55 200 56.9466098161606 1
55 400 38.8785526703283 1
55 500 45.0811658910288 1
55 700 53.2623264767799 1
55 1000 27.9559091277559 1
56 0 84.5871961982204 1
56 200 67.5239796743815 1
56 400 56.3326119484044 1
56 500 37.6140108059668 1
56 700 44.5686992268497 1
56 1000 33.305577556568 1
57 0 145.180975738723 1
57 200 95.8770596567774 1
57 400 62.3397296805773 1
57 500 36.7224978065628 1
57 700 57.2741526966192 1
57 1000 45.8011306434355 1
58 0 94.5871035304547 1
58 200 54.5093770868625 1
58 400 41.0439163152572 1
58 500 36.6588079800845 1
58 700 32.0846209630224 1
58 1000 32.3674212878057 1
59 0 127.475567209694 1
59 200 84.5888339714722 1
59 400 72.9653683346829 1
59 500 41.257653915045 1
59 700 47.4427643895231 1
59 1000 33.6761495221382 1
60 0 107.135762034532 1
60 200 81.439471339459 1
60 400 69.5495195732497 1
60 500 57.44668119178 1
60 700 33.2528102323414 1
60 1000 48.9861085524932 1
61 0 121.505460090525 1
61 200 90.8632106372867 1
61 400 40.9055861499121 1
61 500 79.4657312011917 1
61 700 38.9869689850162 1
61 1000 62.5366941195653 1
62 0 122.108526987522 1
62 200 116.888012526327 1
62 400 71.3103989160374 1
62 500 60.2892869216379 1
62 700 43.3804462104829 1
62 1000 33.4472989227036 1
63 0 91.2457692029408 1
63 200 57.3953530003894 1
63 400 78.5713275162437 1
63 500 58.2122656622739 1
63 700 61.1691872153177 1
63 1000 29.6982847026868 1
64 0 75.2997475475808 1
64 200 117.253562089755 1
64 400 88.5129088683574 1
64 500 50.0440052879364 1
64 700 37.0302776857735 1
64 1000 30.5563037354585 1
65 0 130.627606296758 1
65 200 45.9486484384382 1
65 400 41.6551627961737 1
65 500 39.9695943349868 1
65 700 23.1516817817115 1
65 1000 37.708456158003 1
66 0 104.705294767263 1
66 200 78.3760829870406 1
66 400 38.334331642407 1
66 500 33.9145926684997 1
66 700 36.0654708458838 1
66 1000 27.645294726951 1
67 0 108.976064089614 1
67 200 85.2827875202911 1
67 400 51.4450375147042 1
67 500 56.1066992414263 1
67 700 60.3538110326313 1
67 1000 46.5884703263643 1
68 0 61.5036055963832 1
68 200 61.6776995078556 1
68 400 66.7987539212001 1
68 500 44.1601385553183 1
68 700 37.2468377142459 1
68 1000 43.5877770647373 1
69 0 142.726784001832 1
69 200 109.744028154944 1
69 400 67.8816888877825 1
69 500 56.4267509426589 1
69 700 45.0625170352454 1
69 1000 35.0672981475169 1
70 0 94.6784917546101 1
70 200 102.246334052528 1
70 400 78.5606598913093 1
70 500 70.025466020828 1
70 700 70.2499797595592 1
70 1000 32.590782822067 1
71 0 85.7227986876462 1
71 200 53.8124253084488 1
71 400 47.4942009750852 1
71 500 46.460534421709 1
71 700 24.515278094307 1
71 1000 33.3786497929746 1
72 0 70.720229078404 1
72 200 38.965509039319 1
72 400 43.7995387054463 1
72 500 29.2752417383704 1
72 700 28.8680124461934 1
72 1000 35.5565068454728 1
73 0 128.624016364319 1
73 200 53.3629035309873 1
73 400 43.7282463958229 1
73 500 36.4821903085998 1
73 700 37.0351126912848 1
73 1000 32.9081396634642 1
74 0 111.858470561867 1
74 200 74.407250011857 1
74 400 38.2461922435625 1
74 500 45.6855400172301 1
74 700 30.9309500083351 1
74 1000 33.3013146034748 1
75 0 93.5049609607862 1
75 200 69.4268166527618 1
75 400 53.9959924035061 1
75 500 73.5693608367568 1
75 700 34.8022869222476 1
75 1000 36.6612413253056 1
76 0 95.3491657611302 1
76 200 79.66050989962 1
76 400 44.609845398202 1
76 500 29.3268829558491 1
76 700 41.348568004154 1
76 1000 32.2235473180202 1
77 0 107.009006502119 1
77 200 65.2180417430765 1
77 400 35.4195580763758 1
77 500 25.6084941507013 1
77 700 36.4712900523258 1
77 1000 26.8423815916846 1
78 0 93.6948782836038 1
78 200 74.8943279797342 1
78 400 60.8712771174525 1
78 500 28.4414613086022 1
78 700 45.1709022170488 1
78 1000 24.4594057644379 1
79 0 126.550472811629 1
79 200 47.354311176885 1
79 400 45.9264535956514 1
79 500 43.7236811510028 1
79 700 41.0983027453559 1
79 1000 22.4650935604614 1
80 0 127.281333307735 1
80 200 76.1451556174049 1
80 400 48.8028241637716 1
80 500 50.6688077858994 1
80 700 47.6337207424213 1
80 1000 44.1612276842897 1
81 0 94.2524536845892 1
81 200 121.119806819466 1
81 400 100.081179689694 1
81 500 72.2095721716089 1
81 700 78.4772435937228 1
81 1000 30.8239686705917 1
82 0 86.5646544848222 1
82 200 73.5821690092276 1
82 400 52.5137449896014 1
82 500 35.6732008649589 1
82 700 24.1640806290234 1
82 1000 43.9560901422934 1
83 0 91.1526856523938 1
83 200 77.2746265075728 1
83 400 39.8562067939181 1
83 500 40.0025281429938 1
83 700 27.6720844191927 1
83 1000 40.4441160384547 1
84 0 92.101577042088 1
84 200 109.559517223248 1
84 400 62.7727275818072 1
84 500 49.4717157353766 1
84 700 44.0069604925686 1
84 1000 19.9789625353043 1
85 0 110.469767030501 1
85 200 103.284627988418 1
85 400 87.8020105635175 1
85 500 47.6673502755566 1
85 700 44.709556583426 1
85 1000 46.1683055985544 1
86 0 122.226104231147 1
86 200 81.6810801732357 1
86 400 57.0266174589672 1
86 500 29.555877623269 1
86 700 40.2495454587295 1
86 1000 31.085713221911 1
87 0 77.8357443604522 1
87 200 83.8175414228985 1
87 400 51.3118284198523 1
87 500 48.3966470694621 1
87 700 32.0863437884618 1
87 1000 29.2778209404353 1
88 0 121.824228776567 1
88 200 76.3496184178632 1
88 400 57.9698544749934 1
88 500 63.6546183533204 1
88 700 41.4711045325983 1
88 1000 28.6010981623826 1
89 0 75.3961339119749 1
89 200 51.1145505251804 1
89 400 34.3053597702326 1
89 500 38.023711239727 1
89 700 22.3049750813696 1
89 1000 45.2287125982629 1
90 0 143.167767684908 1
90 200 28.6467737486306 1
90 400 58.0811519314206 1
90 500 48.8622440424851 1
90 700 43.1326666770287 1
90 1000 42.9357114030229 1
91 0 122.804832194777 1
91 200 46.6359960106963 1
91 400 48.9662795692525 1
91 500 45.7457201303573 1
91 700 36.5925940683071 1
91 1000 41.6209767292136 1
92 0 56.3265640307797 1
92 200 79.1210913803496 1
92 400 50.32624960584 1
92 500 52.9500332131824 1
92 700 34.7388663001664 1
92 1000 33.7136196681937 1
93 0 133.377896812072 1
93 200 101.5495175728 1
93 400 45.3863338863044 1
93 500 42.9775938887028 1
93 700 32.4559053457045 1
93 1000 50.4291865745016 1
94 0 125.589659686829 1
94 200 83.9059551110152 1
94 400 49.0204516033236 1
94 500 34.8528975423393 1
94 700 36.7534723079377 1
94 1000 32.3653132085313 1
95 0 79.3080008841715 1
95 200 51.7665347513314 1
95 400 41.6862514981899 1
95 500 34.5616793296966 1
95 700 46.5863244230029 1
95 1000 22.4915998707157 1
96 0 84.6670364685354 1
96 200 85.2446912328206 1
96 400 50.8333609631247 1
96 500 41.6424356491763 1
96 700 28.0679671991433 1
96 1000 39.5715648637556 1
97 0 93.3308882045772 1
97 200 50.5118626211523 1
97 400 51.4639369923604 1
97 500 60.8035563520143 1
97 700 48.2921640592103 1
97 1000 41.9703520127347 1
98 0 64.7507797757895 1
98 200 101.854777424026 1
98 400 52.0180673877336 1
98 500 61.0503815246535 1
98 700 53.6938926556735 1
98 1000 38.5559312030318 1
99 0 94.9672806821166 1
99 200 66.6390110247879 1
99 400 40.9941282334641 1
99 500 43.1097613835579 1
99 700 41.6177041851607 1
99 1000 38.1521930001863 1
100 0 108.813539380475 1
100 200 92.8477607583171 1
100 400 77.1260995272032 1
100 500 43.6895578560065 1
100 700 32.6389580011542 1
100 1000 47.0008112866174 1
