id dose eff group
1 0 139.982309761073 0
1 200 93.3697873145672 0
1 400 116.298193516151 0
1 500 75.8481064651832 0
1 700 49.0961321389183 0
1 1000 70.6821234646269 0
2 0 69.4557205268479 0
2 200 96.8077687800623 0
2 400 62.865703300007 0
2 500 70.4427439691134 0
2 700 57.9697233652396 0
2 1000 45.9345315251735 0
3 0 84.8894321558722 0
3 200 67.7820003061337 0
3 400 109.71591926112 0
3 500 109.098625919951 0
3 700 48.9797898810991 0
3 1000 55.7745142729013 0
4 0 94.7312228523888 0
4 200 112.318941527801 0
4 400 68.3894546914008 0
4 500 106.379920378436 0
4 700 53.6420385623626 0
4 1000 40.3394771261867 0
5 0 90.2419456612758 0
5 200 94.8742089134142 0
5 400 70.3261755357602 0
5 500 64.9288971043785 0
5 700 67.405957137089 0
5 1000 47.7044723153518 0
6 0 67.4034733334655 0
6 200 94.8477342085745 0
6 400 71.6056155022031 0
6 500 89.4516725770071 0
6 700 42.3136958171195 0
6 1000 48.4084293190778 0
7 0 131.111030631477 0
7 200 72.6876249531457 0
7 400 37.6701655527638 0
7 500 58.3915848360617 0
7 700 38.8492270595895 0
7 1000 19.4149970471477 0
8 0 93.3157205543155 0
8 200 40.4702707042899 0
8 400 75.5274221016186 0
8 500 48.5162725580285 0
8 700 58.6988796893756 0
8 1000 34.0882224839258 0
9 0 102.258755945442 0
9 200 97.9822657091083 0
9 400 72.5524907573851 0
9 500 44.1864941920983 0
9 700 67.9542119719465 0
9 1000 39.1625669423174 0
10 0 103.715911270647 0
10 200 96.0865503624385 0
10 400 98.9372704754252 0
10 500 54.6970391064769 0
10 700 68.5279303649024 0
10 1000 41.4856758144497 0
11 0 78.393169349856 0
11 200 71.3423612595198 0
11 400 66.8311871463185 0
11 500 71.5977811898217 0
11 700 58.1852101380844 0
11 1000 45.9497001323227 0
12 0 55.1605259310924 0
12 200 87.8918975123776 0
12 400 46.6270880870375 0
12 500 68.0543002959736 0
12 700 63.7498215579016 0
12 1000 51.6669890611353 0
13 0 87.8385841074751 0
13 200 65.8126137347198 0
13 400 56.4219090010872 0
13 500 64.6547902601278 0
13 700 33.7254149477961 0
13 1000 34.9202240804834 0
14 0 104.642303864483 0
14 200 112.886024819753 0
14 400 86.9171809567836 0
14 500 60.9835071539806 0
14 700 44.5426700411048 0
14 1000 50.2809147182552 0
15 0 132.704502040715 0
15 200 89.9154503239147 0
15 400 85.8704816281429 0
15 500 84.5952219511775 0
15 700 66.2307945714348 0
15 1000 47.2409433481169 0
16 0 95.7197169116849 0
16 200 113.63374072248 0
16 400 49.2164106550337 0
16 500 55.0432810862456 0
16 700 24.8692191528202 0
16 1000 33.5296388713466 0
17 0 110.098752936322 0
17 200 108.618508432458 0
17 400 76.9043252902589 0
17 500 41.8906092923272 0
17 700 61.8728145621837 0
17 1000 24.1305689864272 0
18 0 116.151444880072 0
18 200 91.914711068685 0
18 400 101.305806864727 0
18 500 112.107398476544 0
18 700 80.1561590872468 0
18 1000 53.052203174729 0
19 0 76.8245946650346 0
19 200 131.576821851597 0
19 400 93.650111837322 0
19 500 74.5574695187045 0
19 700 65.5357074521325 0
19 1000 54.0838869374315 0
20 0 127.089860026632 0
20 200 115.505274204885 0
20 400 119.841398254584 0
20 500 69.4157326817933 0
20 700 70.8038091033912 0
20 1000 39.5336908810819 0
21 0 100.127894785376 0
21 200 47.895695049197 0
21 400 91.7496123641175 0
21 500 55.0592153727255 0
21 700 60.0390727445249 0
21 1000 42.9097358350467 0
22 0 99.3033311307959 0
22 200 93.1695094934739 0
22 400 73.1341201190713 0
22 500 68.3581045220766 0
22 700 68.9625469804648 0
22 1000 37.5338106551479 0
23 0 95.752700016761 0
23 200 113.983154590762 0
23 400 54.5849683896374 0
23 500 36.2734268738414 0
23 700 59.7044373757141 0
23 1000 58.5632190581995 0
24 0 81.1340205313751 0
24 200 42.5700012499061 0
24 400 76.2779333762899 0
24 500 56.0517321012371 0
24 700 47.4433741428682 0
24 1000 25.8698289132889 0
25 0 147.931181213059 0
25 200 120.443502199006 0
25 400 67.6062931705912 0
25 500 66.243468126536 0
25 700 52.0405824399957 0
25 1000 46.4679548130802 0
26 0 70.6036853208383 0
26 200 69.6531828107501 0
26 400 48.2244115932031 0
26 500 45.1875474451208 0
26 700 43.4084696399312 0
26 1000 42.8545035935966 0
27 0 108.429112066709 0
27 200 83.9160956040832 0
27 400 101.651773537168 0
27 500 85.9835632723548 0
27 700 57.6473654766024 0
27 1000 50.7694229387342 0
28 0 137.567476317798 0
28 200 119.465175283365 0
28 400 74.0518068389544 0
28 500 82.3719347004588 0
28 700 84.6056537643941 0
28 1000 53.3778099155377 0
29 0 123.282440967649 0
29 200 88.9434020868748 0
29 400 111.931075404806 0
29 500 86.9940515175149 0
29 700 61.9707128840788 0
29 1000 42.8864231977369 0
30 0 89.7533454921398 0
30 200 114.690943929009 0
30 400 97.5285499903906 0
30 500 68.5126476312536 0
30 700 52.8767209906988 0
30 1000 53.8083386905852 0
31 0 107.035783394516 0
31 200 85.8283114847409 0
31 400 75.8419101556583 0
31 500 36.6048512310762 0
31 700 52.2541636071122 0
31 1000 32.2140132358106 0
32 0 79.4933864685543 0
32 200 86.3467013370428 0
32 400 101.198273797364 0
32 500 68.0779681984806 0
32 700 85.5010912530225 0
32 1000 53.1702648285678 0
33 0 109.536934122283 0
33 200 88.1044802928876 0
33 400 88.4155296459224 0
33 500 56.9235200586526 0
33 700 36.4880823016664 0
33 1000 29.5093834462301 0
34 0 90.6220506388389 0
34 200 75.3469559594719 0
34 400 100.944099235963 0
34 500 72.6559048715813 0
34 700 65.2516072425868 0
34 1000 42.4974533972126 0
35 0 108.908294888809 0
35 200 91.7346995179202 0
35 400 64.323137481222 0
35 500 67.9392236055245 0
35 700 68.3272375027468 0
35 1000 42.9541221246941 0
36 0 86.7451197398394 0
36 200 119.025021584873 0
36 400 82.4438807501055 0
36 500 37.2432077195541 0
36 700 78.1632501087299 0
36 1000 38.4365421766081 0
37 0 96.2680946549272 0
37 200 103.833818623583 0
37 400 76.3257481896919 0
37 500 44.0123897071934 0
37 700 23.0768687467059 0
37 1000 36.8291766007366 0
38 0 93.8585329780284 0
38 200 107.972497343234 0
38 400 74.7021990355847 0
38 500 80.081840916291 0
38 700 59.0318163186386 0
38 1000 40.3538364204425 0
39 0 77.181761520784 0
39 200 127.779393631609 0
39 400 87.9907657159457 0
39 500 37.816216554732 0
39 700 50.2298765523741 0
39 1000 42.4855574972538 0
40 0 99.3265898759815 0
40 200 81.8218492335711 0
40 400 76.3796375628039 0
40 500 45.1405035437674 0
40 700 61.1375370710461 0
40 1000 39.0248861797095 0
41 0 140.235490524365 0
41 200 64.1319298641149 0
41 400 77.2965400295524 0
41 500 67.9207222804635 0
41 700 47.3175938011949 0
41 1000 28.0640363223088 0
42 0 99.8906722890906 0
42 200 113.299074994319 0
42 400 95.3123219090659 0
42 500 86.8335248064323 0
42 700 44.5454035861391 0
42 1000 52.0493610605444 0
43 0 87.1107482178201 0
43 200 82.4577593028267 0
43 400 50.6809034167343 0
43 500 27.9277358373952 0
43 700 48.8910620717462 0
43 1000 34.5916929045475 0
44 0 116.244860660269 0
44 200 70.4286374944598 0
44 400 28.0870812685684 0
44 500 62.5188054153368 0
44 700 46.99825814737 0
44 1000 33.2734294355014 0
45 0 131.14430198118 0
45 200 133.021614163528 0
45 400 78.052435602509 0
45 500 62.6012082821568 0
45 700 50.0062219392542 0
45 1000 61.0350326564376 0
46 0 74.5832686528974 0
46 200 78.2375488891192 0
46 400 49.3878494840087 0
46 500 62.5387718774512 0
46 700 48.3002325657067 0
46 1000 36.0137753872466 0
47 0 95.4106291706959 0
47 200 108.068298694064 0
47 400 98.0126514583673 0
47 500 75.5334169283843 0
47 700 82.4186373367794 0
47 1000 37.7777099618612 0
48 0 109.538632877999 0
48 200 114.074175521838 0
48 400 71.3669360458522 0
48 500 62.4993127958456 0
48 700 57.596240526056 0
48 1000 43.7659332426854 0
49 0 129.27661117323 0
49 200 62.5291529323982 0
49 400 76.1236163977582 0
49 500 81.8018571744307 0
49 700 69.4998268248587 0
49 1000 37.0273273974691 0
50 0 99.8155360965264 0
50 200 92.4362021088686 0
50 400 63.7712731616576 0
50 500 72.2485044966731 0
50 700 54.337660814589 0
50 1000 51.9677201856994 0
51 0 103.029472100461 1
51 200 79.8782372501078 1
51 400 24.632369108136 1
51 500 34.8092152315492 1
51 700 32.6730181763912 1
51 1000 42.5780121436297 1
52 0 86.1193321361285 1
52 200 96.3891710781058 1
52 400 67.3418413281566 1
52 500 47.5810970057397 1
52 700 39.4320495455974 1
52 1000 13.8231622035227 1
53 0 98.5634896691304 1
53 200 63.8494560290687 1
53 400 62.988445782544 1
53 500 86.684365376916 1
53 700 36.5890919773602 1
53 1000 40.7797796992606 1
54 0 71.2288236400558 1
54 200 67.8815571629306 1
54 400 44.8762202862864 1
54 500 48.2329826242614 1
54 700 44.6990002849334 1
54 1000 29.4358417409644 1
55 0 87.4521041249142 1
55 200 51.3270485860269 1
55 400 56.6926969114977 1
55 500 35.3488633214157 1
55 700 31.7999745391867 1
55 1000 37.3645852715472 1
56 0 100.713152675702 1
56 200 81.8467922909251 1
56 400 96.9330529299631 1
56 500 61.0452593394141 1
56 700 47.6296088324391 1
56 1000 44.5345195072958 1
57 0 87.6925055219975 1
57 200 92.0127912242631 1
57 400 72.4229628066436 1
57 500 48.0745961889327 1
57 700 32.0419601684228 1
57 1000 26.607931344216 1
58 0 126.464920134533 1
58 200 123.876381692123 1
58 400 77.3114161207638 1
58 500 55.9548712941935 1
58 700 41.4988800658723 1
58 1000 40.3658522008022 1
59 0 87.6377032391578 1
59 200 70.0930715159196 1
59 400 47.0345959482893 1
59 500 45.8654229003476 1
59 700 38.3542189730948 1
59 1000 33.7893270966226 1
60 0 107.196785048992 1
60 200 67.7534188128425 1
60 400 80.0308191442434 1
60 500 50.4701710249793 1
60 700 33.8552370804501 1
60 1000 38.5951459535733 1
61 0 69.5903139117255 1
61 200 52.2168311614243 1
61 400 44.8382130063565 1
61 500 31.29770891143 1
61 700 43.0714011285582 1
61 1000 35.0316493436562 1
62 0 107.971731859079 1
62 200 92.9541977604415 1
62 400 64.3809335098336 1
62 500 33.5569425988278 1
62 700 60.8313133276535 1
62 1000 21.0803477540133 1
63 0 95.8264547738099 1
63 200 86.2155671778207 1
63 400 77.5401064399353 1
63 500 82.5544817277606 1
63 700 35.1271090890029 1
63 1000 56.1231645799653 1
64 0 141.15771607399 1
64 200 84.3196439724366 1
64 400 33.1115009728916 1
64 500 55.0259168711701 1
64 700 41.2272412074589 1
64 1000 27.02265264519 1
65 0 87.9285554632006 1
65 200 59.609273553644 1
65 400 33.9833369684109 1
65 500 54.3243947319662 1
65 700 47.6316693492585 1
65 1000 33.0065971697983 1
66 0 124.227367965459 1
66 200 74.1970913904006 1
66 400 92.5515839426593 1
66 500 86.8135198085532 1
66 700 66.864521434208 1
66 1000 36.7156682540497 1
67 0 128.124498391477 1
67 200 92.3053130192906 1
67 400 57.0819278032186 1
67 500 47.0136713228601 1
67 700 34.8050117996037 1
67 1000 29.1403969598018 1
68 0 84.3402916747014 1
68 200 97.6803093776491 1
68 400 63.4921099147306 1
68 500 39.781192268739 1
68 700 45.9164281397117 1
68 1000 42.6163146440828 1
69 0 146.01778776607 1
69 200 121.44832983605 1
69 400 55.0419716481664 1
69 500 54.3373019563956 1
69 700 23.5097933222221 1
69 1000 54.048435711888 1
70 0 121.926900684318 1
70 200 60.2034902215726 1
70 400 51.1968349661999 1
70 500 14.9638320438025 1
70 700 60.9840951427145 1
70 1000 37.1594134501755 1
71 0 77.8520797872873 1
71 200 46.3707257266214 1
71 400 48.9620110098937 1
71 500 33.3197475292361 1
71 700 30.6205042550645 1
71 1000 37.1569393645808 1
72 0 161.493773961478 1
72 200 107.651297180724 1
72 400 66.1070545606693 1
72 500 76.9639435174519 1
72 700 48.8750351733193 1
72 1000 44.3458177213279 1
73 0 113.134518337754 1
73 200 84.1283005808163 1
73 400 53.5800709567327 1
73 500 42.8867990034811 1
73 700 46.1281869980532 1
73 1000 29.2491157776338 1
74 0 66.4254894675191 1
74 200 54.8435669647101 1
74 400 56.2430834259917 1
74 500 47.8516732965792 1
74 700 29.4650593706681 1
74 1000 21.6566766948635 1
75 0 102.242337843465 1
75 200 68.7384816416484 1
75 400 35.7105356340453 1
75 500 34.7016080378017 1
75 700 39.3732590634015 1
75 1000 41.2815063739926 1
76 0 99.4210640835597 1
76 200 53.2239951782301 1
76 400 51.2732514651348 1
76 500 61.8768937322597 1
76 700 46.4915479707618 1
76 1000 31.9655862518514 1
77 0 104.964444882144 1
77 200 78.8001669410713 1
77 400 45.3441456601904 1
77 500 56.0509571716731 1
77 700 31.1394931220289 1
77 1000 51.8582343081221 1
78 0 129.240329718556 1
78 200 39.6139634298468 1
78 400 55.7491371327324 1
78 500 61.9602043483713 1
78 700 35.2545926244325 1
78 1000 44.9405573658849 1
79 0 51.0871665933026 1
79 200 81.4613755785917 1
79 400 65.1997350623847 1
79 500 48.600865253719 1
79 700 44.2329155412269 1
79 1000 47.1983012117938 1
80 0 113.696884105224 1
80 200 71.5997458472493 1
80 400 49.9471649115676 1
80 500 48.2279752952992 1
80 700 29.6110728816813 1
80 1000 51.673986283051 1
81 0 90.7441104133577 1
81 200 64.0418005557635 1
81 400 64.0830629496276 1
81 500 52.7866778673597 1
81 700 55.9984087317409 1
81 1000 40.6822398005865 1
82 0 142.607343755276 1
82 200 65.7340682929373 1
82 400 42.9151135581616 1
82 500 50.7991451460618 1
82 700 54.0622731606275 1
82 1000 21.5676897471154 1
83 0 98.6566933262012 1
83 200 46.3297278172471 1
83 400 29.1376030975188 1
83 500 35.7399274069414 1
83 700 45.7330611117541 1
83 1000 31.4506935336349 1
84 0 76.4743132604034 1
84 200 94.7526852887927 1
84 400 101.741556937455 1
84 500 89.9427537486321 1
84 700 77.9507038134155 1
84 1000 31.5283599105866 1
85 0 83.6027625547183 1
85 200 84.927272157987 1
85 400 55.1371673365665 1
85 500 44.6207247945 1
85 700 34.1526615632714 1
85 1000 32.8466013999719 1
86 0 93.0918018747143 1
86 200 72.4722185784637 1
86 400 60.3451904041872 1
86 500 78.8708787600384 1
86 700 42.8914952740597 1
86 1000 37.147671676066 1
87 0 76.7984733965594 1
87 200 54.5539396902849 1
87 400 58.1720192297686 1
87 500 30.1806754981859 1
87 700 52.558651856646 1
87 1000 26.1864372847716 1
88 0 72.9677056569606 1
88 200 74.0311392883915 1
88 400 43.4976050475628 1
88 500 37.801348542345 1
88 700 33.004201294801 1
88 1000 9.1637943931764 1
89 0 27.8542271170896 1
89 200 118.180005045379 1
89 400 61.3545799295356 1
89 500 86.6299236079942 1
89 700 57.782793382622 1
89 1000 52.9123925735453 1
90 0 86.0711464707669 1
90 200 78.5841928816005 1
90 400 77.9415893178496 1
90 500 59.2616789458893 1
90 700 34.4327182172674 1
90 1000 33.8089792115565 1
91 0 56.6742573590678 1
91 200 83.3322357008063 1
91 400 70.1440510509606 1
91 500 70.6421689283872 1
91 700 66.0531529087891 1
91 1000 44.9607246239541 1
92 0 122.958185554834 1
92 200 77.2317413533113 1
92 400 60.9155729900658 1
92 500 51.1014813010414 1
92 700 32.7051512545503 1
92 1000 51.5233634032621 1
93 0 78.3087557185445 1
93 200 63.9549244251578 1
93 400 44.4077862290016 1
93 500 27.7388899674975 1
93 700 33.1070405721348 1
93 1000 26.1403338126047 1
94 0 148.240398346171 1
94 200 94.3562228843721 1
94 400 67.975338805455 1
94 500 55.1636538024535 1
94 700 47.6888456369441 1
94 1000 48.5058434303111 1
95 0 108.437537771275 1
95 200 29.6138932783214 1
95 400 55.1831169212282 1
95 500 40.4020630838764 1
95 700 37.0664354219368 1
95 1000 26.0767091030117 1
96 0 112.586419354846 1
96 200 91.69753046457 1
96 400 64.4797101845988 1
96 500 38.8848277731924 1
96 700 51.5880098644937 1
96 1000 33.5754824880663 1
97 0 84.3464322403659 1
97 200 80.4961970868163 1
97 400 78.4139720738994 1
97 500 49.832478727162 1
97 700 56.1790653072944 1
97 1000 34.1895498918961 1
98 0 98.3058702721026 1
98 200 90.0514886858353 1
98 400 21.757714149506 1
98 500 23.8829921791353 1
98 700 47.5600886318739 1
98 1000 32.6215625892875 1
99 0 106.924129481595 1
99 200 65.2080286370033 1
99 400 58.7309752055353 1
99 500 56.4945432568863 1
99 700 40.7579478923682 1
99 1000 38.8095011984862 1
100 0 67.0906581261784 1
100 200 105.970066418358 1
100 400 67.3684385485782 1
100 500 71.5355858853398 1
100 700 48.3283749996753 1
100 1000 38.1846544736378 1
