id dose eff group
1 0 78.9770179226232 0
1 200 53.9280056270512 0
1 400 55.0005265194333 0
1 500 44.0453353469622 0
1 700 37.5964288618291 0
1 1000 50.9957221794386 0
2 0 112.372605558921 0
2 200 101.938334998176 0
2 400 83.5891768666893 0
2 500 100.211407917282 0
2 700 57.7416679268681 0
2 1000 64.3399556162686 0
3 0 147.797756074269 0
3 200 103.340421368828 0
3 400 52.7972280063568 0
3 500 58.9899008993129 0
3 700 70.8482355974869 0
3 1000 35.916849933317 0
4 0 106.276668602846 0
4 200 104.086116507268 0
4 400 67.1169616656307 0
4 500 56.0563431927331 0
4 700 64.7295840224854 0
4 1000 38.7336764219283 0
5 0 72.8033760444082 0
5 200 79.5499697211301 0
5 400 85.230082984692 0
5 500 56.8396253467142 0
5 700 59.3153226377841 0
5 1000 34.0922383485847 0
6 0 80.5573604827315 0
6 200 96.3088275872007 0
6 400 88.4036792029021 0
6 500 82.9116649964005 0
6 700 79.0978587812169 0
6 1000 49.3542962890318 0
7 0 103.3447278912 0
7 200 73.450412553218 0
7 400 61.9131569379255 0
7 500 65.6959701090132 0
7 700 49.0861394150587 0
7 1000 52.8853789924565 0
8 0 109.068831842674 0
8 200 91.1725521880626 0
8 400 72.2792112143585 0
8 500 70.777052900658 0
8 700 70.7716463582686 0
8 1000 27.8656522575682 0
9 0 79.2239641497726 0
9 200 111.316147746963 0
9 400 110.435270322849 0
9 500 84.5674657198943 0
9 700 68.5828313706766 0
9 1000 52.6480270422473 0
10 0 104.471430969528 0
10 200 56.8309410829492 0
10 400 59.9447032576529 0
10 500 51.9477791578722 0
10 700 31.8751417894641 0
10 1000 35.6475814813507 0
11 0 82.3884654291 0
11 200 75.261061823993 0
11 400 64.2712604297234 0
11 500 38.0885845965899 0
11 700 23.4504358257344 0
11 1000 39.116253550704 0
12 0 99.7684837525488 0
12 200 81.1964281115418 0
12 400 70.2615850554615 0
12 500 45.6035814150665 0
12 700 32.7978109765676 0
12 1000 41.8826231973122 0
13 0 116.331545170444 0
13 200 54.1599812707462 0
13 400 61.8723673440894 0
13 500 65.2330794111663 0
13 700 48.119370801611 0
13 1000 47.7154378841379 0
14 0 76.968690534248 0
14 200 48.8455325168605 0
14 400 49.7151629649204 0
14 500 79.2311151215294 0
14 700 55.627831763152 0
14 1000 33.2917265685656 0
15 0 103.901485639325 0
15 200 57.783538441879 0
15 400 43.5794878726606 0
15 500 48.2447971902393 0
15 700 46.6455200080716 0
15 1000 33.5742630028641 0
16 0 90.3494496036047 0
16 200 94.8447239446228 0
16 400 82.8355848887025 0
16 500 81.3368690647526 0
16 700 58.4883608572054 0
16 1000 36.8492839527592 0
17 0 79.4487912814888 0
17 200 109.540436777651 0
17 400 88.1791475885494 0
17 500 61.0587713613446 0
17 700 47.4071231476129 0
17 1000 33.5110643451126 0
18 0 87.459701417621 0
18 200 97.5717386654713 0
18 400 59.7343520437673 0
18 500 39.3608286249335 0
18 700 44.690850384297 0
18 1000 37.3978414266151 0
19 0 141.31652510755 0
19 200 86.2081075186733 0
19 400 76.72043906637 0
19 500 77.6054853264818 0
19 700 52.0679463330593 0
19 1000 49.9248861228973 0
20 0 107.224076504276 0
20 200 95.1468926188303 0
20 400 44.3355491546785 0
20 500 36.1354326102619 0
20 700 43.715032777258 0
20 1000 35.7342485868468 0
21 0 109.597704381488 0
21 200 119.157482013573 0
21 400 67.6874038069985 0
21 500 78.6362338281889 0
21 700 73.1797648113297 0
21 1000 59.7095357200875 0
22 0 81.3369594717662 0
22 200 82.9625693463154 0
22 400 51.587041655604 0
22 500 46.7092660238293 0
22 700 63.0754661628239 0
22 1000 61.9318094255685 0
23 0 105.701893953104 0
23 200 80.8782442298967 0
23 400 56.9794286162642 0
23 500 70.8336372991359 0
23 700 38.6105656856674 0
23 1000 46.2822365820407 0
24 0 80.9523294431004 0
24 200 74.6829691809029 0
24 400 30.6854886037972 0
24 500 43.4517323140787 0
24 700 46.6610419790858 0
24 1000 40.4039274346395 0
25 0 115.014071443211 0
25 200 97.3949453174588 0
25 400 66.6434407424101 0
25 500 33.8963195833412 0
25 700 52.150696966493 0
25 1000 52.1683885862988 0
26 0 103.83279144262 0
26 200 84.2185449085905 0
26 400 51.3047463743077 0
26 500 55.4412444091325 0
26 700 49.0259475388525 0
26 1000 45.3446724796378 0
27 0 113.379491792143 0
27 200 87.5751430620663 0
27 400 86.3506181802306 0
27 500 65.9378358509552 0
27 700 43.123701789361 0
27 1000 61.9213537282168 0
28 0 119.887098861954 0
28 200 72.5408020957011 0
28 400 56.1228948532104 0
28 500 64.9166527918461 0
28 700 38.0867411296788 0
28 1000 48.7834966768386 0
29 0 122.32572217819 0
29 200 69.8128162930831 0
29 400 94.3232273987242 0
29 500 71.9801441808294 0
29 700 66.7390728788873 0
29 1000 45.4983802234521 0
30 0 72.6280423368481 0
30 200 81.4379016114965 0
30 400 59.4661004982341 0
30 500 85.6509234031363 0
30 700 60.4012573482928 0
30 1000 38.0011319905698 0
31 0 104.523995914061 0
31 200 130.101976650452 0
31 400 104.632558216696 0
31 500 95.0389323388491 0
31 700 83.2124295594031 0
31 1000 88.5697531377439 0
32 0 124.632074364198 0
32 200 111.166372916123 0
32 400 70.2317467976125 0
32 500 64.3525397641219 0
32 700 62.3219877840331 0
32 1000 34.9062950557833 0
33 0 84.8019975874215 0
33 200 41.1951404721104 0
33 400 58.0541068694648 0
33 500 53.5049566371277 0
33 700 50.5481613917068 0
33 1000 39.9815763200154 0
34 0 89.5094715292377 0
34 200 103.076271413117 0
34 400 65.3636864349502 0
34 500 49.3143372313848 0
34 700 43.1194643855651 0
34 1000 30.7252072120529 0
35 0 80.4151471903943 0
35 200 56.7421305965347 0
35 400 71.8827534412375 0
35 500 85.621567295383 0
35 700 64.0473954998608 0
35 1000 19.5227567621298 0
36 0 71.3848396477121 0
36 200 97.2989645406315 0
36 400 87.8682846383496 0
36 500 65.468495078112 0
36 700 59.6988430352493 0
36 1000 48.3999992685063 0
37 0 109.06378021775 0
37 200 93.9650872158334 0
37 400 55.9563124015661 0
37 500 23.4077846217519 0
37 700 74.4523409610153 0
37 1000 54.2398043763359 0
38 0 96.9882635123597 0
38 200 99.4364196357917 0
38 400 60.7812493132935 0
38 500 39.7036774614848 0
38 700 50.1801755263493 0
38 1000 35.107761140391 0
39 0 126.983178950934 0
39 200 130.61834238452 0
39 400 105.083533965924 0
39 500 99.6812084191586 0
39 700 51.854061573897 0
39 1000 55.154937155301 0
40 0 61.4117947660626 0
40 200 103.971412170792 0
40 400 93.797604816313 0
40 500 65.0809837665843 0
40 700 70.1438654999187 0
40 1000 46.1999813140214 0
41 0 89.6319244628662 0
41 200 41.6632617680183 0
41 400 80.3765201756589 0
41 500 39.445990883473 0
41 700 45.57827534393 0
41 1000 37.5687113137289 0
42 0 121.791910863693 0
42 200 86.1997045828653 0
42 400 49.2987533443728 0
42 500 49.73752413395 0
42 700 36.2185837166809 0
42 1000 31.8783251272298 0
43 0 114.622292879555 0
43 200 92.0108314521589 0
43 400 99.9364482008077 0
43 500 58.2493034927866 0
43 700 69.2853286619367 0
43 1000 63.9589720752222 0
44 0 97.2526862160546 0
44 200 109.021830302828 0
44 400 43.2831579367429 0
44 500 49.0451243457111 0
44 700 48.945213566858 0
44 1000 48.9357844802173 0
45 0 105.633296557688 0
45 200 118.611035903866 0
45 400 95.9364162116996 0
45 500 75.8779819001176 0
45 700 92.1298973070886 0
45 1000 59.9752771633105 0
46 0 88.7883778472313 0
46 200 79.5325979715586 0
46 400 54.397401703351 0
46 500 46.0404419504259 0
46 700 17.413792022526 0
46 1000 22.6688135543178 0
47 0 103.579550300633 0
47 200 91.5126394230678 0
47 400 77.9597890281057 0
47 500 89.630972397233 0
47 700 42.8049544895766 0
47 1000 37.5894431301384 0
48 0 79.9424436321475 0
48 200 75.9416326555735 0
48 400 38.4146574644625 0
48 500 44.5366339159153 0
48 700 46.0671905172702 0
48 1000 31.2241668783864 0
49 0 111.47004161543 0
49 200 109.099350058946 0
49 400 87.6339662053096 0
49 500 84.0083461051032 0
49 700 41.4991766558372 0
49 1000 38.0316237064605 0
50 0 103.756754597711 0
50 200 83.0715500862648 0
50 400 75.4591254260818 0
50 500 54.6433238474694 0
50 700 59.9111944441221 0
50 1000 51.908348872647 0
51 0 81.6112156871017 1
51 200 84.5141914352215 1
51 400 61.959498713961 1
51 500 42.8870162290496 1
51 700 53.5513415545489 1
51 1000 42.5398084357571 1
52 0 80.1060336364639 1
52 200 87.7805075332487 1
52 400 66.0299212394958 1
52 500 52.4093521203631 1
52 700 63.7833638106052 1
52 1000 35.511007174904 1
53 0 106.523345091481 1
53 200 142.977550335587 1
53 400 87.9699326192218 1
53 500 70.8879154209581 1
53 700 65.7007392410369 1
53 1000 60.9124774731917 1
54 0 83.2620482897538 1
54 200 86.5207100092973 1
54 400 61.5607111437057 1
54 500 32.5708420825623 1
54 700 30.1212914376135 1
54 1000 23.8594279805987 1
55 0 98.6674084526821 1
55 200 52.1212634806075 1
55 400 65.2432149469756 1
55 500 61.3428744559006 1
55 700 41.7037991698046 1
55 1000 32.4297127261572 1
56 0 119.201888743474 1
56 200 84.3545628018972 1
56 400 57.9353229984627 1
56 500 50.0434653910371 1
56 700 60.9335209122497 1
56 1000 52.9111295166725 1
57 0 118.093629149706 1
57 200 87.1072613675857 1
57 400 60.3815661005367 1
57 500 40.2199857429389 1
57 700 37.5608592969643 1
57 1000 38.1995597018242 1
58 0 138.336213774281 1
58 200 91.5701044597853 1
58 400 68.68816980559 1
58 500 46.2575158573577 1
58 700 42.1959468646487 1
58 1000 48.8479926087519 1
59 0 72.3920133375983 1
59 200 79.0732689669385 1
59 400 40.8934968794219 1
59 500 30.4265816800049 1
59 700 36.7841047052295 1
59 1000 30.9338397605218 1
60 0 87.8248533092688 1
60 200 65.5744896303183 1
60 400 42.0619366336506 1
60 500 41.3669612984871 1
60 700 36.6987073740643 1
60 1000 41.03243050949 1
61 0 126.433682742974 1
61 200 104.084763557844 1
61 400 45.6524481454073 1
61 500 52.3245013597074 1
61 700 43.852683212325 1
61 1000 29.8640633966082 1
62 0 94.4739086827717 1
62 200 59.2186052476112 1
62 400 25.9488596185621 1
62 500 47.4241757779524 1
62 700 33.8091700307638 1
62 1000 30.1622498843814 1
63 0 94.5941644042962 1
63 200 43.4733484650652 1
63 400 31.7112018230755 1
63 500 41.7113309242526 1
63 700 42.1133964672491 1
63 1000 50.8908632947497 1
64 0 109.459493560533 1
64 200 73.5454037491753 1
64 400 81.7996625399051 1
64 500 58.3818379982618 1
64 700 58.7530866325471 1
64 1000 45.8950821801544 1
65 0 101.91597551693 1
65 200 65.5876631333897 1
65 400 53.3693668458994 1
65 500 77.0778166634871 1
65 700 50.8861774167386 1
65 1000 35.5225321695916 1
66 0 93.1883557717091 1
66 200 72.9949201416989 1
66 400 36.7093572799629 1
66 500 52.9688094264669 1
66 700 43.7216807430947 1
66 1000 28.4925822919781 1
67 0 91.1944666111746 1
67 200 99.5422211059382 1
67 400 82.2684709521818 1
67 500 70.5922094579996 1
67 700 51.545876390888 1
67 1000 38.2236850187608 1
68 0 74.775417094884 1
68 200 36.6252645218068 1
68 400 40.8349988901981 1
68 500 47.0603035474622 1
68 700 19.3709633685003 1
68 1000 15.8536854358579 1
69 0 102.138239745674 1
69 200 62.3058943236521 1
69 400 81.8051563495184 1
69 500 74.4678094042497 1
69 700 61.974904689963 1
69 1000 32.5916302981611 1
70 0 103.344180906704 1
70 200 91.7138065320863 1
70 400 54.1435049307511 1
70 500 43.7791012749514 1
70 700 25.3251345033753 1
70 1000 35.2394552167725 1
71 0 93.7136731575097 1
71 200 97.2935627781705 1
71 400 74.0513559484833 1
71 500 72.192767809279 1
71 700 76.8111938402712 1
71 1000 37.5282014023596 1
72 0 139.658367685999 1
72 200 130.561945455538 1
72 400 84.0374940599828 1
72 500 64.4306621854303 1
72 700 33.9009318640861 1
72 1000 35.9742686599189 1
73 0 79.5047186186378 1
73 200 84.8071272514534 1
73 400 50.6403062234593 1
73 500 41.4624064622111 1
73 700 20.5638003236039 1
73 1000 16.7051288692474 1
74 0 105.797054030195 1
74 200 67.2151551393029 1
74 400 47.8427847555453 1
74 500 34.5117117921491 1
74 700 27.052953989339 1
74 1000 33.9883317958115 1
75 0 95.9795576041837 1
75 200 77.6640115905529 1
75 400 46.2774006332046 1
75 500 66.5998025653853 1
75 700 24.7469091972486 1
75 1000 34.0150170038556 1
76 0 109.884852195728 1
76 200 101.578829778777 1
76 400 90.4868098485647 1
76 500 47.6037616967866 1
76 700 43.3967600570061 1
76 1000 35.8834675688715 1
77 0 125.313344247342 1
77 200 68.357593363548 1
77 400 58.4352567148709 1
77 500 41.7932123234449 1
77 700 45.7699479537605 1
77 1000 33.1335652170265 1
78 0 103.151363601094 1
78 200 80.5117068018448 1
78 400 82.5670489227657 1
78 500 35.4719850591936 1
78 700 36.8869102205805 1
78 1000 35.2269140099317 1
79 0 120.962285033717 1
79 200 111.999757844521 1
79 400 76.7956850836347 1
79 500 66.9446660591436 1
79 700 77.8923971489778 1
79 1000 56.8383030188264 1
80 0 106.101874199348 1
80 200 96.7133299879714 1
80 400 45.5195049136249 1
80 500 57.6280658103365 1
80 700 37.2637295648432 1
80 1000 40.1155325926978 1
81 0 92.9032285849719 1
81 200 72.0449683030672 1
81 400 46.4519544689933 1
81 500 56.3526135575139 1
81 700 31.2350313831149 1
81 1000 28.4333082308473 1
82 0 101.99003350136 1
82 200 92.3052021745643 1
82 400 53.3747501076246 1
82 500 35.1542295901163 1
82 700 35.1475269202935 1
82 1000 33.6298166737201 1
83 0 89.4472580148262 1
83 200 73.1008868483756 1
83 400 54.8456830133915 1
83 500 38.3932425738376 1
83 700 51.2764813644109 1
83 1000 43.4935288370827 1
84 0 72.5111253018844 1
84 200 91.3392918953229 1
84 400 32.263508764674 1
84 500 52.0834059440428 1
84 700 49.3837074360227 1
84 1000 31.8507375092382 1
85 0 104.418305214735 1
85 200 59.3864009774765 1
85 400 62.5481259106101 1
85 500 62.3747960484054 1
85 700 37.6590774995469 1
85 1000 43.914843345752 1
86 0 129.776545719329 1
86 200 98.8489818711778 1
86 400 43.5449469411762 1
86 500 57.588209561612 1
86 700 35.1769303367331 1
86 1000 40.6771323843886 1
87 0 109.153133884441 1
87 200 82.5378927726848 1
87 400 63.287883681856 1
87 500 43.6806660438736 1
87 700 41.286914945883 1
87 1000 33.2490722341456 1
88 0 128.418340374112 1
88 200 87.7847765036085 1
88 400 41.9055881018408 1
88 500 67.4914201798493 1
88 700 48.4081151636495 1
88 1000 50.8482211744418 1
89 0 69.3116045846653 1
89 200 30.4598369020103 1
89 400 57.2659126447025 1
89 500 50.4951285278759 1
89 700 23.9100660969097 1
89 1000 34.4250325400432 1
90 0 86.4309459427196 1
90 200 121.297039397642 1
90 400 56.7938867150871 1
90 500 47.4175337457847 1
90 700 42.4524359124108 1
90 1000 15.1191399924187 1
91 0 83.2597256071717 1
91 200 113.48500623766 1
91 400 72.0281765971694 1
91 500 61.1377997453853 1
91 700 40.3592037402747 1
91 1000 39.611094036122 1
92 0 88.2093569387916 1
92 200 83.416537861493 1
92 400 89.8179932345244 1
92 500 78.3747082859091 1
92 700 40.1498874293436 1
92 1000 50.8857004619815 1
93 0 71.5440536873606 1
93 200 95.442319046127 1
93 400 71.078192622778 1
93 500 39.253383581666 1
93 700 46.52736554365 1
93 1000 46.1762852986429 1
94 0 93.8155439050587 1
94 200 97.2222306356029 1
94 400 80.5488122727057 1
94 500 61.509903924704 1
94 700 51.8283076855021 1
94 1000 45.3679767496325 1
95 0 149.890602080201 1
95 200 91.0509510976053 1
95 400 63.8787174016564 1
95 500 44.1151157151578 1
95 700 30.1531380307601 1
95 1000 37.6739322959498 1
96 0 127.217457822171 1
96 200 86.7474876686006 1
96 400 40.9482371220169 1
96 500 38.2276903858082 1
96 700 32.4539011630242 1
96 1000 36.960597724277 1
97 0 85.7683927619472 1
97 200 55.9162983900241 1
97 400 33.9218534880201 1
97 500 35.9859462522701 1
97 700 46.6489173639219 1
97 1000 11.8715086279889 1
98 0 97.0949186497788 1
98 200 71.1039743715227 1
98 400 97.1412639624404 1
98 500 45.201719974333 1
98 700 46.0896999990777 1
98 1000 44.5316357486776 1
99 0 86.6293724015986 1
99 200 51.1085039495341 1
99 400 66.6369549021352 1
99 500 52.4273834635663 1
99 700 33.2639977646398 1
99 1000 44.6953156186452 1
100 0 105.39004312111 1
100 200 115.300055875353 1
100 400 69.6238021423868 1
100 500 49.6486753293113 1
100 700 41.7247007489676 1
100 1000 38.2704149306199 1
