id dose eff group
1 0 85.6753035388025 0
1 200 101.821008426734 0
1 400 88.698287232127 0
1 500 73.2811177511469 0
1 700 59.7942050140787 0
1 1000 68.8052230695495 0
2 0 94.0080324866571 0
2 200 126.246724035579 0
2 400 63.7837467917657 0
2 500 65.0024861035566 0
2 700 64.4988184362114 0
2 1000 44.9226425916847 0
3 0 116.526742659621 0
3 200 137.178468525421 0
3 400 102.824986168075 0
3 500 81.9293401904068 0
3 700 102.436171167108 0
3 1000 50.0335606171098 0
4 0 84.1760254073449 0
4 200 86.0212906671975 0
4 400 66.742968144527 0
4 500 55.8962603939983 0
4 700 46.5500178705232 0
4 1000 30.7830686466601 0
5 0 104.564511906536 0
5 200 60.3015755932991 0
5 400 63.2329996782876 0
5 500 59.7506674152937 0
5 700 33.6133569407087 0
5 1000 46.6473726057328 0
6 0 79.6747352757515 0
6 200 77.5610259558924 0
6 400 41.0830224793704 0
6 500 41.4601534173917 0
6 700 21.5397689514313 0
6 1000 36.2331621960015 0
7 0 136.865023243128 0
7 200 107.10303321862 0
7 400 66.7310205231175 0
7 500 73.217019972252 0
7 700 48.2550047158312 0
7 1000 42.2089628836988 0
8 0 88.454741248011 0
8 200 76.0851247356625 0
8 400 73.5084734348494 0
8 500 44.3985168218671 0
8 700 38.6014935189746 0
8 1000 37.0699404386897 0
9 0 126.607715500073 0
9 200 134.262504030282 0
9 400 96.2457325047647 0
9 500 58.0916469246879 0
9 700 49.8901772417501 0
9 1000 23.6667316642884 0
10 0 136.902256245428 0
10 200 72.9342108257698 0
10 400 51.5911956327061 0
10 500 67.8374376570367 0
10 700 41.8592537862773 0
10 1000 39.3594612386129 0
11 0 141.6188825319 0
11 200 91.4786159179922 0
11 400 55.1883751423298 0
11 500 66.535971902909 0
11 700 55.5669610424201 0
11 1000 50.8974928583787 0
12 0 117.484205712691 0
12 200 100.985102642173 0
12 400 56.1754953802325 0
12 500 62.834683887348 0
12 700 44.4654483166241 0
12 1000 63.2451476418872 0
13 0 108.425894348968 0
13 200 115.066548195671 0
13 400 67.2641822348107 0
13 500 46.990606043199 0
13 700 41.5806231942101 0
13 1000 33.6225630275994 0
14 0 89.4279448562218 0
14 200 70.7072347091 0
14 400 44.360013348511 0
14 500 48.6256967627707 0
14 700 51.0044648269466 0
14 1000 35.1031564894166 0
15 0 93.1062319532317 0
15 200 100.518531428639 0
15 400 81.8337564715067 0
15 500 68.4524619429126 0
15 700 52.330244347856 0
15 1000 38.1230873499225 0
16 0 49.1783019317841 0
16 200 63.0499132940782 0
16 400 70.6217445535112 0
16 500 45.3407107589387 0
16 700 36.6569392575045 0
16 1000 41.8733163199283 0
17 0 83.8760406240356 0
17 200 49.4999893419354 0
17 400 54.2078229956938 0
17 500 35.7196257666332 0
17 700 43.7271715759897 0
17 1000 34.6573102410839 0
18 0 102.934597060552 0
18 200 57.596149548844 0
18 400 94.6516711830003 0
18 500 44.6155064129927 0
18 700 63.1763540541325 0
18 1000 63.3580582761686 0
19 0 127.765886417323 0
19 200 103.130704385867 0
19 400 71.3340083718846 0
19 500 33.0962606136662 0
19 700 36.2687965609371 0
19 1000 49.1944502519741 0
20 0 89.1247358226433 0
20 200 84.1814802052888 0
20 400 72.5052523417241 0
20 500 71.4029585083871 0
20 700 73.941994320028 0
20 1000 44.3437468349093 0
21 0 95.8467970772976 0
21 200 95.7948811573607 0
21 400 64.421026887676 0
21 500 49.6223864225914 0
21 700 38.289375613386 0
21 1000 53.0252512558129 0
22 0 129.627811103761 0
22 200 104.542965439869 0
22 400 96.3498031995733 0
22 500 64.8231125594311 0
22 700 62.1362917420459 0
22 1000 47.7323682257519 0
23 0 96.5039011907151 0
23 200 99.2030804520386 0
23 400 94.2939369180642 0
23 500 69.9298677616354 0
23 700 57.3883577865686 0
23 1000 42.532374909101 0
24 0 91.3428507175166 0
24 200 72.4699398671519 0
24 400 117.069336773034 0
24 500 89.1874880527371 0
24 700 35.4569918422892 0
24 1000 21.978078461929 0
25 0 143.616266071919 0
25 200 82.2670567157263 0
25 400 99.5769642806781 0
25 500 69.3498695885735 0
25 700 81.7369446994502 0
25 1000 57.7008095446441 0
26 0 134.556355790602 0
26 200 132.517634219398 0
26 400 60.2364642012101 0
26 500 71.9923127401497 0
26 700 61.9864465026704 0
26 1000 58.6458213718918 0
27 0 125.320503944746 0
27 200 85.9130103690668 0
27 400 45.5715238155913 0
27 500 50.675614273961 0
27 700 61.3392480935624 0
27 1000 39.5355011421634 0
28 0 130.272768223894 0
28 200 90.9033850775369 0
28 400 74.7133342107852 0
28 500 79.0438976978942 0
28 700 55.8549922830576 0
28 1000 47.3568532868029 0
29 0 86.5363146358596 0
29 200 94.358610505485 0
29 400 50.2855132454779 0
29 500 66.4999991051368 0
29 700 41.1085265016518 0
29 1000 41.7042679339062 0
30 0 136.523093078033 0
30 200 143.270295692544 0
30 400 85.7798845759692 0
30 500 77.5941443713695 0
30 700 58.4711234106972 0
30 1000 44.224183863275 0
31 0 97.0004305221037 0
31 200 60.1807955525843 0
31 400 100.560958014238 0
31 500 79.4172858627726 0
31 700 76.1585406343154 0
31 1000 59.4120821498929 0
32 0 112.915866353727 0
32 200 86.445371390326 0
32 400 84.0938528240195 0
32 500 98.5599205056446 0
32 700 75.9030751506626 0
32 1000 61.2150870445219 0
33 0 124.976269423822 0
33 200 50.1858224617594 0
33 400 68.1071088101574 0
33 500 94.7042586520145 0
33 700 54.9037310782573 0
33 1000 57.5755058936331 0
34 0 134.250974203639 0
34 200 85.2535382982021 0
34 400 64.2056910611012 0
34 500 52.6307842072359 0
34 700 47.889962721411 0
34 1000 63.1271410231932 0
35 0 100.551943200703 0
35 200 79.5800589512754 0
35 400 65.7182465602372 0
35 500 63.9208709068936 0
35 700 77.1958578531415 0
35 1000 44.758562466039 0
36 0 113.651603017934 0
36 200 147.338958240591 0
36 400 99.3057897472686 0
36 500 89.0696482298916 0
36 700 60.6718181551894 0
36 1000 56.3949717109865 0
37 0 113.852255931569 0
37 200 106.772848827116 0
37 400 99.4418601382324 0
37 500 52.3334554894638 0
37 700 48.1242041849458 0
37 1000 55.7396279456187 0
38 0 117.328969075976 0
38 200 99.9361973383059 0
38 400 56.4464968276476 0
38 500 52.21196915781 0
38 700 40.328597375849 0
38 1000 43.0794314030019 0
39 0 78.6598984488025 0
39 200 102.50139523695 0
39 400 62.4528835346861 0
39 500 73.5523131160945 0
39 700 38.9561051271371 0
39 1000 48.3781464429478 0
40 0 122.580498423496 0
40 200 91.0342966548489 0
40 400 81.9731667060849 0
40 500 61.9577448422153 0
40 700 76.9093150300761 0
40 1000 47.9457483319404 0
41 0 117.23819419588 0
41 200 68.3984054153712 0
41 400 45.0877797388413 0
41 500 39.4091963234779 0
41 700 49.2678864480077 0
41 1000 36.9568848832383 0
42 0 133.25788098639 0
42 200 71.899807082865 0
42 400 63.6361606957216 0
42 500 78.5411116614714 0
42 700 76.2929557860391 0
42 1000 42.9384479010499 0
43 0 155.032593236294 0
43 200 111.493264667858 0
43 400 110.827714043266 0
43 500 55.2335098106303 0
43 700 109.281572827079 0
43 1000 80.5186778685123 0
44 0 127.785582773433 0
44 200 93.2874896888581 0
44 400 75.3695375037085 0
44 500 76.369317296753 0
44 700 89.5539975976507 0
44 1000 77.5075270600226 0
45 0 128.672016636331 0
45 200 85.6893119833245 0
45 400 26.8336290310569 0
45 500 41.2967846233136 0
45 700 28.1900373158081 0
45 1000 38.0176740831117 0
46 0 55.7878527371309 0
46 200 77.6003095116369 0
46 400 49.1108378013225 0
46 500 52.0726544886892 0
46 700 49.6599656312225 0
46 1000 44.4326233255215 0
47 0 86.0303446173381 0
47 200 127.162800948792 0
47 400 97.1452395766894 0
47 500 75.6195504169336 0
47 700 66.1036732925683 0
47 1000 49.9943464146363 0
48 0 114.414764871242 0
48 200 92.1458136046216 0
48 400 53.8184562766424 0
48 500 62.4485735370856 0
48 700 42.0242219263102 0
48 1000 49.5448423951154 0
49 0 79.3914235925299 0
49 200 99.235924780754 0
49 400 75.4691868126742 0
49 500 49.5511709751213 0
49 700 38.1662131933389 0
49 1000 19.1877029996589 0
50 0 105.227469279753 0
50 200 96.9887863172229 0
50 400 97.9869022189028 0
50 500 58.9211657375815 0
50 700 67.4498848961818 0
50 1000 22.6981917410661 0
51 0 126.887558775066 1
51 200 94.877087822302 1
51 400 72.6921101213983 1
51 500 53.618617855129 1
51 700 54.0340458942252 1
51 1000 28.3129752356113 1
52 0 92.1846339223848 1
52 200 51.1655296200973 1
52 400 38.8024972286895 1
52 500 47.1540543471062 1
52 700 41.3887945714565 1
52 1000 35.016010392198 1
53 0 121.089638605007 1
53 200 82.3715305748482 1
53 400 38.4689371294218 1
53 500 38.0317837535717 1
53 700 46.7228635116253 1
53 1000 47.7401849234337 1
54 0 93.9632842524936 1
54 200 47.2311230247607 1
54 400 71.2738984736802 1
54 500 41.2287536468505 1
54 700 31.8680966735859 1
54 1000 19.9769149299545 1
55 0 110.387486052194 1
55 200 50.9007846841736 1
55 400 60.6082022860014 1
55 500 52.459210753731 1
55 700 32.9124575324788 1
55 1000 45.0176952993694 1
56 0 121.020951989902 1
56 200 51.6315404729745 1
56 400 71.3286748863805 1
56 500 80.8920611421423 1
56 700 51.4839764068319 1
56 1000 36.5433472675255 1
57 0 113.561050730018 1
57 200 118.079051363794 1
57 400 92.8976849715388 1
57 500 72.2914008277181 1
57 700 65.2076105986869 1
57 1000 56.1760345913365 1
58 0 102.999267545075 1
58 200 79.9323742666348 1
58 400 47.5171183444662 1
58 500 62.0170329875542 1
58 700 37.5467195435018 1
58 1000 53.7071747443045 1
59 0 143.112344271538 1
59 200 56.5910405397128 1
59 400 43.5204695403416 1
59 500 41.7799882297985 1
59 700 30.347802539339 1
59 1000 22.941261404609 1
60 0 88.9952095909509 1
60 200 84.4870846269281 1
60 400 66.9461648039976 1
60 500 53.7870495042494 1
60 700 74.9343006966849 1
60 1000 42.3250381613787 1
61 0 117.107982521598 1
61 200 113.077459164255 1
61 400 60.3281867738868 1
61 500 47.5694088314784 1
61 700 62.7299972599815 1
61 1000 47.2576673789373 1
62 0 123.644792263034 1
62 200 90.0350687726948 1
62 400 53.4842190632937 1
62 500 39.282017434744 1
62 700 55.1767153914438 1
62 1000 27.7312017309168 1
63 0 128.335331533497 1
63 200 70.7537526093243 1
63 400 59.2596750307683 1
63 500 49.2819550751568 1
63 700 39.2034616860666 1
63 1000 58.1996658134243 1
64 0 72.2869422050847 1
64 200 85.996614775344 1
64 400 58.9218797106339 1
64 500 70.2704251931712 1
64 700 71.8216824264961 1
64 1000 45.5838645766835 1
65 0 52.5728268528571 1
65 200 76.3041631688854 1
65 400 35.2202698530679 1
65 500 28.4648228766089 1
65 700 25.0804017136396 1
65 1000 21.9766765327921 1
66 0 79.9807913513792 1
66 200 48.6006515620257 1
66 400 31.5689702187557 1
66 500 19.9929751607199 1
66 700 16.3455734769316 1
66 1000 32.5613483553503 1
67 0 79.9397317968342 1
67 200 78.4468009448482 1
67 400 43.8622527981719 1
67 500 58.597661519437 1
67 700 40.1837108749121 1
67 1000 37.2094108305678 1
68 0 67.151435880082 1
68 200 56.3859489541582 1
68 400 41.7034030719818 1
68 500 25.2434513090125 1
68 700 47.5465573613105 1
68 1000 38.3770620379506 1
69 0 106.248706193442 1
69 200 69.4658410829187 1
69 400 68.8403246022697 1
69 500 56.9271568946705 1
69 700 48.4080197298486 1
69 1000 41.4678685797012 1
70 0 131.028947492983 1
70 200 73.8498590083301 1
70 400 49.0902450591781 1
70 500 81.9521165452576 1
70 700 65.9606768465304 1
70 1000 83.1667189281054 1
71 0 83.1651109255092 1
71 200 59.359300380324 1
71 400 56.5846869600731 1
71 500 35.8085316281207 1
71 700 33.180311088214 1
71 1000 31.4989456302499 1
72 0 75.8586565708807 1
72 200 76.6637348515439 1
72 400 46.2001513340923 1
72 500 34.0845757275845 1
72 700 48.0451435198968 1
72 1000 22.5321630260107 1
73 0 105.816277354309 1
73 200 99.0310960927628 1
73 400 53.8370502380426 1
73 500 35.7373035040542 1
73 700 60.1185114335615 1
73 1000 17.4235214760539 1
74 0 116.623146838618 1
74 200 80.1167851850473 1
74 400 99.0161787342271 1
74 500 99.6751295419997 1
74 700 48.8750080050232 1
74 1000 40.8709385978161 1
75 0 114.175485980892 1
75 200 52.7145265624745 1
75 400 53.6777392265136 1
75 500 76.2054104209079 1
75 700 45.5715030519077 1
75 1000 22.0832760044198 1
76 0 88.2691479432643 1
76 200 66.0955484473742 1
76 400 66.7575757758128 1
76 500 24.0205694959546 1
76 700 45.4848083695204 1
76 1000 28.6265429010668 1
77 0 131.678459746028 1
77 200 53.4922369623071 1
77 400 79.0794860367253 1
77 500 61.2471506085112 1
77 700 53.6208258702317 1
77 1000 32.7976277964044 1
78 0 104.294089172362 1
78 200 87.41133022089 1
78 400 55.9230787620952 1
78 500 40.3402129426243 1
78 700 35.2084070085101 1
78 1000 43.2762839806842 1
79 0 98.4695073627201 1
79 200 91.6972081197768 1
79 400 47.9053254713362 1
79 500 47.6380995961175 1
79 700 53.0492912286217 1
79 1000 31.220907858667 1
80 0 66.5367473434527 1
80 200 74.3958578229751 1
80 400 54.4841848877094 1
80 500 47.2499142221429 1
80 700 30.1431652670327 1
80 1000 20.1518703430296 1
81 0 125.793755080432 1
81 200 91.8756808835881 1
81 400 63.3251742459779 1
81 500 42.1381704334507 1
81 700 42.8545831874833 1
81 1000 41.443557693666 1
82 0 96.2742366231934 1
82 200 86.760222641426 1
82 400 41.5876377240044 1
82 500 38.1735364280748 1
82 700 17.2999111420152 1
82 1000 45.4399386591431 1
83 0 73.7674038955469 1
83 200 63.2039445771632 1
83 400 62.1544816342544 1
83 500 42.8754527141491 1
83 700 24.0556555138208 1
83 1000 31.7083185917874 1
84 0 82.4128877144549 1
84 200 50.9676960643066 1
84 400 40.4438976423544 1
84 500 48.5292810616376 1
84 700 41.165022553324 1
84 1000 39.3632059747055 1
85 0 92.9213190786353 1
85 200 86.5734123716337 1
85 400 55.8758585913988 1
85 500 37.780578985959 1
85 700 34.2073631790875 1
85 1000 44.4283565785117 1
86 0 111.062864284364 1
86 200 89.7157795640312 1
86 400 52.712702501467 1
86 500 51.2318831642603 1
86 700 34.0439592331898 1
86 1000 45.2756204896942 1
87 0 112.458586133775 1
87 200 64.4445381140655 1
87 400 50.1129280597039 1
87 500 55.4875324059287 1
87 700 46.9604733723796 1
87 1000 28.7507049324534 1
88 0 78.8650927277331 1
88 200 93.616075750809 1
88 400 43.2099065387541 1
88 500 50.6174514979166 1
88 700 35.5922154845383 1
88 1000 54.2924517503954 1
89 0 66.4123792925887 1
89 200 37.399397256292 1
89 400 52.839473434281 1
89 500 39.2393665663661 1
89 700 34.6634119384708 1
89 1000 38.6056345612055 1
90 0 119.666533727922 1
90 200 93.3483396742937 1
90 400 32.5648870136899 1
90 500 42.0334379639044 1
90 700 31.6107251881604 1
90 1000 31.570321284124 1
91 0 140.775518348774 1
91 200 51.9194355775159 1
91 400 64.6276561430694 1
91 500 39.1073223558012 1
91 700 34.1380769821438 1
91 1000 29.3333572823464 1
92 0 123.936437608606 1
92 200 51.4387368254214 1
92 400 46.7424109497748 1
92 500 57.3296559523802 1
92 700 36.7884452366059 1
92 1000 37.7005708016614 1
93 0 90.7569435249305 1
93 200 78.6446816149353 1
93 400 59.2093200175681 1
93 500 63.3631976050574 1
93 700 51.3956248468218 1
93 1000 40.313427035621 1
94 0 83.6039339282534 1
94 200 77.529667508439 1
94 400 66.8521440054617 1
94 500 41.2676492782502 1
94 700 47.4362644366639 1
94 1000 43.5113802016846 1
95 0 100.241851737848 1
95 200 66.1850515054433 1
95 400 63.1644213080846 1
95 500 48.4067719666859 1
95 700 31.1474874843717 1
95 1000 40.3885962145732 1
96 0 61.615871811348 1
96 200 73.9776668814025 1
96 400 46.4108497773253 1
96 500 35.2153390848017 1
96 700 47.6644403143054 1
96 1000 44.8449318243976 1
97 0 99.0873750367766 1
97 200 95.6279101571676 1
97 400 69.7713317443855 1
97 500 64.6349215613887 1
97 700 36.6038399438276 1
97 1000 35.8577830382459 1
98 0 119.795178329363 1
98 200 50.6916475122951 1
98 400 37.9990039716712 1
98 500 38.2451322327625 1
98 700 33.5949792242233 1
98 1000 46.6157847304056 1
99 0 125.784322341809 1
99 200 77.7159809521653 1
99 400 67.7949943357734 1
99 500 37.7231229856919 1
99 700 47.5495076804303 1
99 1000 53.7275404416824 1
100 0 86.4558400069292 1
100 200 63.9492989888513 1
100 400 55.99954633955 1
100 500 49.0763534364915 1
100 700 41.4230007342545 1
100 1000 26.4605459219335 1
