id dose eff group
1 0 49.0553621366441 0
1 200 118.195806620171 0
1 400 55.0289497577799 0
1 500 68.9475375388542 0
1 700 63.4784547653855 0
1 1000 89.4608319296631 0
2 0 86.8788688333362 0
2 200 84.0075870970363 0
2 400 61.0193195299221 0
2 500 48.5183863367976 0
2 700 36.0021273243322 0
2 1000 33.9115607737669 0
3 0 80.4523709417512 0
3 200 81.7719612174414 0
3 400 72.9195095741405 0
3 500 52.1688672073468 0
3 700 71.1797716217763 0
3 1000 36.3364805455498 0
4 0 67.780629120013 0
4 200 98.4889504962706 0
4 400 75.1748298365129 0
4 500 72.7171029867549 0
4 700 45.3988567453809 0
4 1000 50.1094341962927 0
5 0 127.383427483083 0
5 200 97.4290409141426 0
5 400 70.6807661826452 0
5 500 50.261566241548 0
5 700 64.2075637050963 0
5 1000 43.4796479102412 0
6 0 97.1580994271182 0
6 200 92.7088928341455 0
6 400 70.7702782429373 0
6 500 63.9106213919508 0
6 700 69.7706611704326 0
6 1000 48.9021035206511 0
7 0 81.5654856846886 0
7 200 59.0809984736451 0
7 400 54.3281446397015 0
7 500 71.8931783180995 0
7 700 51.3667694386998 0
7 1000 37.2780988145226 0
8 0 151.140937340343 0
8 200 116.256409552571 0
8 400 91.4391352115612 0
8 500 50.8599504603509 0
8 700 65.2780264917275 0
8 1000 41.1953931892059 0
9 0 87.4950207858676 0
9 200 81.5240331683541 0
9 400 104.347264823468 0
9 500 69.4385125674789 0
9 700 74.7803627158195 0
9 1000 25.9745296180366 0
10 0 73.2025042486118 0
10 200 49.8499351223076 0
10 400 93.5992765032852 0
10 500 88.7849362930934 0
10 700 71.2514771724199 0
10 1000 49.8078503813987 0
11 0 124.266988342622 0
11 200 64.3466519594966 0
11 400 70.4442923116134 0
11 500 56.6662256865631 0
11 700 62.9891640040826 0
11 1000 45.6897583998995 0
12 0 99.0124098979845 0
12 200 70.3979088033731 0
12 400 33.7310427608578 0
12 500 49.4244420553518 0
12 700 54.3561024275363 0
12 1000 29.8113216145793 0
13 0 67.8964584433804 0
13 200 60.8182172428524 0
13 400 91.7318774290644 0
13 500 46.4870448711117 0
13 700 48.8321740170929 0
13 1000 53.4645107373907 0
14 0 52.0247553017107 0
14 200 81.5707352112353 0
14 400 51.2347492468326 0
14 500 29.0077381503072 0
14 700 40.3311293906259 0
14 1000 45.4914124831043 0
15 0 84.5729064024158 0
15 200 65.9295312847381 0
15 400 65.9497139028051 0
15 500 52.0402934839848 0
15 700 32.3220080898097 0
15 1000 39.2163320786283 0
16 0 93.8600489027407 0
16 200 85.4386286060009 0
16 400 122.372286803161 0
16 500 83.2246048986312 0
16 700 72.1296094528304 0
16 1000 49.3040121961658 0
17 0 109.322129765836 0
17 200 76.7522531376018 0
17 400 62.6233106868259 0
17 500 60.1040399730473 0
17 700 53.1925975629269 0
17 1000 38.3097446444146 0
18 0 120.26766026889 0
18 200 61.1008196234616 0
18 400 26.3779698070169 0
18 500 61.731176168962 0
18 700 54.7683777804489 0
18 1000 40.6955862231293 0
19 0 91.1707119836789 0
19 200 116.713146216203 0
19 400 104.905904923632 0
19 500 91.5579744242282 0
19 700 55.0587942960749 0
19 1000 47.8593880681263 0
20 0 111.997085024176 0
20 200 113.149343623848 0
20 400 62.7666861823906 0
20 500 62.0550286589491 0
20 700 62.6417400592498 0
20 1000 48.2014007681959 0
21 0 99.738150856965 0
21 200 82.2671913118871 0
21 400 97.6211754399614 0
21 500 78.0303676609961 0
21 700 79.5266196186185 0
21 1000 49.7480615736868 0
22 0 81.9550527148939 0
22 200 101.383337117673 0
22 400 57.4652390315337 0
22 500 81.9457979953646 0
22 700 70.5679702695281 0
22 1000 56.0922983497364 0
23 0 66.2986846824571 0
23 200 77.8319794377088 0
23 400 52.6353242855369 0
23 500 33.9393390532993 0
23 700 57.1943792463687 0
23 1000 43.8093251431044 0
24 0 119.76642237123 0
24 200 70.021520723637 0
24 400 85.6964487091944 0
24 500 62.706813464001 0
24 700 61.707622171139 0
24 1000 67.1198688298951 0
25 0 63.8227245977281 0
25 200 67.6236620907976 0
25 400 73.1935139808189 0
25 500 52.450228954928 0
25 700 35.8857476445401 0
25 1000 39.676964510677 0
26 0 122.859524007325 0
26 200 93.7876897412861 0
26 400 121.764737221875 0
26 500 80.1293376672427 0
26 700 96.6322518126593 0
26 1000 83.7563188436312 0
27 0 105.849347525481 0
27 200 74.6386283304352 0
27 400 98.2315089340902 0
27 500 73.4305274023183 0
27 700 57.7873788528314 0
27 1000 55.7855870390688 0
28 0 88.3261003278288 0
28 200 81.5580521546613 0
28 400 72.4596045535359 0
28 500 77.6793747824666 0
28 700 43.9044202122507 0
28 1000 36.1750974503269 0
29 0 96.6927876186969 0
29 200 76.4200897419606 0
29 400 44.5050583801506 0
29 500 64.8422816612661 0
29 700 52.609222037108 0
29 1000 42.9030922056059 0
30 0 124.288127612652 0
30 200 75.2532734793897 0
30 400 74.8424303804282 0
30 500 54.0526354721751 0
30 700 79.2351239881264 0
30 1000 34.6443567481689 0
31 0 91.3651786212282 0
31 200 116.461501503265 0
31 400 72.1992370287469 0
31 500 69.2858553789376 0
31 700 81.5737731700846 0
31 1000 34.4288131834669 0
32 0 73.5784477433177 0
32 200 109.825991684753 0
32 400 80.4736781511484 0
32 500 48.4775168257719 0
32 700 77.8221813210367 0
32 1000 63.6956003778698 0
33 0 73.9929451075176 0
33 200 85.5449409054413 0
33 400 64.9840075145321 0
33 500 42.151303030377 0
33 700 36.4723163954649 0
33 1000 20.6526048605572 0
34 0 100.094807199362 0
34 200 61.8303661221362 0
34 400 73.9300875995462 0
34 500 82.4608707643202 0
34 700 67.1572835710982 0
34 1000 47.7604660094322 0
35 0 77.8416650951994 0
35 200 91.5435229647448 0
35 400 71.2345672481937 0
35 500 81.1538252584658 0
35 700 51.62473444652 0
35 1000 53.3113763659725 0
36 0 110.756443874024 0
36 200 90.8616849831597 0
36 400 51.0888817676008 0
36 500 67.9966334557843 0
36 700 47.2583785460792 0
36 1000 53.6617919126687 0
37 0 94.7087802941989 0
37 200 92.0776167448 0
37 400 37.481881979228 0
37 500 78.9946210348791 0
37 700 38.6701585686832 0
37 1000 40.909140525722 0
38 0 83.8292188272386 0
38 200 62.1874522972768 0
38 400 84.9545186849009 0
38 500 69.7841415665315 0
38 700 72.0686088285039 0
38 1000 36.466275809101 0
39 0 103.338584967946 0
39 200 75.351244984518 0
39 400 44.0820182001678 0
39 500 78.5839593202285 0
39 700 56.3570969839417 0
39 1000 58.2663736760683 0
40 0 123.892260240779 0
40 200 112.08418005963 0
40 400 83.0076497463082 0
40 500 70.9268372012519 0
40 700 49.8889153080665 0
40 1000 35.0270272417069 0
41 0 101.736567757939 0
41 200 105.53790234898 0
41 400 88.6213848218301 0
41 500 92.6372356070194 0
41 700 78.5248840795973 0
41 1000 65.6932318496385 0
42 0 100.317861733688 0
42 200 84.1497161696451 0
42 400 49.5874418029968 0
42 500 38.7414420742294 0
42 700 80.9505101836564 0
42 1000 35.4990310835853 0
43 0 105.463872365393 0
43 200 89.1944057950923 0
43 400 66.9615878976883 0
43 500 82.4977434175352 0
43 700 81.7606206767147 0
43 1000 45.6477277335229 0
44 0 109.604066040531 0
44 200 92.9050876930577 0
44 400 60.2898395139942 0
44 500 59.6698995657713 0
44 700 51.0568910643091 0
44 1000 39.5276741937267 0
45 0 166.086462824926 0
45 200 102.038559763813 0
45 400 115.62720706163 0
45 500 77.1416743452516 0
45 700 63.242997599764 0
45 1000 46.3429596378999 0
46 0 124.91865450067 0
46 200 94.1688472287424 0
46 400 78.2990071976496 0
46 500 88.8341319043683 0
46 700 48.136102469737 0
46 1000 56.6405938801461 0
47 0 64.6359387405245 0
47 200 57.9046488315814 0
47 400 40.2444837689455 0
47 500 39.6367272979687 0
47 700 56.6923140399374 0
47 1000 17.1726047853117 0
48 0 71.4523472199264 0
48 200 108.182872186068 0
48 400 105.288935249231 0
48 500 72.8605666376313 0
48 700 96.1784774190312 0
48 1000 78.9073611942953 0
49 0 125.294453921102 0
49 200 84.4699503893154 0
49 400 58.9757560330508 0
49 500 54.999133615442 0
49 700 37.4249678266735 0
49 1000 32.1834090451314 0
50 0 132.129213920609 0
50 200 136.935597874849 0
50 400 91.170832775902 0
50 500 111.391036043623 0
50 700 88.3885648297916 0
50 1000 53.1088894599877 0
51 0 59.9546324742215 1
51 200 84.8780646557711 1
51 400 35.8373038842444 1
51 500 34.1991034776683 1
51 700 21.4180181059023 1
51 1000 18.288855930547 1
52 0 115.778081762584 1
52 200 61.149498589246 1
52 400 40.1623681734286 1
52 500 44.4059788944671 1
52 700 23.7006926193741 1
52 1000 33.0608998943639 1
53 0 109.827143665003 1
53 200 56.9111406868077 1
53 400 73.8654079288525 1
53 500 64.7636701423456 1
53 700 58.6694744190327 1
53 1000 29.0359760996194 1
54 0 116.134146634739 1
54 200 66.2819191867823 1
54 400 47.2609401296848 1
54 500 43.4862122747225 1
54 700 38.645964700698 1
54 1000 42.9547175094013 1
55 0 108.414785962744 1
55 200 56.8491525874431 1
55 400 47.3617226793617 1
55 500 42.7379615941812 1
55 700 31.0197341053147 1
55 1000 35.7150307315036 1
56 0 95.3090944102566 1
56 200 77.278155969692 1
56 400 48.1015648558095 1
56 500 30.3390393309504 1
56 700 35.4070459535137 1
56 1000 45.8959851935745 1
57 0 118.718617257766 1
57 200 75.6775286747913 1
57 400 45.3323012043145 1
57 500 36.5967579675914 1
57 700 56.1854809583919 1
57 1000 36.8264911997051 1
58 0 118.228034548919 1
58 200 88.2078521552976 1
58 400 26.8529684835289 1
58 500 37.0529984576493 1
58 700 26.7220783545234 1
58 1000 44.9967007568037 1
59 0 124.680413356842 1
59 200 50.0215801216305 1
59 400 75.5565618566785 1
59 500 61.1319929546791 1
59 700 54.0325390294254 1
59 1000 33.386724447821 1
60 0 114.197827223051 1
60 200 90.4437326313225 1
60 400 70.7315315826389 1
60 500 71.8725755677087 1
60 700 46.3070593486224 1
60 1000 34.6814801250485 1
61 0 93.3302766724072 1
61 200 100.598412760178 1
61 400 57.8788542322187 1
61 500 35.9214091525528 1
61 700 31.7869082571471 1
61 1000 28.4793183609346 1
62 0 95.0733558437542 1
62 200 97.8844873358084 1
62 400 86.8555197586209 1
62 500 59.9130849036031 1
62 700 59.8749493134517 1
62 1000 55.6753693002209 1
63 0 117.935170970432 1
63 200 105.407795282028 1
63 400 81.6614392276742 1
63 500 48.8802210279209 1
63 700 49.4684269375294 1
63 1000 50.8323155800996 1
64 0 112.25830215442 1
64 200 66.5904336110286 1
64 400 52.5901668450191 1
64 500 49.483936967784 1
64 700 27.5545590025499 1
64 1000 26.3246631359213 1
65 0 108.167690508391 1
65 200 74.9632321925238 1
65 400 40.5864143410578 1
65 500 50.3977358674196 1
65 700 43.6726215913963 1
65 1000 45.9064489313697 1
66 0 106.370402793883 1
66 200 87.8286096245557 1
66 400 80.0206250154744 1
66 500 68.7370971308139 1
66 700 54.7055327347804 1
66 1000 62.2574769764434 1
67 0 127.81548588417 1
67 200 81.419466519732 1
67 400 63.1361748588157 1
67 500 72.9027326124022 1
67 700 39.6380742113396 1
67 1000 36.7341786798164 1
68 0 126.4415598505 1
68 200 73.5745191932175 1
68 400 60.7676063575774 1
68 500 46.4640292027685 1
68 700 26.4881341046675 1
68 1000 29.9829093908993 1
69 0 95.485146910471 1
69 200 106.083474729477 1
69 400 62.4890419970051 1
69 500 67.2931035352061 1
69 700 48.2007440497266 1
69 1000 28.4718124020291 1
70 0 104.686046719113 1
70 200 58.2349491879295 1
70 400 24.7039183161543 1
70 500 36.8468092179743 1
70 700 41.9070947929206 1
70 1000 36.8803440151605 1
71 0 106.42390992951 1
71 200 78.3386341878962 1
71 400 45.874383440998 1
71 500 55.9973834959772 1
71 700 38.7418491670148 1
71 1000 37.5290072476193 1
72 0 102.669850884461 1
72 200 69.6530526587777 1
72 400 71.7286134667397 1
72 500 69.2895027558645 1
72 700 55.6509504483033 1
72 1000 9.04662388847182 1
73 0 80.5964577171685 1
73 200 71.7505443836045 1
73 400 74.7829363079693 1
73 500 53.3673359183258 1
73 700 64.8724681984213 1
73 1000 46.5217040574876 1
74 0 69.1909876694002 1
74 200 107.101229257474 1
74 400 95.0446027910752 1
74 500 74.838564292076 1
74 700 63.6202827304498 1
74 1000 57.2213580866041 1
75 0 116.532262807149 1
75 200 72.7608810913496 1
75 400 40.9521987607496 1
75 500 48.5959623632486 1
75 700 34.4606563816385 1
75 1000 30.866116347104 1
76 0 122.851785280469 1
76 200 73.1323088167789 1
76 400 88.8725248630113 1
76 500 54.1152953449056 1
76 700 36.1084035013925 1
76 1000 39.6533747059042 1
77 0 134.810991743411 1
77 200 127.239167699852 1
77 400 76.6931286174832 1
77 500 49.1199497851151 1
77 700 45.3399375645494 1
77 1000 44.703308887796 1
78 0 72.9709595821053 1
78 200 81.8108852483404 1
78 400 85.8899076797318 1
78 500 46.0425757032336 1
78 700 31.2650740376114 1
78 1000 43.1903532601542 1
79 0 82.0916321357722 1
79 200 97.8101160084441 1
79 400 62.0560919535064 1
79 500 58.9814482717849 1
79 700 39.4072832764383 1
79 1000 28.2664997167356 1
80 0 87.0273448622406 1
80 200 85.9455251771889 1
80 400 39.6936307854458 1
80 500 55.9665373262846 1
80 700 23.7270542180225 1
80 1000 29.0032836861852 1
81 0 109.135468800668 1
81 200 64.8909191340672 1
81 400 61.9385931183746 1
81 500 47.5205682573348 1
81 700 36.4781496199108 1
81 1000 35.7544104348138 1
82 0 76.9205553963494 1
82 200 86.7297122743477 1
82 400 61.4369327947922 1
82 500 64.1107246405054 1
82 700 45.1456449463544 1
82 1000 37.7943390474734 1
83 0 126.212704149902 1
83 200 70.8492192220729 1
83 400 60.5157494717865 1
83 500 57.7900180660262 1
83 700 40.5888889158372 1
83 1000 27.0621690386778 1
84 0 87.9087926918679 1
84 200 50.266246693711 1
84 400 69.5175683017335 1
84 500 38.2043802698519 1
84 700 53.0038586853699 1
84 1000 32.7093245924372 1
85 0 100.932910943116 1
85 200 85.2834786203469 1
85 400 53.7590159106944 1
85 500 65.4539309418357 1
85 700 45.605455043016 1
85 1000 44.8697611510603 1
86 0 108.786916130393 1
86 200 52.7334722858876 1
86 400 50.9476796840866 1
86 500 66.6896572148885 1
86 700 59.2736859604372 1
86 1000 37.6607598810605 1
87 0 101.496849952429 1
87 200 123.58068047394 1
87 400 62.6205885453036 1
87 500 37.2236930245159 1
87 700 42.845369839324 1
87 1000 43.7711772886571 1
88 0 107.113451326103 1
88 200 35.8588050217499 1
88 400 43.4694753703235 1
88 500 37.3476634679508 1
88 700 36.5579626558823 1
88 1000 37.3462724823493 1
89 0 125.354189770447 1
89 200 99.2179761465578 1
89 400 64.8942160297339 1
89 500 67.0003613722883 1
89 700 29.7943318919755 1
89 1000 46.3308264659153 1
90 0 92.7203732998882 1
90 200 87.7879172346235 1
90 400 40.9958952643176 1
90 500 42.4007578232439 1
90 700 39.6765366480289 1
90 1000 22.8551355374952 1
91 0 72.7410047557262 1
91 200 77.1136803578237 1
91 400 32.172313028514 1
91 500 40.2716731198834 1
91 700 17.9173863310424 1
91 1000 15.6002018153172 1
92 0 110.378587783688 1
92 200 88.2561707067009 1
92 400 65.6251202488745 1
92 500 54.1892328111849 1
92 700 46.1385031410277 1
92 1000 35.9562141315934 1
93 0 106.386724996549 1
93 200 40.0312371832185 1
93 400 49.980215372494 1
93 500 50.0116073851173 1
93 700 29.9965424392143 1
93 1000 29.9811729145488 1
94 0 69.6298620303802 1
94 200 108.796744226005 1
94 400 62.7025591410384 1
94 500 57.7925328979253 1
94 700 52.8105178049949 1
94 1000 26.3096812047406 1
95 0 90.2816370845518 1
95 200 55.0067367975089 1
95 400 51.6855567986801 1
95 500 41.9140662821401 1
95 700 18.1740519120565 1
95 1000 31.0508312453233 1
96 0 122.542025633819 1
96 200 118.085275908149 1
96 400 54.2614983028466 1
96 500 67.5123135472407 1
96 700 39.7191776303733 1
96 1000 44.6038583643576 1
97 0 109.082864042987 1
97 200 89.4333988422251 1
97 400 69.3430400637735 1
97 500 80.5974666323606 1
97 700 55.6212807465583 1
97 1000 50.7670645950658 1
98 0 133.61050440349 1
98 200 99.211395166662 1
98 400 82.9367932474375 1
98 500 75.720708239243 1
98 700 49.5592428309223 1
98 1000 28.5154994778698 1
99 0 86.556178302654 1
99 200 69.8132010177152 1
99 400 38.8501506383446 1
99 500 40.0034363953989 1
99 700 23.9193810121782 1
99 1000 37.5609248612612 1
100 0 62.3406761272465 1
100 200 83.6169990349246 1
100 400 69.2045018463206 1
100 500 69.1414236936202 1
100 700 53.223459862764 1
100 1000 40.6827586528044 1
