id dose eff group
1 0 114.693040756308 0
1 200 69.4135300731142 0
1 400 111.600050248371 0
1 500 49.2990572649335 0
1 700 61.1167538969638 0
1 1000 56.1996682025172 0
2 0 35.6180453410069 0
2 200 79.3594322385277 0
2 400 69.7271190703401 0
2 500 60.468894943387 0
2 700 35.6179621098868 0
2 1000 46.9695964694378 0
3 0 79.1286752107028 0
3 200 67.004867183767 0
3 400 76.7416575538565 0
3 500 79.2726891928039 0
3 700 46.471418674948 0
3 1000 51.9090156368868 0
4 0 111.076542194531 0
4 200 101.610662144932 0
4 400 85.4012879051888 0
4 500 56.369932341777 0
4 700 49.6276629289762 0
4 1000 66.5059825220708 0
5 0 98.6479637153859 0
5 200 78.535792539299 0
5 400 63.2353887720643 0
5 500 71.0849966504718 0
5 700 47.8293434798273 0
5 1000 41.9821103300117 0
6 0 144.806666010731 0
6 200 71.5913445426625 0
6 400 53.4853345131391 0
6 500 55.1097500128385 0
6 700 62.9169680731237 0
6 1000 49.3968397703205 0
7 0 72.2349466719491 0
7 200 73.0524560767204 0
7 400 89.2979673156243 0
7 500 75.2506094794111 0
7 700 54.2369690148203 0
7 1000 47.1894978702764 0
8 0 125.159276041775 0
8 200 107.528544362896 0
8 400 66.1636739290963 0
8 500 74.6604460167553 0
8 700 25.0877163764133 0
8 1000 60.8542110341865 0
9 0 93.4052611514978 0
9 200 67.1137362457908 0
9 400 67.3483171600423 0
9 500 45.2399156935896 0
9 700 25.8303877222895 0
9 1000 33.8395884225078 0
10 0 71.7060265474445 0
10 200 66.5120971815339 0
10 400 94.2568898728299 0
10 500 86.3383014512058 0
10 700 67.4882689324486 0
10 1000 51.0556343026029 0
11 0 40.9420934928186 0
11 200 96.5687438081365 0
11 400 74.2829485241797 0
11 500 82.7734809579635 0
11 700 57.8616358676883 0
11 1000 38.3911057488533 0
12 0 86.0783065788203 0
12 200 124.462980077159 0
12 400 83.9468817295794 0
12 500 81.8076862395346 0
12 700 63.0128934385945 0
12 1000 58.4433971510033 0
13 0 112.312680173978 0
13 200 63.2539668437501 0
13 400 84.5634522429178 0
13 500 58.3428532193752 0
13 700 52.2580503733988 0
13 1000 33.1079020983189 0
14 0 146.258224490173 0
14 200 167.728658587027 0
14 400 117.648100675062 0
14 500 96.6980792792416 0
14 700 76.7686801949407 0
14 1000 67.4313748952906 0
15 0 78.7637867534957 0
15 200 86.8868314851307 0
15 400 120.703623345341 0
15 500 64.0122754500014 0
15 700 66.7508621605999 0
15 1000 41.625057934649 0
16 0 114.355597928394 0
16 200 62.3779384880253 0
16 400 78.6693543487909 0
16 500 64.5701901427301 0
16 700 52.9057013836362 0
16 1000 44.050663781232 0
17 0 71.1733245320478 0
17 200 57.8332638669676 0
17 400 41.6457265052188 0
17 500 48.2827122879924 0
17 700 44.990111811949 0
17 1000 25.6758141656947 0
18 0 87.9956502270533 0
18 200 62.8608104569797 0
18 400 65.8969359728805 0
18 500 48.2644341589525 0
18 700 29.384363078582 0
18 1000 41.9649285994656 0
19 0 71.8207374700562 0
19 200 98.1837348480667 0
19 400 60.9333281511922 0
19 500 57.5610623347865 0
19 700 36.2814966825009 0
19 1000 33.858032803881 0
20 0 90.1035431596162 0
20 200 63.7219308447408 0
20 400 50.7732588371279 0
20 500 37.7586464819831 0
20 700 40.1909597935535 0
20 1000 23.3075821288489 0
21 0 121.765409964341 0
21 200 85.4122417276765 0
21 400 63.9245469755969 0
21 500 71.3932008434337 0
21 700 66.0262247005765 0
21 1000 78.2625466060835 0
22 0 127.324068829684 0
22 200 70.527250024965 0
22 400 86.0992068593853 0
22 500 55.5246288205329 0
22 700 57.5572155793467 0
22 1000 27.9553914879253 0
23 0 124.984916176568 0
23 200 126.099857212124 0
23 400 85.5197581638718 0
23 500 57.78335349287 0
23 700 70.2754430649128 0
23 1000 47.7348620299099 0
24 0 88.099550630576 0
24 200 86.1030372289857 0
24 400 42.0946775491566 0
24 500 41.5931561076487 0
24 700 29.2014032009233 0
24 1000 37.0052028613653 0
25 0 101.166945160295 0
25 200 76.2561116708493 0
25 400 82.2325841529566 0
25 500 68.3147942478992 0
25 700 58.227335283236 0
25 1000 56.3806764979152 0
26 0 88.1779229670606 0
26 200 88.6134740497215 0
26 400 71.8485206108623 0
26 500 80.0821319985335 0
26 700 80.9912990430326 0
26 1000 55.1813989616634 0
27 0 85.6898845681474 0
27 200 69.0576194342041 0
27 400 71.3294725710901 0
27 500 36.5260843718711 0
27 700 40.6024524352425 0
27 1000 25.1208288597452 0
28 0 90.5040468419466 0
28 200 85.7055719096218 0
28 400 87.3865728258734 0
28 500 109.790096268984 0
28 700 69.3158270298822 0
28 1000 47.8459109231781 0
29 0 97.636968595356 0
29 200 59.0469011638245 0
29 400 46.6611286361131 0
29 500 36.9588438736891 0
29 700 39.7574087150886 0
29 1000 38.5469864900161 0
30 0 74.008388062446 0
30 200 74.6591592157911 0
30 400 56.9099967575305 0
30 500 63.236104981972 0
30 700 47.5627869584212 0
30 1000 46.8623167872273 0
31 0 70.3084813843736 0
31 200 95.6748477481263 0
31 400 66.7856978677941 0
31 500 55.7112266482362 0
31 700 40.7798740024855 0
31 1000 55.6605734875908 0
32 0 130.416261004082 0
32 200 99.8984959261408 0
32 400 91.7024955093538 0
32 500 55.4957770211089 0
32 700 76.4499443621157 0
32 1000 49.5393083725527 0
33 0 82.2536931279238 0
33 200 98.9116166066589 0
33 400 89.0187721744864 0
33 500 49.6844777490144 0
33 700 54.0689843464734 0
33 1000 67.6676815808593 0
34 0 76.8538765118739 0
34 200 61.8890475846418 0
34 400 91.7810031324253 0
34 500 47.5556938546762 0
34 700 41.2313557498231 0
34 1000 29.2788399508967 0
35 0 74.3959403349173 0
35 200 108.014827602247 0
35 400 48.2141724188323 0
35 500 67.4409703031739 0
35 700 76.4618813838006 0
35 1000 84.8710472050768 0
36 0 141.893517361355 0
36 200 120.011573293809 0
36 400 86.9459667303223 0
36 500 80.8081360317258 0
36 700 46.2582741745245 0
36 1000 38.6941886967763 0
37 0 104.662546874068 0
37 200 93.5711360976105 0
37 400 68.7699363232334 0
37 500 95.84401221437 0
37 700 69.768134880506 0
37 1000 71.1254860292693 0
38 0 122.365203455019 0
38 200 68.6511647323348 0
38 400 87.1098305050218 0
38 500 74.6905773213698 0
38 700 84.166788123247 0
38 1000 38.787740316956 0
39 0 141.16501267155 0
39 200 103.880666870687 0
39 400 64.6297764051749 0
39 500 64.5333182314836 0
39 700 69.3331566491374 0
39 1000 52.7677557572059 0
40 0 88.842448978636 0
40 200 73.6550532195133 0
40 400 59.2216049040444 0
40 500 41.4423154763882 0
40 700 41.1117442219895 0
40 1000 45.1671215223302 0
41 0 89.9292979337506 0
41 200 80.4800101050219 0
41 400 63.745758522353 0
41 500 66.0561264606334 0
41 700 53.0903836970936 0
41 1000 30.0975325399813 0
42 0 112.688564996407 0
42 200 68.7734786481845 0
42 400 107.262470674808 0
42 500 98.3044850061062 0
42 700 60.9302076479781 0
42 1000 72.6819635221165 0
43 0 121.200904852005 0
43 200 73.873077853335 0
43 400 68.0975801654111 0
43 500 52.5367598705603 0
43 700 38.5924049577486 0
43 1000 37.4483888104549 0
44 0 111.207734385248 0
44 200 86.7274003338027 0
44 400 60.9076608173173 0
44 500 71.8099128086241 0
44 700 34.1224156209968 0
44 1000 37.9834271505432 0
45 0 109.622033565184 0
45 200 109.355804183148 0
45 400 55.1354464458898 0
45 500 70.2051552525271 0
45 700 33.9050910737606 0
45 1000 45.4197498208506 0
46 0 70.9670241072568 0
46 200 70.9220454171542 0
46 400 79.7413106050549 0
46 500 48.5690027079903 0
46 700 49.34184618712 0
46 1000 52.4987740401527 0
47 0 91.2613033828955 0
47 200 94.0196100217133 0
47 400 51.4999904800232 0
47 500 66.4952523533381 0
47 700 58.1848877124523 0
47 1000 35.9792788066827 0
48 0 82.9705495931564 0
48 200 88.0055959783084 0
48 400 78.9302560386529 0
48 500 90.1427334702515 0
48 700 43.4771820642623 0
48 1000 36.4757782048066 0
49 0 67.9958790661711 0
49 200 64.5489751110016 0
49 400 60.9163962364814 0
49 500 52.5284775705283 0
49 700 57.3181048145437 0
49 1000 26.2712307765353 0
50 0 98.0261496517463 0
50 200 106.937283679977 0
50 400 80.0457322271864 0
50 500 44.0780350185502 0
50 700 57.3086102124125 0
50 1000 48.7833023070921 0
51 0 88.0729622594455 1
51 200 67.6902468855065 1
51 400 74.5120677143582 1
51 500 55.7000435920342 1
51 700 27.6724747687956 1
51 1000 23.0022005189549 1
52 0 54.33527471493 1
52 200 60.6106958091763 1
52 400 47.4940543688272 1
52 500 52.4338086976456 1
52 700 42.4288459822781 1
52 1000 45.1575074920367 1
53 0 124.354121984753 1
53 200 98.8507738309272 1
53 400 48.6975080350128 1
53 500 49.1569198823037 1
53 700 37.4838879714428 1
53 1000 30.2170776409028 1
54 0 106.504733502108 1
54 200 102.381268316552 1
54 400 57.1500470314048 1
54 500 40.2822712213741 1
54 700 44.6661848579074 1
54 1000 38.1905047456529 1
55 0 99.520923129307 1
55 200 42.9867438915507 1
55 400 44.8493210682003 1
55 500 49.0865646542023 1
55 700 34.6636973952135 1
55 1000 26.0981472452588 1
56 0 94.913168042987 1
56 200 88.6201893804732 1
56 400 36.1786309275907 1
56 500 42.3978493583341 1
56 700 11.2369370061255 1
56 1000 35.7370366542589 1
57 0 138.453163912554 1
57 200 99.2723779195289 1
57 400 70.8365194981559 1
57 500 81.4658100959739 1
57 700 54.9489990241586 1
57 1000 41.1876739607816 1
58 0 91.9677609711674 1
58 200 98.7677056998415 1
58 400 60.1940567918409 1
58 500 42.4184187501271 1
58 700 33.8839696717834 1
58 1000 43.1886904977459 1
59 0 116.985764792009 1
59 200 83.9887589811185 1
59 400 47.3813408605806 1
59 500 42.9046282627816 1
59 700 33.3168062133587 1
59 1000 23.56066315428 1
60 0 69.0104850395024 1
60 200 62.8098530155118 1
60 400 40.9908051436392 1
60 500 33.1288176111579 1
60 700 30.5356053263005 1
60 1000 32.5685627488457 1
61 0 73.3793491005071 1
61 200 77.3924801869178 1
61 400 47.2244799964731 1
61 500 53.4390645683468 1
61 700 41.4575190695206 1
61 1000 32.193322035244 1
62 0 100.980140996854 1
62 200 59.0781281217037 1
62 400 56.6566396515753 1
62 500 68.8241848456065 1
62 700 62.3198368848621 1
62 1000 34.2193490360706 1
63 0 108.969840313079 1
63 200 86.2508166998501 1
63 400 40.4334517995866 1
63 500 58.979461581597 1
63 700 59.5171064513636 1
63 1000 31.6599533755063 1
64 0 83.4553557157751 1
64 200 91.4928535473528 1
64 400 27.5885435714523 1
64 500 39.3642382976633 1
64 700 35.234253673647 1
64 1000 44.9673641410686 1
65 0 90.877806691913 1
65 200 86.0993256270897 1
65 400 56.3449599686652 1
65 500 52.0294502155342 1
65 700 53.0818334495587 1
65 1000 34.2613193681242 1
66 0 120.235338094514 1
66 200 39.2041946351206 1
66 400 64.2171386811441 1
66 500 28.7492746362101 1
66 700 27.7876559682632 1
66 1000 40.7358257267955 1
67 0 74.742698460908 1
67 200 95.1444908124617 1
67 400 74.0316738068753 1
67 500 48.8578183255245 1
67 700 74.0948920504978 1
67 1000 41.4705938720666 1
68 0 113.727697676074 1
68 200 48.1764820642567 1
68 400 31.448798711463 1
68 500 42.9945203737827 1
68 700 38.0261714801892 1
68 1000 40.33703422841 1
69 0 101.402130790097 1
69 200 127.818983906183 1
69 400 82.5013059004362 1
69 500 65.9271010228048 1
69 700 47.9184960136092 1
69 1000 28.2487432191656 1
70 0 99.7487198038846 1
70 200 74.1572603171715 1
70 400 57.3710650884136 1
70 500 41.1874942387367 1
70 700 52.3508181048195 1
70 1000 43.7931527395426 1
71 0 130.695525585315 1
71 200 56.3557269542091 1
71 400 42.9195103150769 1
71 500 47.3694869352196 1
71 700 43.3907889520091 1
71 1000 34.7332144201784 1
72 0 90.5025889259358 1
72 200 71.7294413212841 1
72 400 89.2688830317901 1
72 500 7.25241899896454 1
72 700 39.0456979231047 1
72 1000 48.8207287139963 1
73 0 61.6446122048215 1
73 200 82.5567280441713 1
73 400 38.5413241256501 1
73 500 39.0407461423304 1
73 700 30.1841471344203 1
73 1000 43.9742368487621 1
74 0 133.244735029304 1
74 200 48.5396694563194 1
74 400 51.2685136774296 1
74 500 63.0026785611942 1
74 700 41.7705180262954 1
74 1000 42.918383973055 1
75 0 115.375715233991 1
75 200 84.7969413545039 1
75 400 66.0699154658137 1
75 500 69.7779421810362 1
75 700 42.2298042836236 1
75 1000 60.9562559052985 1
76 0 84.84441794476 1
76 200 83.3709475042408 1
76 400 53.4801479182227 1
76 500 40.1785888640231 1
76 700 44.3342530549115 1
76 1000 44.7154804868854 1
77 0 106.455029042177 1
77 200 79.3166630738345 1
77 400 57.0966727292566 1
77 500 51.2006056684302 1
77 700 32.7175459541215 1
77 1000 37.5270150859621 1
78 0 96.4803523891874 1
78 200 91.7632016792306 1
78 400 51.0952030231027 1
78 500 31.5970454404465 1
78 700 52.668249668598 1
78 1000 28.4751093639004 1
79 0 122.730002739671 1
79 200 88.0762899881158 1
79 400 76.9594961941394 1
79 500 70.2504838719525 1
79 700 31.3300297376032 1
79 1000 36.6049501410506 1
80 0 121.146702559491 1
80 200 57.7244224389202 1
80 400 41.7123310862136 1
80 500 36.1935673364476 1
80 700 38.0613471610232 1
80 1000 24.8053807858091 1
81 0 93.2662118961324 1
81 200 52.5985467181345 1
81 400 56.4996769102681 1
81 500 71.4543124624611 1
81 700 49.2656549565139 1
81 1000 33.5408289409456 1
82 0 105.144167286953 1
82 200 92.027456774713 1
82 400 77.9231831706881 1
82 500 65.9613359822691 1
82 700 58.9809403693308 1
82 1000 39.9081121892496 1
83 0 70.8037616076314 1
83 200 86.8970499733599 1
83 400 47.5872099965231 1
83 500 39.4980581335505 1
83 700 28.8507527376131 1
83 1000 18.6539014931973 1
84 0 123.317470511155 1
84 200 103.567935633821 1
84 400 69.0955632979325 1
84 500 56.5066590900475 1
84 700 61.4402598911838 1
84 1000 49.6318476460103 1
85 0 139.119590895755 1
85 200 82.9352739821844 1
85 400 59.5289605692564 1
85 500 57.1027778156652 1
85 700 37.0097110739853 1
85 1000 50.2725505072092 1
86 0 121.225070988152 1
86 200 73.4491932781513 1
86 400 37.7697184673802 1
86 500 51.3825646955066 1
86 700 70.4452394779079 1
86 1000 34.8793924531797 1
87 0 87.4518535836193 1
87 200 110.345356700097 1
87 400 86.690450588206 1
87 500 55.1563329888188 1
87 700 43.0836915048524 1
87 1000 52.6466785575124 1
88 0 108.939381527986 1
88 200 116.728785308597 1
88 400 73.8294035643809 1
88 500 53.0951754490276 1
88 700 47.1806555083183 1
88 1000 50.088356949883 1
89 0 128.451451840243 1
89 200 58.1123143108412 1
89 400 62.0005279986613 1
89 500 57.9820960126286 1
89 700 26.9675138924435 1
89 1000 36.8793780822501 1
90 0 124.510622610229 1
90 200 78.0765854860849 1
90 400 64.864414921429 1
90 500 64.5686208820677 1
90 700 41.6396584322419 1
90 1000 27.4481856196054 1
91 0 132.978997000696 1
91 200 104.40346148958 1
91 400 71.8457132349387 1
91 500 31.7734206785767 1
91 700 46.7175251461822 1
91 1000 40.311758138895 1
92 0 143.987202933198 1
92 200 90.9775923950322 1
92 400 70.3655505479643 1
92 500 61.1351758732461 1
92 700 92.2595878561129 1
92 1000 47.096113443121 1
93 0 73.0928329759969 1
93 200 72.2497861835752 1
93 400 68.4478249723061 1
93 500 41.8366035352391 1
93 700 49.984736605905 1
93 1000 49.3912556150538 1
94 0 82.4473444621557 1
94 200 94.279094814239 1
94 400 87.100815872012 1
94 500 51.0320926891318 1
94 700 58.0390993949191 1
94 1000 50.3164487268269 1
95 0 112.697571360014 1
95 200 48.9527812480156 1
95 400 32.1380473980568 1
95 500 42.2140503861035 1
95 700 38.7941898619679 1
95 1000 33.8993157017925 1
96 0 91.510504924109 1
96 200 69.9887439805169 1
96 400 44.2762177049616 1
96 500 39.0816172660907 1
96 700 29.9523795800989 1
96 1000 32.1920447465191 1
97 0 106.951073036271 1
97 200 92.2368758789451 1
97 400 38.8424954594913 1
97 500 37.6815014274611 1
97 700 38.8505910414551 1
97 1000 30.5300258207698 1
98 0 93.644506086399 1
98 200 89.4442679889084 1
98 400 44.4387301197301 1
98 500 54.6145092377606 1
98 700 20.6067403413266 1
98 1000 24.0445810064875 1
99 0 120.631568719998 1
99 200 70.6329407717804 1
99 400 51.8081788284964 1
99 500 32.8744490122145 1
99 700 47.510814155647 1
99 1000 37.2328100333528 1
100 0 71.9777506818277 1
100 200 98.5351220407732 1
100 400 59.1923330502214 1
100 500 60.2699189162877 1
100 700 45.1088150204838 1
100 1000 47.4279652444092 1
