id dose eff group
1 0 87.4410309957089 0
1 200 101.92040981753 0
1 400 98.9239339413646 0
1 500 69.8821494118369 0
1 700 53.546192523307 0
1 1000 58.4162749501715 0
2 0 97.4515813205995 0
2 200 110.819389842262 0
2 400 106.014725718299 0
2 500 73.2426264908 0
2 700 97.297878377373 0
2 1000 66.8637282551781 0
3 0 90.9533204426542 0
3 200 97.9695318597987 0
3 400 40.8147808213478 0
3 500 65.2838216686172 0
3 700 49.2522417963375 0
3 1000 34.6580047062908 0
4 0 120.75581803839 0
4 200 112.191685826126 0
4 400 125.950301920178 0
4 500 98.5371960963883 0
4 700 144.501980341268 0
4 1000 51.9899104993441 0
5 0 82.8296378644912 0
5 200 95.1106611373184 0
5 400 96.2711065849422 0
5 500 74.3550771915028 0
5 700 44.1984352374041 0
5 1000 34.7447582237427 0
6 0 87.6472862785889 0
6 200 107.148805658386 0
6 400 55.3031994129589 0
6 500 65.1698520726977 0
6 700 53.863242339436 0
6 1000 53.6452757060854 0
7 0 93.3667229204263 0
7 200 114.166316244692 0
7 400 50.5521125689675 0
7 500 88.0320735464775 0
7 700 94.8779021502984 0
7 1000 53.3256255866034 0
8 0 74.0317746795302 0
8 200 118.99279489434 0
8 400 99.3475022070398 0
8 500 98.4124097324315 0
8 700 44.3526315460943 0
8 1000 51.9848055211871 0
9 0 125.572134605261 0
9 200 87.5388430814643 0
9 400 69.1375460660329 0
9 500 88.504725428268 0
9 700 67.0344269504338 0
9 1000 55.8602698919463 0
10 0 64.6865233010343 0
10 200 81.5614536119494 0
10 400 71.8930017047885 0
10 500 63.2085860304386 0
10 700 46.2195376163978 0
10 1000 38.5404761121461 0
11 0 80.971145929501 0
11 200 60.7329544071124 0
11 400 51.6100690202267 0
11 500 45.7121510849687 0
11 700 33.6559703382351 0
11 1000 47.8829601758862 0
12 0 70.3639395836264 0
12 200 70.532530322007 0
12 400 67.4844478310287 0
12 500 67.1980599598302 0
12 700 66.3331683593644 0
12 1000 40.4880030228136 0
13 0 95.3603451653779 0
13 200 103.891127856665 0
13 400 52.7429734370717 0
13 500 46.9821939330378 0
13 700 38.024953466865 0
13 1000 39.916970650348 0
14 0 109.146041324837 0
14 200 83.1804365766197 0
14 400 44.9589524492857 0
14 500 24.1966239698024 0
14 700 44.1797088342825 0
14 1000 41.2940799277747 0
15 0 75.2787375909409 0
15 200 67.4472218701301 0
15 400 77.0701823187931 0
15 500 58.2734066746794 0
15 700 54.2130030714004 0
15 1000 38.9370431267631 0
16 0 80.3650795374132 0
16 200 64.542703803631 0
16 400 31.9216448030646 0
16 500 51.0029804872013 0
16 700 37.0197164151744 0
16 1000 50.9216694605558 0
17 0 99.2442553029431 0
17 200 84.5121247491862 0
17 400 64.6733424740325 0
17 500 41.234524784568 0
17 700 37.0788058002166 0
17 1000 48.5599164995291 0
18 0 77.9722549275886 0
18 200 83.0136258719957 0
18 400 51.4104110904275 0
18 500 50.7788124081637 0
18 700 50.5944717363745 0
18 1000 36.5520495865777 0
19 0 101.653837341513 0
19 200 86.8986593017575 0
19 400 35.9204830566155 0
19 500 53.1471644542755 0
19 700 47.6874763260733 0
19 1000 25.9955540450671 0
20 0 156.752665032687 0
20 200 123.602355966695 0
20 400 40.023057240129 0
20 500 85.8350063862353 0
20 700 70.362357147919 0
20 1000 40.6174239719242 0
21 0 101.386887782763 0
21 200 96.5126192715334 0
21 400 51.9637830855428 0
21 500 81.0256939632022 0
21 700 53.25164022284 0
21 1000 46.378670110403 0
22 0 108.745585110062 0
22 200 102.461291682239 0
22 400 79.0566399616871 0
22 500 71.9537757178365 0
22 700 64.2710968356396 0
22 1000 67.9660023272998 0
23 0 99.7663859221141 0
23 200 72.9301526312469 0
23 400 80.5998779885559 0
23 500 79.1953657861659 0
23 700 28.8222132590417 0
23 1000 44.8344673855017 0
24 0 66.0655765837555 0
24 200 73.0067091268051 0
24 400 80.9206987057421 0
24 500 48.0309020521879 0
24 700 38.6946269757021 0
24 1000 40.6129395173669 0
25 0 91.8628089908143 0
25 200 112.587876844798 0
25 400 64.1103698622761 0
25 500 58.8027945570852 0
25 700 31.5251548726029 0
25 1000 65.8727789024152 0
26 0 95.5248388009903 0
26 200 79.4647787626781 0
26 400 37.8385941280824 0
26 500 55.770997556913 0
26 700 45.7204250662695 0
26 1000 49.3708716357546 0
27 0 109.139130080246 0
27 200 64.9878238550649 0
27 400 100.604121133077 0
27 500 69.8818000048068 0
27 700 30.1906706980411 0
27 1000 42.0380539548483 0
28 0 66.0180691450944 0
28 200 45.7111897993616 0
28 400 51.8430747747204 0
28 500 54.6004276638557 0
28 700 35.3209971383061 0
28 1000 36.9670537639638 0
29 0 65.6836240436638 0
29 200 54.4478856005186 0
29 400 55.1965448413293 0
29 500 71.9105869501832 0
29 700 43.6029048343436 0
29 1000 32.4496452066472 0
30 0 79.8504192021187 0
30 200 96.4302880476016 0
30 400 77.5169081985964 0
30 500 74.0774825507141 0
30 700 59.360656566671 0
30 1000 46.6329631242514 0
31 0 89.8231498440029 0
31 200 35.6892264879572 0
31 400 58.5795905244969 0
31 500 66.1102952461559 0
31 700 31.4726747650179 0
31 1000 38.1823118987871 0
32 0 77.7177635936394 0
32 200 46.287526441848 0
32 400 47.7486318404712 0
32 500 63.8788298961452 0
32 700 38.8963298692665 0
32 1000 34.7508865187024 0
33 0 103.555257054472 0
33 200 93.9081949189928 0
33 400 84.3023311134604 0
33 500 114.843046509514 0
33 700 121.379171123597 0
33 1000 94.9377565365892 0
34 0 90.6376337490532 0
34 200 90.1599684780402 0
34 400 61.0492376188358 0
34 500 57.3401342222198 0
34 700 41.1688184228478 0
34 1000 51.4248231646822 0
35 0 103.339711099742 0
35 200 103.832151809034 0
35 400 47.898124557121 0
35 500 66.2550527481321 0
35 700 59.4854174397869 0
35 1000 48.2012443323116 0
36 0 81.9604428888948 0
36 200 88.6313379420967 0
36 400 72.8540200022996 0
36 500 90.7682974890143 0
36 700 88.3988518256172 0
36 1000 61.0402276748993 0
37 0 138.325743173304 0
37 200 91.296608641465 0
37 400 32.2226926943095 0
37 500 79.5250537445132 0
37 700 63.7284677203705 0
37 1000 48.5604703211594 0
38 0 123.464170561749 0
38 200 103.963421301836 0
38 400 63.8849071419177 0
38 500 69.4841959425578 0
38 700 51.7237697678525 0
38 1000 39.1906508937045 0
39 0 111.387324400167 0
39 200 77.9718944646817 0
39 400 98.5768360471068 0
39 500 68.1064218162389 0
39 700 56.986500164174 0
39 1000 31.2911782601271 0
40 0 101.304758370883 0
40 200 46.8586245876017 0
40 400 24.7546570718304 0
40 500 24.1644340570614 0
40 700 51.1228481735993 0
40 1000 26.2087020930438 0
41 0 95.0694693693934 0
41 200 68.8734400540407 0
41 400 63.7664311495962 0
41 500 62.2620656716002 0
41 700 55.6147290456133 0
41 1000 11.7010412509735 0
42 0 101.521386360062 0
42 200 55.4131278216667 0
42 400 89.4081759436478 0
42 500 56.0494773166875 0
42 700 64.0370161322973 0
42 1000 37.0346785207588 0
43 0 89.8262264859042 0
43 200 80.6468430922105 0
43 400 57.5463383372749 0
43 500 65.8678372095358 0
43 700 42.784619554033 0
43 1000 44.8924942355834 0
44 0 106.664929232866 0
44 200 87.3108085973306 0
44 400 97.9629061359663 0
44 500 50.0862600746277 0
44 700 61.1817630983051 0
44 1000 26.5558980308082 0
45 0 119.75849881631 0
45 200 87.64418756329 0
45 400 53.2446405368495 0
45 500 57.5510112800096 0
45 700 49.4363392594874 0
45 1000 36.0295026955449 0
46 0 91.3007713512547 0
46 200 73.3927444523569 0
46 400 94.3825560719694 0
46 500 61.5266011129857 0
46 700 46.2388173326434 0
46 1000 39.2751851570221 0
47 0 57.2845534169273 0
47 200 82.2338141047087 0
47 400 72.2448146679703 0
47 500 66.4863098618505 0
47 700 52.3143138473846 0
47 1000 36.3733105992746 0
48 0 115.031003031126 0
48 200 105.189709409709 0
48 400 105.280780614382 0
48 500 51.3191450627018 0
48 700 81.9049226537917 0
48 1000 59.2413555864347 0
49 0 110.516323459922 0
49 200 111.702288130049 0
49 400 93.3337744978725 0
49 500 61.1960731525245 0
49 700 52.2286683345422 0
49 1000 39.9039988106193 0
50 0 134.540955887861 0
50 200 91.4231768279207 0
50 400 85.7812298039787 0
50 500 56.2257799925451 0
50 700 48.5615616378904 0
50 1000 43.0041926259601 0
51 0 85.5159960695225 1
51 200 81.894905146428 1
51 400 38.3480619567256 1
51 500 42.4308315351698 1
51 700 48.446805429578 1
51 1000 21.6583788155942 1
52 0 107.455383404837 1
52 200 58.4606891618564 1
52 400 44.3698199159533 1
52 500 57.8525166114518 1
52 700 33.3943592823492 1
52 1000 29.2924368273908 1
53 0 76.1999738599969 1
53 200 46.0012751590181 1
53 400 43.0288728990802 1
53 500 29.3532661234441 1
53 700 37.4134197607604 1
53 1000 39.0741287966081 1
54 0 96.6993826288922 1
54 200 79.6679996539024 1
54 400 61.5774587928469 1
54 500 64.1861877769117 1
54 700 50.5772932656591 1
54 1000 37.2901939635703 1
55 0 117.014329891842 1
55 200 64.0727213522284 1
55 400 83.4973391370746 1
55 500 73.4885373214089 1
55 700 52.3290710352113 1
55 1000 39.4704986760537 1
56 0 88.7464220079242 1
56 200 83.2464286704491 1
56 400 61.9385167161017 1
56 500 48.4247683948317 1
56 700 54.6712383515052 1
56 1000 20.8567053307273 1
57 0 118.577243881897 1
57 200 51.1932963846489 1
57 400 29.3831694638156 1
57 500 29.174436413232 1
57 700 25.6045140227339 1
57 1000 20.219244350374 1
58 0 93.9625628527571 1
58 200 80.4730756909387 1
58 400 48.8313246668348 1
58 500 50.5493535741132 1
58 700 41.9952561732648 1
58 1000 19.6075532809648 1
59 0 110.655130972013 1
59 200 85.6166505277178 1
59 400 53.5117657622948 1
59 500 46.8356758062895 1
59 700 55.7079250172614 1
59 1000 42.4179431940321 1
60 0 77.9335026133866 1
60 200 100.852391568095 1
60 400 90.3745505263677 1
60 500 67.9077764814215 1
60 700 47.4748954457722 1
60 1000 55.2391860352998 1
61 0 93.8130256214818 1
61 200 98.3825649647439 1
61 400 59.3103785034652 1
61 500 65.4352990468132 1
61 700 40.6500812555515 1
61 1000 35.4075841328955 1
62 0 94.125953731719 1
62 200 73.1194378382937 1
62 400 60.5789265437987 1
62 500 51.8745277725814 1
62 700 39.7876264366431 1
62 1000 40.2438037348581 1
63 0 45.4706392882049 1
63 200 74.4599463999563 1
63 400 47.2277538547495 1
63 500 33.5709020398448 1
63 700 37.1831304732092 1
63 1000 39.9265165729679 1
64 0 87.2855687964301 1
64 200 53.1772871752797 1
64 400 34.8400112601523 1
64 500 52.4718474486837 1
64 700 44.9502292753875 1
64 1000 42.2181860974376 1
65 0 109.494144338627 1
65 200 88.3778178359768 1
65 400 53.2528078036194 1
65 500 59.6203021919036 1
65 700 64.1322850330045 1
65 1000 65.614689014209 1
66 0 111.71195904484 1
66 200 100.742457724211 1
66 400 68.4280356977637 1
66 500 33.9631507413035 1
66 700 46.0291511232115 1
66 1000 40.4876146656538 1
67 0 73.7374221928465 1
67 200 50.8593046871127 1
67 400 51.7301522585873 1
67 500 29.5688291080218 1
67 700 46.3766610891839 1
67 1000 26.9026590577497 1
68 0 99.3231597062166 1
68 200 88.0452472231436 1
68 400 78.3228670942153 1
68 500 54.802854099464 1
68 700 60.6471711439866 1
68 1000 22.2095751025751 1
69 0 88.7696146503564 1
69 200 76.869288471068 1
69 400 59.8917226801054 1
69 500 47.1018255780405 1
69 700 45.2239486984268 1
69 1000 30.2646124004763 1
70 0 118.390219439267 1
70 200 68.5094467288684 1
70 400 40.4349768894937 1
70 500 32.7180495913105 1
70 700 50.2342661652221 1
70 1000 46.1431358997611 1
71 0 108.805140870587 1
71 200 54.8395141616232 1
71 400 45.0509582017709 1
71 500 35.3616582237487 1
71 700 33.3022573407553 1
71 1000 31.6228295363354 1
72 0 107.88064374549 1
72 200 56.5291512498221 1
72 400 46.3011575155228 1
72 500 39.2158798972925 1
72 700 42.2174363566454 1
72 1000 30.0037751599358 1
73 0 76.7436071733687 1
73 200 49.631934281213 1
73 400 44.4120297085842 1
73 500 27.8812033338061 1
73 700 29.3320735967853 1
73 1000 34.624141613831 1
74 0 145.264778081989 1
74 200 89.8977151460367 1
74 400 105.455492307489 1
74 500 82.7344442360043 1
74 700 68.6255168165651 1
74 1000 43.2142788343717 1
75 0 119.991766347484 1
75 200 56.3235085468451 1
75 400 56.5436810310634 1
75 500 48.4768211184199 1
75 700 37.274840369164 1
75 1000 35.1889898306218 1
76 0 107.971348741506 1
76 200 71.0041172698033 1
76 400 58.6523407424249 1
76 500 77.1499971598545 1
76 700 50.7267448120735 1
76 1000 45.9321634080706 1
77 0 105.992821285708 1
77 200 99.3303099179492 1
77 400 51.3389004225053 1
77 500 66.6460513447961 1
77 700 34.4100417242853 1
77 1000 41.5655382126748 1
78 0 65.1965150540434 1
78 200 87.0671472601719 1
78 400 64.2074664327536 1
78 500 55.0146697049721 1
78 700 35.4935357997477 1
78 1000 44.3790755336298 1
79 0 61.9656175420359 1
79 200 87.2221247465248 1
79 400 58.0647504148559 1
79 500 54.6103951839225 1
79 700 46.7351042749388 1
79 1000 35.8369697828296 1
80 0 109.903830449926 1
80 200 62.3310752099705 1
80 400 59.7884923085879 1
80 500 41.4991638417262 1
80 700 52.0793670237802 1
80 1000 39.2437381342614 1
81 0 104.945109556892 1
81 200 61.6982549990252 1
81 400 50.1399572140068 1
81 500 49.3334275346218 1
81 700 30.4651689817803 1
81 1000 41.629999064986 1
82 0 87.9528247185945 1
82 200 36.1320443287934 1
82 400 46.9845484750193 1
82 500 21.5789059290681 1
82 700 14.7038770912215 1
82 1000 32.6104237532038 1
83 0 84.9704079275717 1
83 200 77.8166243860992 1
83 400 53.6201381621381 1
83 500 62.3797980894166 1
83 700 50.3251517449853 1
83 1000 53.7287934830655 1
84 0 72.033827800656 1
84 200 90.070569590145 1
84 400 66.9624302817917 1
84 500 13.5737083353735 1
84 700 49.1263943746165 1
84 1000 37.8979262867546 1
85 0 75.3123577204813 1
85 200 55.9551084638558 1
85 400 36.8207983962532 1
85 500 49.7783913717538 1
85 700 35.7627537859687 1
85 1000 24.5165645013727 1
86 0 112.063540442343 1
86 200 96.9326638538675 1
86 400 57.5579351952303 1
86 500 26.6524525049253 1
86 700 42.920019696127 1
86 1000 24.1582919931875 1
87 0 97.9925250690891 1
87 200 59.2223151808142 1
87 400 39.3820556966107 1
87 500 45.5299217593438 1
87 700 43.4024325144122 1
87 1000 42.0283548331155 1
88 0 111.933144678856 1
88 200 83.8671539433357 1
88 400 45.7261032716748 1
88 500 30.454546068667 1
88 700 37.8907965991068 1
88 1000 47.2877200744765 1
89 0 105.473479435387 1
89 200 111.185170747479 1
89 400 65.066820537534 1
89 500 71.5002850374723 1
89 700 62.9146093211171 1
89 1000 33.2545605359711 1
90 0 133.129333205864 1
90 200 95.147493910757 1
90 400 73.2195679337612 1
90 500 77.1766183988927 1
90 700 47.6608387803548 1
90 1000 37.1729321451802 1
91 0 103.222947914217 1
91 200 81.2752491600377 1
91 400 51.8209187504809 1
91 500 74.9497648096676 1
91 700 50.7504703700352 1
91 1000 37.2005905407723 1
92 0 123.270401794253 1
92 200 99.728062452414 1
92 400 70.046202836271 1
92 500 84.1343898437682 1
92 700 49.3604691082154 1
92 1000 64.9226444244725 1
93 0 98.5833812811232 1
93 200 52.8643942932102 1
93 400 46.984621842712 1
93 500 62.9064073447248 1
93 700 52.4791152808791 1
93 1000 50.0527452723333 1
94 0 115.808549128317 1
94 200 91.4180635975075 1
94 400 43.321860020459 1
94 500 50.6776341867602 1
94 700 38.2606831390706 1
94 1000 26.9568812774914 1
95 0 92.5591472453428 1
95 200 69.623059054253 1
95 400 64.6097372742991 1
95 500 32.9627091099276 1
95 700 65.618445330267 1
95 1000 33.2623474200519 1
96 0 64.7434057769922 1
96 200 90.1373158067697 1
96 400 55.6612803174482 1
96 500 54.6545825869227 1
96 700 34.8884807758773 1
96 1000 36.9741173733852 1
97 0 94.5891071565201 1
97 200 78.1125846873835 1
97 400 59.3974228800349 1
97 500 60.3297682511621 1
97 700 42.1871420734654 1
97 1000 46.4198297909222 1
98 0 105.47285052961 1
98 200 88.474091975785 1
98 400 103.416343005378 1
98 500 62.7181720748247 1
98 700 70.1479644348927 1
98 1000 31.4670265098676 1
99 0 96.7358763875707 1
99 200 85.0960598596058 1
99 400 52.0810163337919 1
99 500 69.4678504375597 1
99 700 51.3379104233966 1
99 1000 34.8690659269436 1
100 0 81.5467180528139 1
100 200 37.3683737444487 1
100 400 47.3155444416371 1
100 500 14.8557063231733 1
100 700 34.1815765203811 1
100 1000 34.2457477852749 1
