id dose eff group
1 0 104.077018338158 0
1 200 71.424790539741 0
1 400 76.2058351556563 0
1 500 74.0450385042885 0
1 700 38.3363734229684 0
1 1000 42.3606021851252 0
2 0 135.796009560766 0
2 200 95.7597769365275 0
2 400 118.722074494046 0
2 500 82.0948977006207 0
2 700 80.5399735052504 0
2 1000 60.65121908779 0
3 0 117.031000376684 0
3 200 61.3226426902155 0
3 400 65.0805945338823 0
3 500 40.377536626668 0
3 700 48.9547154616347 0
3 1000 32.4265377484525 0
4 0 69.2503773907971 0
4 200 104.563487618587 0
4 400 77.9840634017079 0
4 500 47.5527015991804 0
4 700 61.5721562901001 0
4 1000 50.7437587377817 0
5 0 123.130952210806 0
5 200 101.329108707138 0
5 400 62.9073186430703 0
5 500 69.4350546571559 0
5 700 49.4394504036562 0
5 1000 43.2630390023608 0
6 0 154.808761031077 0
6 200 116.203920937128 0
6 400 84.3094857634741 0
6 500 54.8905682612474 0
6 700 41.7656215079169 0
6 1000 39.6151717778337 0
7 0 112.739497318774 0
7 200 97.1794036326234 0
7 400 46.1413386573168 0
7 500 42.6195494628571 0
7 700 37.9733676175521 0
7 1000 33.3490698622092 0
8 0 70.1952614190773 0
8 200 54.2558759712014 0
8 400 45.9246108403977 0
8 500 78.5828469010857 0
8 700 50.3774468571216 0
8 1000 29.2655758423225 0
9 0 96.9202793755065 0
9 200 54.2249931006095 0
9 400 59.773020017832 0
9 500 63.3907848428026 0
9 700 33.4566671966708 0
9 1000 30.864940363285 0
10 0 86.2233057985319 0
10 200 61.0348383633983 0
10 400 46.1380547772627 0
10 500 42.2991986941589 0
10 700 28.5003649363056 0
10 1000 35.7417074252641 0
11 0 117.939330682447 0
11 200 91.9984869637275 0
11 400 94.9912730361292 0
11 500 70.160898347518 0
11 700 101.820255439782 0
11 1000 46.3789211478124 0
12 0 135.002109423429 0
12 200 132.495128390506 0
12 400 118.853550537372 0
12 500 78.4250247519455 0
12 700 52.9133886892734 0
12 1000 55.6606712388906 0
13 0 66.3331408221654 0
13 200 109.092003225263 0
13 400 60.3714459674015 0
13 500 73.3962219599219 0
13 700 46.4858073910014 0
13 1000 55.0943544821557 0
14 0 109.678437252487 0
14 200 104.321451729149 0
14 400 84.0575418963612 0
14 500 92.5737883409146 0
14 700 60.4037544988953 0
14 1000 38.748731845919 0
15 0 139.665878997571 0
15 200 130.69049716599 0
15 400 82.4744131587905 0
15 500 83.0821962185561 0
15 700 49.4289306094115 0
15 1000 47.9021297290697 0
16 0 94.6671157053393 0
16 200 67.0940640193072 0
16 400 95.1375913395731 0
16 500 70.1301782005829 0
16 700 69.7497491715929 0
16 1000 32.3134754476747 0
17 0 115.934348142488 0
17 200 84.0744415426959 0
17 400 61.6156208345212 0
17 500 51.7348409822435 0
17 700 51.7494905394228 0
17 1000 32.7728895451598 0
18 0 118.769286704358 0
18 200 65.7844046238365 0
18 400 101.673447624596 0
18 500 67.8041123443343 0
18 700 86.7042653738851 0
18 1000 50.2307334484265 0
19 0 106.357480702412 0
19 200 136.668679159821 0
19 400 68.5053866268045 0
19 500 74.8083729200025 0
19 700 49.2433171793301 0
19 1000 21.3553210031077 0
20 0 111.358831177623 0
20 200 123.372852740309 0
20 400 78.2157704604396 0
20 500 70.0037247898576 0
20 700 61.5348940958314 0
20 1000 69.3947446053273 0
21 0 97.3822179357542 0
21 200 93.5413985693191 0
21 400 71.9491241266614 0
21 500 65.8538608151706 0
21 700 50.1104593336566 0
21 1000 47.2518720058314 0
22 0 65.872377829288 0
22 200 67.8103740770428 0
22 400 74.88611479609 0
22 500 105.615787152821 0
22 700 43.9284848641617 0
22 1000 63.55871694716 0
23 0 116.524282234333 0
23 200 78.2068135347542 0
23 400 121.962493127152 0
23 500 91.3869271664502 0
23 700 80.9678509527575 0
23 1000 89.7557709713711 0
24 0 63.6950944955171 0
24 200 82.7022829271917 0
24 400 44.0347380686168 0
24 500 47.5056568347348 0
24 700 39.7989533115545 0
24 1000 29.0679107474869 0
25 0 87.0325069704607 0
25 200 92.3064336366581 0
25 400 77.4883184980402 0
25 500 75.402825070442 0
25 700 39.6037668246709 0
25 1000 42.0675354608768 0
26 0 115.974095158281 0
26 200 104.909682086012 0
26 400 79.2503058338509 0
26 500 47.3234824351018 0
26 700 67.1685294576765 0
26 1000 41.9045554060969 0
27 0 79.0221873258556 0
27 200 94.9859932158705 0
27 400 55.9588351923337 0
27 500 55.2134578808915 0
27 700 74.2854098078044 0
27 1000 22.9097629170653 0
28 0 130.855633238562 0
28 200 72.8643890940102 0
28 400 105.767673292812 0
28 500 65.5766217813905 0
28 700 58.6687095494671 0
28 1000 45.9794547664162 0
29 0 112.394618853827 0
29 200 77.2922958833478 0
29 400 72.7048064360289 0
29 500 54.503986968356 0
29 700 49.1018963869632 0
29 1000 51.8689203567731 0
30 0 85.2132137779982 0
30 200 105.796070915804 0
30 400 88.4248263663274 0
30 500 56.6705248399184 0
30 700 39.5971414022873 0
30 1000 48.296146290369 0
31 0 119.633631926458 0
31 200 72.889033031997 0
31 400 43.3517009045033 0
31 500 49.9857929818771 0
31 700 37.6757701802146 0
31 1000 26.3310505708261 0
32 0 130.380811762303 0
32 200 127.479831535792 0
32 400 67.1639917651144 0
32 500 95.1878777100044 0
32 700 101.399885942761 0
32 1000 83.6494077218933 0
33 0 115.048294615348 0
33 200 80.815896115795 0
33 400 73.0199521207756 0
33 500 69.3593757422631 0
33 700 44.0565477992808 0
33 1000 36.0145760126344 0
34 0 109.14480215076 0
34 200 58.6565590915775 0
34 400 84.5337307192748 0
34 500 76.8797659849155 0
34 700 80.6179656338932 0
34 1000 56.4348048830967 0
35 0 118.773700238598 0
35 200 99.9071327721775 0
35 400 60.2741691989931 0
35 500 98.965732464705 0
35 700 52.7007624479254 0
35 1000 79.6582269045286 0
36 0 71.3179313430214 0
36 200 107.57688567707 0
36 400 74.3841869547497 0
36 500 70.8562639711959 0
36 700 15.1625642771135 0
36 1000 49.6405761583322 0
37 0 69.2113322704815 0
37 200 97.9808087589491 0
37 400 59.5887868296664 0
37 500 85.7528180549438 0
37 700 53.9263318631931 0
37 1000 41.19104338735 0
38 0 92.7950161552952 0
38 200 127.847760047067 0
38 400 60.9087823705958 0
38 500 52.1904041892527 0
38 700 102.930782885075 0
38 1000 63.2380697077654 0
39 0 77.2677711807673 0
39 200 97.4480601217115 0
39 400 66.9162044582353 0
39 500 68.9520444131439 0
39 700 30.9871036929125 0
39 1000 59.5386670906229 0
40 0 78.9605921301776 0
40 200 71.538497628767 0
40 400 120.363606941095 0
40 500 74.7327100723862 0
40 700 54.2579523082528 0
40 1000 40.6438312845449 0
41 0 111.765100858138 0
41 200 99.058559382265 0
41 400 58.2448056492791 0
41 500 34.1916317383314 0
41 700 52.9451458270412 0
41 1000 41.8833158037128 0
42 0 88.4524820102982 0
42 200 70.1191984152337 0
42 400 50.6760506768415 0
42 500 40.7004682607986 0
42 700 31.3435891752333 0
42 1000 38.247781071189 0
43 0 95.5305550597498 0
43 200 99.6531063367562 0
43 400 66.0156845448772 0
43 500 58.2880712914437 0
43 700 43.3774102937365 0
43 1000 57.7892358873149 0
44 0 86.917113160155 0
44 200 79.2335959525407 0
44 400 86.6857713254077 0
44 500 67.7043131672714 0
44 700 34.1691818250667 0
44 1000 18.0503952291705 0
45 0 67.058501962728 0
45 200 58.4539995783244 0
45 400 68.9943694073631 0
45 500 48.7623567622882 0
45 700 54.4289532735855 0
45 1000 37.705639685585 0
46 0 109.907195462529 0
46 200 77.1028626047761 0
46 400 50.6262734191775 0
46 500 52.6449400301996 0
46 700 40.0433817789898 0
46 1000 34.3309063736971 0
47 0 84.0978601252479 0
47 200 124.609610778515 0
47 400 70.9241939890501 0
47 500 78.8510161307759 0
47 700 77.5970813136638 0
47 1000 35.4521841652247 0
48 0 75.2816487145909 0
48 200 114.971753360851 0
48 400 80.8813192873068 0
48 500 37.7493260819664 0
48 700 76.6493417190068 0
48 1000 41.8236245948674 0
49 0 75.1249812201615 0
49 200 65.6155150824329 0
49 400 66.75211361566 0
49 500 67.0574794963584 0
49 700 34.7242828893273 0
49 1000 29.6619085171521 0
50 0 91.9230074476815 0
50 200 68.1822862370596 0
50 400 64.4604233830081 0
50 500 74.202714225681 0
50 700 59.6842684289449 0
50 1000 47.2927927282948 0
51 0 99.7947038936487 1
51 200 57.0502145654069 1
51 400 77.2185259858844 1
51 500 33.5272221748097 1
51 700 44.3040497961822 1
51 1000 39.2814200535645 1
52 0 90.7889898687435 1
52 200 81.8775101725152 1
52 400 30.6864253962949 1
52 500 48.1638681986692 1
52 700 51.2216158696076 1
52 1000 36.2864824180479 1
53 0 122.554161619882 1
53 200 93.4201434759959 1
53 400 55.3027968619649 1
53 500 46.4586205821159 1
53 700 23.2127989097132 1
53 1000 47.623037417291 1
54 0 119.400744721909 1
54 200 41.4537722005247 1
54 400 43.0631689184916 1
54 500 37.2699283775176 1
54 700 36.5516815550707 1
54 1000 31.5217230453363 1
55 0 128.062669193899 1
55 200 59.339021935733 1
55 400 52.3296437838874 1
55 500 44.4561171039294 1
55 700 35.5055923658489 1
55 1000 25.0417127441144 1
56 0 87.5086775372394 1
56 200 89.4724131516265 1
56 400 41.7937908855133 1
56 500 55.3658788990841 1
56 700 34.1950977888673 1
56 1000 40.0807743919883 1
57 0 147.152887693038 1
57 200 92.749110564058 1
57 400 90.9826689674864 1
57 500 96.8642305182241 1
57 700 96.149355975503 1
57 1000 51.4304099490238 1
58 0 138.271997509705 1
58 200 95.9025054588848 1
58 400 56.2831925765159 1
58 500 55.4503334182345 1
58 700 41.0524242141783 1
58 1000 36.2016350338662 1
59 0 107.183956243802 1
59 200 81.0986457176007 1
59 400 47.9196593838502 1
59 500 36.5898513462825 1
59 700 43.2761488795632 1
59 1000 25.0919530775693 1
60 0 90.5930301260155 1
60 200 56.1861190997794 1
60 400 46.7592787017886 1
60 500 48.5520245644603 1
60 700 30.2138275148208 1
60 1000 30.8233960950531 1
61 0 88.835514664128 1
61 200 52.3414832953888 1
61 400 32.2860542939981 1
61 500 41.2779066574387 1
61 700 37.6877048560087 1
61 1000 26.4939206675892 1
62 0 92.0354173643232 1
62 200 54.5368400994605 1
62 400 14.827554058839 1
62 500 34.8185721476627 1
62 700 37.1583125200109 1
62 1000 42.0388219279165 1
63 0 65.6601545321501 1
63 200 84.4548361199774 1
63 400 70.8585659461723 1
63 500 43.5328065599065 1
63 700 39.5672087883092 1
63 1000 51.9760067022714 1
64 0 119.654509155239 1
64 200 110.28066860773 1
64 400 51.1928493885041 1
64 500 34.8087269582669 1
64 700 29.5281370290202 1
64 1000 32.7624047410803 1
65 0 86.9039214522893 1
65 200 98.1762587740892 1
65 400 39.2700149242638 1
65 500 18.1114395616101 1
65 700 34.621945449209 1
65 1000 26.4092123704191 1
66 0 91.2081294440288 1
66 200 92.4723173343638 1
66 400 65.1945040299779 1
66 500 51.8906325723611 1
66 700 23.8906951999341 1
66 1000 47.7186338504965 1
67 0 79.7380967580941 1
67 200 69.4317464839787 1
67 400 57.3430210077357 1
67 500 61.6270511093093 1
67 700 34.3038084959337 1
67 1000 23.2072395254795 1
68 0 119.418393445443 1
68 200 77.8838596427104 1
68 400 67.7855246614686 1
68 500 41.994743564277 1
68 700 37.6992214562517 1
68 1000 22.8432019195043 1
69 0 106.695276169213 1
69 200 67.0089362719368 1
69 400 35.483112077157 1
69 500 30.7951996680728 1
69 700 32.9103898018337 1
69 1000 19.4707792974562 1
70 0 115.19871288851 1
70 200 86.6024003249847 1
70 400 27.8423470707513 1
70 500 40.6153090945057 1
70 700 46.6477414848358 1
70 1000 22.7179289769818 1
71 0 119.686090659696 1
71 200 114.048196472344 1
71 400 34.4150511801766 1
71 500 48.7448593908018 1
71 700 48.9566473516933 1
71 1000 36.5789564415333 1
72 0 145.49603173116 1
72 200 73.1300067270394 1
72 400 46.3603853581625 1
72 500 42.6656073514736 1
72 700 26.1879595861824 1
72 1000 40.9715001478883 1
73 0 89.0992853807679 1
73 200 91.3915729211649 1
73 400 73.7388379603028 1
73 500 61.2603983488326 1
73 700 38.2092229021545 1
73 1000 34.6370484908917 1
74 0 98.4478613701214 1
74 200 70.6032592451612 1
74 400 42.1607442328434 1
74 500 21.6391236266646 1
74 700 40.4405582209247 1
74 1000 45.1653435226257 1
75 0 106.733553063445 1
75 200 95.1972000208502 1
75 400 71.4638797503352 1
75 500 59.0604415809628 1
75 700 49.8646490660255 1
75 1000 50.065704342417 1
76 0 70.2486942908843 1
76 200 63.9517517395284 1
76 400 60.76107649148 1
76 500 41.7552284819666 1
76 700 33.2996024893628 1
76 1000 36.4999063367674 1
77 0 107.421129143558 1
77 200 126.687415675951 1
77 400 84.606191991317 1
77 500 29.5298673228906 1
77 700 81.2868592583231 1
77 1000 78.756400852577 1
78 0 100.197651402792 1
78 200 55.9318286095056 1
78 400 26.6214823514837 1
78 500 55.6483338166597 1
78 700 46.8587402960517 1
78 1000 23.722235983943 1
79 0 79.9261034109246 1
79 200 47.556993899592 1
79 400 41.6162647589182 1
79 500 36.9230675418956 1
79 700 30.6098059828518 1
79 1000 32.9569121873915 1
80 0 83.9626118707871 1
80 200 56.6330920759958 1
80 400 53.4487277133348 1
80 500 72.6067352393978 1
80 700 42.0038603679484 1
80 1000 45.2726021412381 1
81 0 123.194494292085 1
81 200 57.0677247425382 1
81 400 56.153073489639 1
81 500 74.1426438502309 1
81 700 42.3575970757465 1
81 1000 31.0900678694552 1
82 0 124.183266460854 1
82 200 108.129015251577 1
82 400 59.6026746776775 1
82 500 46.5650158545902 1
82 700 45.9677247683336 1
82 1000 40.7850714877841 1
83 0 78.0930913350728 1
83 200 77.4150689130746 1
83 400 35.1380380737104 1
83 500 24.1509781532672 1
83 700 15.0440915995584 1
83 1000 18.3885631754433 1
84 0 162.625897725477 1
84 200 119.261668457623 1
84 400 73.756802671733 1
84 500 42.5727995716406 1
84 700 31.0940146079075 1
84 1000 52.6775276480593 1
85 0 97.1790485166765 1
85 200 54.0886816516415 1
85 400 62.4041382942052 1
85 500 42.650218527193 1
85 700 38.6231077911803 1
85 1000 44.3323459301648 1
86 0 69.5566242714208 1
86 200 77.5037818949587 1
86 400 65.5896266743134 1
86 500 39.2000882103554 1
86 700 38.1933400535886 1
86 1000 41.848034710177 1
87 0 84.1568174257209 1
87 200 84.3535029126155 1
87 400 71.3606519460278 1
87 500 67.659089379071 1
87 700 43.7456438358065 1
87 1000 31.4666102106822 1
88 0 80.6811512208058 1
88 200 50.7808957474112 1
88 400 37.1296137048341 1
88 500 55.3276948574571 1
88 700 41.4866038299926 1
88 1000 26.7197271999365 1
89 0 98.8153762783262 1
89 200 65.2522694421649 1
89 400 32.9793710828721 1
89 500 37.4591847698039 1
89 700 24.0241556824596 1
89 1000 17.4961031979071 1
90 0 100.264427043399 1
90 200 86.5074892272368 1
90 400 40.4171259441262 1
90 500 63.0099341517683 1
90 700 66.5037801921534 1
90 1000 35.5201887356357 1
91 0 89.689371371971 1
91 200 126.736205431239 1
91 400 66.9508597349896 1
91 500 48.6733685706132 1
91 700 43.5580955251015 1
91 1000 34.4642947483808 1
92 0 126.525766983036 1
92 200 57.5523947045777 1
92 400 49.7885284751645 1
92 500 46.7069326185169 1
92 700 52.9332436528058 1
92 1000 44.5432966736439 1
93 0 89.0647790065529 1
93 200 47.5303152340466 1
93 400 63.3538423390912 1
93 500 68.1511213511323 1
93 700 75.1617945777264 1
93 1000 39.2742114684055 1
94 0 99.5694856231466 1
94 200 65.3149383339561 1
94 400 68.9850893839918 1
94 500 31.2200008663073 1
94 700 48.3588547041694 1
94 1000 19.0681951198995 1
95 0 96.3873275598623 1
95 200 76.8494990169282 1
95 400 51.9215453897964 1
95 500 38.7795428286892 1
95 700 32.9518845628944 1
95 1000 18.1640800211787 1
96 0 113.184867327124 1
96 200 79.8005683207717 1
96 400 47.8049834073499 1
96 500 50.338205345626 1
96 700 41.823837175775 1
96 1000 22.4964935933279 1
97 0 104.291427664468 1
97 200 127.211442260853 1
97 400 67.2155036182751 1
97 500 44.0973880458534 1
97 700 66.7174072268764 1
97 1000 36.3770802113471 1
98 0 97.0685880011278 1
98 200 64.7408619393518 1
98 400 46.0786686329338 1
98 500 35.7035925509357 1
98 700 48.3349456260362 1
98 1000 27.1788439122149 1
99 0 70.3848410315137 1
99 200 93.2843276744288 1
99 400 67.2286960141094 1
99 500 62.6782681344524 1
99 700 45.5391683430676 1
99 1000 37.9996679732128 1
100 0 79.5292660769298 1
100 200 95.0882430829616 1
100 400 24.1323352947678 1
100 500 50.0708100519385 1
100 700 46.893215169089 1
100 1000 31.1218073255765 1
