id dose eff group
1 0 86.1166619881145 0
1 200 86.4725740391933 0
1 400 103.273640833486 0
1 500 96.8977375867088 0
1 700 82.5786073151298 0
1 1000 76.3809923622994 0
2 0 122.959585558719 0
2 200 89.3592093140612 0
2 400 99.4852592126529 0
2 500 83.084820288542 0
2 700 70.8102800036404 0
2 1000 44.9723059753454 0
3 0 119.043006386969 0
3 200 109.477146073822 0
3 400 86.1204527027716 0
3 500 92.2651026055964 0
3 700 79.6953445488101 0
3 1000 79.9640841190832 0
4 0 91.1380841209162 0
4 200 73.7647121795757 0
4 400 54.9440960561642 0
4 500 62.5787263018251 0
4 700 69.1667031789676 0
4 1000 58.6509206031935 0
5 0 121.473889705185 0
5 200 87.4385200129243 0
5 400 63.3267366785165 0
5 500 53.978179123369 0
5 700 47.3721955449025 0
5 1000 40.056211816402 0
6 0 107.752324796698 0
6 200 80.205495723187 0
6 400 85.2975299780036 0
6 500 36.4110293620208 0
6 700 47.9499603271568 0
6 1000 49.7665548534558 0
7 0 118.068046457201 0
7 200 86.1671980862676 0
7 400 29.5381090366111 0
7 500 45.6973785292927 0
7 700 59.1204353892417 0
7 1000 40.3426801536754 0
8 0 94.9559004557996 0
8 200 98.0455970939599 0
8 400 70.3313634352436 0
8 500 67.5682087651745 0
8 700 53.5673354189357 0
8 1000 43.8917951798921 0
9 0 109.488904420319 0
9 200 102.405718617014 0
9 400 59.9197790861961 0
9 500 67.1969456528126 0
9 700 42.440238494704 0
9 1000 23.2931954232833 0
10 0 94.085334410915 0
10 200 127.352936386511 0
10 400 76.8857524075391 0
10 500 107.339068876244 0
10 700 45.637749385158 0
10 1000 32.9318133514002 0
11 0 98.0965004306382 0
11 200 74.7135388704644 0
11 400 60.3639212357587 0
11 500 68.1585036324231 0
11 700 52.0270882140509 0
11 1000 47.4535050439725 0
12 0 118.541821845184 0
12 200 91.0635515650553 0
12 400 65.9430759641828 0
12 500 68.9019823688693 0
12 700 61.1080515079332 0
12 1000 44.1696909679933 0
13 0 116.391306493454 0
13 200 132.674592137161 0
13 400 68.9065302364582 0
13 500 80.2369486179033 0
13 700 31.8505089814081 0
13 1000 46.02874418599 0
14 0 105.129152891199 0
14 200 125.869965316601 0
14 400 61.4278540977537 0
14 500 44.7247773529391 0
14 700 41.4303908505111 0
14 1000 38.2355510870637 0
15 0 130.510426686147 0
15 200 113.668509524022 0
15 400 48.4949777520953 0
15 500 60.7496751873283 0
15 700 65.1003566905168 0
15 1000 58.012243204222 0
16 0 60.9893363384135 0
16 200 71.7697082662838 0
16 400 28.4371744569871 0
16 500 59.2973963933976 0
16 700 34.6988554317811 0
16 1000 40.0807913431939 0
17 0 104.12916120755 0
17 200 91.7451933236106 0
17 400 78.0479973215406 0
17 500 89.4506926317045 0
17 700 82.9729174020593 0
17 1000 51.5554361160398 0
18 0 93.4973837620049 0
18 200 78.7946058907726 0
18 400 72.5162803712189 0
18 500 45.7917670208902 0
18 700 45.200245404352 0
18 1000 35.9978623626498 0
19 0 82.5656759744637 0
19 200 45.7321014544159 0
19 400 83.2957953004538 0
19 500 71.0094386194871 0
19 700 67.0844676670635 0
19 1000 49.633277845523 0
20 0 77.2409038315185 0
20 200 88.2366039213389 0
20 400 111.771517172444 0
20 500 75.1898111424256 0
20 700 75.3086067580515 0
20 1000 44.3086124463659 0
21 0 101.410072516645 0
21 200 84.5130476218818 0
21 400 61.4322507651516 0
21 500 29.920127303322 0
21 700 40.3056235962045 0
21 1000 41.9398988808289 0
22 0 89.0523224948791 0
22 200 84.364571576446 0
22 400 62.7714547070317 0
22 500 78.1779580029401 0
22 700 46.200380682173 0
22 1000 35.3974895871126 0
23 0 120.65499783001 0
23 200 65.912895370921 0
23 400 80.8210197601366 0
23 500 90.9359836470143 0
23 700 61.2406869584028 0
23 1000 34.7173270592067 0
24 0 114.533134234918 0
24 200 111.352008909779 0
24 400 66.0155694836081 0
24 500 74.6344199537506 0
24 700 72.8077983165167 0
24 1000 50.4877252065675 0
25 0 132.142857377988 0
25 200 88.1906619386948 0
25 400 78.7166472658971 0
25 500 56.0239503545966 0
25 700 49.1108691601551 0
25 1000 43.7313842815477 0
26 0 52.7773543122221 0
26 200 85.8180684794515 0
26 400 73.353495933 0
26 500 70.1935609532494 0
26 700 62.8395051609256 0
26 1000 57.1833923561971 0
27 0 136.573984181268 0
27 200 101.624093751546 0
27 400 70.2594998898784 0
27 500 55.1027486695381 0
27 700 55.0534668000753 0
27 1000 66.4762988911959 0
28 0 87.8067520875731 0
28 200 94.0000210159567 0
28 400 89.1581901369028 0
28 500 60.5501725058895 0
28 700 97.0975121907027 0
28 1000 73.4701647178968 0
29 0 66.4905201090896 0
29 200 79.6848780796156 0
29 400 44.9325898719091 0
29 500 42.3556653125056 0
29 700 38.237765573136 0
29 1000 26.5419839339684 0
30 0 105.522203413184 0
30 200 72.3815194659219 0
30 400 76.7821042328806 0
30 500 71.1682410026484 0
30 700 46.1934494072628 0
30 1000 47.1931238905516 0
31 0 42.3271059257044 0
31 200 40.8541523062967 0
31 400 61.9108562424749 0
31 500 68.5247821251828 0
31 700 54.5415708094629 0
31 1000 29.4693642822569 0
32 0 97.3716199825511 0
32 200 62.7190368691467 0
32 400 73.9268963332006 0
32 500 70.4587523742823 0
32 700 70.2499964383888 0
32 1000 58.0896368972079 0
33 0 153.835363571934 0
33 200 102.597979453525 0
33 400 86.4608049666498 0
33 500 67.5034955356665 0
33 700 65.712069913364 0
33 1000 35.4601962637156 0
34 0 59.3343172169992 0
34 200 95.7355774332968 0
34 400 79.8992104377895 0
34 500 38.456925998 0
34 700 33.4286070380847 0
34 1000 53.147551414093 0
35 0 79.1372299903265 0
35 200 60.6659927484308 0
35 400 54.3374966461041 0
35 500 26.1956305935904 0
35 700 48.6059256077875 0
35 1000 28.9935133717876 0
36 0 95.5994358460093 0
36 200 113.398979214191 0
36 400 91.3849248645947 0
36 500 65.1531492883739 0
36 700 65.689334904106 0
36 1000 54.6230796882286 0
37 0 135.844668459273 0
37 200 77.8702211945194 0
37 400 88.4028746823173 0
37 500 65.8223070985697 0
37 700 29.4821029545613 0
37 1000 44.7243944534411 0
38 0 77.5616175071749 0
38 200 80.5185758855149 0
38 400 76.1717337712054 0
38 500 33.6394953796369 0
38 700 44.2885843791824 0
38 1000 44.6373530403149 0
39 0 105.235431692055 0
39 200 94.9188051833818 0
39 400 105.091369809791 0
39 500 67.9562138438223 0
39 700 72.7139241517142 0
39 1000 30.696113436796 0
40 0 83.9404763180925 0
40 200 113.023266062508 0
40 400 70.7957000792752 0
40 500 74.8507819015259 0
40 700 25.8939272575005 0
40 1000 42.6258624655278 0
41 0 92.8435240777755 0
41 200 124.575979649169 0
41 400 69.0865299903268 0
41 500 57.6504058582259 0
41 700 33.2132369416997 0
41 1000 33.3429875470312 0
42 0 120.337583681182 0
42 200 112.829861092002 0
42 400 69.4350967322798 0
42 500 38.2406370072346 0
42 700 44.5067244173643 0
42 1000 43.7330684441885 0
43 0 95.5215681496594 0
43 200 102.305491588186 0
43 400 92.3365336379965 0
43 500 43.6909540077219 0
43 700 55.907819625611 0
43 1000 51.0755655285574 0
44 0 73.735236260323 0
44 200 91.7076591042515 0
44 400 103.40817272846 0
44 500 49.4698018689909 0
44 700 71.2548056613014 0
44 1000 51.5288639152828 0
45 0 96.6913606484712 0
45 200 71.4707710427444 0
45 400 69.4143316543926 0
45 500 79.9583918441558 0
45 700 66.3362625143667 0
45 1000 45.4146716545037 0
46 0 116.223431995418 0
46 200 65.580428429492 0
46 400 69.809432516183 0
46 500 19.4357070260361 0
46 700 43.6726637293983 0
46 1000 31.1448141768888 0
47 0 82.4760093981155 0
47 200 113.484124639092 0
47 400 69.3117324360251 0
47 500 76.7582177768014 0
47 700 55.4689507356515 0
47 1000 35.2114041958365 0
48 0 88.6480512932934 0
48 200 118.061811439994 0
48 400 86.8367414771126 0
48 500 92.3713904281579 0
48 700 56.2836803420463 0
48 1000 45.9748332622935 0
49 0 115.350246058173 0
49 200 62.3614519294273 0
49 400 52.5877974973543 0
49 500 46.5641061088371 0
49 700 41.8748290895254 0
49 1000 58.4946005278597 0
50 0 91.376577004816 0
50 200 77.6039556606019 0
50 400 69.2568486335083 0
50 500 46.5715984790265 0
50 700 47.669067171445 0
50 1000 51.3249302212195 0
51 0 70.1137059003373 1
51 200 47.0938872069457 1
51 400 35.7003607069145 1
51 500 19.2018228305149 1
51 700 42.4096276269555 1
51 1000 33.7088647008164 1
52 0 96.9119413596453 1
52 200 76.220012306216 1
52 400 85.1363193304229 1
52 500 63.9586110723206 1
52 700 35.5688817814138 1
52 1000 47.3937887834841 1
53 0 112.749991531239 1
53 200 74.079460165977 1
53 400 75.52259223872 1
53 500 57.037723041423 1
53 700 52.1416245069529 1
53 1000 27.9113856055549 1
54 0 93.2948005435475 1
54 200 81.4473209941587 1
54 400 54.25469654057 1
54 500 27.7170469371449 1
54 700 43.172848100302 1
54 1000 24.2761362368179 1
55 0 82.7631661919665 1
55 200 49.5514136802695 1
55 400 52.0518622096542 1
55 500 40.6110572313514 1
55 700 21.1053266053878 1
55 1000 43.4522494383942 1
56 0 82.1351700973667 1
56 200 103.495059763981 1
56 400 73.1620591308046 1
56 500 55.4386807022637 1
56 700 46.2393445797315 1
56 1000 20.2123612163755 1
57 0 115.464423569711 1
57 200 93.0952001320688 1
57 400 37.9267416616756 1
57 500 67.5825070067609 1
57 700 28.6451970524822 1
57 1000 32.253825731274 1
58 0 75.8480756064526 1
58 200 83.534353301112 1
58 400 43.828852878869 1
58 500 38.5157961698442 1
58 700 47.1985673074042 1
58 1000 14.1783727715484 1
59 0 126.721433245386 1
59 200 102.698294704368 1
59 400 61.4334397638256 1
59 500 49.1632402420247 1
59 700 59.6570646211036 1
59 1000 50.3239216572321 1
60 0 80.6348251855433 1
60 200 61.2529093076631 1
60 400 53.6993160997917 1
60 500 32.6010465647477 1
60 700 29.8980247008376 1
60 1000 35.0933193196699 1
61 0 132.551285498833 1
61 200 67.4418432470398 1
61 400 70.3106643565609 1
61 500 41.5918762345399 1
61 700 58.5588100427554 1
61 1000 38.1348682409815 1
62 0 87.1402222274157 1
62 200 117.171776100508 1
62 400 35.5635755131582 1
62 500 57.0801168144756 1
62 700 49.8928881432704 1
62 1000 30.2007051661001 1
63 0 122.069709807652 1
63 200 99.7774158635368 1
63 400 57.1592566763901 1
63 500 51.1092034531206 1
63 700 34.2880019673316 1
63 1000 38.6051835673742 1
64 0 98.3050198729965 1
64 200 65.5640348451417 1
64 400 19.6640533120172 1
64 500 41.9858985449097 1
64 700 23.0838599140824 1
64 1000 31.6502767556562 1
65 0 91.7067198067835 1
65 200 64.0830576667353 1
65 400 70.2813182486003 1
65 500 47.5803158468392 1
65 700 41.9825583725111 1
65 1000 35.583008267748 1
66 0 131.071472687729 1
66 200 71.4708102118547 1
66 400 49.3686422458668 1
66 500 48.3005840309924 1
66 700 40.0673500156945 1
66 1000 39.2165167535565 1
67 0 61.5306781998457 1
67 200 73.3830640182455 1
67 400 43.2369678999373 1
67 500 42.3411429582481 1
67 700 32.7406032993427 1
67 1000 24.9900081947172 1
68 0 40.5120647085261 1
68 200 56.5369103832962 1
68 400 61.0133038290197 1
68 500 31.878142328718 1
68 700 36.2444833877943 1
68 1000 37.3778054181298 1
69 0 142.963937129039 1
69 200 124.348084760475 1
69 400 73.9096264635582 1
69 500 68.9493899921848 1
69 700 41.5249408169645 1
69 1000 45.5781015598741 1
70 0 83.7953256179315 1
70 200 92.5416526462061 1
70 400 60.7643222808384 1
70 500 45.2493922826289 1
70 700 47.1217272846217 1
70 1000 36.8375511789643 1
71 0 103.438163345588 1
71 200 98.1699752508097 1
71 400 78.517259853128 1
71 500 54.983331090518 1
71 700 53.1575164212023 1
71 1000 53.3822857666323 1
72 0 122.605759221834 1
72 200 88.893085890246 1
72 400 58.9804127033799 1
72 500 37.1095101913711 1
72 700 62.6502666912135 1
72 1000 44.9021772194142 1
73 0 115.879087136455 1
73 200 89.0278702651285 1
73 400 67.1012831270635 1
73 500 43.6280675863948 1
73 700 40.224707885983 1
73 1000 36.7992232865024 1
74 0 125.608765426416 1
74 200 118.744346095347 1
74 400 67.128041896137 1
74 500 54.9945885226319 1
74 700 59.3190690131727 1
74 1000 29.034639601829 1
75 0 143.229722680019 1
75 200 82.6820555160097 1
75 400 58.3657421630834 1
75 500 19.2558977977821 1
75 700 46.3208110504464 1
75 1000 28.4603473774504 1
76 0 104.383390413407 1
76 200 86.0728702661659 1
76 400 34.9790407662302 1
76 500 53.2871061316531 1
76 700 40.6149300240558 1
76 1000 23.4559132232523 1
77 0 78.3340378596848 1
77 200 68.0005353893238 1
77 400 46.2656747601637 1
77 500 38.0425000042969 1
77 700 26.3401479276377 1
77 1000 31.2032007612409 1
78 0 126.603862258099 1
78 200 101.057408730565 1
78 400 49.3407165802196 1
78 500 60.667288019438 1
78 700 48.7140275118527 1
78 1000 50.892161233146 1
79 0 102.258650668149 1
79 200 95.5575004851481 1
79 400 65.1184810855344 1
79 500 46.6827157486682 1
79 700 46.8557998666757 1
79 1000 42.2508104952615 1
80 0 93.1386433620794 1
80 200 115.472360512395 1
80 400 100.604746085646 1
80 500 74.6164556060695 1
80 700 62.7479025684543 1
80 1000 33.8397956921582 1
81 0 113.571811407944 1
81 200 61.1407610058391 1
81 400 46.8016638177527 1
81 500 52.6581194181579 1
81 700 28.9026976528591 1
81 1000 40.3167313665422 1
82 0 118.587527101893 1
82 200 61.3496143619999 1
82 400 36.4954089765484 1
82 500 43.6435145812295 1
82 700 40.395478044038 1
82 1000 21.4650279058731 1
83 0 123.828496676832 1
83 200 60.0405078563771 1
83 400 42.7957808724863 1
83 500 22.4860293864839 1
83 700 38.8972859809035 1
83 1000 25.6801753297563 1
84 0 96.7525822152409 1
84 200 79.185493460303 1
84 400 48.4084042633618 1
84 500 63.0497336419799 1
84 700 42.987263961614 1
84 1000 29.4801479034589 1
85 0 73.423776764726 1
85 200 93.6058677292637 1
85 400 61.5150105461187 1
85 500 42.8575887400548 1
85 700 43.2798180918852 1
85 1000 43.5746264962329 1
86 0 127.566186177484 1
86 200 74.2487451529874 1
86 400 36.0069666841645 1
86 500 32.8110888468025 1
86 700 33.2387371066625 1
86 1000 27.4730897930915 1
87 0 161.221987433746 1
87 200 63.265888926937 1
87 400 56.3563551861273 1
87 500 56.3560155123922 1
87 700 41.6613193190557 1
87 1000 29.9399344261696 1
88 0 103.197671361464 1
88 200 45.5438041574655 1
88 400 69.626752746983 1
88 500 53.9391519548435 1
88 700 41.8098125711445 1
88 1000 30.6255431502475 1
89 0 114.139812497481 1
89 200 76.6225685603754 1
89 400 52.943314535271 1
89 500 27.3940762391802 1
89 700 36.9515799011086 1
89 1000 28.546693870686 1
90 0 63.1797343122854 1
90 200 65.4530251192142 1
90 400 39.8603685284982 1
90 500 38.3722563060814 1
90 700 39.5417291812856 1
90 1000 23.8630086854496 1
91 0 76.7796660087452 1
91 200 56.6789040394088 1
91 400 74.8793221935664 1
91 500 53.3116415921744 1
91 700 26.6348102226453 1
91 1000 21.7590582545935 1
92 0 104.623021966312 1
92 200 66.685516329064 1
92 400 37.5418146469188 1
92 500 50.9132535301406 1
92 700 57.2026345072184 1
92 1000 46.013866098648 1
93 0 91.0954128654661 1
93 200 73.3201609569413 1
93 400 58.3646278642821 1
93 500 47.9694212226071 1
93 700 45.6182221637345 1
93 1000 31.5518287374711 1
94 0 96.159030073053 1
94 200 51.497672565711 1
94 400 38.7264969261165 1
94 500 39.020095098473 1
94 700 35.2392555888787 1
94 1000 36.168687837914 1
95 0 84.8165802365589 1
95 200 45.8019833512316 1
95 400 43.9361956329213 1
95 500 37.8792553867104 1
95 700 31.4645958248792 1
95 1000 30.5574997480097 1
96 0 98.4837917561638 1
96 200 72.4415164061657 1
96 400 49.173268587222 1
96 500 44.968677627107 1
96 700 24.0515770979632 1
96 1000 20.3853425510416 1
97 0 99.9780191786646 1
97 200 80.4054770966117 1
97 400 34.856839214328 1
97 500 60.368066183007 1
97 700 57.6903470664857 1
97 1000 45.308794720613 1
98 0 134.40436769124 1
98 200 70.3699843590115 1
98 400 54.7571344050493 1
98 500 36.5973220600353 1
98 700 42.4569596723845 1
98 1000 38.2912366877907 1
99 0 99.824819838864 1
99 200 86.3061872085622 1
99 400 50.416751057251 1
99 500 48.8890427521202 1
99 700 45.2262776029777 1
99 1000 32.0362293790269 1
100 0 98.7227046187126 1
100 200 82.9282292854282 1
100 400 68.5315439280288 1
100 500 41.3447947145245 1
100 700 48.9891317254141 1
100 1000 49.1887405503754 1
