id dose eff group
1 0 75.105411006107 0
1 200 62.1438090978873 0
1 400 65.2415371460133 0
1 500 55.6154025790876 0
1 700 51.2368331543832 0
1 1000 36.4284913153214 0
2 0 118.400406683218 0
2 200 99.1805668351934 0
2 400 82.512703469196 0
2 500 48.2193617954682 0
2 700 47.548837092675 0
2 1000 59.5481315308255 0
3 0 112.228039764951 0
3 200 61.3491272338688 0
3 400 75.8287487695682 0
3 500 66.7267805559807 0
3 700 50.9546968762927 0
3 1000 38.2889326644247 0
4 0 82.0544930567852 0
4 200 76.144528431107 0
4 400 61.7984705625023 0
4 500 50.00049019613 0
4 700 41.7408284361556 0
4 1000 16.1198465767423 0
5 0 84.2824518838347 0
5 200 69.3964743074087 0
5 400 69.6506924250804 0
5 500 64.4702963049303 0
5 700 25.407729393425 0
5 1000 40.1637940060434 0
6 0 66.6945487903814 0
6 200 108.97296564054 0
6 400 63.0266839432692 0
6 500 55.9131069525678 0
6 700 36.7102456711086 0
6 1000 40.1437000999109 0
7 0 119.397861821467 0
7 200 103.925117348892 0
7 400 73.2359274047444 0
7 500 72.6864211625741 0
7 700 40.9015180551283 0
7 1000 67.7697898068126 0
8 0 78.1412297673669 0
8 200 89.0708194251238 0
8 400 86.8235492430782 0
8 500 63.3685020069184 0
8 700 53.6634503140886 0
8 1000 52.2795092944389 0
9 0 103.310027782163 0
9 200 92.4922309296104 0
9 400 76.9403947250712 0
9 500 71.0768013166512 0
9 700 47.0115988073098 0
9 1000 44.9205036806418 0
10 0 71.9540685725424 0
10 200 117.317928391579 0
10 400 46.7940206509527 0
10 500 40.4505981534325 0
10 700 78.5067181340052 0
10 1000 49.6383353719379 0
11 0 112.618940872106 0
11 200 54.6152360045676 0
11 400 65.8059702361246 0
11 500 53.0463060432019 0
11 700 53.6724160234624 0
11 1000 28.2036804480884 0
12 0 106.353836731459 0
12 200 73.2011793303955 0
12 400 87.9158104701553 0
12 500 64.8979717434793 0
12 700 58.2770583414381 0
12 1000 48.7102651297706 0
13 0 134.974232717849 0
13 200 112.122910963671 0
13 400 60.7172673646303 0
13 500 54.157419449676 0
13 700 46.7988466002154 0
13 1000 34.5493365896434 0
14 0 95.8575022375373 0
14 200 51.1884582519223 0
14 400 96.1729726386648 0
14 500 45.57557413264 0
14 700 49.6248077457949 0
14 1000 34.5680580174585 0
15 0 80.1719861650488 0
15 200 72.0764105466507 0
15 400 62.90984947281 0
15 500 45.5245951580024 0
15 700 34.2092425487332 0
15 1000 33.8492399306928 0
16 0 118.295881053025 0
16 200 114.889431385484 0
16 400 99.7026690802163 0
16 500 76.7708148328609 0
16 700 70.1409753552138 0
16 1000 59.5789377672467 0
17 0 92.591936052897 0
17 200 87.9394961879207 0
17 400 61.5317789061235 0
17 500 56.6608252251288 0
17 700 57.1459432377713 0
17 1000 38.5339780238521 0
18 0 111.104506596832 0
18 200 97.3749459671592 0
18 400 76.3301967092318 0
18 500 59.914330353787 0
18 700 38.9772553682862 0
18 1000 50.3166605494191 0
19 0 93.5144402634054 0
19 200 75.5408279616987 0
19 400 90.3565160277422 0
19 500 60.1856706563661 0
19 700 55.8269865743073 0
19 1000 58.3188558527635 0
20 0 114.504195221754 0
20 200 62.4644539220239 0
20 400 53.7256115695663 0
20 500 70.6208518431749 0
20 700 42.4346432703486 0
20 1000 19.3492670692174 0
21 0 116.813004248757 0
21 200 104.336399489867 0
21 400 73.7933961540402 0
21 500 86.7630350205899 0
21 700 46.3960762951633 0
21 1000 41.1194702431968 0
22 0 68.1712913681335 0
22 200 79.4755457806193 0
22 400 49.7352131969782 0
22 500 66.0613516249093 0
22 700 48.6820916104146 0
22 1000 26.5114149057402 0
23 0 76.2032961653067 0
23 200 84.5100275402046 0
23 400 42.2672140103808 0
23 500 31.6628982479494 0
23 700 23.25824117115 0
23 1000 15.4063536599582 0
24 0 76.4838803174824 0
24 200 61.6070609615476 0
24 400 67.8932898860423 0
24 500 46.5761531303628 0
24 700 16.2897090728657 0
24 1000 26.4110752361373 0
25 0 84.4418626669645 0
25 200 76.6602353087703 0
25 400 58.1522528714151 0
25 500 61.1189597006473 0
25 700 60.3807902839925 0
25 1000 58.007208331554 0
26 0 87.0506882233007 0
26 200 73.4865319082686 0
26 400 67.3008606990288 0
26 500 51.1534658039841 0
26 700 57.5380525925145 0
26 1000 44.4258381726007 0
27 0 93.3668049529009 0
27 200 90.4098554344423 0
27 400 82.0862300421853 0
27 500 46.2858666001483 0
27 700 73.6982192801882 0
27 1000 34.2731915837321 0
28 0 108.216308137734 0
28 200 62.5659687768591 0
28 400 65.8192910034518 0
28 500 38.4272014083185 0
28 700 44.2827129404508 0
28 1000 29.2697565472084 0
29 0 146.359096060727 0
29 200 89.4486755770653 0
29 400 81.9285899767377 0
29 500 48.8111346602335 0
29 700 62.98375514542 0
29 1000 39.8279938930152 0
30 0 120.417212160211 0
30 200 96.3418430315534 0
30 400 84.8720280966363 0
30 500 58.1780522543534 0
30 700 42.4169648949595 0
30 1000 29.3567942708993 0
31 0 94.0505518587469 0
31 200 79.5313468019048 0
31 400 77.4337032078934 0
31 500 40.9967484384395 0
31 700 40.0302912308243 0
31 1000 34.1030722953333 0
32 0 101.14021748718 0
32 200 69.8595898201825 0
32 400 47.2763375549924 0
32 500 57.2026868316376 0
32 700 37.0644515861526 0
32 1000 44.601403588747 0
33 0 86.3983368948529 0
33 200 116.727764004163 0
33 400 63.2873276857789 0
33 500 61.7961402883995 0
33 700 34.8213200633827 0
33 1000 42.9457804973956 0
34 0 123.463097625857 0
34 200 75.103912206885 0
34 400 69.7150472430186 0
34 500 46.1351042325054 0
34 700 78.8510877433371 0
34 1000 52.1305347809653 0
35 0 112.83049801313 0
35 200 115.156491621547 0
35 400 77.1249479753844 0
35 500 71.3939731611816 0
35 700 80.1168095393579 0
35 1000 72.8748145235129 0
36 0 107.087374471246 0
36 200 67.9621065910409 0
36 400 69.7844881369713 0
36 500 60.8288048307932 0
36 700 44.3223428918709 0
36 1000 35.3556245838375 0
37 0 133.73057322369 0
37 200 99.2519749310537 0
37 400 70.6188418209222 0
37 500 39.8507347263857 0
37 700 50.1563116038812 0
37 1000 34.2786729905593 0
38 0 107.866547809197 0
38 200 76.8242475627725 0
38 400 56.3918799560604 0
38 500 41.3175650864109 0
38 700 53.3616352852515 0
38 1000 38.0843948262945 0
39 0 126.636234519715 0
39 200 89.7923494660106 0
39 400 66.8386655279555 0
39 500 69.3406699870146 0
39 700 40.3051083378901 0
39 1000 35.2858300766965 0
40 0 113.073497448014 0
40 200 89.5159496292462 0
40 400 79.6834471968874 0
40 500 57.7981662558747 0
40 700 53.5426639490826 0
40 1000 74.959041759578 0
41 0 76.5473320833786 0
41 200 68.819674212193 0
41 400 87.519845285204 0
41 500 62.1728290773946 0
41 700 49.5349351220465 0
41 1000 42.4374725063863 0
42 0 111.250986284609 0
42 200 103.230738518163 0
42 400 78.6326305393184 0
42 500 85.4067878141393 0
42 700 73.1135867269589 0
42 1000 68.2541882663895 0
43 0 100.338100574165 0
43 200 99.7589360406623 0
43 400 48.8683258772277 0
43 500 64.9020077946594 0
43 700 29.0859323545658 0
43 1000 32.1412501357627 0
44 0 67.9302052527208 0
44 200 71.0074182085784 0
44 400 71.0609172214238 0
44 500 49.5560019462927 0
44 700 35.4973884924633 0
44 1000 40.9415540507744 0
45 0 98.8993041745262 0
45 200 119.798427677651 0
45 400 120.545265884439 0
45 500 88.6515083874146 0
45 700 90.123772310844 0
45 1000 73.0652608074017 0
46 0 64.873780799074 0
46 200 99.0208065298675 0
46 400 93.7249288216957 0
46 500 62.3501370478618 0
46 700 59.3522798966948 0
46 1000 33.8186955810069 0
47 0 78.5834300727975 0
47 200 79.2231902672894 0
47 400 70.7472035311108 0
47 500 35.4625779629067 0
47 700 41.0029562300594 0
47 1000 43.5291512618528 0
48 0 95.2060673438237 0
48 200 95.5913055843075 0
48 400 61.9258549643162 0
48 500 78.7838369358422 0
48 700 49.7166668775678 0
48 1000 45.1039687815313 0
49 0 93.3743273396844 0
49 200 97.3475275838192 0
49 400 68.7213163590266 0
49 500 39.3201360137402 0
49 700 42.1985847738952 0
49 1000 34.368493457866 0
50 0 101.989752803556 0
50 200 93.0166652113316 0
50 400 80.3076410201822 0
50 500 97.3807580751579 0
50 700 53.0530055637696 0
50 1000 65.8404892388211 0
51 0 102.655655852509 1
51 200 64.439322313193 1
51 400 40.3500522116233 1
51 500 43.1153979092842 1
51 700 33.5454203472766 1
51 1000 22.3904574597566 1
52 0 86.1028509397479 1
52 200 56.269867697566 1
52 400 38.7285090182675 1
52 500 58.3769411940308 1
52 700 53.2343328166253 1
52 1000 22.6306037291781 1
53 0 93.9823915438716 1
53 200 67.018737229037 1
53 400 49.104320140625 1
53 500 46.7322171918232 1
53 700 42.4769087585241 1
53 1000 25.9560029445027 1
54 0 84.38081705774 1
54 200 68.15013302217 1
54 400 78.7465570228694 1
54 500 64.0716611022704 1
54 700 30.0988842650517 1
54 1000 23.8065900925912 1
55 0 79.3947060848946 1
55 200 134.93349398447 1
55 400 67.024193179853 1
55 500 63.8745452354258 1
55 700 53.7193231612281 1
55 1000 40.0832242285912 1
56 0 106.659939871253 1
56 200 80.8060575455505 1
56 400 65.5573066883622 1
56 500 57.8908416558292 1
56 700 42.1664562365046 1
56 1000 37.0304971720245 1
57 0 97.5198290012902 1
57 200 60.3930236482027 1
57 400 55.7810043053148 1
57 500 29.7435327485715 1
57 700 40.429876000468 1
57 1000 38.2032317494979 1
58 0 97.2958158354341 1
58 200 75.3816789612994 1
58 400 59.0927416327458 1
58 500 51.4354130596518 1
58 700 50.6111334216048 1
58 1000 33.8863653304288 1
59 0 113.891396647191 1
59 200 94.6889307648403 1
59 400 61.7908604601837 1
59 500 63.0549592548165 1
59 700 46.1290179934912 1
59 1000 32.9750956434829 1
60 0 95.5464337501061 1
60 200 78.0006746629606 1
60 400 54.6637346557523 1
60 500 56.3252185651615 1
60 700 36.2052195284242 1
60 1000 35.7141834841222 1
61 0 98.0107474938212 1
61 200 74.2074664307756 1
61 400 69.2000402489352 1
61 500 38.1649317543312 1
61 700 27.6176628618018 1
61 1000 36.0101992548718 1
62 0 133.796143997386 1
62 200 85.9328588929477 1
62 400 102.271323297423 1
62 500 31.728869133247 1
62 700 30.8353556914104 1
62 1000 32.6739813290362 1
63 0 63.8610627785648 1
63 200 82.7286389688528 1
63 400 58.1379762164582 1
63 500 43.5509863162303 1
63 700 48.4583090457698 1
63 1000 32.4438475329784 1
64 0 92.5066696524768 1
64 200 44.5878974417018 1
64 400 50.7204113360914 1
64 500 34.9354573107605 1
64 700 47.9916250266234 1
64 1000 30.8019228655002 1
65 0 114.761248664044 1
65 200 95.8393327550007 1
65 400 89.5574007196904 1
65 500 60.4806296067469 1
65 700 35.561276278641 1
65 1000 52.2297727826017 1
66 0 79.9080723950647 1
66 200 70.3522974868836 1
66 400 75.9895605426013 1
66 500 48.423807919829 1
66 700 61.5998993134774 1
66 1000 41.7659417286256 1
67 0 90.3679495576832 1
67 200 69.0625016938732 1
67 400 48.2356607915676 1
67 500 33.3714428769317 1
67 700 21.1270360814876 1
67 1000 29.1236227847929 1
68 0 63.0127036886208 1
68 200 55.643022466763 1
68 400 57.4546760774987 1
68 500 37.5266758475654 1
68 700 63.7924191715531 1
68 1000 57.223347727804 1
69 0 97.6947158287329 1
69 200 106.559807396292 1
69 400 57.5155612334622 1
69 500 60.4308100087025 1
69 700 50.9882099060737 1
69 1000 55.9330664719721 1
70 0 120.783682411321 1
70 200 84.5925744007439 1
70 400 46.9345567977274 1
70 500 62.1504101908056 1
70 700 51.3224352803263 1
70 1000 43.2515706414495 1
71 0 71.8560282366953 1
71 200 76.4913417656221 1
71 400 48.5678681944219 1
71 500 30.5118727872908 1
71 700 19.5612881416545 1
71 1000 32.3586757399342 1
72 0 112.531539432987 1
72 200 87.8161507788685 1
72 400 78.7306952634284 1
72 500 89.1738956516709 1
72 700 43.1137331811703 1
72 1000 47.4711146534917 1
73 0 111.94305580574 1
73 200 73.6848019738075 1
73 400 42.6498143738452 1
73 500 42.8302394945053 1
73 700 44.2689596598712 1
73 1000 21.404356782246 1
74 0 86.7888699109531 1
74 200 69.3998195073789 1
74 400 49.8928061098215 1
74 500 52.7399266328216 1
74 700 54.5636927409234 1
74 1000 34.5578445216538 1
75 0 123.084814162691 1
75 200 103.283720217491 1
75 400 59.8593390017341 1
75 500 69.4018908018701 1
75 700 55.9390606896946 1
75 1000 27.5720503961136 1
76 0 93.6105221118548 1
76 200 62.6717990364661 1
76 400 49.4296820225069 1
76 500 31.5593062987662 1
76 700 25.2500748394377 1
76 1000 26.8219280007818 1
77 0 88.9392743719582 1
77 200 76.0739928593964 1
77 400 102.795990613794 1
77 500 82.4087889051526 1
77 700 67.7079115097315 1
77 1000 35.8463716552684 1
78 0 44.4790877115907 1
78 200 65.7716764053678 1
78 400 48.997871817602 1
78 500 25.9798224343541 1
78 700 32.1503302973078 1
78 1000 15.860845328091 1
79 0 95.9175727480279 1
79 200 90.7678783515571 1
79 400 48.3953066189369 1
79 500 30.6289183396419 1
79 700 36.4276538285619 1
79 1000 24.8541188164251 1
80 0 129.156101244468 1
80 200 115.252131293332 1
80 400 82.1998293294352 1
80 500 88.9139430131602 1
80 700 50.2627785739191 1
80 1000 52.460556411478 1
81 0 97.9528161161016 1
81 200 61.655377039463 1
81 400 51.2568626956047 1
81 500 59.1620823364438 1
81 700 34.1225143418277 1
81 1000 21.5443569431484 1
82 0 92.0226043094165 1
82 200 68.789015177234 1
82 400 73.731076182316 1
82 500 58.8562015501249 1
82 700 26.4890597670238 1
82 1000 49.1495812159688 1
83 0 114.436740955742 1
83 200 97.3462349108785 1
83 400 33.718406244898 1
83 500 58.5060806257661 1
83 700 24.895755197934 1
83 1000 23.4709995622491 1
84 0 137.808735030983 1
84 200 88.4259862343391 1
84 400 65.8159122673647 1
84 500 70.0034587222356 1
84 700 33.5219070377922 1
84 1000 58.5200021638682 1
85 0 90.1139321831596 1
85 200 72.6887489539928 1
85 400 35.5192448453566 1
85 500 21.605803862085 1
85 700 42.6249586268231 1
85 1000 29.4703581708152 1
86 0 101.928450880583 1
86 200 94.7031099641169 1
86 400 43.1209566562222 1
86 500 75.6184916295766 1
86 700 29.6142443543276 1
86 1000 33.2836261876461 1
87 0 61.4226673206816 1
87 200 58.1411627945155 1
87 400 57.7340409219865 1
87 500 50.0634290680487 1
87 700 11.4153316507954 1
87 1000 24.4129485701796 1
88 0 143.409261477136 1
88 200 71.4859468139585 1
88 400 44.3993480273886 1
88 500 31.766298499 1
88 700 28.3574111894416 1
88 1000 22.9832490444966 1
89 0 103.611143346815 1
89 200 112.189431095623 1
89 400 63.5032824015262 1
89 500 41.8473181065001 1
89 700 43.2110193028991 1
89 1000 31.5198959681745 1
90 0 132.451876993058 1
90 200 88.0556504040861 1
90 400 59.4719485811742 1
90 500 42.6027321224507 1
90 700 53.7992145707261 1
90 1000 41.9622606705474 1
91 0 118.014223777514 1
91 200 91.29916005475 1
91 400 53.3842126019931 1
91 500 29.8876026643725 1
91 700 42.1849524793955 1
91 1000 45.2189680481795 1
92 0 79.5352095157589 1
92 200 81.0093109628789 1
92 400 72.2105311519116 1
92 500 33.7040696333089 1
92 700 34.7334441674356 1
92 1000 35.3643100818176 1
93 0 77.7995421914663 1
93 200 69.0928891370087 1
93 400 44.8714915785229 1
93 500 61.6282174464983 1
93 700 29.2514594740971 1
93 1000 43.8609031096545 1
94 0 102.924496103088 1
94 200 96.4205034337118 1
94 400 43.1528194478804 1
94 500 32.9044737276512 1
94 700 48.0426521209715 1
94 1000 30.0305448128163 1
95 0 108.222981729944 1
95 200 111.316667079488 1
95 400 90.0076672886692 1
95 500 86.0597398241543 1
95 700 39.6217275214858 1
95 1000 48.2373437357191 1
96 0 111.092325783665 1
96 200 72.1930605492578 1
96 400 44.3458178231584 1
96 500 45.0091361962834 1
96 700 43.5550948050831 1
96 1000 31.9392092819137 1
97 0 123.535303893821 1
97 200 73.6831118119864 1
97 400 56.6184859130575 1
97 500 38.6680042013321 1
97 700 56.5709460033869 1
97 1000 34.7087288268354 1
98 0 145.472429245309 1
98 200 132.71634956672 1
98 400 90.327736299598 1
98 500 51.5255525496268 1
98 700 73.707770732869 1
98 1000 42.9198056157194 1
99 0 115.893007518555 1
99 200 79.4887079060339 1
99 400 36.841481967518 1
99 500 61.9438844997054 1
99 700 35.3974890146353 1
99 1000 15.3165688928097 1
100 0 121.677094463838 1
100 200 65.2274656587072 1
100 400 72.8032122508832 1
100 500 58.0431387036351 1
100 700 62.8329951280616 1
100 1000 44.6611142800786 1
