id dose eff group
1 0 72.5034798581271 0
1 200 85.8684791589434 0
1 400 29.8108315910936 0
1 500 53.0982219808778 0
1 700 51.727936683586 0
1 1000 28.179682003269 0
2 0 83.6882104703774 0
2 200 61.8931082214196 0
2 400 77.3470034776576 0
2 500 71.0617331728897 0
2 700 44.888030095865 0
2 1000 27.6022097133461 0
3 0 145.865637124411 0
3 200 76.0499590151208 0
3 400 62.8186525777698 0
3 500 46.9686986466664 0
3 700 38.2189672465886 0
3 1000 47.5614390463089 0
4 0 83.1273502432824 0
4 200 83.1120100602181 0
4 400 66.6706249752003 0
4 500 62.1146882735701 0
4 700 49.2830841680913 0
4 1000 40.2727626184868 0
5 0 106.210456464304 0
5 200 82.2256736121113 0
5 400 52.1398466376196 0
5 500 57.5766268716047 0
5 700 65.2820754602435 0
5 1000 53.0722369239491 0
6 0 107.650078211173 0
6 200 92.8293981647729 0
6 400 58.6087685637575 0
6 500 54.3026708922707 0
6 700 39.5965166236894 0
6 1000 46.7377411792156 0
7 0 59.7254666129028 0
7 200 73.898649254825 0
7 400 53.8071620384136 0
7 500 75.1400821067308 0
7 700 80.8050166613533 0
7 1000 64.2404066454013 0
8 0 114.574589111378 0
8 200 89.0262809236269 0
8 400 104.604564868237 0
8 500 74.3763221525687 0
8 700 85.6066678793167 0
8 1000 55.952054723549 0
9 0 97.4878701271841 0
9 200 124.82111169788 0
9 400 95.9987801014053 0
9 500 55.0917971267394 0
9 700 58.7386482508097 0
9 1000 27.0848737199028 0
10 0 115.336019743199 0
10 200 106.448178999847 0
10 400 58.311803363262 0
10 500 48.0510900367744 0
10 700 45.5363882746399 0
10 1000 38.4786502554767 0
11 0 100.901814928768 0
11 200 109.696013620913 0
11 400 80.4175525181585 0
11 500 66.7898153615499 0
11 700 75.6466162433498 0
11 1000 35.7586972838463 0
12 0 103.485272775886 0
12 200 77.0879007072679 0
12 400 83.337960719093 0
12 500 83.5135063120764 0
12 700 83.0134009454291 0
12 1000 49.5951569899537 0
13 0 102.085121913249 0
13 200 98.0128528686578 0
13 400 78.8930336952346 0
13 500 82.3677027518012 0
13 700 65.7988429430298 0
13 1000 37.2494538741444 0
14 0 125.870485932741 0
14 200 88.5187113666351 0
14 400 57.2694142012716 0
14 500 47.4202423039354 0
14 700 82.1823741392974 0
14 1000 59.4555840969582 0
15 0 76.1920248074457 0
15 200 72.1291474060949 0
15 400 55.0970987938664 0
15 500 42.3777089965388 0
15 700 27.1264219580339 0
15 1000 27.0022036389196 0
16 0 139.321991671743 0
16 200 83.3160771358692 0
16 400 82.5844545938587 0
16 500 84.372857622399 0
16 700 50.3501903653553 0
16 1000 67.2203145911659 0
17 0 118.74688245577 0
17 200 107.875977827429 0
17 400 81.1535430956171 0
17 500 35.5036889043307 0
17 700 88.3166311206576 0
17 1000 52.085905124307 0
18 0 79.70979458746 0
18 200 103.746736421173 0
18 400 67.5495113035838 0
18 500 48.7110572065121 0
18 700 37.5689754740719 0
18 1000 24.1782684716097 0
19 0 121.613178572705 0
19 200 122.442130595168 0
19 400 78.5523668161455 0
19 500 89.8634869909786 0
19 700 49.2487700851946 0
19 1000 37.4461615920618 0
20 0 146.403928777887 0
20 200 125.733218934893 0
20 400 78.9761473993268 0
20 500 83.8237872890316 0
20 700 69.0269315232815 0
20 1000 90.0929463004574 0
21 0 114.878863959748 0
21 200 99.775765434473 0
21 400 96.3378170234695 0
21 500 76.1790303980991 0
21 700 84.286167445292 0
21 1000 58.1648862218037 0
22 0 129.684656056442 0
22 200 99.5400193841465 0
22 400 68.0420245698797 0
22 500 64.9035292058038 0
22 700 46.4729003924105 0
22 1000 38.8725196537365 0
23 0 98.5001945000033 0
23 200 101.855709416008 0
23 400 68.1045003039665 0
23 500 64.3767421540752 0
23 700 46.5398798904489 0
23 1000 30.695692241637 0
24 0 69.913029404635 0
24 200 73.7961412219716 0
24 400 105.765564766679 0
24 500 72.6381117087302 0
24 700 45.331864926605 0
24 1000 58.6502326828152 0
25 0 76.6043680737964 0
25 200 83.221296144274 0
25 400 60.4648941888037 0
25 500 38.6274512284489 0
25 700 44.7203175627187 0
25 1000 39.4690378577313 0
26 0 77.7464073501613 0
26 200 110.65681979634 0
26 400 51.0698627871641 0
26 500 63.20259429783 0
26 700 52.1512863298354 0
26 1000 38.1624049586927 0
27 0 108.136311780895 0
27 200 89.9190129867274 0
27 400 101.838872105568 0
27 500 102.167058053104 0
27 700 50.2431165750739 0
27 1000 51.052620531222 0
28 0 53.2643501695865 0
28 200 73.3733948403254 0
28 400 59.0074281541881 0
28 500 67.6147697611023 0
28 700 47.8233779263631 0
28 1000 12.9250803921802 0
29 0 80.3029667024548 0
29 200 68.958545541087 0
29 400 80.1343721919946 0
29 500 56.6553754378405 0
29 700 60.8628717489431 0
29 1000 41.5968568495149 0
30 0 84.0043841811261 0
30 200 86.3962267876194 0
30 400 65.7785898087818 0
30 500 58.6368995693391 0
30 700 62.8413083965253 0
30 1000 73.5264148957599 0
31 0 108.264289193944 0
31 200 111.006988308296 0
31 400 96.9883801757123 0
31 500 81.2814838497709 0
31 700 72.9922690354969 0
31 1000 53.6353686935892 0
32 0 120.539496069669 0
32 200 88.7929989499497 0
32 400 93.3023693834459 0
32 500 81.4483222263562 0
32 700 31.4706130915618 0
32 1000 55.016113991684 0
33 0 95.8916030341604 0
33 200 67.3458942477876 0
33 400 57.0757525714425 0
33 500 37.661241829711 0
33 700 39.8424482378583 0
33 1000 57.8593409635263 0
34 0 99.9862635535408 0
34 200 117.835215395891 0
34 400 90.5074236947379 0
34 500 57.0173921542979 0
34 700 50.8736227104875 0
34 1000 57.9861700046701 0
35 0 89.8562870744037 0
35 200 83.1067848479369 0
35 400 81.9121630122072 0
35 500 54.8544894231356 0
35 700 37.3038344860831 0
35 1000 42.2397067119167 0
36 0 114.817405037461 0
36 200 83.8234828643797 0
36 400 100.763749842591 0
36 500 62.302203602646 0
36 700 68.7544639973789 0
36 1000 57.6924189153151 0
37 0 103.718860385212 0
37 200 115.803979951964 0
37 400 90.0481488249477 0
37 500 56.2431932025398 0
37 700 47.597756565151 0
37 1000 59.0396691723955 0
38 0 80.072722969957 0
38 200 81.8790103726532 0
38 400 74.8452817202182 0
38 500 69.3676931915443 0
38 700 60.5364328193083 0
38 1000 60.6290506617894 0
39 0 97.8347753986021 0
39 200 42.1710972769453 0
39 400 46.673994029534 0
39 500 58.0251535043545 0
39 700 36.4441235198668 0
39 1000 43.4160305973861 0
40 0 123.511743400737 0
40 200 92.7689504553597 0
40 400 20.538906032121 0
40 500 49.3887465260034 0
40 700 45.7225644206609 0
40 1000 45.2099958704173 0
41 0 105.85753900382 0
41 200 91.4239095784326 0
41 400 46.4790256898492 0
41 500 57.5169264291452 0
41 700 55.6245182636451 0
41 1000 48.5178739133199 0
42 0 134.357326402326 0
42 200 110.966136156128 0
42 400 100.832686569916 0
42 500 69.9070554997604 0
42 700 82.6112431859931 0
42 1000 56.7682781920856 0
43 0 210.454759140408 0
43 200 111.788457893244 0
43 400 82.2432242780717 0
43 500 95.8984500437717 0
43 700 48.1493527393324 0
43 1000 48.7394892479941 0
44 0 102.128600356501 0
44 200 68.1539927143405 0
44 400 58.0478719677541 0
44 500 67.2818474355436 0
44 700 63.1405393783714 0
44 1000 56.4678384692821 0
45 0 83.4514460780594 0
45 200 79.2887100277655 0
45 400 59.9308142576098 0
45 500 41.8145498673598 0
45 700 33.8803570075841 0
45 1000 25.775259716685 0
46 0 113.507025130512 0
46 200 98.6818572002205 0
46 400 53.895443362439 0
46 500 56.1004890595955 0
46 700 47.2312078377679 0
46 1000 34.1807983957863 0
47 0 85.7164418307532 0
47 200 116.951268636111 0
47 400 89.9016458522146 0
47 500 51.7652729726063 0
47 700 62.5385754089779 0
47 1000 38.5058526657451 0
48 0 81.6261343182291 0
48 200 81.0894322719554 0
48 400 66.4256357950545 0
48 500 62.6317570841628 0
48 700 64.0972906151647 0
48 1000 59.5763336707122 0
49 0 96.1492443757668 0
49 200 85.16231871072 0
49 400 55.1464594788799 0
49 500 53.997214350335 0
49 700 55.7629058109366 0
49 1000 52.6218209803437 0
50 0 107.948674856337 0
50 200 95.1234151263961 0
50 400 59.1895178457668 0
50 500 20.6781077264089 0
50 700 44.3285940229234 0
50 1000 26.0084333538213 0
51 0 101.393966428725 1
51 200 95.6439051374185 1
51 400 55.8447342669252 1
51 500 56.6643108910875 1
51 700 65.0277700537091 1
51 1000 40.2763181816404 1
52 0 127.211806969472 1
52 200 52.9378420702895 1
52 400 36.6149351761215 1
52 500 28.1272022011091 1
52 700 24.8758953655841 1
52 1000 32.4410846767261 1
53 0 66.3276289878516 1
53 200 55.5550856950601 1
53 400 24.0002137482756 1
53 500 40.6088460957351 1
53 700 28.4251843782549 1
53 1000 35.8118056778629 1
54 0 102.000068839105 1
54 200 81.4775721311175 1
54 400 62.853260200673 1
54 500 49.5221755573756 1
54 700 51.9778763503759 1
54 1000 34.5507995468572 1
55 0 65.6559965234801 1
55 200 95.9487850716606 1
55 400 70.5972037171106 1
55 500 60.7528154909917 1
55 700 60.6296638091001 1
55 1000 50.2120438477838 1
56 0 102.37080793742 1
56 200 104.289739094015 1
56 400 53.13725388595 1
56 500 23.5523088790375 1
56 700 52.4884049502228 1
56 1000 47.1812537738316 1
57 0 109.25283837416 1
57 200 135.047017911808 1
57 400 49.1151831243131 1
57 500 64.4159398542595 1
57 700 51.4383718011761 1
57 1000 38.5921752922783 1
58 0 104.39381566032 1
58 200 82.5178946842387 1
58 400 54.9488642364187 1
58 500 51.7089688277836 1
58 700 34.182985893379 1
58 1000 30.8186841683879 1
59 0 98.5886159360193 1
59 200 72.8989741254317 1
59 400 33.6640569200268 1
59 500 34.1301854265019 1
59 700 36.5845122345287 1
59 1000 26.0375974953608 1
60 0 89.3138986418689 1
60 200 109.051056195951 1
60 400 41.1808568758877 1
60 500 39.9572671504723 1
60 700 28.2402065755076 1
60 1000 41.8741436094254 1
61 0 146.256236567249 1
61 200 106.362006989629 1
61 400 87.9229626754943 1
61 500 70.7736925047055 1
61 700 54.0953955065193 1
61 1000 57.406672145534 1
62 0 68.5473093076496 1
62 200 73.6747320385743 1
62 400 57.1748565005381 1
62 500 50.8985798350767 1
62 700 50.0028897682561 1
62 1000 37.5118208610338 1
63 0 87.1631044146293 1
63 200 71.8054105988999 1
63 400 67.4524968112933 1
63 500 62.7471211538082 1
63 700 49.510275148324 1
63 1000 54.8598455976133 1
64 0 101.359687653526 1
64 200 70.3616816195022 1
64 400 60.086224241439 1
64 500 47.5602382733091 1
64 700 46.4202261151123 1
64 1000 59.634391595613 1
65 0 148.102750965764 1
65 200 53.3928499318731 1
65 400 26.6719709363139 1
65 500 35.9928878988302 1
65 700 30.343102916843 1
65 1000 27.9961942667497 1
66 0 80.1426442218164 1
66 200 43.5291712597696 1
66 400 40.3004812465162 1
66 500 29.3731863779978 1
66 700 32.7300886496681 1
66 1000 46.3495979840679 1
67 0 143.807048349256 1
67 200 90.1563795890876 1
67 400 40.7982848845314 1
67 500 31.9685994585424 1
67 700 42.1885436040717 1
67 1000 37.8149172020899 1
68 0 89.2042159411171 1
68 200 61.3833901219359 1
68 400 51.1437631520463 1
68 500 52.4624418259101 1
68 700 42.1955270254731 1
68 1000 21.752210436307 1
69 0 71.8170422391155 1
69 200 98.9284270662016 1
69 400 57.7675211482495 1
69 500 67.2210785580141 1
69 700 49.8324476229612 1
69 1000 43.9207324430149 1
70 0 64.7158355141356 1
70 200 77.0559900677351 1
70 400 42.1876982069031 1
70 500 49.6664585912655 1
70 700 44.0308416754399 1
70 1000 40.5272276178459 1
71 0 65.9799706197202 1
71 200 112.684131579623 1
71 400 89.1445111484367 1
71 500 93.8305945982781 1
71 700 64.0028220118937 1
71 1000 35.8175200451959 1
72 0 150.11752181711 1
72 200 79.2693037620785 1
72 400 80.258317384574 1
72 500 45.6507281430484 1
72 700 27.7912401705834 1
72 1000 38.3034780800386 1
73 0 74.2977025926326 1
73 200 74.7081030852743 1
73 400 79.419308349726 1
73 500 34.9492187816722 1
73 700 30.72847629311 1
73 1000 20.5818564287895 1
74 0 86.4011241138114 1
74 200 86.8127242397687 1
74 400 60.0881833568825 1
74 500 56.5663855198257 1
74 700 47.6254241120954 1
74 1000 37.8018457220197 1
75 0 86.2854529343807 1
75 200 58.2796511137993 1
75 400 36.7955699099135 1
75 500 46.9354560737266 1
75 700 23.8444876015357 1
75 1000 17.0729938742359 1
76 0 133.349891983688 1
76 200 96.5606622426458 1
76 400 65.3827266260345 1
76 500 76.9597052448046 1
76 700 66.9791478751874 1
76 1000 27.6117235389741 1
77 0 116.732782413687 1
77 200 82.8624316481407 1
77 400 55.7309619596864 1
77 500 80.4434185174782 1
77 700 32.421732012249 1
77 1000 37.3286198465438 1
78 0 98.684841788691 1
78 200 57.794208787709 1
78 400 57.8074723797471 1
78 500 43.5933099348155 1
78 700 42.1428317600248 1
78 1000 49.8397243217268 1
79 0 155.775206067468 1
79 200 117.137541890701 1
79 400 57.648092732724 1
79 500 66.7854409891472 1
79 700 48.1333531785323 1
79 1000 40.2541883012651 1
80 0 118.418251175899 1
80 200 92.9664414676792 1
80 400 71.0396701856696 1
80 500 67.3903742291592 1
80 700 42.6832315547518 1
80 1000 36.0616209970204 1
81 0 89.1772764256193 1
81 200 66.3814767038213 1
81 400 64.0762746151435 1
81 500 42.7069453770132 1
81 700 30.7872960094639 1
81 1000 32.2170072131937 1
82 0 146.403167430944 1
82 200 70.0417918575742 1
82 400 38.6682093208371 1
82 500 21.8603923916402 1
82 700 16.4912092836785 1
82 1000 35.3894120118412 1
83 0 111.99724939127 1
83 200 96.9770602367089 1
83 400 85.1492007281532 1
83 500 57.1396576979993 1
83 700 46.7847140632474 1
83 1000 39.0930231237621 1
84 0 176.713529637069 1
84 200 77.3768995184363 1
84 400 62.0186529884597 1
84 500 44.1007243430063 1
84 700 29.1253931403662 1
84 1000 48.167029034491 1
85 0 98.282491181496 1
85 200 76.7360813270468 1
85 400 72.6272369828045 1
85 500 55.5254565012024 1
85 700 38.6873092355237 1
85 1000 25.4938803768644 1
86 0 96.5813809064825 1
86 200 76.5203029312276 1
86 400 70.4087719448171 1
86 500 49.2668701091115 1
86 700 50.345581011342 1
86 1000 23.4618005206852 1
87 0 105.927174970785 1
87 200 64.4568604797729 1
87 400 80.10918802101 1
87 500 63.7110289841811 1
87 700 39.53156098122 1
87 1000 37.9136965362062 1
88 0 66.6491237982409 1
88 200 74.5884318675608 1
88 400 67.3810417403383 1
88 500 46.8476080507039 1
88 700 43.8327496016648 1
88 1000 35.169510344291 1
89 0 116.694328492458 1
89 200 59.7609636215584 1
89 400 49.502946213511 1
89 500 62.6440206176562 1
89 700 41.9181266015996 1
89 1000 31.9194009743904 1
90 0 114.872899220121 1
90 200 54.8305823914213 1
90 400 49.9580947316818 1
90 500 46.0189047143917 1
90 700 47.3140792626967 1
90 1000 35.0891298880412 1
91 0 83.3816220341001 1
91 200 66.5753537604634 1
91 400 53.3642990771756 1
91 500 37.6624136379677 1
91 700 32.2430754681273 1
91 1000 9.27662720377652 1
92 0 82.2877484386963 1
92 200 55.3592373348672 1
92 400 49.4068674214481 1
92 500 50.4393465647843 1
92 700 25.906719426234 1
92 1000 24.2223232918639 1
93 0 112.489337385951 1
93 200 92.038866914394 1
93 400 71.2228627110757 1
93 500 35.1306194624252 1
93 700 60.8376733002379 1
93 1000 41.9268052620374 1
94 0 56.9988398516464 1
94 200 64.8036837174156 1
94 400 45.9436364277686 1
94 500 48.8349318295553 1
94 700 28.2446775316558 1
94 1000 20.8333071931689 1
95 0 70.9749163326897 1
95 200 74.1287550028152 1
95 400 77.4655559725893 1
95 500 52.3961680831576 1
95 700 50.4969998609838 1
95 1000 43.3953783521187 1
96 0 86.1816312326267 1
96 200 75.3404387892469 1
96 400 21.5650238456952 1
96 500 31.5615637955437 1
96 700 41.1265165222995 1
96 1000 31.6954440272354 1
97 0 83.5753473325651 1
97 200 87.1817095845325 1
97 400 45.2485501707552 1
97 500 34.2560897102556 1
97 700 50.4799461971303 1
97 1000 38.8502741378723 1
98 0 140.962857671387 1
98 200 92.227122177106 1
98 400 69.4738220594682 1
98 500 32.1446564122346 1
98 700 48.2341980896721 1
98 1000 39.4102568083619 1
99 0 143.733938223583 1
99 200 116.154922020209 1
99 400 94.88589624787 1
99 500 96.980167733248 1
99 700 110.442617996884 1
99 1000 62.1331046818337 1
100 0 118.091565954814 1
100 200 60.6849898503304 1
100 400 75.7585828851999 1
100 500 68.5770883570307 1
100 700 28.0143689456643 1
100 1000 46.7903513677975 1
