id dose eff group
1 0 66.448010610124 0
1 200 74.1230308063644 0
1 400 51.2982714263381 0
1 500 60.5257552615777 0
1 700 44.1458440784663 0
1 1000 39.1452741212379 0
2 0 92.6755831750291 0
2 200 58.884685564422 0
2 400 77.1602572280283 0
2 500 102.721116618962 0
2 700 41.7651987122002 0
2 1000 69.8385554353187 0
3 0 98.2701823497505 0
3 200 59.9912636754776 0
3 400 66.9372070469249 0
3 500 68.4070183221794 0
3 700 43.1580367330243 0
3 1000 37.3784039472615 0
4 0 49.9780370523997 0
4 200 76.8992816642928 0
4 400 60.7285474441658 0
4 500 57.8217761960093 0
4 700 64.1961362821244 0
4 1000 27.1605727392405 0
5 0 55.1276248704971 0
5 200 79.0216777525179 0
5 400 46.9410919731876 0
5 500 57.2396281192049 0
5 700 38.3033300073814 0
5 1000 20.8516347717157 0
6 0 87.5014782634808 0
6 200 116.915149992444 0
6 400 113.865226003819 0
6 500 73.6875853481746 0
6 700 91.9859659164931 0
6 1000 70.5711959888549 0
7 0 95.1816373158887 0
7 200 129.292126438642 0
7 400 82.031381776969 0
7 500 71.79038464821 0
7 700 66.83200802606 0
7 1000 51.4337914871825 0
8 0 93.7543835946737 0
8 200 91.1392351151594 0
8 400 96.649821092625 0
8 500 81.9586092619111 0
8 700 75.5107452196244 0
8 1000 59.573884918432 0
9 0 69.8140915253155 0
9 200 71.9813907082804 0
9 400 82.0359390876411 0
9 500 43.0629651343536 0
9 700 48.575443762701 0
9 1000 26.9847004782517 0
10 0 117.228493050686 0
10 200 56.1435998118524 0
10 400 61.051249653642 0
10 500 36.5058141414077 0
10 700 40.8869308462489 0
10 1000 40.6490710123387 0
11 0 105.607184483318 0
11 200 56.8346787372215 0
11 400 124.192990891983 0
11 500 69.5848706564298 0
11 700 68.2661748834641 0
11 1000 48.7658124422452 0
12 0 95.0610853358351 0
12 200 90.1586442246755 0
12 400 64.1095121762114 0
12 500 56.1682939643 0
12 700 87.8458931136755 0
12 1000 41.9898838087467 0
13 0 91.0430488329937 0
13 200 74.6573126177928 0
13 400 73.5838423125845 0
13 500 48.3106521390577 0
13 700 53.8020918662833 0
13 1000 36.4942883483189 0
14 0 67.0249643810077 0
14 200 94.3922555275839 0
14 400 65.533251029595 0
14 500 57.3496815501377 0
14 700 51.1734430979199 0
14 1000 43.8844897054954 0
15 0 87.3720506219218 0
15 200 81.3090691242843 0
15 400 81.6493370653757 0
15 500 73.6111869936953 0
15 700 47.7693283056792 0
15 1000 23.8586861507259 0
16 0 157.902430577224 0
16 200 115.791327375889 0
16 400 87.5253058718034 0
16 500 102.09903959245 0
16 700 81.1558783614138 0
16 1000 49.9017964526979 0
17 0 172.86532993767 0
17 200 71.5995902951738 0
17 400 88.4825223919541 0
17 500 102.971948554354 0
17 700 55.2724445314306 0
17 1000 51.9494001061771 0
18 0 120.160958597796 0
18 200 92.8622461969913 0
18 400 88.7821165354106 0
18 500 37.0508942265194 0
18 700 41.8539306413826 0
18 1000 39.8547029938907 0
19 0 74.686324132509 0
19 200 83.4271449106213 0
19 400 72.3529622562491 0
19 500 69.5462878664126 0
19 700 35.9367392516774 0
19 1000 41.7529860601128 0
20 0 76.1580031896149 0
20 200 82.9364818024862 0
20 400 81.2859290185949 0
20 500 52.0800528039748 0
20 700 56.1663722465072 0
20 1000 44.9111061871258 0
21 0 99.7116375958174 0
21 200 125.191562639359 0
21 400 88.6233529127259 0
21 500 63.6857688074587 0
21 700 66.0780554955881 0
21 1000 58.3504062011595 0
22 0 70.2511961931296 0
22 200 72.1604584878688 0
22 400 50.7362917486691 0
22 500 46.7718709217011 0
22 700 43.4879286761495 0
22 1000 34.9144416960261 0
23 0 91.2201723489832 0
23 200 67.3984239774905 0
23 400 93.0163058895346 0
23 500 67.9118467833505 0
23 700 61.7778507362137 0
23 1000 55.361966518589 0
24 0 94.9117541601081 0
24 200 83.3813620546011 0
24 400 40.595969851934 0
24 500 69.9534509772027 0
24 700 57.2682281484346 0
24 1000 42.5903960196172 0
25 0 126.933267795965 0
25 200 103.869627566426 0
25 400 85.3124360131925 0
25 500 53.5508500225111 0
25 700 45.820140588747 0
25 1000 40.4829163134008 0
26 0 123.731674253908 0
26 200 48.6365788938253 0
26 400 113.465367318698 0
26 500 50.3162888591977 0
26 700 86.3221144744389 0
26 1000 62.8040445507251 0
27 0 119.155339945024 0
27 200 60.3813678146566 0
27 400 62.5162142555635 0
27 500 29.2237437257744 0
27 700 37.5038598344853 0
27 1000 51.455884974699 0
28 0 87.3467851498374 0
28 200 61.573223998084 0
28 400 59.0941304608061 0
28 500 34.0965422463302 0
28 700 40.7926539006469 0
28 1000 50.906576593322 0
29 0 101.999427231463 0
29 200 53.6349722684668 0
29 400 89.6590777033971 0
29 500 47.4201235944361 0
29 700 47.6486682882736 0
29 1000 52.4785087874952 0
30 0 101.021147182783 0
30 200 108.629614146144 0
30 400 127.399387125735 0
30 500 111.528808268962 0
30 700 86.2866884294129 0
30 1000 55.2791806000176 0
31 0 81.2170656152229 0
31 200 93.9937088035677 0
31 400 82.1182146317405 0
31 500 75.9777673729251 0
31 700 27.6438486180504 0
31 1000 36.8740993038668 0
32 0 74.4420602001196 0
32 200 66.1688221707946 0
32 400 51.7878378405015 0
32 500 82.0157338246243 0
32 700 25.5509316868072 0
32 1000 51.0414203703321 0
33 0 98.9921873568635 0
33 200 81.4168696357576 0
33 400 41.0075191547858 0
33 500 68.9242856127865 0
33 700 62.4170961328241 0
33 1000 35.0385020094988 0
34 0 62.9146553443766 0
34 200 79.378470103445 0
34 400 59.1718773448245 0
34 500 50.9861484287897 0
34 700 45.4021012886968 0
34 1000 32.0249410051316 0
35 0 130.224145754384 0
35 200 95.7504309487268 0
35 400 98.7922421419543 0
35 500 83.6500746638026 0
35 700 82.4905741883795 0
35 1000 54.7458727670297 0
36 0 98.7544604946585 0
36 200 98.7766859902025 0
36 400 51.256330805614 0
36 500 62.9911354410623 0
36 700 53.9415807797979 0
36 1000 38.0728464419361 0
37 0 104.440856218823 0
37 200 100.697228338715 0
37 400 110.802212403858 0
37 500 65.9094099266859 0
37 700 51.7095107767825 0
37 1000 60.1204324602159 0
38 0 98.6704775020853 0
38 200 86.6756059460064 0
38 400 55.8263356145149 0
38 500 51.7839230465728 0
38 700 48.4349646359823 0
38 1000 29.2889351456173 0
39 0 108.678645206227 0
39 200 80.251133320247 0
39 400 35.4848024983144 0
39 500 41.2710459575042 0
39 700 49.6330797809326 0
39 1000 53.0049794500099 0
40 0 119.539625277131 0
40 200 104.071320603986 0
40 400 64.3970764488286 0
40 500 59.8001163858233 0
40 700 59.8728843588962 0
40 1000 52.4361228561881 0
41 0 120.50221157848 0
41 200 136.161523677581 0
41 400 49.3951180354069 0
41 500 51.5019101568225 0
41 700 40.2029407713505 0
41 1000 40.21230217254 0
42 0 92.8021818161263 0
42 200 104.009607551228 0
42 400 90.0122392927742 0
42 500 98.1485168138964 0
42 700 55.9086507146103 0
42 1000 46.502137883813 0
43 0 80.6994293828169 0
43 200 48.493821734351 0
43 400 40.9791013114957 0
43 500 57.3598413934295 0
43 700 34.469813972327 0
43 1000 44.8984899963697 0
44 0 85.8057040029914 0
44 200 96.0909524936411 0
44 400 67.5294592295342 0
44 500 72.1824582893337 0
44 700 42.5768583523441 0
44 1000 29.9904145627149 0
45 0 162.59170350876 0
45 200 87.1751424657464 0
45 400 98.467888573002 0
45 500 67.2162625959767 0
45 700 44.3071337126271 0
45 1000 33.1662376386018 0
46 0 119.021869004829 0
46 200 106.087535130172 0
46 400 85.5776191734062 0
46 500 75.756466237221 0
46 700 54.4022083892463 0
46 1000 42.875625040875 0
47 0 78.2571965330127 0
47 200 77.2108634496225 0
47 400 58.2567582916786 0
47 500 73.4161399555303 0
47 700 73.8929357262461 0
47 1000 44.687648292288 0
48 0 118.008649764674 0
48 200 53.4204064084269 0
48 400 88.3275894008406 0
48 500 43.6815246362267 0
48 700 64.8096806458928 0
48 1000 34.1210755850118 0
49 0 75.4791674111334 0
49 200 79.302751688766 0
49 400 53.1249740537067 0
49 500 33.0007220830619 0
49 700 41.8723389035854 0
49 1000 32.326689980297 0
50 0 146.554157447782 0
50 200 124.535586725874 0
50 400 92.6618090202553 0
50 500 67.9368731742385 0
50 700 62.7122231782618 0
50 1000 72.2774938632814 0
51 0 125.34210880803 1
51 200 83.9899059777782 1
51 400 46.8541258117303 1
51 500 62.3704105066009 1
51 700 36.2371944118467 1
51 1000 51.0052186935236 1
52 0 89.3980209189626 1
52 200 61.0923818864309 1
52 400 22.8969120855453 1
52 500 37.4448123304616 1
52 700 32.8702938045411 1
52 1000 31.6198003329779 1
53 0 83.7056165782645 1
53 200 134.207712722307 1
53 400 51.8912644197402 1
53 500 54.5630633101578 1
53 700 36.9001483654119 1
53 1000 40.1378019878311 1
54 0 51.6878337599122 1
54 200 79.7392470659328 1
54 400 50.9519960401623 1
54 500 39.9551642306467 1
54 700 44.8125883685783 1
54 1000 31.5181794317288 1
55 0 110.241358829017 1
55 200 81.371895133737 1
55 400 69.2139440538517 1
55 500 50.3918142667607 1
55 700 45.5492751353126 1
55 1000 38.0878571601043 1
56 0 98.6186912111992 1
56 200 58.3131673218459 1
56 400 45.5921027037426 1
56 500 36.8022169716834 1
56 700 30.9693836077369 1
56 1000 20.2127775654901 1
57 0 95.1427125636488 1
57 200 74.3388877158184 1
57 400 60.7425387922637 1
57 500 62.080726473023 1
57 700 21.68338490647 1
57 1000 32.1363090263706 1
58 0 76.9956645606112 1
58 200 72.4064246634068 1
58 400 36.8122389811223 1
58 500 46.6803620441619 1
58 700 58.8849233800888 1
58 1000 38.5526867322416 1
59 0 133.599329512575 1
59 200 80.7462089461506 1
59 400 47.3853027671248 1
59 500 42.6538483286628 1
59 700 41.1355753369349 1
59 1000 28.4299950739176 1
60 0 88.4572399155145 1
60 200 103.784432818398 1
60 400 35.1785269536141 1
60 500 59.0849578745464 1
60 700 42.2037166752072 1
60 1000 47.048666756934 1
61 0 95.5877019100516 1
61 200 110.411510340118 1
61 400 95.3804052130607 1
61 500 85.2841558468431 1
61 700 53.2948539800018 1
61 1000 33.1399045449818 1
62 0 115.818671167445 1
62 200 91.0835658710637 1
62 400 47.6214578811339 1
62 500 44.7543420598196 1
62 700 28.0191908755981 1
62 1000 39.2677248975612 1
63 0 102.184661403068 1
63 200 73.4609480394168 1
63 400 61.646724058184 1
63 500 66.5237118596956 1
63 700 45.5070670299576 1
63 1000 43.4578446812725 1
64 0 111.65698926259 1
64 200 103.282807941085 1
64 400 74.7543116516756 1
64 500 58.4704449449993 1
64 700 57.194004824155 1
64 1000 33.7513552510792 1
65 0 116.800755806908 1
65 200 70.8104135453753 1
65 400 56.113392304981 1
65 500 53.5601139522558 1
65 700 49.9531616249798 1
65 1000 49.2238363565172 1
66 0 65.6641273596474 1
66 200 78.7883930424488 1
66 400 44.653051764218 1
66 500 35.7041813331849 1
66 700 30.6195708680769 1
66 1000 25.2371795523445 1
67 0 104.008345902713 1
67 200 62.2287401191642 1
67 400 32.939848951775 1
67 500 56.3116139892086 1
67 700 25.1547453791148 1
67 1000 37.1289718624834 1
68 0 85.9824621353816 1
68 200 111.563885212658 1
68 400 52.1574914082573 1
68 500 63.9496589326934 1
68 700 66.9028472603 1
68 1000 53.2837647850032 1
69 0 52.3837408350788 1
69 200 65.7057334898404 1
69 400 50.0995131802018 1
69 500 43.482288731267 1
69 700 33.4079753800969 1
69 1000 35.4173944688082 1
70 0 59.7935047204728 1
70 200 78.4796427406697 1
70 400 57.5804326257588 1
70 500 38.3393969599248 1
70 700 41.2988983043806 1
70 1000 46.6074171364776 1
71 0 86.3470184184096 1
71 200 58.7298434962935 1
71 400 46.4490871630644 1
71 500 46.0847361253351 1
71 700 21.1547846336728 1
71 1000 41.2837338735485 1
72 0 86.0425690954815 1
72 200 93.1561230323226 1
72 400 54.1160773762107 1
72 500 40.8774374897422 1
72 700 47.5476171581529 1
72 1000 18.0874598242915 1
73 0 77.1289862825122 1
73 200 54.3376082172072 1
73 400 57.8923444815321 1
73 500 31.8821976044731 1
73 700 48.0738790341372 1
73 1000 31.2246170062067 1
74 0 114.274627471962 1
74 200 95.5296030136698 1
74 400 76.8597904171605 1
74 500 76.0347226406665 1
74 700 73.2719427786165 1
74 1000 28.428277847472 1
75 0 91.1000848917337 1
75 200 77.1694489373922 1
75 400 27.750942981971 1
75 500 58.9058030949986 1
75 700 32.8346885163827 1
75 1000 30.3649270895142 1
76 0 107.261102781964 1
76 200 72.8302351310649 1
76 400 67.6246387396764 1
76 500 45.0786786271406 1
76 700 49.9494674638596 1
76 1000 48.517707809988 1
77 0 127.345525313663 1
77 200 61.3317187162767 1
77 400 72.8902859122472 1
77 500 54.434078489623 1
77 700 45.7220403492927 1
77 1000 51.3329700973909 1
78 0 112.438086421422 1
78 200 91.9194430887741 1
78 400 55.1108741059405 1
78 500 57.8097681236377 1
78 700 50.8253534092662 1
78 1000 48.2454205915928 1
79 0 87.2361598164474 1
79 200 100.607752202135 1
79 400 38.8497340499488 1
79 500 57.4438680165087 1
79 700 29.0672229893314 1
79 1000 26.2994492768833 1
80 0 108.048655208318 1
80 200 60.2244592287546 1
80 400 38.6219959319985 1
80 500 36.3777192004483 1
80 700 34.0997418369493 1
80 1000 36.9183140628516 1
81 0 85.0670400840494 1
81 200 89.4844735582465 1
81 400 50.4653280303365 1
81 500 21.2370562897543 1
81 700 38.3325522611287 1
81 1000 34.1626475454363 1
82 0 111.328920109196 1
82 200 85.0270753326848 1
82 400 65.9494885576265 1
82 500 42.6525946044457 1
82 700 24.9383966640783 1
82 1000 36.8885842780048 1
83 0 108.316042127891 1
83 200 88.9260665371828 1
83 400 95.7655692419051 1
83 500 52.538586093274 1
83 700 30.4440238983569 1
83 1000 31.8066784668371 1
84 0 110.282250763832 1
84 200 52.0017445466169 1
84 400 52.036974535607 1
84 500 33.573101552884 1
84 700 39.9177493618319 1
84 1000 33.3064627407015 1
85 0 97.2030612845979 1
85 200 70.5104021352961 1
85 400 62.4550509250622 1
85 500 60.6659426492991 1
85 700 46.7498321890938 1
85 1000 34.3891949829149 1
86 0 63.6797613487074 1
86 200 101.737049417526 1
86 400 62.6077525083485 1
86 500 51.7958165907281 1
86 700 51.7988366359763 1
86 1000 43.4559278071809 1
87 0 104.97765023692 1
87 200 75.0035564951467 1
87 400 45.6235791792559 1
87 500 52.7574787545335 1
87 700 44.0520482357598 1
87 1000 31.7629721005841 1
88 0 130.256509711368 1
88 200 58.2305320839344 1
88 400 76.7508538637247 1
88 500 30.4041367924556 1
88 700 34.7352126989634 1
88 1000 30.0143142879332 1
89 0 101.501211412048 1
89 200 83.4964750345692 1
89 400 44.6341299288648 1
89 500 35.3290169578248 1
89 700 31.33752258906 1
89 1000 34.2455721222887 1
90 0 92.7155840123723 1
90 200 49.096653234475 1
90 400 57.5529655616451 1
90 500 57.8654185855303 1
90 700 35.3448275914742 1
90 1000 22.9620278036217 1
91 0 85.0795027112014 1
91 200 89.8493937770067 1
91 400 58.5045121881664 1
91 500 37.6257930736651 1
91 700 31.0165265931251 1
91 1000 38.3404348783309 1
92 0 109.798449349215 1
92 200 74.6538412742736 1
92 400 45.024266069812 1
92 500 54.3504630849145 1
92 700 30.7552577783381 1
92 1000 40.3642558395717 1
93 0 81.6305741061212 1
93 200 71.5510658604877 1
93 400 27.1626449366396 1
93 500 42.4592816922429 1
93 700 48.4788364917487 1
93 1000 31.1584492425293 1
94 0 69.1083087691622 1
94 200 76.7340265199628 1
94 400 42.7046283140544 1
94 500 38.2753506348634 1
94 700 36.8676327588154 1
94 1000 32.7559871123455 1
95 0 122.251069519763 1
95 200 69.1332498727714 1
95 400 45.9763170600343 1
95 500 36.3034408187384 1
95 700 30.7041349885615 1
95 1000 21.6342220669938 1
96 0 105.996114685147 1
96 200 85.3922013078969 1
96 400 63.8626925508837 1
96 500 58.2110089938598 1
96 700 51.1788190989348 1
96 1000 52.4012389175379 1
97 0 114.100889008414 1
97 200 70.5517209645131 1
97 400 95.8129139900864 1
97 500 105.232802681924 1
97 700 65.4749365449804 1
97 1000 59.9902566136004 1
98 0 139.730572031986 1
98 200 81.5007266972099 1
98 400 57.9683881714381 1
98 500 47.5480620903287 1
98 700 43.5074836994545 1
98 1000 20.4707230643563 1
99 0 87.7922376352043 1
99 200 83.20932369119 1
99 400 64.5844318299095 1
99 500 67.595171315327 1
99 700 60.1839654725922 1
99 1000 54.1859072147864 1
100 0 102.626635001395 1
100 200 56.9254402477768 1
100 400 64.229543502511 1
100 500 56.2893376976112 1
100 700 42.7306000445227 1
100 1000 32.9794348967962 1
