id dose eff group
1 0 105.770683309995 0
1 200 107.243291136687 0
1 400 77.6395662653078 0
1 500 47.7580346314812 0
1 700 63.2347284025399 0
1 1000 46.3121780595865 0
2 0 123.344657840718 0
2 200 87.5847459461085 0
2 400 70.292261489475 0
2 500 81.7119051752123 0
2 700 48.1340107891561 0
2 1000 41.8752735890839 0
3 0 84.3204793137653 0
3 200 94.2628033871257 0
3 400 49.9148774090969 0
3 500 68.7675947401033 0
3 700 60.494135788054 0
3 1000 33.4517668827514 0
4 0 116.208530837151 0
4 200 50.7642767411627 0
4 400 77.4781387673283 0
4 500 53.973052981298 0
4 700 48.9007837866044 0
4 1000 45.4879452834709 0
5 0 120.038458730201 0
5 200 82.158452500665 0
5 400 44.0791501554003 0
5 500 38.0708273737048 0
5 700 31.1964889152984 0
5 1000 28.8750793478229 0
6 0 134.359279864266 0
6 200 73.5121463526689 0
6 400 68.7052307846659 0
6 500 67.9847551466836 0
6 700 49.3701549246986 0
6 1000 36.675733040966 0
7 0 55.8691774292975 0
7 200 110.53256148044 0
7 400 81.8927854100336 0
7 500 51.3817170202585 0
7 700 63.3098241532231 0
7 1000 40.6673588872681 0
8 0 101.659001449073 0
8 200 101.567043368488 0
8 400 92.8646530452544 0
8 500 56.8871031501975 0
8 700 52.3948234051711 0
8 1000 52.58254501228 0
9 0 65.6793792003726 0
9 200 84.8121957044939 0
9 400 56.2567644451333 0
9 500 69.0918382663657 0
9 700 64.1392819859781 0
9 1000 45.0533927161237 0
10 0 76.7671537978856 0
10 200 70.5838533834616 0
10 400 58.4649561418572 0
10 500 34.04987281008 0
10 700 45.133234154351 0
10 1000 55.6339641189863 0
11 0 140.125432040241 0
11 200 77.775395290073 0
11 400 88.1664216205216 0
11 500 55.4238972260112 0
11 700 45.6305107018742 0
11 1000 34.3345044677753 0
12 0 93.7637037587406 0
12 200 99.5689204126903 0
12 400 58.673275255576 0
12 500 75.9997268158392 0
12 700 55.4157451591386 0
12 1000 49.0696538014642 0
13 0 96.0448948727533 0
13 200 98.0188927137525 0
13 400 77.1833476062809 0
13 500 52.4662706699151 0
13 700 48.6144852740474 0
13 1000 46.1317183979949 0
14 0 56.068674808119 0
14 200 106.284020699094 0
14 400 82.6274897056177 0
14 500 62.7336734967585 0
14 700 50.6584051936923 0
14 1000 42.9991849192243 0
15 0 82.7743061196463 0
15 200 89.4732415322966 0
15 400 62.1373799933703 0
15 500 41.9226878467221 0
15 700 40.363224755415 0
15 1000 23.696906300576 0
16 0 73.9602084961962 0
16 200 85.1443814420529 0
16 400 85.913405673682 0
16 500 78.926304497838 0
16 700 45.4065301738749 0
16 1000 23.6350100714695 0
17 0 95.6213501980301 0
17 200 117.941117374503 0
17 400 57.965574985213 0
17 500 66.724531692386 0
17 700 47.5948342137116 0
17 1000 40.1544734281686 0
18 0 118.414258863657 0
18 200 75.9492098233825 0
18 400 39.7730150908352 0
18 500 54.8966572052039 0
18 700 52.6559051578827 0
18 1000 47.6971029659758 0
19 0 157.093414786787 0
19 200 83.2029818696432 0
19 400 80.2308110967873 0
19 500 64.0753734365097 0
19 700 58.9554728149639 0
19 1000 53.6091476689963 0
20 0 68.4078264582512 0
20 200 105.117485860417 0
20 400 56.4643844554316 0
20 500 61.9234382278634 0
20 700 66.144806959125 0
20 1000 62.6895239910117 0
21 0 79.2999052735347 0
21 200 65.1255431042903 0
21 400 38.7986748142609 0
21 500 50.9619108880447 0
21 700 29.7878891090572 0
21 1000 36.3884349304542 0
22 0 64.5725566600212 0
22 200 113.051918057463 0
22 400 59.5605232755213 0
22 500 59.7016008973345 0
22 700 55.7355778604605 0
22 1000 67.1253577306189 0
23 0 84.4713580969007 0
23 200 98.8280403105822 0
23 400 41.0518381165905 0
23 500 69.5235754224323 0
23 700 28.6643737815263 0
23 1000 46.517131282398 0
24 0 105.926107195885 0
24 200 97.8210794426856 0
24 400 54.1111756009069 0
24 500 56.3777386505545 0
24 700 54.3667157293258 0
24 1000 56.907175779521 0
25 0 105.93422376578 0
25 200 101.777960452425 0
25 400 81.8868336039295 0
25 500 85.6285924855459 0
25 700 69.179465990549 0
25 1000 51.1887587973768 0
26 0 112.834242619452 0
26 200 104.654487201864 0
26 400 33.0160822789505 0
26 500 78.178452331187 0
26 700 43.4147648922188 0
26 1000 42.9229211341251 0
27 0 68.9407464382072 0
27 200 70.1138497632528 0
27 400 64.7082687309053 0
27 500 54.9686406789359 0
27 700 39.732787794657 0
27 1000 25.3085459807056 0
28 0 75.3810972645803 0
28 200 65.1334563698737 0
28 400 49.2674941775331 0
28 500 57.5452775214197 0
28 700 38.7595305505591 0
28 1000 41.6848641406078 0
29 0 109.498580272457 0
29 200 83.1811042285734 0
29 400 77.4933653527707 0
29 500 106.155263222931 0
29 700 65.2766101081236 0
29 1000 47.8760135079572 0
30 0 102.748554799926 0
30 200 66.8137605205764 0
30 400 99.3950012491622 0
30 500 60.7667549894719 0
30 700 98.3979907180347 0
30 1000 62.7474177556542 0
31 0 103.041383313702 0
31 200 67.0549651318212 0
31 400 51.2598728795164 0
31 500 40.6192751504544 0
31 700 60.1695838096105 0
31 1000 28.9983730729358 0
32 0 124.906388788281 0
32 200 95.3584037554303 0
32 400 86.2737372040329 0
32 500 74.2013414963706 0
32 700 61.6518713376367 0
32 1000 47.0023366910633 0
33 0 72.7393171319127 0
33 200 82.8255770048886 0
33 400 53.8336878117197 0
33 500 61.3563599485911 0
33 700 56.3677250986345 0
33 1000 35.6580391602499 0
34 0 124.444857935832 0
34 200 91.080820581891 0
34 400 57.4827586357559 0
34 500 60.9858779876822 0
34 700 53.0842447926967 0
34 1000 26.5464952058626 0
35 0 125.174093693438 0
35 200 91.9364673724784 0
35 400 83.106922115214 0
35 500 73.3515649347324 0
35 700 62.8952761487612 0
35 1000 30.4371836588696 0
36 0 61.8658705902198 0
36 200 93.3617445016699 0
36 400 58.7711573125509 0
36 500 64.3740590653384 0
36 700 63.8696296933886 0
36 1000 61.5200081442149 0
37 0 142.235068478197 0
37 200 132.913963061726 0
37 400 90.8003710064377 0
37 500 71.4510789297539 0
37 700 27.0549376352024 0
37 1000 80.7202726410071 0
38 0 121.690852987672 0
38 200 86.5299158343407 0
38 400 49.1274993870046 0
38 500 81.4709145532089 0
38 700 56.7726242449802 0
38 1000 39.9444679093091 0
39 0 109.970733314202 0
39 200 111.596607196425 0
39 400 62.9862776072698 0
39 500 52.6620246564598 0
39 700 46.7863009262372 0
39 1000 23.9363278483524 0
40 0 82.5065155110449 0
40 200 55.4508322840678 0
40 400 47.8881006458365 0
40 500 47.2926729317364 0
40 700 37.0686263072113 0
40 1000 40.0113059295266 0
41 0 102.963881160667 0
41 200 91.676976253846 0
41 400 52.7160635837452 0
41 500 55.4201276632408 0
41 700 51.5917850831373 0
41 1000 48.7393892287214 0
42 0 119.928095655852 0
42 200 76.2524834208308 0
42 400 112.154780567915 0
42 500 75.5305888608636 0
42 700 97.7145364195721 0
42 1000 74.9797264730789 0
43 0 135.199087445253 0
43 200 111.534088178531 0
43 400 74.0533130135556 0
43 500 52.881969919111 0
43 700 41.7611726799614 0
43 1000 37.7689995729508 0
44 0 91.2714429175794 0
44 200 68.4691572942335 0
44 400 88.6477341360323 0
44 500 69.6406529930933 0
44 700 57.2600711602266 0
44 1000 49.1706096389072 0
45 0 66.1118970957478 0
45 200 117.403616770121 0
45 400 73.2065207019976 0
45 500 69.4632020343596 0
45 700 73.9907465336574 0
45 1000 62.0491168132062 0
46 0 86.9296402777804 0
46 200 101.12395069224 0
46 400 90.2075592442736 0
46 500 68.9592020739693 0
46 700 52.7437198413457 0
46 1000 58.5556649857443 0
47 0 117.504522655106 0
47 200 90.0989982956347 0
47 400 66.3124210513951 0
47 500 66.8851671524067 0
47 700 55.9252720668075 0
47 1000 41.7762009671186 0
48 0 100.57922280502 0
48 200 131.630300999205 0
48 400 74.2438771352679 0
48 500 87.8720589941972 0
48 700 92.4005027709939 0
48 1000 85.1532883675222 0
49 0 102.394561016596 0
49 200 110.375155039035 0
49 400 117.393536319142 0
49 500 87.6396741864799 0
49 700 67.9148277682976 0
49 1000 59.8216963806389 0
50 0 96.5818036159966 0
50 200 85.7820894775716 0
50 400 66.6888923646492 0
50 500 57.2191561640405 0
50 700 48.3620412605474 0
50 1000 38.2558968539005 0
51 0 87.2127190862683 1
51 200 111.163452726379 1
51 400 65.8044042131319 1
51 500 46.9024585499646 1
51 700 37.2516006071167 1
51 1000 42.5444121544359 1
52 0 77.0938250456063 1
52 200 90.8289977062224 1
52 400 72.072085197942 1
52 500 39.9418255731149 1
52 700 61.8303284466605 1
52 1000 50.1167320044615 1
53 0 105.916443513265 1
53 200 72.1694895311077 1
53 400 51.8302122553231 1
53 500 51.7755502514365 1
53 700 49.2838729946549 1
53 1000 27.6248283151992 1
54 0 116.779221226133 1
54 200 111.662404621982 1
54 400 51.9826630262448 1
54 500 64.8650265627457 1
54 700 51.3234577350129 1
54 1000 62.307486972639 1
55 0 84.2184996192707 1
55 200 69.8823299368258 1
55 400 70.21999270072 1
55 500 53.3660137668087 1
55 700 51.3933281377396 1
55 1000 56.7078039053203 1
56 0 28.7021503107897 1
56 200 69.3903993353889 1
56 400 67.1355416052385 1
56 500 36.8585181095401 1
56 700 40.941269182327 1
56 1000 32.0540582445363 1
57 0 129.198123828524 1
57 200 123.948148621106 1
57 400 77.7411704864986 1
57 500 36.1860140821147 1
57 700 58.3184907738196 1
57 1000 32.2530707806872 1
58 0 90.2234942463371 1
58 200 70.2303423335999 1
58 400 66.4349713556022 1
58 500 58.7636564635152 1
58 700 65.4685792390354 1
58 1000 26.7448782086323 1
59 0 142.607303063634 1
59 200 87.1388746230111 1
59 400 58.1503369517708 1
59 500 46.2666329754401 1
59 700 43.1301540945242 1
59 1000 13.8002802856871 1
60 0 87.6236459258878 1
60 200 56.9165303395656 1
60 400 32.8037361202756 1
60 500 39.8421052335349 1
60 700 31.6833806321804 1
60 1000 49.8537660632671 1
61 0 133.08201640049 1
61 200 72.1280332692155 1
61 400 73.6380912082872 1
61 500 51.9250270174558 1
61 700 63.2330792784484 1
61 1000 35.242468668522 1
62 0 105.735163983546 1
62 200 82.3060387185148 1
62 400 60.1896314930893 1
62 500 56.1497567446994 1
62 700 48.8745383415959 1
62 1000 45.9585633183098 1
63 0 67.3588330177569 1
63 200 55.9306566639163 1
63 400 51.6201196476933 1
63 500 55.259879945423 1
63 700 33.749079053314 1
63 1000 40.4782914162699 1
64 0 134.45224712741 1
64 200 103.508789468673 1
64 400 59.8104844780755 1
64 500 46.0708212483833 1
64 700 42.075739770497 1
64 1000 43.8365943274001 1
65 0 91.3245343431831 1
65 200 59.9165952801623 1
65 400 46.244845797104 1
65 500 34.3477816691843 1
65 700 45.3940288958421 1
65 1000 38.4385886276708 1
66 0 96.9320493786646 1
66 200 44.2576395017719 1
66 400 48.4099318754116 1
66 500 40.0564741207712 1
66 700 44.2274516399117 1
66 1000 48.713944005788 1
67 0 98.7529321582242 1
67 200 84.1220638100273 1
67 400 81.0167221486706 1
67 500 56.3120532377435 1
67 700 43.0336665169779 1
67 1000 43.9757884060219 1
68 0 129.216984187355 1
68 200 62.477275271665 1
68 400 53.0861789413657 1
68 500 63.4580260020838 1
68 700 16.0111579368935 1
68 1000 31.3700019012062 1
69 0 90.0758113847295 1
69 200 51.2938348564158 1
69 400 38.4568566232509 1
69 500 28.2958735372051 1
69 700 47.6229260487366 1
69 1000 41.1989952002608 1
70 0 128.09858351838 1
70 200 90.2901345811973 1
70 400 74.0644428734344 1
70 500 72.7131218854711 1
70 700 39.6593953533735 1
70 1000 42.7886733973131 1
71 0 97.8233142092049 1
71 200 79.9019859417183 1
71 400 34.0577262312406 1
71 500 64.8210127837476 1
71 700 54.0822578056302 1
71 1000 38.6679499170891 1
72 0 95.3953334360949 1
72 200 118.959599202725 1
72 400 58.4916569544827 1
72 500 63.6295606089809 1
72 700 66.7449386710184 1
72 1000 43.1166840259673 1
73 0 111.167359760518 1
73 200 66.842473834747 1
73 400 43.9752846326753 1
73 500 35.2101663007169 1
73 700 25.6357357789731 1
73 1000 36.2448073045018 1
74 0 125.453861374126 1
74 200 85.9169685242144 1
74 400 70.0320614089232 1
74 500 53.3365045747493 1
74 700 37.5963596973344 1
74 1000 29.7682425780063 1
75 0 50.0325893504588 1
75 200 64.3752813632842 1
75 400 29.3574120808835 1
75 500 26.4215198741815 1
75 700 27.2254383836704 1
75 1000 18.6221268716902 1
76 0 124.673944721942 1
76 200 118.631297434087 1
76 400 45.9630993483352 1
76 500 32.6305723964278 1
76 700 55.9092799056801 1
76 1000 34.7958193941712 1
77 0 100.456259529596 1
77 200 62.9838647601511 1
77 400 66.6211739222098 1
77 500 70.3879057705142 1
77 700 62.7067598696697 1
77 1000 36.4979353563391 1
78 0 113.042593583907 1
78 200 94.7539710706772 1
78 400 55.165803207779 1
78 500 58.8034448425731 1
78 700 52.7696557993939 1
78 1000 59.7034504753233 1
79 0 124.501279389486 1
79 200 62.5636633568402 1
79 400 60.1281533374418 1
79 500 43.2385702063312 1
79 700 52.4414184553906 1
79 1000 44.7645937069515 1
80 0 82.7694884185905 1
80 200 62.0795426686402 1
80 400 32.3211092009039 1
80 500 46.7703772281735 1
80 700 18.6055422153293 1
80 1000 29.1014783602708 1
81 0 142.040276562225 1
81 200 92.8224846973335 1
81 400 43.5054471629394 1
81 500 67.9368174935312 1
81 700 62.2251396001161 1
81 1000 37.0334293077063 1
82 0 146.466946795247 1
82 200 79.4262359478226 1
82 400 59.3848305174525 1
82 500 45.5874936094788 1
82 700 38.8851623531366 1
82 1000 24.5121449035543 1
83 0 105.137107838334 1
83 200 74.9854164107714 1
83 400 39.5859401094559 1
83 500 60.3935040754442 1
83 700 46.2839771198992 1
83 1000 36.002566239204 1
84 0 101.823808445658 1
84 200 99.1589794500039 1
84 400 76.6128060699532 1
84 500 49.1288613812557 1
84 700 11.7404781055493 1
84 1000 36.8015058924148 1
85 0 166.526788063393 1
85 200 95.2733025114367 1
85 400 53.7934355685436 1
85 500 62.7033391269674 1
85 700 66.9032405668845 1
85 1000 50.4341752714927 1
86 0 109.861148184133 1
86 200 51.1898988196003 1
86 400 55.0661525265809 1
86 500 40.9234554546171 1
86 700 37.2999919139 1
86 1000 39.5761713558426 1
87 0 117.524656346933 1
87 200 114.196579181011 1
87 400 51.7064658029847 1
87 500 63.6231174556428 1
87 700 53.6806735566869 1
87 1000 49.0228660242676 1
88 0 74.9986455261814 1
88 200 75.505252944549 1
88 400 108.371160970133 1
88 500 81.5224565408843 1
88 700 87.8220236429638 1
88 1000 68.1688890659435 1
89 0 133.83127146302 1
89 200 91.8212533617877 1
89 400 44.1562826378765 1
89 500 48.1829587866213 1
89 700 26.8660519882861 1
89 1000 51.1616269170314 1
90 0 87.8102012804158 1
90 200 56.736473462405 1
90 400 85.805310808786 1
90 500 75.997740902482 1
90 700 54.5026657750107 1
90 1000 51.6019662766559 1
91 0 58.6202732361428 1
91 200 91.6954915769903 1
91 400 62.8678627321973 1
91 500 71.8845708745493 1
91 700 30.4111775952574 1
91 1000 31.3603692194959 1
92 0 58.9241425664436 1
92 200 78.5703667038992 1
92 400 70.4418415354202 1
92 500 56.4566584858611 1
92 700 38.2020602016227 1
92 1000 37.7705041056607 1
93 0 110.681152134206 1
93 200 110.845290033677 1
93 400 79.3073107989455 1
93 500 45.3662573008714 1
93 700 48.4693385987612 1
93 1000 41.0440157312493 1
94 0 137.062354985243 1
94 200 75.2521751503254 1
94 400 63.7015387972694 1
94 500 64.7290204928319 1
94 700 46.3324413374797 1
94 1000 55.2469045064434 1
95 0 54.7202218707292 1
95 200 85.5091391324517 1
95 400 42.6336664399908 1
95 500 50.9475489043608 1
95 700 51.2832331813942 1
95 1000 53.1088256164798 1
96 0 103.465321041453 1
96 200 83.8039041132013 1
96 400 78.948276564757 1
96 500 50.0508670559911 1
96 700 78.0899291486286 1
96 1000 59.0947829513565 1
97 0 92.1176818639345 1
97 200 90.8874618460896 1
97 400 42.3288158728394 1
97 500 54.0292477503972 1
97 700 31.9535132269132 1
97 1000 17.1215569925503 1
98 0 108.255661054529 1
98 200 67.6409779358847 1
98 400 76.8078212840831 1
98 500 53.1649419878273 1
98 700 40.1775678225902 1
98 1000 50.7879694010245 1
99 0 73.2854003661023 1
99 200 78.9365219908272 1
99 400 39.011076180408 1
99 500 65.7156275670005 1
99 700 28.7017531152903 1
99 1000 43.1727312126623 1
100 0 102.565067924872 1
100 200 74.6889018321433 1
100 400 53.8471052314004 1
100 500 49.2086946839941 1
100 700 39.0881758627868 1
100 1000 47.8187448960514 1
