id dose eff group
1 0 106.690345164439 0
1 200 96.1665839584031 0
1 400 57.0635288149155 0
1 500 76.1400631551426 0
1 700 62.7923735766251 0
1 1000 50.9948155422945 0
2 0 77.8349518349689 0
2 200 112.678710252066 0
2 400 61.5904148847214 0
2 500 104.331867207897 0
2 700 53.5558114172392 0
2 1000 71.4043803008917 0
3 0 115.80952334713 0
3 200 87.3915345657416 0
3 400 48.5692608646818 0
3 500 50.6181547166412 0
3 700 47.6270783797422 0
3 1000 51.5943581442734 0
4 0 81.5905631796411 0
4 200 113.783248636977 0
4 400 73.1406990135082 0
4 500 61.0786692748246 0
4 700 47.7143644323626 0
4 1000 53.2084810537698 0
5 0 102.246783542551 0
5 200 78.100152562973 0
5 400 52.5473710255605 0
5 500 46.2034456921038 0
5 700 31.5270611331402 0
5 1000 32.7186798365962 0
6 0 90.8804063125417 0
6 200 51.0647110456992 0
6 400 55.4280868781041 0
6 500 50.687669780051 0
6 700 38.3770429820788 0
6 1000 39.6176491363033 0
7 0 119.647563019491 0
7 200 135.281337027283 0
7 400 87.8710223724493 0
7 500 61.6000520474294 0
7 700 84.3635394791476 0
7 1000 73.2042956569961 0
8 0 78.8418686969581 0
8 200 71.4823476891686 0
8 400 77.99301578746 0
8 500 55.1617373619912 0
8 700 57.3006062392635 0
8 1000 52.1671241082361 0
9 0 99.2295240834832 0
9 200 84.3961301794722 0
9 400 87.765930256237 0
9 500 70.9521525378184 0
9 700 86.3632310506434 0
9 1000 66.1288266647962 0
10 0 108.294611739752 0
10 200 79.9790359925254 0
10 400 67.5692810617975 0
10 500 46.1271796081437 0
10 700 38.8181552566921 0
10 1000 48.5172443846691 0
11 0 110.921677392077 0
11 200 88.3756931041747 0
11 400 67.2652056848102 0
11 500 51.0482996324406 0
11 700 41.0878396479863 0
11 1000 51.7462248482263 0
12 0 77.7251776806334 0
12 200 86.3363444363874 0
12 400 49.4691161315762 0
12 500 55.8152085582783 0
12 700 55.2791951251331 0
12 1000 51.8268028086103 0
13 0 87.2858607101591 0
13 200 69.6486793183452 0
13 400 49.0389752248605 0
13 500 83.8593626343561 0
13 700 63.344143529993 0
13 1000 40.8319291147808 0
14 0 125.327811278772 0
14 200 110.752289924832 0
14 400 50.2630544934838 0
14 500 59.6693057131896 0
14 700 43.3169834622418 0
14 1000 36.6045259721233 0
15 0 107.473101569567 0
15 200 127.684578622369 0
15 400 66.9263135403851 0
15 500 64.3749668183651 0
15 700 74.8662392394093 0
15 1000 45.4171696383117 0
16 0 95.2987104469849 0
16 200 86.1555578201684 0
16 400 42.2944910437279 0
16 500 43.1806843571767 0
16 700 53.1439158425448 0
16 1000 23.9285893838142 0
17 0 135.740678344657 0
17 200 75.2140416166999 0
17 400 59.590924479935 0
17 500 50.5942624906158 0
17 700 41.6678334618558 0
17 1000 33.9305786756162 0
18 0 114.082091362008 0
18 200 99.7682167548517 0
18 400 83.4592174658574 0
18 500 31.5385294745494 0
18 700 55.2650568646614 0
18 1000 47.2850823661027 0
19 0 109.760373069057 0
19 200 97.2812752165352 0
19 400 76.0809607430458 0
19 500 62.0564048888997 0
19 700 64.1272784987913 0
19 1000 44.6928754206462 0
20 0 98.6914073201133 0
20 200 80.9671053864719 0
20 400 82.4134032474268 0
20 500 104.159779377974 0
20 700 74.3923612331772 0
20 1000 47.5304737355523 0
21 0 88.3242525969122 0
21 200 97.0717924593013 0
21 400 88.8190478676454 0
21 500 74.0657763616041 0
21 700 77.1949722130458 0
21 1000 56.9622593130249 0
22 0 84.6921112494159 0
22 200 103.079857398642 0
22 400 62.6047148227292 0
22 500 78.5494664526982 0
22 700 27.5606935973982 0
22 1000 51.714822443615 0
23 0 116.291626367713 0
23 200 90.2710393804744 0
23 400 96.8017049847543 0
23 500 47.006792315145 0
23 700 57.8568489388997 0
23 1000 46.0149952670831 0
24 0 101.226297737657 0
24 200 69.3545716313127 0
24 400 76.1610598719431 0
24 500 49.0967154281539 0
24 700 42.9178582588545 0
24 1000 54.6615247382366 0
25 0 131.736907988922 0
25 200 89.3321645152585 0
25 400 63.1526852852058 0
25 500 40.6495369250753 0
25 700 63.4292114702792 0
25 1000 42.8864233144334 0
26 0 88.9375894986841 0
26 200 101.445738961779 0
26 400 128.920901184444 0
26 500 98.4836049357577 0
26 700 68.6383234774395 0
26 1000 28.0858293705317 0
27 0 83.0524489169178 0
27 200 97.0519216232622 0
27 400 52.1475647489119 0
27 500 70.3179350558935 0
27 700 67.9392874335609 0
27 1000 40.4992864465571 0
28 0 81.012698548738 0
28 200 106.44359156158 0
28 400 26.2071202249919 0
28 500 44.6730583959194 0
28 700 41.6880767907741 0
28 1000 47.9721136059843 0
29 0 46.5871473431217 0
29 200 100.563380122001 0
29 400 29.3639773465911 0
29 500 60.2761826643767 0
29 700 53.9628903246581 0
29 1000 51.8648949183036 0
30 0 141.638805712553 0
30 200 121.47767295572 0
30 400 91.0497421523027 0
30 500 91.7460506416912 0
30 700 52.0590258962817 0
30 1000 35.226794278498 0
31 0 99.7766868211469 0
31 200 158.950605425908 0
31 400 88.0736037147841 0
31 500 76.44910275244 0
31 700 66.1995744174053 0
31 1000 34.8423082976924 0
32 0 80.4134539174534 0
32 200 82.4920454930857 0
32 400 42.1780629494961 0
32 500 54.2625266296239 0
32 700 46.1346355684999 0
32 1000 22.2918118542079 0
33 0 161.45614617849 0
33 200 75.7321600657502 0
33 400 102.840248265322 0
33 500 66.4447207745124 0
33 700 68.0283617577935 0
33 1000 54.3574361842398 0
34 0 91.305407776569 0
34 200 89.4331903274071 0
34 400 63.1157455624829 0
34 500 80.7623420594757 0
34 700 49.1747843953126 0
34 1000 39.5523722649698 0
35 0 111.878886447783 0
35 200 116.490126257907 0
35 400 91.5399558471441 0
35 500 71.5910181772836 0
35 700 82.0710408386503 0
35 1000 51.5787832937037 0
36 0 94.6199837132137 0
36 200 98.4637376446459 0
36 400 63.487410386828 0
36 500 75.7431966193828 0
36 700 51.5419619284896 0
36 1000 43.2064237441168 0
37 0 68.2571862526434 0
37 200 121.166383471089 0
37 400 98.6745252085204 0
37 500 87.0610245943724 0
37 700 72.5080406660857 0
37 1000 70.5858797572954 0
38 0 99.0250088047516 0
38 200 121.136289374981 0
38 400 77.4032348867937 0
38 500 66.6621408937451 0
38 700 62.7561541997735 0
38 1000 55.6931287537457 0
39 0 60.3782590765262 0
39 200 90.5417163285916 0
39 400 64.2711727004601 0
39 500 63.6094889722512 0
39 700 40.2198471659885 0
39 1000 52.3864875404081 0
40 0 111.451091040766 0
40 200 91.2488260960959 0
40 400 44.2368932840433 0
40 500 74.233219284816 0
40 700 64.5045268073555 0
40 1000 43.2085847168714 0
41 0 122.116229244639 0
41 200 151.929279008602 0
41 400 123.224546858779 0
41 500 92.6050288668776 0
41 700 84.151855814092 0
41 1000 67.5401261514594 0
42 0 81.6621591860398 0
42 200 80.7152093761541 0
42 400 77.3119676873263 0
42 500 45.182816213574 0
42 700 40.2434076970565 0
42 1000 40.000996279629 0
43 0 98.5781923699848 0
43 200 57.0734667006681 0
43 400 73.1627175045664 0
43 500 56.126671827344 0
43 700 49.6074108286919 0
43 1000 43.2194151731465 0
44 0 107.730804466986 0
44 200 94.2101081489848 0
44 400 68.223295050359 0
44 500 41.977512525481 0
44 700 60.1603211416485 0
44 1000 34.4858106345148 0
45 0 92.6567690215287 0
45 200 102.566504499703 0
45 400 77.9654352206393 0
45 500 70.2578119028312 0
45 700 71.3654321176799 0
45 1000 52.263851814249 0
46 0 121.768899014055 0
46 200 105.303284854968 0
46 400 82.8929432209948 0
46 500 44.2692402973057 0
46 700 35.9410085388127 0
46 1000 36.5085837542045 0
47 0 108.569932187721 0
47 200 73.2521921489328 0
47 400 63.0026911858266 0
47 500 65.4202327810009 0
47 700 54.3690294963501 0
47 1000 68.1768866226777 0
48 0 117.592211021008 0
48 200 41.4264552289969 0
48 400 95.0067724427483 0
48 500 63.0755697625899 0
48 700 88.1493428008761 0
48 1000 47.6068334141706 0
49 0 93.4745342236812 0
49 200 65.8809756748658 0
49 400 66.6248672343563 0
49 500 76.1914430771724 0
49 700 57.4736690952346 0
49 1000 28.2453167032707 0
50 0 100.489095942034 0
50 200 92.4936045695022 0
50 400 70.7565014586738 0
50 500 64.8263758134693 0
50 700 54.8288038872183 0
50 1000 49.9968916308665 0
51 0 105.039688583895 1
51 200 89.8144355905029 1
51 400 38.7594820256926 1
51 500 34.8724579506569 1
51 700 47.6697258327082 1
51 1000 28.6765992905546 1
52 0 68.2174588165905 1
52 200 95.2100930908476 1
52 400 88.9928552682298 1
52 500 78.552306716004 1
52 700 45.5303857113047 1
52 1000 43.2749322129261 1
53 0 107.374077370885 1
53 200 80.8902527151089 1
53 400 76.3793109429617 1
53 500 71.1889022354241 1
53 700 50.5513512923077 1
53 1000 65.4968074451876 1
54 0 75.823662843794 1
54 200 92.9134991229231 1
54 400 57.852058895369 1
54 500 47.1000382423168 1
54 700 49.6910538305869 1
54 1000 41.2411544589638 1
55 0 96.5622147656304 1
55 200 45.4689489860879 1
55 400 54.3404155006698 1
55 500 40.5034038720662 1
55 700 35.6974644949592 1
55 1000 38.4056216535816 1
56 0 125.279474997197 1
56 200 71.8250836922343 1
56 400 65.2566438547001 1
56 500 80.1822547159723 1
56 700 40.9604825823572 1
56 1000 38.3200650391401 1
57 0 109.535462727546 1
57 200 51.3248104071268 1
57 400 59.7598496573334 1
57 500 58.6447888584538 1
57 700 20.0087445015606 1
57 1000 21.3232087204942 1
58 0 107.513243197964 1
58 200 71.5925148874649 1
58 400 53.0847190144299 1
58 500 45.3453744845792 1
58 700 32.4569380917952 1
58 1000 31.0124177795501 1
59 0 93.3790608553253 1
59 200 94.8718910042605 1
59 400 40.6760218647676 1
59 500 51.4334273566421 1
59 700 48.0652703134095 1
59 1000 29.9484947933217 1
60 0 122.639581434748 1
60 200 84.8572382232977 1
60 400 51.0082427026314 1
60 500 59.103499843471 1
60 700 39.0732008815749 1
60 1000 33.1917175020638 1
61 0 92.360328174388 1
61 200 70.8832272100772 1
61 400 34.4637519442448 1
61 500 26.7487866179797 1
61 700 40.0602812441284 1
61 1000 28.7167912745914 1
62 0 67.0862124753568 1
62 200 69.7715193537522 1
62 400 82.2273111484184 1
62 500 33.2152889222285 1
62 700 62.2766414295755 1
62 1000 27.5085239022879 1
63 0 95.8147041724506 1
63 200 104.379729155997 1
63 400 83.7382985669106 1
63 500 78.1749180642944 1
63 700 64.6785573612243 1
63 1000 58.0550969051254 1
64 0 91.9863154623515 1
64 200 99.5397643997365 1
64 400 47.517405066232 1
64 500 59.6618265815775 1
64 700 58.2244428362323 1
64 1000 35.5122743110686 1
65 0 84.9563239087968 1
65 200 65.8222734396465 1
65 400 77.6808710715907 1
65 500 63.6572631311448 1
65 700 10.9208792085708 1
65 1000 35.3060953573426 1
66 0 86.3583644712457 1
66 200 95.8496527957184 1
66 400 40.125986721088 1
66 500 40.8756356914078 1
66 700 53.55149983291 1
66 1000 31.3505699271896 1
67 0 123.140750396647 1
67 200 79.4046173635661 1
67 400 58.853349619548 1
67 500 86.8047581637602 1
67 700 57.2994291971987 1
67 1000 55.4807783445781 1
68 0 75.0738235515012 1
68 200 56.4841890236177 1
68 400 55.6353715843037 1
68 500 46.7539890676088 1
68 700 55.4687888993001 1
68 1000 40.2678831992168 1
69 0 103.553700591987 1
69 200 67.410749254068 1
69 400 54.7600124572189 1
69 500 34.8062036482217 1
69 700 41.9103101658203 1
69 1000 28.3288151219447 1
70 0 103.292102719681 1
70 200 79.6095259863038 1
70 400 49.869456352971 1
70 500 50.1621151693483 1
70 700 28.004849867744 1
70 1000 29.6163382246073 1
71 0 133.187395304208 1
71 200 77.5433479836303 1
71 400 65.206474056378 1
71 500 50.93269877782 1
71 700 19.352816053881 1
71 1000 39.9979076514143 1
72 0 136.832576988582 1
72 200 66.5714135850129 1
72 400 53.7998337036933 1
72 500 57.489287506796 1
72 700 49.9643054058075 1
72 1000 39.2919323173108 1
73 0 48.6106494630714 1
73 200 95.5111319096608 1
73 400 48.1368889844791 1
73 500 44.3941544906556 1
73 700 41.014158963427 1
73 1000 30.601631833287 1
74 0 117.465662142799 1
74 200 55.8117209786683 1
74 400 49.3146121842275 1
74 500 50.3148212346079 1
74 700 41.5240232379717 1
74 1000 29.0352517746845 1
75 0 87.8256038802449 1
75 200 45.477593955736 1
75 400 38.9777752563992 1
75 500 35.4560570169455 1
75 700 29.0235119451286 1
75 1000 36.0258450774893 1
76 0 99.0000224858852 1
76 200 91.1811851189416 1
76 400 50.2082305992709 1
76 500 50.0542748925842 1
76 700 31.1693967074725 1
76 1000 24.2138935632474 1
77 0 87.1105673857025 1
77 200 107.473829204672 1
77 400 56.6892783771188 1
77 500 67.2792164480252 1
77 700 48.920433666143 1
77 1000 17.9611673691693 1
78 0 102.882703842565 1
78 200 52.3654572604861 1
78 400 72.3698189020136 1
78 500 52.226050697834 1
78 700 53.9706878890217 1
78 1000 28.7396686392972 1
79 0 91.8304872232868 1
79 200 68.119085593825 1
79 400 47.5166152768245 1
79 500 36.9737333727436 1
79 700 40.0226984321248 1
79 1000 27.4358886012337 1
80 0 130.580636910431 1
80 200 74.8062421539588 1
80 400 44.9129074646112 1
80 500 51.9309589891625 1
80 700 28.4494624894764 1
80 1000 43.6132723046183 1
81 0 120.909458172415 1
81 200 67.5178313494793 1
81 400 54.1173633460236 1
81 500 33.1028812492061 1
81 700 33.889804063821 1
81 1000 29.6259559849685 1
82 0 81.1164274515532 1
82 200 65.9818397115241 1
82 400 42.2930280642441 1
82 500 43.0710698653489 1
82 700 40.7036845739814 1
82 1000 31.9485792580138 1
83 0 83.8280170561264 1
83 200 67.1910051278561 1
83 400 36.5604714048987 1
83 500 39.435253389318 1
83 700 34.5245270434684 1
83 1000 14.6762238250902 1
84 0 111.6128899828 1
84 200 89.4837811288807 1
84 400 58.685984298081 1
84 500 56.1220264074301 1
84 700 47.0869815051452 1
84 1000 48.7213319745456 1
85 0 70.2152405240286 1
85 200 67.9331448671065 1
85 400 69.9608246007522 1
85 500 48.4526968683499 1
85 700 59.0510666790679 1
85 1000 32.9978081818264 1
86 0 85.6640887853416 1
86 200 99.967755253825 1
86 400 44.5189867750956 1
86 500 34.0627193289409 1
86 700 30.2178912932477 1
86 1000 28.4791693228464 1
87 0 60.2028788978964 1
87 200 81.9047097993707 1
87 400 37.7205074178812 1
87 500 37.5669120798579 1
87 700 51.204247570918 1
87 1000 37.1349648608793 1
88 0 85.4216056964048 1
88 200 67.9925876719492 1
88 400 47.2126145154874 1
88 500 63.8330765265665 1
88 700 28.121539901871 1
88 1000 29.585258210949 1
89 0 92.8600882983632 1
89 200 74.6513253880585 1
89 400 63.6954851724308 1
89 500 65.4308126574672 1
89 700 40.1316419446488 1
89 1000 37.5250035127135 1
90 0 122.245932389587 1
90 200 80.0963659762953 1
90 400 45.0353306817295 1
90 500 32.9059656052909 1
90 700 36.4329147147141 1
90 1000 47.6902867708276 1
91 0 118.400053062269 1
91 200 66.058237025475 1
91 400 52.6439754841891 1
91 500 64.2461492469969 1
91 700 35.5032389575451 1
91 1000 46.39975845353 1
92 0 67.2309625712506 1
92 200 87.271422480922 1
92 400 45.6120694650241 1
92 500 67.5528142141692 1
92 700 29.1509121450591 1
92 1000 52.7179655079521 1
93 0 86.9559235821183 1
93 200 82.8693284491233 1
93 400 35.817065687331 1
93 500 43.7257207944267 1
93 700 35.4416510153862 1
93 1000 34.6425712940658 1
94 0 88.1921129333839 1
94 200 100.878377148183 1
94 400 70.7929264492677 1
94 500 57.7531956169291 1
94 700 37.2717495698566 1
94 1000 40.2613478534741 1
95 0 72.8624594174712 1
95 200 105.961903276655 1
95 400 78.427460950513 1
95 500 58.1567213840148 1
95 700 54.7184688780133 1
95 1000 44.2697518948784 1
96 0 116.673008991792 1
96 200 60.1654972629036 1
96 400 68.2430086822445 1
96 500 50.9809668033589 1
96 700 42.9958211232204 1
96 1000 38.9076853371707 1
97 0 106.225204165286 1
97 200 83.5915508563399 1
97 400 53.1261176865867 1
97 500 17.1844450283458 1
97 700 20.6984007333454 1
97 1000 34.8635683941919 1
98 0 141.731617782271 1
98 200 84.9186089647841 1
98 400 45.15672756383 1
98 500 36.9826186690293 1
98 700 33.5554305241651 1
98 1000 54.7787736887843 1
99 0 78.1474365001978 1
99 200 84.7663262748337 1
99 400 69.6586885008244 1
99 500 67.0410655259383 1
99 700 12.3246598131841 1
99 1000 37.1614189790339 1
100 0 117.3226393087 1
100 200 82.2822879105707 1
100 400 72.9578318963103 1
100 500 52.8582004463062 1
100 700 62.1576849720454 1
100 1000 37.5491941042579 1
