id dose eff group
1 0 125.019368430029 0
1 200 92.6865003985981 0
1 400 75.0651019041406 0
1 500 93.6829572170364 0
1 700 84.573233722081 0
1 1000 42.2901102475868 0
2 0 106.503658040133 0
2 200 55.2717342132694 0
2 400 98.8759865827881 0
2 500 49.2517289461737 0
2 700 26.5745498584168 0
2 1000 52.3304866230294 0
3 0 105.296536386055 0
3 200 103.180000875512 0
3 400 38.8602840193795 0
3 500 37.8069579329421 0
3 700 48.9806471310678 0
3 1000 38.5877899771012 0
4 0 133.89388635121 0
4 200 108.912896330248 0
4 400 90.4352706531668 0
4 500 74.4578223272455 0
4 700 69.7134519233416 0
4 1000 53.9528650445244 0
5 0 87.3257684223223 0
5 200 66.5284757547321 0
5 400 73.4946496833975 0
5 500 31.9522633851162 0
5 700 30.8085581224622 0
5 1000 55.816357995547 0
6 0 88.5984464716719 0
6 200 62.310898062504 0
6 400 79.7560289483236 0
6 500 52.0658496502636 0
6 700 53.1961016546345 0
6 1000 28.1298109507678 0
7 0 64.9220756514458 0
7 200 71.7286224020124 0
7 400 84.2401967398928 0
7 500 63.1628464394638 0
7 700 32.5006065344241 0
7 1000 36.3198392681883 0
8 0 102.830511799486 0
8 200 77.73975566342 0
8 400 97.2706222948178 0
8 500 71.2641195803681 0
8 700 81.8668133801136 0
8 1000 67.1181524931807 0
9 0 122.585990529573 0
9 200 118.264053084574 0
9 400 102.641584140679 0
9 500 90.6972643190399 0
9 700 108.459726116691 0
9 1000 70.5210703888234 0
10 0 123.222940037755 0
10 200 70.5332875499643 0
10 400 75.3553895564192 0
10 500 42.655981488624 0
10 700 47.7347633501841 0
10 1000 37.2956918781899 0
11 0 94.3742604335093 0
11 200 71.195834649557 0
11 400 63.3224951009259 0
11 500 59.4455652181147 0
11 700 62.6557029884508 0
11 1000 39.0660382378333 0
12 0 72.5915157342277 0
12 200 83.055167130147 0
12 400 69.2080512781769 0
12 500 70.4809796139642 0
12 700 62.0468498753006 0
12 1000 40.1105700325191 0
13 0 103.900497895736 0
13 200 67.5170172476849 0
13 400 89.2003830554167 0
13 500 61.47236800735 0
13 700 39.9522511606492 0
13 1000 36.8679129064366 0
14 0 94.2013559312784 0
14 200 98.2962385277257 0
14 400 46.6802526092055 0
14 500 52.3753384736437 0
14 700 45.2058080925343 0
14 1000 42.2301565850871 0
15 0 88.8634611817884 0
15 200 95.9647897237799 0
15 400 87.5592265192355 0
15 500 63.4708072604764 0
15 700 67.6533145995185 0
15 1000 38.2121046050254 0
16 0 102.143123546727 0
16 200 77.9796805999457 0
16 400 90.4043520256718 0
16 500 75.9185147029111 0
16 700 61.4124916087886 0
16 1000 46.3627551983153 0
17 0 93.1130107145297 0
17 200 64.6189154334481 0
17 400 80.8782669572533 0
17 500 36.1257984894841 0
17 700 54.7069438483796 0
17 1000 38.6965497012711 0
18 0 58.2460654173949 0
18 200 89.4907415699575 0
18 400 65.2017042536999 0
18 500 69.7986350183409 0
18 700 25.9335374420748 0
18 1000 29.9439655482585 0
19 0 82.6229238107381 0
19 200 70.1982482671527 0
19 400 55.8235683686827 0
19 500 71.6243236134725 0
19 700 60.7479790750209 0
19 1000 46.4696430982897 0
20 0 61.6409643165556 0
20 200 81.1048803045021 0
20 400 70.8970076815974 0
20 500 77.1734683993225 0
20 700 37.377165983233 0
20 1000 33.3325511145174 0
21 0 81.2214058758075 0
21 200 41.4497460338142 0
21 400 52.6695694480305 0
21 500 64.4032335644941 0
21 700 50.286796966108 0
21 1000 57.3621144548947 0
22 0 99.9998769714894 0
22 200 103.38016025945 0
22 400 89.1069758097426 0
22 500 87.1484100992882 0
22 700 54.9644181458528 0
22 1000 49.1417025118761 0
23 0 68.2329792102348 0
23 200 84.9759259212638 0
23 400 89.0942720405659 0
23 500 84.3717520738788 0
23 700 83.2042845503228 0
23 1000 54.5313254820252 0
24 0 135.642022615393 0
24 200 83.9455324477862 0
24 400 79.7169453311953 0
24 500 113.681306297906 0
24 700 91.859389089783 0
24 1000 56.1028106031681 0
25 0 114.613978201016 0
25 200 78.5364296120025 0
25 400 64.2311254137577 0
25 500 81.3934461029634 0
25 700 74.394436146482 0
25 1000 53.5235861037875 0
26 0 112.30405434895 0
26 200 37.2120178561076 0
26 400 54.7283534290412 0
26 500 64.4196503831147 0
26 700 65.4684985185219 0
26 1000 41.6360537305866 0
27 0 113.922620657717 0
27 200 77.5308430346146 0
27 400 83.5576826510108 0
27 500 36.8705230096493 0
27 700 49.7607997320761 0
27 1000 39.0058927340938 0
28 0 80.8667306166983 0
28 200 89.6937324215379 0
28 400 64.2740228454301 0
28 500 60.0121415091671 0
28 700 75.9234675781562 0
28 1000 51.4543844046218 0
29 0 96.1306584982515 0
29 200 73.1569771669425 0
29 400 57.3072534075253 0
29 500 64.6944969763028 0
29 700 56.2651743492648 0
29 1000 34.2104381953144 0
30 0 87.9600717881586 0
30 200 114.832218525493 0
30 400 104.980344267513 0
30 500 65.2970752560641 0
30 700 64.0516773983054 0
30 1000 68.6256584644102 0
31 0 109.607796189551 0
31 200 86.2755985881843 0
31 400 95.6022883637898 0
31 500 78.0802423223166 0
31 700 74.7832984823158 0
31 1000 51.4200699042793 0
32 0 77.7680255447398 0
32 200 72.5234722851312 0
32 400 48.5575931720186 0
32 500 67.4945528809282 0
32 700 45.0360265073953 0
32 1000 29.7201353032238 0
33 0 128.865806359795 0
33 200 105.798260283604 0
33 400 104.553323363165 0
33 500 78.7129148911502 0
33 700 70.6415993955758 0
33 1000 64.7110112925862 0
34 0 109.054134742018 0
34 200 89.4095452270614 0
34 400 82.6970938378336 0
34 500 55.1903756088363 0
34 700 56.6501003109488 0
34 1000 49.123447623682 0
35 0 97.8390743182713 0
35 200 109.085265866686 0
35 400 118.645120717726 0
35 500 107.1609388961 0
35 700 91.5660078739106 0
35 1000 60.1042532130553 0
36 0 110.025543170848 0
36 200 107.890049860196 0
36 400 52.1528170514565 0
36 500 52.1435959486767 0
36 700 42.7749481230901 0
36 1000 50.2645795322494 0
37 0 91.8014129628389 0
37 200 102.093892010993 0
37 400 66.6999327075334 0
37 500 48.3359324781332 0
37 700 55.0043538963663 0
37 1000 25.8897614677034 0
38 0 83.7394930772204 0
38 200 107.325532047014 0
38 400 61.8462024471358 0
38 500 59.192495478429 0
38 700 52.8560473802039 0
38 1000 30.6342102637843 0
39 0 108.3421119539 0
39 200 66.5424550973548 0
39 400 82.5619816817258 0
39 500 68.158184808413 0
39 700 60.7600508307477 0
39 1000 52.3498002216603 0
40 0 77.4208230660192 0
40 200 89.0138679026907 0
40 400 86.1081813965859 0
40 500 92.656191680258 0
40 700 49.7071448092374 0
40 1000 47.5825479555803 0
41 0 105.86817724915 0
41 200 95.3035859951359 0
41 400 99.310283063375 0
41 500 56.5005769614656 0
41 700 76.6266301517197 0
41 1000 60.4654662876336 0
42 0 65.9566846518274 0
42 200 84.6825776136044 0
42 400 67.950401037773 0
42 500 43.8450036667685 0
42 700 37.2928078954671 0
42 1000 24.5669904937677 0
43 0 89.8995733023883 0
43 200 75.6797794609573 0
43 400 75.1673278299362 0
43 500 75.2012613654653 0
43 700 38.2781243654288 0
43 1000 36.4677231673193 0
44 0 90.5957864785352 0
44 200 68.390718990184 0
44 400 68.1124735336273 0
44 500 44.6687266887417 0
44 700 39.3565096806692 0
44 1000 44.3969826451044 0
45 0 80.8480261955506 0
45 200 64.5727146752307 0
45 400 90.3538358864449 0
45 500 58.9544048040469 0
45 700 46.0271999364166 0
45 1000 51.0508165728482 0
46 0 100.213539822813 0
46 200 102.856754368912 0
46 400 79.6603573672831 0
46 500 74.8472577821211 0
46 700 31.2826474573173 0
46 1000 59.9444665657063 0
47 0 110.166617146334 0
47 200 77.6444826073501 0
47 400 58.9562892396641 0
47 500 48.6371605711523 0
47 700 41.4619308092621 0
47 1000 39.7587665569608 0
48 0 99.5754630563376 0
48 200 68.1079481997053 0
48 400 68.0065829303085 0
48 500 57.3290675979257 0
48 700 54.1801730081679 0
48 1000 22.4120453347813 0
49 0 105.015955718689 0
49 200 89.679668889829 0
49 400 38.4780449224772 0
49 500 42.1674275470039 0
49 700 61.7721643576984 0
49 1000 44.225511449546 0
50 0 92.4484406625991 0
50 200 57.1490358617239 0
50 400 90.451454412609 0
50 500 72.3004465164061 0
50 700 30.9854237029639 0
50 1000 29.57826563384 0
51 0 109.774411200808 1
51 200 130.915387779733 1
51 400 74.9775981280836 1
51 500 103.59120625803 1
51 700 59.5370958836908 1
51 1000 37.3669294715369 1
52 0 144.03692169685 1
52 200 59.269937330581 1
52 400 66.2068975976775 1
52 500 50.7023803054099 1
52 700 45.6330531641453 1
52 1000 44.4060240159686 1
53 0 66.9827390144589 1
53 200 95.3312491948711 1
53 400 67.2139169868996 1
53 500 56.3101689199451 1
53 700 44.7859924157298 1
53 1000 34.1644120935552 1
54 0 124.174688861074 1
54 200 107.972848092752 1
54 400 83.153697324007 1
54 500 45.6863927678012 1
54 700 50.9145019257611 1
54 1000 26.0787434868814 1
55 0 102.629331847783 1
55 200 62.6462057102347 1
55 400 74.7248103627838 1
55 500 37.4116932738486 1
55 700 46.8981836821086 1
55 1000 41.8281471978027 1
56 0 74.7948578382706 1
56 200 63.5884200531588 1
56 400 37.5697181586462 1
56 500 41.8221233123308 1
56 700 24.5134871704413 1
56 1000 22.6616999310062 1
57 0 88.4881167270337 1
57 200 40.6640691695352 1
57 400 13.0349722679165 1
57 500 23.8123735718821 1
57 700 30.6877632475205 1
57 1000 36.2729228077631 1
58 0 117.425551566481 1
58 200 101.973421690493 1
58 400 64.4206653853167 1
58 500 38.6572899805811 1
58 700 40.9483072394722 1
58 1000 24.7778679271997 1
59 0 104.090081265012 1
59 200 80.9433083685163 1
59 400 51.4942101002068 1
59 500 39.6908606837679 1
59 700 50.8031162829682 1
59 1000 31.5167328180084 1
60 0 150.763104535526 1
60 200 82.2743241340936 1
60 400 57.6173512064208 1
60 500 68.7252765279921 1
60 700 20.5367374274173 1
60 1000 21.5974694228308 1
61 0 111.802803636198 1
61 200 43.9422585944634 1
61 400 62.0814802495122 1
61 500 53.6007489958752 1
61 700 44.9602141222637 1
61 1000 32.148460105324 1
62 0 89.1530290204694 1
62 200 59.9930903949189 1
62 400 57.7822115166584 1
62 500 30.3721298587193 1
62 700 47.7078429839835 1
62 1000 34.2190889143876 1
63 0 145.57317002987 1
63 200 117.420487335597 1
63 400 67.5070137322875 1
63 500 63.4749531772474 1
63 700 51.8369729567545 1
63 1000 43.2706547105401 1
64 0 105.360546129494 1
64 200 138.601901204721 1
64 400 70.0911516109685 1
64 500 109.236593807234 1
64 700 74.3947148097132 1
64 1000 40.621510855054 1
65 0 69.1345849959793 1
65 200 68.0909569823845 1
65 400 63.2285552512701 1
65 500 45.4360666671512 1
65 700 58.1624238707595 1
65 1000 38.9199728480453 1
66 0 105.575415820297 1
66 200 110.943064608175 1
66 400 85.5412001166593 1
66 500 90.2234590305101 1
66 700 36.2408065713197 1
66 1000 48.3828661393271 1
67 0 69.9982772909563 1
67 200 86.2979206479425 1
67 400 49.312974326427 1
67 500 44.494294746635 1
67 700 40.3936951898737 1
67 1000 38.7806384345114 1
68 0 125.454918342054 1
68 200 58.9371350958134 1
68 400 71.2959036504463 1
68 500 41.9151889412114 1
68 700 40.3271167416242 1
68 1000 37.3355588720967 1
69 0 94.4873425090566 1
69 200 122.397378763627 1
69 400 55.3648539889974 1
69 500 35.9784839366939 1
69 700 46.9883565266303 1
69 1000 35.0292293673561 1
70 0 78.7090103041195 1
70 200 32.3733709586614 1
70 400 39.0926656376913 1
70 500 32.7069358265343 1
70 700 21.2379837860223 1
70 1000 30.1984424520858 1
71 0 101.683364819235 1
71 200 100.659851695631 1
71 400 58.317856139558 1
71 500 58.3210945659153 1
71 700 57.1516990961807 1
71 1000 42.2950728335649 1
72 0 122.163928050053 1
72 200 84.9148905960915 1
72 400 80.7706491361844 1
72 500 49.9735463229494 1
72 700 38.6136240931081 1
72 1000 48.0541193425977 1
73 0 135.77015208689 1
73 200 63.7439692250133 1
73 400 36.4667266237053 1
73 500 46.6161240115917 1
73 700 34.635134151842 1
73 1000 37.1068185915722 1
74 0 80.3176124721882 1
74 200 54.809598683191 1
74 400 82.8098501725994 1
74 500 61.9565288963536 1
74 700 54.5919613407511 1
74 1000 33.3015033380552 1
75 0 100.944269631591 1
75 200 46.2393184525062 1
75 400 67.209282740558 1
75 500 69.359332227723 1
75 700 48.8839116169976 1
75 1000 50.4155076131097 1
76 0 116.308109749443 1
76 200 74.2019017852348 1
76 400 76.4782563546042 1
76 500 63.4028641581367 1
76 700 59.4667058013078 1
76 1000 34.6149461581568 1
77 0 49.8727611164008 1
77 200 60.8397425290924 1
77 400 76.571374621654 1
77 500 40.9377170994766 1
77 700 59.2249986434429 1
77 1000 30.4675041913127 1
78 0 119.283725683691 1
78 200 86.3797579205767 1
78 400 39.1755789554418 1
78 500 46.4602710893053 1
78 700 56.3455833197659 1
78 1000 34.7488145330259 1
79 0 71.1624182198452 1
79 200 39.6228250208946 1
79 400 41.1182466198031 1
79 500 44.1346602476819 1
79 700 39.0596620891535 1
79 1000 19.7390775768997 1
80 0 81.0989123599465 1
80 200 71.618764257708 1
80 400 92.294278793995 1
80 500 56.1116139967952 1
80 700 53.9036055008461 1
80 1000 35.3027577844816 1
81 0 79.42792883822 1
81 200 69.7858538172506 1
81 400 34.8131001384947 1
81 500 32.9408096109768 1
81 700 31.1970421566883 1
81 1000 36.1045064078288 1
82 0 146.627951378683 1
82 200 89.7682391427729 1
82 400 91.7125576856098 1
82 500 24.6981079393391 1
82 700 39.251475985536 1
82 1000 30.7447419795323 1
83 0 82.2857235535407 1
83 200 61.8312229289134 1
83 400 65.134605230007 1
83 500 35.0884033425653 1
83 700 48.4283184465767 1
83 1000 32.2726814987065 1
84 0 84.8300915730791 1
84 200 77.9124960706334 1
84 400 39.722482125077 1
84 500 78.9630971196517 1
84 700 46.9681064605286 1
84 1000 48.4641503082367 1
85 0 110.472573139058 1
85 200 75.6209226733188 1
85 400 50.3018150454012 1
85 500 53.7435512141954 1
85 700 33.3337999726619 1
85 1000 38.6402675843303 1
86 0 91.9984383330605 1
86 200 85.2544738255192 1
86 400 48.3561062020158 1
86 500 36.5800159337625 1
86 700 34.80137664052 1
86 1000 41.8638257978915 1
87 0 76.2438461684614 1
87 200 96.1188689737712 1
87 400 89.8279950135529 1
87 500 82.3461043794808 1
87 700 55.0307174353268 1
87 1000 45.4220402683366 1
88 0 84.4802244201055 1
88 200 54.1007508908964 1
88 400 39.5754802556993 1
88 500 44.3471661558855 1
88 700 43.1899695688871 1
88 1000 33.463062415391 1
89 0 119.496296137223 1
89 200 78.0303521470753 1
89 400 86.4788848885901 1
89 500 32.2212164197333 1
89 700 56.7978066007527 1
89 1000 43.7424355720942 1
90 0 92.258088102311 1
90 200 64.4234024905136 1
90 400 58.4884480111447 1
90 500 35.1604224500083 1
90 700 20.4065010291433 1
90 1000 19.8779403871765 1
91 0 62.7940533665362 1
91 200 82.8891941862501 1
91 400 29.0948383391854 1
91 500 44.0050856534491 1
91 700 32.6257164333977 1
91 1000 33.0499928928941 1
92 0 75.3806903694162 1
92 200 84.1586854096702 1
92 400 58.3576693248538 1
92 500 42.6770927381928 1
92 700 57.4774313199532 1
92 1000 34.6112161104416 1
93 0 119.543106763283 1
93 200 68.4022335785615 1
93 400 44.0174756832673 1
93 500 42.5364663871955 1
93 700 26.0643576631566 1
93 1000 23.6904128676221 1
94 0 107.68284770929 1
94 200 70.589109782476 1
94 400 27.2846722258407 1
94 500 32.8806911785298 1
94 700 35.94327666579 1
94 1000 28.4622125648064 1
95 0 91.7695375824189 1
95 200 83.0719677178076 1
95 400 39.6310658124524 1
95 500 48.5273676732717 1
95 700 42.2917560251658 1
95 1000 41.1660777900626 1
96 0 108.575352817531 1
96 200 76.6758084265 1
96 400 30.5179649617059 1
96 500 45.4138892917437 1
96 700 39.8011775676445 1
96 1000 35.8191136488993 1
97 0 116.330852781732 1
97 200 79.0895517116147 1
97 400 66.9003548900321 1
97 500 65.4499234768152 1
97 700 40.028778226291 1
97 1000 38.5067141810395 1
98 0 89.0466242750885 1
98 200 100.046442326241 1
98 400 37.3679930570541 1
98 500 44.8231491782379 1
98 700 70.6987046361192 1
98 1000 47.0843384993417 1
99 0 100.958030861547 1
99 200 100.015708982168 1
99 400 101.758957808581 1
99 500 69.1387380435155 1
99 700 70.7733143637623 1
99 1000 51.434099010131 1
100 0 84.2684070166371 1
100 200 89.5141169154387 1
100 400 88.6063124832208 1
100 500 58.9383379337083 1
100 700 48.9566750695467 1
100 1000 16.1031738601897 1
