id dose eff group
1 0 122.569653579877 0
1 200 93.4365972604043 0
1 400 76.6096404960048 0
1 500 74.7673032837905 0
1 700 54.4456115392887 0
1 1000 59.982034434468 0
2 0 146.969883982506 0
2 200 123.164898462027 0
2 400 98.3797163815701 0
2 500 107.778303537731 0
2 700 95.8159381843036 0
2 1000 57.137337577467 0
3 0 151.427928066346 0
3 200 143.718027208721 0
3 400 109.595843430598 0
3 500 81.4372979607187 0
3 700 99.2839433293794 0
3 1000 51.4411530465634 0
4 0 87.3367772292753 0
4 200 69.5536522774486 0
4 400 33.7754919564381 0
4 500 49.6844746397089 0
4 700 48.4441571269487 0
4 1000 55.5618206581593 0
5 0 97.7364244228148 0
5 200 110.57112584834 0
5 400 77.4295389183922 0
5 500 73.1313022661261 0
5 700 71.4330670283524 0
5 1000 43.428165632723 0
6 0 108.127093847827 0
6 200 107.587022677913 0
6 400 96.8248145956821 0
6 500 78.6661462630567 0
6 700 56.5256598185085 0
6 1000 58.3084836116016 0
7 0 90.4104948088591 0
7 200 75.8306869514667 0
7 400 83.3945858354376 0
7 500 90.6068848180786 0
7 700 50.3332750895621 0
7 1000 57.10286557085 0
8 0 146.166959190838 0
8 200 126.533244509517 0
8 400 128.954023809892 0
8 500 73.7775330385783 0
8 700 29.2169240812051 0
8 1000 56.6402417308157 0
9 0 76.1701166455535 0
9 200 103.308109509403 0
9 400 117.473302626851 0
9 500 81.3774158463898 0
9 700 65.0528725925818 0
9 1000 68.6302325420934 0
10 0 117.105560750648 0
10 200 70.4518322182029 0
10 400 52.5976417240912 0
10 500 78.1020156855493 0
10 700 57.6595130491431 0
10 1000 42.3589370517239 0
11 0 127.657323063932 0
11 200 107.801053616653 0
11 400 110.178632553556 0
11 500 76.7303116421223 0
11 700 35.1252456484805 0
11 1000 49.574682119667 0
12 0 108.721149402454 0
12 200 72.1740118077392 0
12 400 82.8652660669731 0
12 500 62.2459067389372 0
12 700 66.9630400076805 0
12 1000 57.240799243148 0
13 0 133.547541856943 0
13 200 108.814814793193 0
13 400 75.6631387212889 0
13 500 40.7128537730633 0
13 700 42.6720455210715 0
13 1000 40.3835177817967 0
14 0 103.191524640275 0
14 200 66.4400722946785 0
14 400 74.4819283548911 0
14 500 66.9442554216935 0
14 700 44.9918209544601 0
14 1000 59.1598988549087 0
15 0 101.147737456769 0
15 200 123.258238819866 0
15 400 77.5160816313627 0
15 500 62.6251072141826 0
15 700 53.0674719566621 0
15 1000 58.1101817420886 0
16 0 104.028579414906 0
16 200 95.2563182700944 0
16 400 67.7404387815426 0
16 500 63.4010047452928 0
16 700 65.8195895104943 0
16 1000 63.4799772868258 0
17 0 99.6617629800381 0
17 200 90.1174369981481 0
17 400 89.0785311960144 0
17 500 76.076892322338 0
17 700 58.4389893972691 0
17 1000 51.7651412333557 0
18 0 76.0354764293053 0
18 200 73.2764087601967 0
18 400 37.0899948723929 0
18 500 36.195232118818 0
18 700 43.9405173514333 0
18 1000 26.7012168285549 0
19 0 97.7201754164604 0
19 200 140.084988984666 0
19 400 75.8701294886752 0
19 500 59.1477698741644 0
19 700 59.3223599521948 0
19 1000 34.7861956416721 0
20 0 121.269170583348 0
20 200 83.6794605291543 0
20 400 80.524306911531 0
20 500 81.9030329620371 0
20 700 55.4341236178875 0
20 1000 56.3405298592695 0
21 0 65.3650542309575 0
21 200 96.229377295024 0
21 400 68.1779140183244 0
21 500 59.410273843182 0
21 700 75.4239782597999 0
21 1000 55.5915450493419 0
22 0 82.6708667101036 0
22 200 140.117042124797 0
22 400 102.598022003521 0
22 500 108.620061284023 0
22 700 77.9714823426307 0
22 1000 59.5390823382109 0
23 0 103.440321840659 0
23 200 57.4704887097418 0
23 400 46.1930078197627 0
23 500 52.8051968157422 0
23 700 57.079501000184 0
23 1000 29.0746215196457 0
24 0 109.333223204288 0
24 200 130.383683184825 0
24 400 46.3600849977339 0
24 500 71.732584040235 0
24 700 14.2655281625596 0
24 1000 39.5842201156764 0
25 0 73.0049645520261 0
25 200 94.2254352736994 0
25 400 67.0741698520484 0
25 500 93.3347109020133 0
25 700 45.2560459616604 0
25 1000 58.3772934175151 0
26 0 100.469596605079 0
26 200 131.780151739518 0
26 400 97.1043715512229 0
26 500 89.8166077341942 0
26 700 72.1361371824181 0
26 1000 68.3568724637561 0
27 0 88.1293247371313 0
27 200 84.1674304139915 0
27 400 107.113863249582 0
27 500 79.8385776220553 0
27 700 33.7527091484904 0
27 1000 41.9526056529301 0
28 0 94.8130799071894 0
28 200 77.792628169551 0
28 400 66.9644117967304 0
28 500 53.9075359382599 0
28 700 49.2289378062841 0
28 1000 22.9350654823826 0
29 0 74.3801792805619 0
29 200 64.8723445443442 0
29 400 55.3363563176099 0
29 500 42.7885832727544 0
29 700 40.0194760177146 0
29 1000 20.6926366530462 0
30 0 132.97531789566 0
30 200 90.564274160514 0
30 400 43.0441188282486 0
30 500 62.4767023514646 0
30 700 46.6590167988318 0
30 1000 33.4403399699841 0
31 0 92.1630656294494 0
31 200 81.7234165218779 0
31 400 94.5131118450915 0
31 500 68.1608154062109 0
31 700 65.9952872075415 0
31 1000 42.4579387623646 0
32 0 102.472628419543 0
32 200 97.4029610885283 0
32 400 61.8943905607786 0
32 500 61.3788704173361 0
32 700 50.415215621047 0
32 1000 53.4702583441741 0
33 0 69.2841619712714 0
33 200 75.6871131242104 0
33 400 39.742064878946 0
33 500 53.6231254565621 0
33 700 34.2882346542193 0
33 1000 32.1066291534178 0
34 0 84.9230071000493 0
34 200 85.3967470549706 0
34 400 52.216304023796 0
34 500 73.0887220419486 0
34 700 50.282435222734 0
34 1000 32.7164135146076 0
35 0 103.600660012401 0
35 200 107.489151679246 0
35 400 81.4911053768944 0
35 500 52.2226137155081 0
35 700 43.6627816440478 0
35 1000 20.2145394370773 0
36 0 77.3802863925959 0
36 200 41.9387018529361 0
36 400 27.4197593092232 0
36 500 41.5317657630006 0
36 700 39.9233020233266 0
36 1000 26.5223569853495 0
37 0 115.321175952274 0
37 200 87.1372904839286 0
37 400 73.9580103359662 0
37 500 42.2527718225861 0
37 700 48.208476005669 0
37 1000 24.4732417942418 0
38 0 117.842506467295 0
38 200 133.446944429082 0
38 400 64.6716792265885 0
38 500 62.4665128801727 0
38 700 67.8098386922508 0
38 1000 43.2742323919972 0
39 0 66.6817826545445 0
39 200 71.8778591840165 0
39 400 42.205699438794 0
39 500 57.6297867995108 0
39 700 49.8960289800953 0
39 1000 31.9558778586338 0
40 0 120.642696945237 0
40 200 85.3745074459628 0
40 400 42.6100393001841 0
40 500 56.9894740580116 0
40 700 63.4088779617865 0
40 1000 51.2206340585762 0
41 0 90.1405958941542 0
41 200 77.8015737290507 0
41 400 72.3753110808793 0
41 500 60.1492494474458 0
41 700 31.2794395819538 0
41 1000 46.3479355437938 0
42 0 86.0610012273405 0
42 200 99.3292938602131 0
42 400 79.4747998407906 0
42 500 90.8638390092614 0
42 700 79.0785970117717 0
42 1000 54.7069428277873 0
43 0 107.621340535698 0
43 200 80.7340047539611 0
43 400 56.3681246149966 0
43 500 35.8398200988585 0
43 700 44.6995387322699 0
43 1000 30.3198151095551 0
44 0 107.689648957388 0
44 200 93.4474393250474 0
44 400 71.8859918548205 0
44 500 107.089300107599 0
44 700 59.819614835897 0
44 1000 64.6293206551224 0
45 0 133.411818217095 0
45 200 110.572405818231 0
45 400 70.7289747900787 0
45 500 72.4969382931546 0
45 700 56.294463771653 0
45 1000 59.5410766220568 0
46 0 66.9120357971013 0
46 200 117.133583475815 0
46 400 56.5800834456391 0
46 500 63.6942087028799 0
46 700 42.8331538983119 0
46 1000 26.709536225416 0
47 0 109.738919538422 0
47 200 133.636356508926 0
47 400 72.8062092422539 0
47 500 74.054755986884 0
47 700 47.2779734958059 0
47 1000 55.9751455215644 0
48 0 127.796747274206 0
48 200 107.019117656087 0
48 400 106.057157923099 0
48 500 78.4971483164525 0
48 700 56.4648345192322 0
48 1000 62.1104499396343 0
49 0 72.5224010400076 0
49 200 88.1054196092841 0
49 400 71.2067513479149 0
49 500 65.3281601278201 0
49 700 52.1411643906516 0
49 1000 52.3953164374364 0
50 0 107.138170842242 0
50 200 87.4957803412697 0
50 400 82.3866164199116 0
50 500 73.6342053890948 0
50 700 64.7318582264012 0
50 1000 36.4098374237117 0
51 0 118.854765385385 1
51 200 88.8055008688165 1
51 400 59.7477887638441 1
51 500 46.8577003413871 1
51 700 45.712554596388 1
51 1000 46.2604784379046 1
52 0 87.42338117819 1
52 200 100.600668882682 1
52 400 73.5250403009079 1
52 500 30.1072650664809 1
52 700 26.3043774976364 1
52 1000 45.8673550116999 1
53 0 89.6512607129277 1
53 200 51.6670078377877 1
53 400 68.3712020825939 1
53 500 71.849216680559 1
53 700 47.7197908901292 1
53 1000 41.2026018824721 1
54 0 86.1295463124824 1
54 200 92.3482817886324 1
54 400 53.3491312746139 1
54 500 56.8359140165051 1
54 700 24.7486982956205 1
54 1000 27.0069741218532 1
55 0 157.555778703953 1
55 200 74.4703372826986 1
55 400 47.6155887856968 1
55 500 68.8872503385615 1
55 700 34.5759680683183 1
55 1000 27.0150610651395 1
56 0 95.9117298715983 1
56 200 109.986598580927 1
56 400 90.1020801262027 1
56 500 48.3450303942836 1
56 700 54.5059832459532 1
56 1000 23.249155118923 1
57 0 110.947590595472 1
57 200 88.3792931569588 1
57 400 71.6207639328159 1
57 500 55.320061150821 1
57 700 35.8746804713841 1
57 1000 31.3963137473748 1
58 0 81.3687583556645 1
58 200 82.5149614223289 1
58 400 66.3754936674113 1
58 500 67.2085790690414 1
58 700 49.272358974078 1
58 1000 46.3774638058951 1
59 0 40.6854368412744 1
59 200 92.2280958712853 1
59 400 65.9219919721298 1
59 500 54.9347821178312 1
59 700 37.5693735769702 1
59 1000 29.4738920957035 1
60 0 120.351997503947 1
60 200 71.1125122236591 1
60 400 57.3862413510805 1
60 500 75.9669859016735 1
60 700 49.1499484118716 1
60 1000 38.8381898145331 1
61 0 63.1546756218478 1
61 200 51.6589480872712 1
61 400 39.6829162981161 1
61 500 42.8702803472579 1
61 700 26.6856696658514 1
61 1000 17.9311132100005 1
62 0 123.579894427243 1
62 200 114.164302839037 1
62 400 61.672107201824 1
62 500 63.2063625058726 1
62 700 63.4088117841789 1
62 1000 38.2834961594721 1
63 0 101.937468312793 1
63 200 97.4528152247015 1
63 400 58.821516893356 1
63 500 48.3527111411818 1
63 700 44.8879949181531 1
63 1000 41.9011945457797 1
64 0 85.6435524606273 1
64 200 67.7040329635031 1
64 400 33.008940672457 1
64 500 34.6190604288527 1
64 700 26.1753544839762 1
64 1000 47.7881633829567 1
65 0 81.0520084883759 1
65 200 47.0123836379361 1
65 400 49.168218554178 1
65 500 41.1243117803042 1
65 700 24.6922960662854 1
65 1000 4.9894023339364 1
66 0 73.4117328716873 1
66 200 78.7335347252732 1
66 400 95.9336577548405 1
66 500 65.3226100560095 1
66 700 57.8549212879972 1
66 1000 26.8312937026409 1
67 0 51.1215748755548 1
67 200 57.9488629779449 1
67 400 41.4100035234086 1
67 500 62.0357999782381 1
67 700 34.3273736097288 1
67 1000 33.7350371073618 1
68 0 113.203906396721 1
68 200 70.4742124205613 1
68 400 47.1540565539633 1
68 500 35.3473747778353 1
68 700 21.4096448813898 1
68 1000 21.9515690368229 1
69 0 95.4277192135402 1
69 200 71.9490254850491 1
69 400 35.7366357855426 1
69 500 41.3110519020958 1
69 700 40.0517116030897 1
69 1000 27.0372826511474 1
70 0 110.682751163219 1
70 200 65.6135077766516 1
70 400 53.0016680738144 1
70 500 47.8339470772893 1
70 700 36.6263737041134 1
70 1000 35.3888206873471 1
71 0 71.6781040675352 1
71 200 55.462596276589 1
71 400 34.7141998003813 1
71 500 50.9666831381591 1
71 700 18.3434729368573 1
71 1000 34.4860174756244 1
72 0 141.76799840215 1
72 200 50.5214038727469 1
72 400 44.4747199372359 1
72 500 53.0208972840559 1
72 700 34.2688666138974 1
72 1000 42.7817426566879 1
73 0 102.344288997421 1
73 200 72.0095367235111 1
73 400 61.3100975900524 1
73 500 59.0051860875941 1
73 700 27.6964913663561 1
73 1000 38.9733000518832 1
74 0 71.7898365027708 1
74 200 58.3947550936152 1
74 400 54.0720252169265 1
74 500 47.6619321995154 1
74 700 28.8333311025456 1
74 1000 36.5408542366166 1
75 0 72.9652301038058 1
75 200 55.2885454823077 1
75 400 43.3622761260103 1
75 500 33.8093208066173 1
75 700 35.4896345086027 1
75 1000 17.6965951561888 1
76 0 97.1341187593719 1
76 200 66.7421959792081 1
76 400 42.3042977980247 1
76 500 40.5933591977289 1
76 700 40.274278047467 1
76 1000 48.4863556358067 1
77 0 99.4680088467002 1
77 200 69.1604753109911 1
77 400 60.9791420299821 1
77 500 82.8214640642557 1
77 700 64.5685684143989 1
77 1000 53.969239521609 1
78 0 62.3172832927801 1
78 200 112.810542569231 1
78 400 42.3816285086765 1
78 500 69.3214061273156 1
78 700 40.275957421871 1
78 1000 46.3563066851443 1
79 0 87.2090956602843 1
79 200 46.8511807550331 1
79 400 74.6780655105186 1
79 500 54.9059791495299 1
79 700 61.5029139209101 1
79 1000 56.2751615521196 1
80 0 48.0739721557356 1
80 200 86.245833128424 1
80 400 70.6267584012298 1
80 500 61.4110946365377 1
80 700 47.7275215815513 1
80 1000 40.9913322738552 1
81 0 111.860777495909 1
81 200 89.3093471598311 1
81 400 69.8646665390178 1
81 500 79.8714165386427 1
81 700 57.9952895008861 1
81 1000 45.6853700874076 1
82 0 84.7375210798371 1
82 200 106.130019940344 1
82 400 55.6034434686593 1
82 500 53.0241108810898 1
82 700 49.2921453116932 1
82 1000 44.1836366428127 1
83 0 78.3767801312064 1
83 200 71.4922902451035 1
83 400 48.4565392580557 1
83 500 63.8275881481583 1
83 700 30.9245241524355 1
83 1000 42.8800889195981 1
84 0 87.6204600561304 1
84 200 73.6151161237984 1
84 400 45.9718177834403 1
84 500 40.065681675491 1
84 700 20.5371500681105 1
84 1000 28.9369913808598 1
85 0 69.5399176707767 1
85 200 80.2390429019662 1
85 400 57.6300394060097 1
85 500 49.8870152830871 1
85 700 34.4526504085405 1
85 1000 20.992293862332 1
86 0 78.3434121398052 1
86 200 65.6854966150338 1
86 400 45.5983310431077 1
86 500 28.8844589099882 1
86 700 19.9002205847225 1
86 1000 32.6467511909022 1
87 0 104.863825263525 1
87 200 83.7052426124454 1
87 400 90.8809251439871 1
87 500 55.8082802693581 1
87 700 37.2631517911135 1
87 1000 47.6426653640602 1
88 0 119.158464247023 1
88 200 69.2307451972512 1
88 400 62.4559403343104 1
88 500 27.6502312444988 1
88 700 27.9737080635571 1
88 1000 42.6796659984651 1
89 0 57.731170982688 1
89 200 99.9770510357127 1
89 400 52.7116495842564 1
89 500 46.702141598928 1
89 700 44.3137796681826 1
89 1000 41.2115052658023 1
90 0 113.484867590537 1
90 200 82.4940000079458 1
90 400 77.1816705721776 1
90 500 43.5130462065973 1
90 700 35.1284684968797 1
90 1000 45.9774663838263 1
91 0 84.1371987232318 1
91 200 70.6133494599811 1
91 400 59.4734911789177 1
91 500 38.0239160216536 1
91 700 44.6483279164737 1
91 1000 27.8503031179833 1
92 0 144.186787749515 1
92 200 91.0012351657354 1
92 400 70.0055859223068 1
92 500 37.7256860156736 1
92 700 49.5431407344008 1
92 1000 49.3659921734566 1
93 0 112.05167133489 1
93 200 122.347000054229 1
93 400 75.1077871455165 1
93 500 43.6722369152416 1
93 700 55.8885620223932 1
93 1000 48.351326801123 1
94 0 106.836528932513 1
94 200 61.9633931841665 1
94 400 56.6157929176141 1
94 500 46.4257645888056 1
94 700 38.3107326891071 1
94 1000 26.4843178802854 1
95 0 80.2035921119738 1
95 200 51.2799293795516 1
95 400 47.7510877390522 1
95 500 42.074806209408 1
95 700 30.8536390572895 1
95 1000 23.2446339462719 1
96 0 85.2795951782775 1
96 200 50.6751956894748 1
96 400 38.8098625093642 1
96 500 32.8933406650207 1
96 700 26.38139537171 1
96 1000 29.8979381597716 1
97 0 100.044564880165 1
97 200 80.2849013739644 1
97 400 60.100404862793 1
97 500 67.6689203332145 1
97 700 46.53785216647 1
97 1000 36.1286879177552 1
98 0 170.368668685657 1
98 200 131.224655884567 1
98 400 54.3739373132238 1
98 500 36.5396786570105 1
98 700 79.953898327891 1
98 1000 45.6380638215924 1
99 0 145.921758627291 1
99 200 60.4320354951344 1
99 400 59.644313208456 1
99 500 37.2278272320441 1
99 700 44.2063545859128 1
99 1000 22.7994923310557 1
100 0 115.945100754103 1
100 200 91.1501691948566 1
100 400 71.7687508077859 1
100 500 59.0288650954995 1
100 700 50.0730543403648 1
100 1000 38.4583659969335 1
