id dose eff group
1 0 100.575925437529 0
1 200 83.372868438632 0
1 400 63.8230695582936 0
1 500 49.6033984294113 0
1 700 39.6466170857699 0
1 1000 34.4330199464441 0
2 0 101.074065458078 0
2 200 71.2652160517122 0
2 400 66.7057552564161 0
2 500 57.6347482161838 0
2 700 53.7502807458434 0
2 1000 22.8523772372337 0
3 0 116.959958759556 0
3 200 89.3353577589648 0
3 400 53.3836306058946 0
3 500 32.0083197706127 0
3 700 48.0863638743152 0
3 1000 46.6696727713975 0
4 0 98.1285210685252 0
4 200 102.171049279038 0
4 400 75.655600770807 0
4 500 67.4986922880884 0
4 700 38.1757842999517 0
4 1000 57.415083373132 0
5 0 126.82391393536 0
5 200 127.333258213925 0
5 400 68.400040998885 0
5 500 71.8934609602936 0
5 700 50.6210133986775 0
5 1000 64.6573223994276 0
6 0 77.8150918592271 0
6 200 89.0241781256045 0
6 400 56.182012560432 0
6 500 44.1734139142536 0
6 700 47.3350748152738 0
6 1000 44.9941853793735 0
7 0 114.278815796199 0
7 200 93.3962707258135 0
7 400 84.4498104688744 0
7 500 79.0571980569701 0
7 700 54.4189541385948 0
7 1000 43.2962733899284 0
8 0 92.2492723021451 0
8 200 65.9049302794837 0
8 400 61.410018575086 0
8 500 53.7260784637424 0
8 700 56.6846544205419 0
8 1000 39.2716817976593 0
9 0 113.543208777597 0
9 200 117.182319231219 0
9 400 92.7432814337333 0
9 500 71.1755585311172 0
9 700 81.6426075896901 0
9 1000 73.8706899929914 0
10 0 105.05829774899 0
10 200 83.2562529879977 0
10 400 128.244744896205 0
10 500 78.0315351551831 0
10 700 49.928674988829 0
10 1000 74.5761053172233 0
11 0 103.456836940152 0
11 200 109.080154965955 0
11 400 83.2713083036433 0
11 500 72.3073483769857 0
11 700 29.6362737280094 0
11 1000 38.9534585064647 0
12 0 164.191965625731 0
12 200 112.103030784258 0
12 400 88.0286653493913 0
12 500 104.555173681227 0
12 700 34.5253542581427 0
12 1000 49.8392483110174 0
13 0 125.889383504748 0
13 200 88.8681629618955 0
13 400 70.5071299095419 0
13 500 88.7867126721626 0
13 700 46.5632682358301 0
13 1000 46.2764065958281 0
14 0 91.8256087745108 0
14 200 73.8638909074867 0
14 400 56.1498392415465 0
14 500 74.7716154990605 0
14 700 47.4525658219627 0
14 1000 45.2138738228308 0
15 0 66.6499410426013 0
15 200 50.2136845102279 0
15 400 38.8609745864809 0
15 500 51.524020345969 0
15 700 43.8461483676946 0
15 1000 36.597828802491 0
16 0 79.6176054751227 0
16 200 106.24986526981 0
16 400 69.4431632842571 0
16 500 52.9597121619776 0
16 700 41.4336137973907 0
16 1000 46.8609316278117 0
17 0 99.8465296644189 0
17 200 48.9778771248119 0
17 400 96.2700668957686 0
17 500 84.7101048319817 0
17 700 84.6172251860824 0
17 1000 53.5286998054539 0
18 0 52.9999986006127 0
18 200 42.1354984949851 0
18 400 57.4465043327601 0
18 500 42.1719347155947 0
18 700 34.2045099423727 0
18 1000 34.6591860866299 0
19 0 118.037266494851 0
19 200 86.5627065009719 0
19 400 64.8470609508127 0
19 500 63.4838279847424 0
19 700 62.342553041109 0
19 1000 46.2959789008599 0
20 0 53.0820018029886 0
20 200 82.9517178358126 0
20 400 93.5482722100717 0
20 500 66.4727662875628 0
20 700 57.4864405146976 0
20 1000 49.6730649141401 0
21 0 109.413163966898 0
21 200 101.367605095021 0
21 400 62.3726788249153 0
21 500 97.6390326780017 0
21 700 87.2319909448389 0
21 1000 47.6926794811575 0
22 0 117.650648189242 0
22 200 82.388321887727 0
22 400 77.4703820096012 0
22 500 96.3269801869767 0
22 700 74.3776926334988 0
22 1000 48.0641818554029 0
23 0 120.542487241022 0
23 200 78.0381391036039 0
23 400 89.1397408282648 0
23 500 76.2644709366448 0
23 700 62.7487164927936 0
23 1000 45.5536744028471 0
24 0 88.2134201035489 0
24 200 114.996158406734 0
24 400 74.3350190546342 0
24 500 46.5281623333217 0
24 700 62.766154126727 0
24 1000 24.8139431682108 0
25 0 73.4609840311071 0
25 200 90.6148046687336 0
25 400 49.6977490558699 0
25 500 47.5126177009216 0
25 700 57.7330817905416 0
25 1000 31.5855155693797 0
26 0 93.2778032694125 0
26 200 126.453301370975 0
26 400 84.914281443602 0
26 500 73.6374743650612 0
26 700 85.5865350890881 0
26 1000 56.5159890808343 0
27 0 86.5803255839877 0
27 200 91.3433322611249 0
27 400 138.34364145211 0
27 500 72.5028265348029 0
27 700 53.350175920386 0
27 1000 70.3630659745925 0
28 0 81.535932414451 0
28 200 96.86368573848 0
28 400 56.8750005733504 0
28 500 35.9210274213229 0
28 700 53.2316440533318 0
28 1000 31.4012429179565 0
29 0 112.656443436077 0
29 200 104.210898059528 0
29 400 91.3600107760714 0
29 500 96.5652999288298 0
29 700 59.8248002545755 0
29 1000 74.3537380554648 0
30 0 60.1046021897182 0
30 200 67.2754610216882 0
30 400 79.0637426722911 0
30 500 51.3255522628807 0
30 700 34.9726756019887 0
30 1000 53.205950325007 0
31 0 102.258693499926 0
31 200 126.518182682639 0
31 400 75.3447427458033 0
31 500 44.238809670538 0
31 700 51.675826588406 0
31 1000 37.4117239585649 0
32 0 107.942489669608 0
32 200 88.1382762154742 0
32 400 83.1596529238119 0
32 500 71.8807290870311 0
32 700 60.0758246174491 0
32 1000 47.716775015676 0
33 0 142.692845844013 0
33 200 81.2649386620961 0
33 400 95.4303160601355 0
33 500 64.3739676787431 0
33 700 54.3729950368547 0
33 1000 51.1453429599252 0
34 0 101.297452799135 0
34 200 98.6439605466772 0
34 400 48.0939003578934 0
34 500 48.4014021532009 0
34 700 37.7316014693426 0
34 1000 43.8892838848091 0
35 0 105.491979066538 0
35 200 65.5196318688083 0
35 400 75.5908795881462 0
35 500 57.4321879458764 0
35 700 49.154458094502 0
35 1000 55.2135749685251 0
36 0 118.177200659045 0
36 200 104.951038278687 0
36 400 44.9272999141084 0
36 500 39.1142138433347 0
36 700 44.5112119408136 0
36 1000 34.6507239272098 0
37 0 68.8520576862247 0
37 200 76.0097749323629 0
37 400 88.465238761127 0
37 500 36.086937506985 0
37 700 42.5023926047136 0
37 1000 49.6767497279419 0
38 0 82.6537742791415 0
38 200 97.935707409487 0
38 400 60.6051486782734 0
38 500 73.4683881842186 0
38 700 54.4412646825551 0
38 1000 39.4678402538407 0
39 0 94.1942611607284 0
39 200 104.933854311235 0
39 400 95.5968292788602 0
39 500 69.7847951832141 0
39 700 61.4349588570382 0
39 1000 50.1481803555104 0
40 0 74.0420053815766 0
40 200 111.036225951195 0
40 400 114.891992019052 0
40 500 89.8363869935334 0
40 700 78.7368619922332 0
40 1000 39.8932011120166 0
41 0 121.144151700647 0
41 200 72.7795606179935 0
41 400 27.0390165618494 0
41 500 39.2026296198752 0
41 700 28.5296275467412 0
41 1000 33.8748866989503 0
42 0 64.6853212563982 0
42 200 59.2071282556441 0
42 400 49.9680150281482 0
42 500 68.5469625658038 0
42 700 41.0553002185303 0
42 1000 21.8255215053235 0
43 0 111.852152092065 0
43 200 64.1852740996953 0
43 400 82.4780756898878 0
43 500 49.2621138904727 0
43 700 66.9855717891009 0
43 1000 47.0485651878263 0
44 0 77.8781554198139 0
44 200 91.0552724135879 0
44 400 84.424229660624 0
44 500 60.4937352924369 0
44 700 60.8148415237756 0
44 1000 51.0820537922354 0
45 0 58.9815213004177 0
45 200 101.008843289037 0
45 400 69.5292413548391 0
45 500 67.4211333545025 0
45 700 36.3891202818174 0
45 1000 30.6886540225446 0
46 0 130.953193568076 0
46 200 92.0573472652112 0
46 400 75.957164985627 0
46 500 82.4159416535002 0
46 700 61.0213009612281 0
46 1000 55.0459329624005 0
47 0 115.377973397888 0
47 200 108.123337012069 0
47 400 85.6992369982171 0
47 500 75.9984266180832 0
47 700 52.295635251305 0
47 1000 80.3670050975522 0
48 0 123.504972133493 0
48 200 72.5700631113723 0
48 400 104.906344605401 0
48 500 87.6402298455239 0
48 700 69.3185169366851 0
48 1000 46.981896334538 0
49 0 116.099580080707 0
49 200 102.897689002577 0
49 400 79.2610783661314 0
49 500 68.7992766764173 0
49 700 55.5908454937044 0
49 1000 41.0804324739327 0
50 0 136.711125391062 0
50 200 76.9539498285574 0
50 400 63.688553372514 0
50 500 37.0070644444206 0
50 700 39.0968068198626 0
50 1000 36.2061597397641 0
51 0 110.635296319578 1
51 200 64.4898050954334 1
51 400 41.9604503950569 1
51 500 34.669776945032 1
51 700 28.1922949556145 1
51 1000 29.793851225272 1
52 0 108.789062427211 1
52 200 93.0046345333671 1
52 400 86.4181120833361 1
52 500 39.9236165220123 1
52 700 43.0903345318564 1
52 1000 58.6844969810995 1
53 0 78.2982170645463 1
53 200 78.3988704111746 1
53 400 52.1059334700468 1
53 500 42.3863311917479 1
53 700 31.9711326628742 1
53 1000 39.1739899315154 1
54 0 89.8857549505002 1
54 200 81.620230843182 1
54 400 45.2762076824398 1
54 500 44.5675774588535 1
54 700 37.8098488003825 1
54 1000 38.2949511898639 1
55 0 110.710788532147 1
55 200 106.829603309835 1
55 400 59.3395400225635 1
55 500 79.341501824907 1
55 700 48.5907808219347 1
55 1000 28.7933407311584 1
56 0 73.8916299445534 1
56 200 82.4442151026311 1
56 400 36.1325304266653 1
56 500 64.2483585739338 1
56 700 35.3011998188249 1
56 1000 42.5939517440887 1
57 0 116.728693884333 1
57 200 88.0207637456841 1
57 400 40.8132539351301 1
57 500 57.0854536313301 1
57 700 42.5262162655256 1
57 1000 41.4249412532347 1
58 0 139.625183922163 1
58 200 89.6021887484997 1
58 400 50.7253685792049 1
58 500 50.9894983472067 1
58 700 39.5257589830101 1
58 1000 27.373523912436 1
59 0 120.252692710171 1
59 200 74.0970713191666 1
59 400 27.4143216815463 1
59 500 59.6579368547528 1
59 700 58.0611936958363 1
59 1000 34.2281238346578 1
60 0 87.279593446494 1
60 200 89.5535717956697 1
60 400 33.3531870259024 1
60 500 69.8778718758822 1
60 700 58.7087598982359 1
60 1000 42.9144384046211 1
61 0 100.69886012869 1
61 200 80.5799021674881 1
61 400 114.46570067647 1
61 500 60.968600405883 1
61 700 42.981292855981 1
61 1000 39.9317995704936 1
62 0 114.546493860659 1
62 200 73.6764709539333 1
62 400 39.1679075395256 1
62 500 41.471940581878 1
62 700 17.6911515129689 1
62 1000 29.4075944292987 1
63 0 102.967503062635 1
63 200 70.9634247608019 1
63 400 35.5327465529337 1
63 500 47.6058520003151 1
63 700 63.5507139703869 1
63 1000 41.167388145997 1
64 0 93.0086884324991 1
64 200 54.0897011956454 1
64 400 62.8211903624574 1
64 500 42.931833012208 1
64 700 49.3738023023834 1
64 1000 46.3300708565481 1
65 0 104.514391943579 1
65 200 78.3248245080423 1
65 400 75.6068421426666 1
65 500 61.9954814693322 1
65 700 46.1630395038055 1
65 1000 39.087315888268 1
66 0 111.918631480231 1
66 200 74.5897476170518 1
66 400 45.6618459781597 1
66 500 41.645567786914 1
66 700 30.424934976261 1
66 1000 53.1787326863345 1
67 0 146.750324004789 1
67 200 71.4720354158156 1
67 400 57.2378401421655 1
67 500 38.3385137224927 1
67 700 40.6093384995803 1
67 1000 39.2005256295358 1
68 0 138.60385235592 1
68 200 76.7614832863914 1
68 400 82.799624726543 1
68 500 71.3379901276496 1
68 700 46.8206695390871 1
68 1000 37.9396282768071 1
69 0 119.291691480833 1
69 200 101.101722243197 1
69 400 80.5613672944941 1
69 500 40.074363264204 1
69 700 65.0071674666508 1
69 1000 15.829147403158 1
70 0 105.256934820356 1
70 200 63.9312202228535 1
70 400 38.1482284476217 1
70 500 35.1316827178079 1
70 700 26.1917945104418 1
70 1000 33.7052857632608 1
71 0 107.423843672823 1
71 200 75.0421975152395 1
71 400 49.1206706275319 1
71 500 39.7411971078112 1
71 700 47.6493804131298 1
71 1000 44.0640818366713 1
72 0 84.4926162157237 1
72 200 75.4586678998711 1
72 400 53.5347116108399 1
72 500 42.0237056900952 1
72 700 31.3340206506296 1
72 1000 43.9469616692934 1
73 0 93.0375139291367 1
73 200 66.268114482188 1
73 400 46.8063898839826 1
73 500 53.497072270686 1
73 700 40.748593144479 1
73 1000 25.646344373082 1
74 0 95.2011371058948 1
74 200 68.4331313514654 1
74 400 66.6043038545185 1
74 500 61.4401323897313 1
74 700 56.2867933329026 1
74 1000 42.1587403310695 1
75 0 121.797761170513 1
75 200 74.9993558797191 1
75 400 65.6329489545872 1
75 500 46.589969486146 1
75 700 55.7518495891634 1
75 1000 44.5334020602384 1
76 0 71.9374964763902 1
76 200 48.0610768220794 1
76 400 54.7950213706492 1
76 500 41.0315317065577 1
76 700 32.1711071691109 1
76 1000 34.0182198169239 1
77 0 83.3821294291957 1
77 200 79.9284810966221 1
77 400 73.8655222675676 1
77 500 58.2875818034075 1
77 700 44.1463103365831 1
77 1000 49.4166615090362 1
78 0 98.9323478722802 1
78 200 100.586047979161 1
78 400 69.7844781212085 1
78 500 26.427112065419 1
78 700 51.2414392428502 1
78 1000 31.1694687703082 1
79 0 48.6922609679001 1
79 200 77.1523752889977 1
79 400 45.7669579484125 1
79 500 39.2641444557139 1
79 700 28.4226924270117 1
79 1000 37.0259838950505 1
80 0 83.9841796170125 1
80 200 45.9183647779241 1
80 400 61.7806128602092 1
80 500 41.5536869647691 1
80 700 36.4781211044362 1
80 1000 54.8707354560212 1
81 0 91.1668797627102 1
81 200 103.388736416709 1
81 400 52.5294933572566 1
81 500 69.9805958230232 1
81 700 61.5611807423093 1
81 1000 40.4258964708261 1
82 0 116.511638525833 1
82 200 101.473984354721 1
82 400 75.4005089382518 1
82 500 52.5266825605986 1
82 700 37.2713286990259 1
82 1000 50.6871627785687 1
83 0 106.032000498858 1
83 200 93.9239317500015 1
83 400 52.0925489081012 1
83 500 42.6798258237515 1
83 700 63.5253595329577 1
83 1000 36.0590582501209 1
84 0 94.6306677549543 1
84 200 117.736189469785 1
84 400 45.2862168865198 1
84 500 59.1038997557075 1
84 700 34.952325732313 1
84 1000 37.016253024918 1
85 0 116.199724566727 1
85 200 47.4421684982888 1
85 400 46.4940298233199 1
85 500 50.3217855876523 1
85 700 32.8459690056456 1
85 1000 16.4853623637749 1
86 0 90.5774081875957 1
86 200 106.674505887701 1
86 400 47.3110853816425 1
86 500 44.4705295334119 1
86 700 35.6023532980816 1
86 1000 47.3278289572306 1
87 0 86.5421152391148 1
87 200 56.7940727564791 1
87 400 26.8619817949924 1
87 500 53.6008477025747 1
87 700 29.8832612477463 1
87 1000 12.3933697130095 1
88 0 79.0165841134386 1
88 200 79.1169114935681 1
88 400 57.1838799159489 1
88 500 44.6042756135023 1
88 700 44.1971628368391 1
88 1000 28.8191245590132 1
89 0 121.725302568448 1
89 200 83.4604623423354 1
89 400 51.2863473621857 1
89 500 43.4866250287592 1
89 700 38.2504753884836 1
89 1000 46.0822675907301 1
90 0 115.101289007935 1
90 200 90.1261368220149 1
90 400 69.276925675338 1
90 500 47.3873500757803 1
90 700 46.1769244345867 1
90 1000 49.1850883431746 1
91 0 129.279977856353 1
91 200 89.6272455068261 1
91 400 70.3711763303706 1
91 500 36.8032534967065 1
91 700 35.9899630054578 1
91 1000 54.5571120485271 1
92 0 93.6284270283994 1
92 200 66.0824557372408 1
92 400 70.5596304383281 1
92 500 66.9890565968349 1
92 700 50.3170684453798 1
92 1000 49.704151485406 1
93 0 77.0370320214722 1
93 200 41.7691920619213 1
93 400 57.5108991381968 1
93 500 77.6374819928301 1
93 700 58.3578360247679 1
93 1000 42.5523113808269 1
94 0 104.04750164293 1
94 200 88.8908246996227 1
94 400 67.8707715807614 1
94 500 62.8106051238153 1
94 700 36.7231793017156 1
94 1000 28.5916690839741 1
95 0 109.760791151245 1
95 200 75.1675695175779 1
95 400 47.2361505305849 1
95 500 61.5944430707544 1
95 700 40.5608906741337 1
95 1000 39.8869613828849 1
96 0 107.088275281578 1
96 200 69.0811488046718 1
96 400 63.7452926168801 1
96 500 39.5885874438512 1
96 700 63.3816435900295 1
96 1000 40.7508388131589 1
97 0 81.9538454628209 1
97 200 63.870829418676 1
97 400 45.3869251822491 1
97 500 40.1668351085357 1
97 700 40.9879226619917 1
97 1000 28.5582545679569 1
98 0 105.320394528962 1
98 200 64.0811369073357 1
98 400 65.4015059993189 1
98 500 53.5732645189296 1
98 700 72.1787761203659 1
98 1000 68.9899451163189 1
99 0 145.357159742565 1
99 200 95.8148759952983 1
99 400 67.1339042401022 1
99 500 42.2830019196514 1
99 700 58.4772961348334 1
99 1000 32.1010121985493 1
100 0 68.8036385914639 1
100 200 66.5827827978613 1
100 400 83.7739491042626 1
100 500 79.493384004458 1
100 700 81.1581932010353 1
100 1000 50.1012792230332 1
