id dose eff group
1 0 107.652005172311 0
1 200 62.0765631002937 0
1 400 46.0552125981428 0
1 500 48.6384442030776 0
1 700 43.6204072053105 0
1 1000 41.7440428380513 0
2 0 82.1525495888578 0
2 200 92.583655567278 0
2 400 56.7137344634981 0
2 500 36.6783673089994 0
2 700 52.7942426670235 0
2 1000 44.9220190013423 0
3 0 105.236742448884 0
3 200 53.4778000632954 0
3 400 64.7472865991137 0
3 500 65.6756253019501 0
3 700 55.8094700803929 0
3 1000 18.2715475881686 0
4 0 82.1673190867627 0
4 200 111.414410709223 0
4 400 58.2587047948439 0
4 500 74.7736988740447 0
4 700 63.6261972608776 0
4 1000 50.4131965000016 0
5 0 86.8789456055693 0
5 200 119.527827175753 0
5 400 63.1213449406982 0
5 500 60.1707331959761 0
5 700 30.0061826919754 0
5 1000 28.8822344600597 0
6 0 139.882731658979 0
6 200 101.888183065183 0
6 400 34.401389308597 0
6 500 50.4198806083495 0
6 700 58.9175820101743 0
6 1000 51.6997286304055 0
7 0 106.860722922903 0
7 200 97.442736230077 0
7 400 78.7870434308779 0
7 500 51.2301002883632 0
7 700 40.7259335772008 0
7 1000 32.0975974990662 0
8 0 92.2436344293197 0
8 200 91.4540245848287 0
8 400 42.4243531899147 0
8 500 39.3525156078662 0
8 700 43.2430353593275 0
8 1000 35.3010768308583 0
9 0 95.3821207442041 0
9 200 93.5444836534099 0
9 400 96.4622024868938 0
9 500 61.7502661315031 0
9 700 49.9444650349523 0
9 1000 42.3203616307057 0
10 0 111.821869749332 0
10 200 109.658296326074 0
10 400 77.2200198318903 0
10 500 78.6560152164854 0
10 700 68.3931358902864 0
10 1000 55.0786968190544 0
11 0 93.7006274191818 0
11 200 122.585006382584 0
11 400 88.354194725886 0
11 500 72.4838954753165 0
11 700 51.5230689392508 0
11 1000 47.7507519098649 0
12 0 71.6250848354254 0
12 200 123.407866494003 0
12 400 56.9138255279425 0
12 500 94.2812837825115 0
12 700 55.4991932613589 0
12 1000 61.8390126591198 0
13 0 81.1353665345055 0
13 200 108.501226258945 0
13 400 59.2143224208126 0
13 500 84.8883489869318 0
13 700 85.5788245240856 0
13 1000 83.5370891817031 0
14 0 133.166827203644 0
14 200 115.548082443281 0
14 400 73.4789003781984 0
14 500 91.9786903493339 0
14 700 49.6191507774105 0
14 1000 52.1838341690705 0
15 0 101.164637982161 0
15 200 98.0052645626931 0
15 400 50.8824411980803 0
15 500 26.8580124137223 0
15 700 54.6184898865237 0
15 1000 31.91468490563 0
16 0 115.262852242558 0
16 200 111.168242337423 0
16 400 65.2989600618621 0
16 500 64.9001912509566 0
16 700 46.1608160968246 0
16 1000 34.8284057611337 0
17 0 90.8122864379251 0
17 200 93.6967170299697 0
17 400 94.8156151339947 0
17 500 62.2192918232011 0
17 700 65.9542794459915 0
17 1000 13.9645102126289 0
18 0 96.6709827115313 0
18 200 75.3553678557863 0
18 400 69.8061372676502 0
18 500 52.7475884729225 0
18 700 60.0485454509704 0
18 1000 50.6446998883676 0
19 0 115.213732207354 0
19 200 102.941255225261 0
19 400 88.1493038527816 0
19 500 55.9725694740215 0
19 700 58.6160771192917 0
19 1000 39.4698012118842 0
20 0 71.4667513034007 0
20 200 87.0957544466287 0
20 400 48.2760990871604 0
20 500 64.8203696828698 0
20 700 37.5611189902372 0
20 1000 40.1959655890474 0
21 0 96.7343757307023 0
21 200 118.277204596773 0
21 400 67.015799529312 0
21 500 68.3640847977245 0
21 700 51.2756065938426 0
21 1000 38.1968045923732 0
22 0 112.972344498621 0
22 200 46.0458995118366 0
22 400 92.9136457964586 0
22 500 95.9717847179775 0
22 700 41.5296592595266 0
22 1000 50.1309230810921 0
23 0 114.649680407711 0
23 200 125.631165148509 0
23 400 107.921305795554 0
23 500 71.7388562392679 0
23 700 79.1504199180439 0
23 1000 42.0622088154002 0
24 0 114.067341605272 0
24 200 88.1494557178681 0
24 400 86.9620585333824 0
24 500 106.22696697413 0
24 700 70.3043712544036 0
24 1000 56.5848916008694 0
25 0 114.636005470301 0
25 200 86.2758573476817 0
25 400 79.9316219727275 0
25 500 75.8185847817016 0
25 700 75.1805588396526 0
25 1000 38.9180886198765 0
26 0 106.09180308829 0
26 200 93.8894595990988 0
26 400 65.2478054249466 0
26 500 67.2882937378876 0
26 700 65.7867102702356 0
26 1000 57.9030933598961 0
27 0 67.1955805006572 0
27 200 85.5768469164628 0
27 400 52.3669543546253 0
27 500 57.9321879548921 0
27 700 45.5015833004414 0
27 1000 34.6387957744902 0
28 0 108.116509921133 0
28 200 50.159249178654 0
28 400 64.7788921847962 0
28 500 82.0969408972208 0
28 700 47.6068896166498 0
28 1000 31.9571892731054 0
29 0 68.388259213749 0
29 200 100.035547086575 0
29 400 69.1197331795529 0
29 500 75.2428095142207 0
29 700 63.6461130275513 0
29 1000 38.955911812304 0
30 0 116.892105076296 0
30 200 67.8921462810362 0
30 400 86.5715514899477 0
30 500 83.8430145718668 0
30 700 60.6746395030489 0
30 1000 64.4696028159531 0
31 0 115.452549350418 0
31 200 80.6025390663512 0
31 400 59.9501824284146 0
31 500 46.2480089140045 0
31 700 34.2229979518821 0
31 1000 42.6827528819307 0
32 0 75.6902166342959 0
32 200 85.6283375911695 0
32 400 76.5930964460872 0
32 500 106.770637771145 0
32 700 43.3300262805586 0
32 1000 40.1379220781721 0
33 0 131.884125176618 0
33 200 101.121631872362 0
33 400 103.704481057151 0
33 500 60.4481360924647 0
33 700 66.2980043152458 0
33 1000 64.5722309456438 0
34 0 119.153234085595 0
34 200 125.11921010535 0
34 400 61.1675987459092 0
34 500 66.1427377516125 0
34 700 68.0619453135677 0
34 1000 24.7050750193232 0
35 0 95.9621738140439 0
35 200 74.4990986658539 0
35 400 71.3563458518014 0
35 500 41.2699636739335 0
35 700 33.9457120208688 0
35 1000 54.8651771984609 0
36 0 71.8494161185525 0
36 200 125.072430172864 0
36 400 107.923511916684 0
36 500 56.1316683308507 0
36 700 78.9016602303323 0
36 1000 47.2005047225983 0
37 0 122.660116917959 0
37 200 150.891430536741 0
37 400 81.9613544171302 0
37 500 79.5304174719214 0
37 700 66.9168720745505 0
37 1000 54.9093224061647 0
38 0 93.7247716672967 0
38 200 104.355265663494 0
38 400 64.1450810595393 0
38 500 51.8664427851444 0
38 700 31.8117793301339 0
38 1000 26.9371761719107 0
39 0 119.959296365797 0
39 200 65.0233559695874 0
39 400 10.4325619568502 0
39 500 35.2504804258167 0
39 700 38.3092738540548 0
39 1000 36.0188387853647 0
40 0 98.9383145337351 0
40 200 69.7264879351831 0
40 400 32.4226892086217 0
40 500 61.8779133653376 0
40 700 29.4199343343473 0
40 1000 32.3521283937453 0
41 0 67.9916885902923 0
41 200 87.1938638969383 0
41 400 70.7576028020312 0
41 500 66.5934069455426 0
41 700 46.366401731095 0
41 1000 39.7754028920168 0
42 0 107.857451209952 0
42 200 85.1738945174943 0
42 400 84.651345792818 0
42 500 59.4590506333222 0
42 700 48.8907095808859 0
42 1000 52.3637530939254 0
43 0 79.7714406002748 0
43 200 103.647097974381 0
43 400 86.1596789827957 0
43 500 73.8140524844941 0
43 700 81.7999433401733 0
43 1000 57.1926648811805 0
44 0 146.688613086245 0
44 200 107.164461492101 0
44 400 74.7616942922734 0
44 500 46.6694018197597 0
44 700 41.391765499017 0
44 1000 44.6379022337279 0
45 0 99.1695785965908 0
45 200 127.433847609918 0
45 400 103.595835017729 0
45 500 51.0383193587683 0
45 700 47.5901070212272 0
45 1000 44.5973198652145 0
46 0 99.6892183660039 0
46 200 88.0790051192041 0
46 400 46.5198008768312 0
46 500 47.7498198114412 0
46 700 41.648041127288 0
46 1000 33.0086510351316 0
47 0 96.4250462012269 0
47 200 97.6106282855605 0
47 400 84.8591322110083 0
47 500 48.1869460616056 0
47 700 67.7103477276184 0
47 1000 48.5858395838519 0
48 0 78.4446509900556 0
48 200 71.1655547883521 0
48 400 80.3445058775613 0
48 500 55.0729012820925 0
48 700 38.9668447925274 0
48 1000 49.3705554082384 0
49 0 100.884780118702 0
49 200 107.450619424238 0
49 400 63.0116620005976 0
49 500 59.6283894564119 0
49 700 38.9542010574008 0
49 1000 39.0965124158443 0
50 0 84.0335307377177 0
50 200 99.5349419386017 0
50 400 81.6577133069648 0
50 500 63.4152844101413 0
50 700 37.8063760868519 0
50 1000 33.9227762107707 0
51 0 187.417401285438 1
51 200 65.6848493292733 1
51 400 47.353927086474 1
51 500 50.1659087663461 1
51 700 50.4862525023532 1
51 1000 47.938726220248 1
52 0 99.1184976419896 1
52 200 67.1501319008072 1
52 400 68.8587236613149 1
52 500 35.7891047050986 1
52 700 32.3786480354766 1
52 1000 16.8153393921586 1
53 0 104.609100469325 1
53 200 49.3717574123956 1
53 400 47.9015651067392 1
53 500 58.2027640840881 1
53 700 35.3677747701796 1
53 1000 35.3073889613561 1
54 0 97.9569255320808 1
54 200 40.7098909020992 1
54 400 32.1850144315748 1
54 500 36.1993250163545 1
54 700 32.8833119553739 1
54 1000 38.9512873701342 1
55 0 105.695882121244 1
55 200 69.9995953271744 1
55 400 51.7785464806351 1
55 500 47.5610360327111 1
55 700 38.0610695044023 1
55 1000 36.6020938764681 1
56 0 128.270749038329 1
56 200 78.0500944468607 1
56 400 43.4528862597787 1
56 500 30.1244401053817 1
56 700 49.097531569119 1
56 1000 45.0369854199881 1
57 0 106.849532265013 1
57 200 87.2787861375392 1
57 400 43.028739681099 1
57 500 53.1058656243349 1
57 700 32.5052741487058 1
57 1000 43.7037536451888 1
58 0 129.62800066724 1
58 200 127.81542370642 1
58 400 56.6841266394789 1
58 500 56.402571673697 1
58 700 61.8732467569094 1
58 1000 38.2396473679403 1
59 0 118.685508205676 1
59 200 82.7678063377203 1
59 400 37.2536448533272 1
59 500 42.9577650373448 1
59 700 54.4502333081796 1
59 1000 34.6293000296556 1
60 0 122.610902855747 1
60 200 90.5519822251391 1
60 400 51.5102547117176 1
60 500 28.2227730557712 1
60 700 43.8959491791906 1
60 1000 34.5802679718701 1
61 0 74.9453609444252 1
61 200 47.8451957983991 1
61 400 52.7210985349265 1
61 500 37.7501208926313 1
61 700 44.6120949018904 1
61 1000 30.8460127017588 1
62 0 128.29460108113 1
62 200 72.0126204691216 1
62 400 54.0162573433625 1
62 500 71.5121956036433 1
62 700 39.0866073344803 1
62 1000 25.0455527946803 1
63 0 119.690996744365 1
63 200 73.7399569938195 1
63 400 53.3095615721778 1
63 500 58.0833401744011 1
63 700 50.8112040263989 1
63 1000 23.1268193022219 1
64 0 123.52671377382 1
64 200 80.0127760703737 1
64 400 95.9836768083993 1
64 500 48.2217264989414 1
64 700 52.2489785938598 1
64 1000 42.2642873827945 1
65 0 80.8710949954195 1
65 200 51.3625671215369 1
65 400 36.5152282432965 1
65 500 42.2104138327921 1
65 700 31.3851513536498 1
65 1000 23.3768189747141 1
66 0 73.7398084341863 1
66 200 53.7848623962119 1
66 400 62.5091162399237 1
66 500 45.5394051235459 1
66 700 50.3259113579091 1
66 1000 38.1255129163537 1
67 0 56.2147440590138 1
67 200 60.6955947042812 1
67 400 50.1788548362352 1
67 500 31.6842472820822 1
67 700 38.4519850930705 1
67 1000 42.0314297481167 1
68 0 107.407754394457 1
68 200 82.8355100275588 1
68 400 66.084754898415 1
68 500 56.1269461323737 1
68 700 58.3582646775703 1
68 1000 34.5261956541027 1
69 0 107.127680749968 1
69 200 62.1156653667313 1
69 400 85.4562076391575 1
69 500 76.7953323098825 1
69 700 39.2097359871357 1
69 1000 45.8291575783838 1
70 0 95.567499209306 1
70 200 78.0113207816806 1
70 400 50.7886541777655 1
70 500 45.9281831661035 1
70 700 27.0483069595689 1
70 1000 48.6160794815525 1
71 0 96.2447644601467 1
71 200 88.2817096751929 1
71 400 65.558356223929 1
71 500 41.5713287124049 1
71 700 53.7441492886239 1
71 1000 25.0079610610343 1
72 0 109.218264136326 1
72 200 71.1891362478825 1
72 400 52.5890351621635 1
72 500 43.5590406433756 1
72 700 43.5132713130876 1
72 1000 34.9960273485551 1
73 0 119.086763478145 1
73 200 86.4944731071184 1
73 400 68.2010917124249 1
73 500 80.7467143081232 1
73 700 48.129618357979 1
73 1000 59.4863447478094 1
74 0 85.3057245003564 1
74 200 54.6401790230569 1
74 400 54.1281420234935 1
74 500 39.3795196455806 1
74 700 30.8198550507128 1
74 1000 27.0403877692894 1
75 0 94.2701745952479 1
75 200 87.7142060735051 1
75 400 68.2204770893201 1
75 500 52.7214162109531 1
75 700 57.7226278576254 1
75 1000 35.5409200513246 1
76 0 128.051755456986 1
76 200 106.966904097837 1
76 400 54.3879188506259 1
76 500 45.7673977684354 1
76 700 67.3665280481573 1
76 1000 45.6349475979775 1
77 0 127.339654617753 1
77 200 89.8729114108202 1
77 400 41.6598029903777 1
77 500 67.5754471255373 1
77 700 45.0057629288431 1
77 1000 29.7380603852906 1
78 0 93.3058741877852 1
78 200 41.7521296112366 1
78 400 31.6944550506111 1
78 500 42.5927401017535 1
78 700 36.6396529469774 1
78 1000 18.4463668820456 1
79 0 80.422868638342 1
79 200 55.1786632235701 1
79 400 40.2731008408346 1
79 500 39.1865504907812 1
79 700 33.6167343512587 1
79 1000 21.6059990302112 1
80 0 131.506082701515 1
80 200 90.3028074623011 1
80 400 46.2790441494017 1
80 500 48.9852310418047 1
80 700 49.7062527214793 1
80 1000 46.0639049061236 1
81 0 65.1564397825164 1
81 200 46.3414573182961 1
81 400 59.4441688933107 1
81 500 49.1882487864245 1
81 700 50.880776014233 1
81 1000 55.4715409286197 1
82 0 101.720032864417 1
82 200 68.804861222298 1
82 400 45.7271234674238 1
82 500 47.0833004120879 1
82 700 35.2955876412359 1
82 1000 44.214887675782 1
83 0 60.4969926248746 1
83 200 58.1589304108727 1
83 400 46.8029546264466 1
83 500 33.001644963849 1
83 700 51.4879123356107 1
83 1000 39.3121359410522 1
84 0 73.4852304705151 1
84 200 83.4677007467549 1
84 400 62.4179530830814 1
84 500 49.3910100618396 1
84 700 55.5675174407939 1
84 1000 26.1753632725773 1
85 0 111.875427737333 1
85 200 55.9835090344107 1
85 400 66.4467803826421 1
85 500 33.1394770130177 1
85 700 45.5476336434875 1
85 1000 35.2120502961634 1
86 0 79.5895010801936 1
86 200 81.3830319642772 1
86 400 47.107500112277 1
86 500 66.0239006713655 1
86 700 56.6252316775108 1
86 1000 43.3288137623417 1
87 0 114.249604790223 1
87 200 91.6008791854668 1
87 400 51.4365987132555 1
87 500 40.4098531539556 1
87 700 62.4069553613641 1
87 1000 55.8323964582868 1
88 0 85.1093969340821 1
88 200 50.2387751587998 1
88 400 57.554858799799 1
88 500 37.7487689760712 1
88 700 31.4007816571275 1
88 1000 34.0147371189486 1
89 0 89.7702696067022 1
89 200 81.8569817261032 1
89 400 51.1230781692445 1
89 500 45.7810477823866 1
89 700 53.9414855708523 1
89 1000 48.2415108617236 1
90 0 70.3736469793735 1
90 200 90.4196001426813 1
90 400 73.1213110960012 1
90 500 39.8115979139234 1
90 700 56.0026233818872 1
90 1000 52.4434730152035 1
91 0 86.0483803223844 1
91 200 68.9541140895657 1
91 400 67.8991021122096 1
91 500 43.8518273148836 1
91 700 36.341233212231 1
91 1000 38.1378312391816 1
92 0 130.162070398521 1
92 200 98.2436049935884 1
92 400 86.807981955856 1
92 500 61.8124028007889 1
92 700 49.433623808181 1
92 1000 45.5908192118011 1
93 0 105.331471210965 1
93 200 90.7783703236041 1
93 400 65.0581084698518 1
93 500 67.0081534845222 1
93 700 58.8955832515761 1
93 1000 42.3894117310165 1
94 0 109.090508761821 1
94 200 77.5605137295155 1
94 400 77.7330866343199 1
94 500 50.8930565739095 1
94 700 51.521009057847 1
94 1000 52.3329608565406 1
95 0 132.543494473262 1
95 200 63.1795245492284 1
95 400 45.4702052825061 1
95 500 58.4296451220584 1
95 700 49.8113355066118 1
95 1000 18.3890616967317 1
96 0 121.130643457944 1
96 200 72.8459306173151 1
96 400 25.644786445271 1
96 500 57.935759611552 1
96 700 18.9037811149938 1
96 1000 39.0809188934544 1
97 0 106.196534720874 1
97 200 88.0616154082181 1
97 400 39.8677391566652 1
97 500 41.9164631585018 1
97 700 30.4569046748229 1
97 1000 23.1055377644227 1
98 0 91.9797232416669 1
98 200 56.1101921830375 1
98 400 42.4042075414625 1
98 500 46.0547091193437 1
98 700 49.3058761680455 1
98 1000 52.2139851837545 1
99 0 62.8271714371912 1
99 200 75.7047795200804 1
99 400 30.9328752112534 1
99 500 47.7759196456853 1
99 700 41.4790518264454 1
99 1000 32.4813907439215 1
100 0 71.1490229912293 1
100 200 85.3213012574478 1
100 400 77.9498251271134 1
100 500 64.1189229351998 1
100 700 48.7086620913707 1
100 1000 46.8774644526094 1
