id dose eff group
1 0 94.3280784106725 0
1 200 121.627849178221 0
1 400 78.2094583639753 0
1 500 63.9936033507486 0
1 700 57.4153824446508 0
1 1000 38.380120902089 0
2 0 60.4625557406272 0
2 200 82.3763111843103 0
2 400 72.6424252485491 0
2 500 45.3913698827589 0
2 700 47.8862253148437 0
2 1000 70.0257556914258 0
3 0 73.0087346396096 0
3 200 48.5939520544236 0
3 400 42.3435180433633 0
3 500 39.9651255589052 0
3 700 47.5577768868267 0
3 1000 29.3459866402887 0
4 0 84.319636373134 0
4 200 116.848141643706 0
4 400 78.5359381409641 0
4 500 66.1945048098705 0
4 700 33.9780825357015 0
4 1000 24.9651137753262 0
5 0 109.512667884515 0
5 200 78.6747584679774 0
5 400 79.6347362908815 0
5 500 84.2846779886741 0
5 700 80.0906072089503 0
5 1000 53.5384729670384 0
6 0 107.786941568779 0
6 200 84.3183061524959 0
6 400 59.183315327577 0
6 500 50.7224296465949 0
6 700 52.4122561531062 0
6 1000 41.7517079132522 0
7 0 94.0309899224601 0
7 200 54.112357081991 0
7 400 26.9205281147134 0
7 500 56.6156127033714 0
7 700 53.7994666138898 0
7 1000 54.7793051062583 0
8 0 71.3424728825677 0
8 200 106.130264104233 0
8 400 43.1246582689602 0
8 500 46.5830098074027 0
8 700 34.6512682676703 0
8 1000 47.2958961354163 0
9 0 101.226993262654 0
9 200 88.3513095568065 0
9 400 66.811704985657 0
9 500 65.1033562174866 0
9 700 27.8625926710832 0
9 1000 32.6373000980398 0
10 0 104.600601609439 0
10 200 131.952412799017 0
10 400 82.4994074186623 0
10 500 52.3739904836825 0
10 700 37.3486710006887 0
10 1000 34.2799763646834 0
11 0 88.4961935168638 0
11 200 89.876578577701 0
11 400 74.4821666814177 0
11 500 65.885278675355 0
11 700 83.6344484116768 0
11 1000 53.6510439930221 0
12 0 76.5319970144215 0
12 200 84.9688704024275 0
12 400 53.5285256101462 0
12 500 41.4323399026681 0
12 700 40.4225276041936 0
12 1000 34.296423849426 0
13 0 58.2724436931085 0
13 200 97.9832288351231 0
13 400 48.3043607738695 0
13 500 61.999978528234 0
13 700 42.9267746136716 0
13 1000 51.2459292647039 0
14 0 150.033392319783 0
14 200 65.4342010468813 0
14 400 99.0196127847476 0
14 500 52.2580194560339 0
14 700 56.5885985145098 0
14 1000 43.755243770172 0
15 0 122.126149427532 0
15 200 89.4433839577444 0
15 400 68.2141381758784 0
15 500 51.0843040628292 0
15 700 70.6621364486735 0
15 1000 43.0545260988741 0
16 0 123.824720151019 0
16 200 110.566638228988 0
16 400 111.483752649102 0
16 500 73.076486268628 0
16 700 67.3840958041845 0
16 1000 28.0328800094876 0
17 0 86.9750893529295 0
17 200 121.553252981465 0
17 400 81.9168743005861 0
17 500 53.5568581010174 0
17 700 53.0432936075141 0
17 1000 29.8420713600184 0
18 0 109.617828276207 0
18 200 66.6486621663656 0
18 400 47.4387515048634 0
18 500 36.9956290266796 0
18 700 39.6789331706307 0
18 1000 33.5809149474422 0
19 0 89.8974399991982 0
19 200 89.2865608137077 0
19 400 70.7603864290424 0
19 500 62.382618727343 0
19 700 87.4537253471115 0
19 1000 45.8802952662396 0
20 0 135.497146093415 0
20 200 70.8449791228611 0
20 400 93.0077943540574 0
20 500 77.216540404866 0
20 700 82.6003527211284 0
20 1000 56.262155279428 0
21 0 138.352837961138 0
21 200 89.1688722800456 0
21 400 58.1855082184821 0
21 500 26.3594360171264 0
21 700 42.7218472426841 0
21 1000 52.5471176999153 0
22 0 116.101004146319 0
22 200 110.976319659128 0
22 400 70.0217931371269 0
22 500 92.472040316526 0
22 700 42.2310182915749 0
22 1000 79.9570282822082 0
23 0 140.446394569557 0
23 200 68.587243230478 0
23 400 86.1882350698545 0
23 500 99.8669797827177 0
23 700 79.5832214998115 0
23 1000 38.8759935646185 0
24 0 111.776080313041 0
24 200 119.301225505616 0
24 400 65.160037504951 0
24 500 90.2695842056429 0
24 700 56.7613705714356 0
24 1000 39.1728906414615 0
25 0 104.457823402352 0
25 200 95.1865079487576 0
25 400 74.9845314610621 0
25 500 77.8431122904549 0
25 700 56.4275604667826 0
25 1000 72.4474661859186 0
26 0 139.057219225826 0
26 200 74.1959125280258 0
26 400 91.6936098520111 0
26 500 84.34997630837 0
26 700 34.8066282914125 0
26 1000 68.5741925245987 0
27 0 106.448471246261 0
27 200 77.2451288566247 0
27 400 39.6643296948661 0
27 500 70.5160369814484 0
27 700 70.8133693746328 0
27 1000 63.9222055756235 0
28 0 129.153316801256 0
28 200 91.0231253111689 0
28 400 68.531566210242 0
28 500 58.4627012708069 0
28 700 48.8399227386465 0
28 1000 43.2528020487857 0
29 0 74.1867973606501 0
29 200 78.1745918125156 0
29 400 65.579475737138 0
29 500 45.0829390282017 0
29 700 48.885211666102 0
29 1000 52.5470505358742 0
30 0 105.154823517858 0
30 200 40.477258709355 0
30 400 68.5031301253658 0
30 500 48.5473139209466 0
30 700 57.9076310364951 0
30 1000 49.7047699467936 0
31 0 76.5410518248771 0
31 200 46.7867462660134 0
31 400 62.2475216408501 0
31 500 59.8820687107031 0
31 700 51.0546161176456 0
31 1000 27.775515983947 0
32 0 88.43795299561 0
32 200 73.5404737526574 0
32 400 62.7071229607625 0
32 500 60.8703701399643 0
32 700 59.7553280031665 0
32 1000 45.0786583443985 0
33 0 89.2621614044754 0
33 200 76.3625338346119 0
33 400 55.0747556893247 0
33 500 43.0796768277783 0
33 700 46.8839374357214 0
33 1000 28.2591146718821 0
34 0 111.714840532976 0
34 200 68.1372791794087 0
34 400 46.2203922519566 0
34 500 48.8370096745286 0
34 700 41.4842163791781 0
34 1000 33.9290901386782 0
35 0 57.2144370718299 0
35 200 99.3654235023518 0
35 400 74.9328330509223 0
35 500 85.3181222824895 0
35 700 60.9902696615319 0
35 1000 68.1386535723363 0
36 0 106.95607627245 0
36 200 100.608589300526 0
36 400 58.7702016242129 0
36 500 43.6498587261997 0
36 700 59.2085713700614 0
36 1000 25.2186896344287 0
37 0 84.7956369384891 0
37 200 71.3198482041439 0
37 400 52.6218876203241 0
37 500 28.7591089897606 0
37 700 33.5134539729613 0
37 1000 32.2626968764511 0
38 0 100.828431878215 0
38 200 93.3341763800419 0
38 400 93.7904096332244 0
38 500 59.4203343199985 0
38 700 66.722094569945 0
38 1000 57.7079123117686 0
39 0 94.5287022350422 0
39 200 89.8856470227791 0
39 400 80.3468664075453 0
39 500 73.7599777965422 0
39 700 42.8203632185133 0
39 1000 47.0600815033407 0
40 0 123.900023080185 0
40 200 78.8523583145832 0
40 400 76.8929468615797 0
40 500 60.8405172395307 0
40 700 78.6696823449482 0
40 1000 52.176689425903 0
41 0 83.5761428909389 0
41 200 58.7621514836507 0
41 400 85.5828408769471 0
41 500 68.7158663588198 0
41 700 34.2076539559097 0
41 1000 42.6932628365585 0
42 0 68.9805677515705 0
42 200 78.5836426705912 0
42 400 51.2041471944856 0
42 500 72.2691161673885 0
42 700 32.2797579205194 0
42 1000 48.2958750210174 0
43 0 72.9319572209207 0
43 200 78.6428236235689 0
43 400 71.9363821592757 0
43 500 68.0151825204167 0
43 700 51.5062660452594 0
43 1000 38.1125472891427 0
44 0 84.7376713195303 0
44 200 76.7052030095359 0
44 400 39.50657423317 0
44 500 40.389901716107 0
44 700 45.4037552517837 0
44 1000 33.3576732481574 0
45 0 81.1844446938559 0
45 200 73.4237254031988 0
45 400 88.1627950117544 0
45 500 72.031861027713 0
45 700 35.0127811265489 0
45 1000 26.0400285027254 0
46 0 99.9322202575746 0
46 200 108.1344805192 0
46 400 53.6642699387326 0
46 500 56.2284633617719 0
46 700 24.1407384484932 0
46 1000 31.780913989437 0
47 0 112.000060405952 0
47 200 97.7105795307066 0
47 400 82.6599260161162 0
47 500 75.649657398086 0
47 700 73.0013480492744 0
47 1000 29.7633828870006 0
48 0 123.847370095043 0
48 200 94.6456563146048 0
48 400 63.6063501313062 0
48 500 56.6976354146064 0
48 700 59.8834227719835 0
48 1000 46.2936812152602 0
49 0 134.135744605806 0
49 200 85.1718302699422 0
49 400 58.570844138661 0
49 500 36.1714942730777 0
49 700 53.2697057063182 0
49 1000 32.0088454350143 0
50 0 106.373248802333 0
50 200 76.8523650709352 0
50 400 67.6664714779376 0
50 500 49.4159458524961 0
50 700 50.114455646925 0
50 1000 28.4095414410157 0
51 0 92.573042774403 1
51 200 87.7569214139848 1
51 400 57.0654209801419 1
51 500 38.6576402097653 1
51 700 43.1374476608701 1
51 1000 37.7858796046947 1
52 0 58.9520345402802 1
52 200 92.6924592718485 1
52 400 39.9795497731756 1
52 500 41.5973671493127 1
52 700 44.9334066909019 1
52 1000 27.0650230633821 1
53 0 110.881144264848 1
53 200 134.540355290348 1
53 400 108.841369252371 1
53 500 89.5490530011309 1
53 700 50.9023449245601 1
53 1000 38.7097302218017 1
54 0 92.3679835134766 1
54 200 90.9338573105661 1
54 400 50.4002804009402 1
54 500 62.3730479989445 1
54 700 48.6373080184822 1
54 1000 33.0920514891845 1
55 0 111.508871758929 1
55 200 71.3460630041748 1
55 400 49.9737474203571 1
55 500 44.1232675763164 1
55 700 29.0197256991508 1
55 1000 20.0028230167428 1
56 0 85.3383570178916 1
56 200 81.1360614960484 1
56 400 67.908161603537 1
56 500 67.4016064508682 1
56 700 45.1955093833185 1
56 1000 34.0789411972858 1
57 0 71.4295834814901 1
57 200 94.4781730257554 1
57 400 50.158049617264 1
57 500 32.9828876486749 1
57 700 54.6997103905812 1
57 1000 36.2550149488811 1
58 0 134.695901654442 1
58 200 52.400669464311 1
58 400 36.9434138316553 1
58 500 58.7823945025647 1
58 700 37.1000435616624 1
58 1000 40.2741164336362 1
59 0 119.284053129932 1
59 200 48.2549364496507 1
59 400 46.2173507817076 1
59 500 43.4450229074023 1
59 700 38.9518942081605 1
59 1000 43.1104716746239 1
60 0 134.224770031346 1
60 200 68.6378564419935 1
60 400 58.4011233479705 1
60 500 78.7027731453989 1
60 700 42.5139794355441 1
60 1000 36.8803296916471 1
61 0 97.9460782393743 1
61 200 68.7613845719706 1
61 400 42.9078340450044 1
61 500 55.7185392384968 1
61 700 31.0940364097 1
61 1000 30.3226159491076 1
62 0 77.0599652340941 1
62 200 82.9664566845084 1
62 400 79.4568120676371 1
62 500 32.8499103098348 1
62 700 58.4883167791956 1
62 1000 30.4997649549983 1
63 0 72.0219390274888 1
63 200 80.149534047492 1
63 400 48.2330857617816 1
63 500 61.6088637043976 1
63 700 46.4471254103537 1
63 1000 30.3435593540407 1
64 0 72.2611488364661 1
64 200 86.4318651708725 1
64 400 60.3491738543922 1
64 500 51.5365584726814 1
64 700 43.4681674841625 1
64 1000 32.2145905023782 1
65 0 70.3404597418681 1
65 200 75.1801124583782 1
65 400 63.9254887931245 1
65 500 50.2069858658541 1
65 700 40.6145427887584 1
65 1000 27.9546186918396 1
66 0 137.130724395004 1
66 200 54.6242452165804 1
66 400 32.9199515472546 1
66 500 25.6422323041847 1
66 700 32.5644670369211 1
66 1000 31.6271782805076 1
67 0 135.186216478735 1
67 200 153.20716573626 1
67 400 86.8189170387711 1
67 500 106.330312352886 1
67 700 63.5028787193041 1
67 1000 64.9594936267849 1
68 0 87.3883776974592 1
68 200 75.7806087895383 1
68 400 48.9277390670818 1
68 500 44.2535234942975 1
68 700 49.3236725606821 1
68 1000 42.6480635170776 1
69 0 98.8043766811598 1
69 200 51.9211993215455 1
69 400 42.5368801473007 1
69 500 40.1298044178915 1
69 700 35.3386022854719 1
69 1000 29.2901533435066 1
70 0 98.9730897575301 1
70 200 100.21743745297 1
70 400 40.2266848411343 1
70 500 73.9439894296022 1
70 700 58.2056496705502 1
70 1000 43.5728161397557 1
71 0 80.73816586226 1
71 200 92.4967972205184 1
71 400 79.1858062852594 1
71 500 50.8482724850877 1
71 700 37.280069881433 1
71 1000 44.9608608637275 1
72 0 50.9489771092258 1
72 200 95.3266862383649 1
72 400 46.0470923719557 1
72 500 57.60141593671 1
72 700 52.2424863151313 1
72 1000 17.5154950664943 1
73 0 116.765023121883 1
73 200 86.0863682564093 1
73 400 67.4396869596298 1
73 500 64.4438446162722 1
73 700 45.2140499580042 1
73 1000 22.3630654101625 1
74 0 109.563244360879 1
74 200 37.3440604078638 1
74 400 30.7774302257322 1
74 500 39.5703775997045 1
74 700 29.4231852317337 1
74 1000 27.9136187187575 1
75 0 65.0162814006251 1
75 200 64.6282106287102 1
75 400 47.606760657279 1
75 500 51.6519380573956 1
75 700 37.2687465512776 1
75 1000 15.1573200405314 1
76 0 130.39474327292 1
76 200 103.918874209215 1
76 400 73.1947879390216 1
76 500 63.7002392971893 1
76 700 71.472084641815 1
76 1000 43.1757197498359 1
77 0 74.8501403468475 1
77 200 83.0243943063192 1
77 400 47.0099835838512 1
77 500 40.8164911591758 1
77 700 38.9209614460684 1
77 1000 25.9932577996439 1
78 0 168.186389741516 1
78 200 86.1675846221147 1
78 400 66.7124601508892 1
78 500 46.4368240736512 1
78 700 35.595108190578 1
78 1000 33.6594523765563 1
79 0 73.4631686349938 1
79 200 79.0185957303567 1
79 400 77.0131217355438 1
79 500 77.6579710002936 1
79 700 43.0202401563952 1
79 1000 65.6448576209027 1
80 0 97.0385114417724 1
80 200 65.8382779078803 1
80 400 38.1474278819245 1
80 500 40.0528677870808 1
80 700 32.4996055083548 1
80 1000 31.9744075615826 1
81 0 76.5990882196251 1
81 200 67.2931195430166 1
81 400 61.1061381091749 1
81 500 57.8631409617636 1
81 700 34.6301006976001 1
81 1000 20.759427627182 1
82 0 125.256921825057 1
82 200 83.2596383636412 1
82 400 51.2578138016909 1
82 500 51.8544425229199 1
82 700 51.1738881347651 1
82 1000 16.701660650374 1
83 0 122.886386724961 1
83 200 69.4079885904865 1
83 400 40.604059240282 1
83 500 60.6930227386621 1
83 700 33.2575632081844 1
83 1000 37.0202599503481 1
84 0 113.786029250135 1
84 200 89.4594938427508 1
84 400 61.7967476016302 1
84 500 41.0787939791308 1
84 700 31.9439408701915 1
84 1000 24.7794866598446 1
85 0 103.361414079177 1
85 200 72.7671013208239 1
85 400 65.9975117275183 1
85 500 38.368608748823 1
85 700 45.7859912678812 1
85 1000 37.653598796305 1
86 0 113.512353109938 1
86 200 85.1065771223326 1
86 400 81.7502715943008 1
86 500 59.0102047111103 1
86 700 79.8118373924634 1
86 1000 40.9655601410854 1
87 0 146.45582584683 1
87 200 88.4491470380437 1
87 400 86.2973892647134 1
87 500 65.7935013483881 1
87 700 39.9920081776746 1
87 1000 55.2194053130139 1
88 0 82.4128042879375 1
88 200 92.732650575434 1
88 400 69.4836068138396 1
88 500 74.2378420233177 1
88 700 62.5256880694236 1
88 1000 55.7183464275203 1
89 0 128.29052795024 1
89 200 120.79390102427 1
89 400 48.6187118927212 1
89 500 51.7136807577047 1
89 700 55.3638984656823 1
89 1000 17.0963642881723 1
90 0 105.269335095447 1
90 200 110.776750474802 1
90 400 68.8825887688017 1
90 500 65.9737187617292 1
90 700 51.92697875304 1
90 1000 31.962812763091 1
91 0 104.948543152827 1
91 200 79.5195855843087 1
91 400 23.6797128858553 1
91 500 41.853135531843 1
91 700 30.2345704538453 1
91 1000 31.526902811285 1
92 0 126.809632607794 1
92 200 109.548965146131 1
92 400 77.6911680792242 1
92 500 75.8966611039738 1
92 700 30.157302838991 1
92 1000 38.8931946072825 1
93 0 93.4853907292559 1
93 200 84.2564480231453 1
93 400 55.0799411167647 1
93 500 48.2396146718853 1
93 700 47.9831062328842 1
93 1000 39.6706992136494 1
94 0 85.5846151801933 1
94 200 52.7297957995562 1
94 400 36.7716445991882 1
94 500 47.935394954214 1
94 700 43.5410917490965 1
94 1000 31.1892999439549 1
95 0 123.788649961334 1
95 200 52.3794504554773 1
95 400 32.6001351128054 1
95 500 60.4480478756319 1
95 700 45.6400966065684 1
95 1000 44.1851679538261 1
96 0 72.8371191407714 1
96 200 73.1363710708023 1
96 400 48.0597784704939 1
96 500 50.3501119536462 1
96 700 65.6745279312345 1
96 1000 41.1099270957327 1
97 0 115.852841896442 1
97 200 53.1336760450858 1
97 400 64.1026806585845 1
97 500 48.8676196622807 1
97 700 27.7088028991001 1
97 1000 30.6031853840814 1
98 0 131.294098568449 1
98 200 130.476541678961 1
98 400 71.4618924395456 1
98 500 71.4051135701881 1
98 700 47.4771185746176 1
98 1000 28.12828380771 1
99 0 107.228197162298 1
99 200 130.29135732378 1
99 400 77.0893204095451 1
99 500 76.5218545189001 1
99 700 52.9383609981431 1
99 1000 59.7460076253838 1
100 0 94.1810145347477 1
100 200 72.5996858162129 1
100 400 70.9447435508881 1
100 500 51.7795300977374 1
100 700 39.6058454863696 1
100 1000 40.6653947022173 1
