id dose eff group
1 0 78.4438453234368 0
1 200 103.223232510418 0
1 400 60.9262655185982 0
1 500 87.5934571829677 0
1 700 45.7532899792825 0
1 1000 42.7195134112751 0
2 0 81.8449471681634 0
2 200 68.1354661298707 0
2 400 48.0767613510225 0
2 500 57.55158997297 0
2 700 44.099250801086 0
2 1000 43.7267773524507 0
3 0 101.367652725906 0
3 200 78.0100084913422 0
3 400 54.8011625861943 0
3 500 56.9658239885395 0
3 700 41.3115011568372 0
3 1000 36.3852333886643 0
4 0 64.0777893185479 0
4 200 127.106993824124 0
4 400 95.5210483842178 0
4 500 42.2710353959125 0
4 700 41.687453833965 0
4 1000 43.3432916686302 0
5 0 79.6805339336162 0
5 200 89.6884175816045 0
5 400 67.9013450426635 0
5 500 92.7891136427753 0
5 700 51.1463561589364 0
5 1000 42.1110849692975 0
6 0 70.106491391724 0
6 200 87.5921916870603 0
6 400 94.2166983692218 0
6 500 76.695321061251 0
6 700 51.827427741792 0
6 1000 48.0827487025002 0
7 0 57.2591136922804 0
7 200 80.2992203161803 0
7 400 89.5048427376376 0
7 500 77.9604987703128 0
7 700 66.0425505983641 0
7 1000 34.3200606777932 0
8 0 103.827732833814 0
8 200 115.834967197919 0
8 400 94.3878767774251 0
8 500 49.5173061151361 0
8 700 49.786939537529 0
8 1000 53.124290536539 0
9 0 141.619781514114 0
9 200 99.289711168625 0
9 400 35.1440950938413 0
9 500 84.7221008869267 0
9 700 70.4656025149422 0
9 1000 48.7192953692074 0
10 0 87.2197876234364 0
10 200 74.8688960246922 0
10 400 56.77307842468 0
10 500 59.3342333780043 0
10 700 35.8580367424344 0
10 1000 24.0175654494181 0
11 0 90.8441093517513 0
11 200 94.2020332083899 0
11 400 58.8449736522017 0
11 500 75.9515008749769 0
11 700 58.2136402595914 0
11 1000 37.9779007271668 0
12 0 141.712154459529 0
12 200 89.3179656636627 0
12 400 64.9620766161539 0
12 500 66.0000426862261 0
12 700 46.0226801184806 0
12 1000 44.7217642685872 0
13 0 74.291304399547 0
13 200 80.1102029313285 0
13 400 89.8843484382833 0
13 500 74.7359519013213 0
13 700 53.4998786769605 0
13 1000 50.6551619733391 0
14 0 105.454739256136 0
14 200 131.609642915758 0
14 400 91.4028766314074 0
14 500 94.3916619605898 0
14 700 62.1584219769986 0
14 1000 40.1158019180666 0
15 0 89.8891066500564 0
15 200 88.6705997932923 0
15 400 59.6452719688485 0
15 500 68.2569392611822 0
15 700 26.9533530746762 0
15 1000 55.1233934290424 0
16 0 44.1939172152682 0
16 200 73.9341114392663 0
16 400 94.8132584224415 0
16 500 61.7703174190523 0
16 700 59.5578045794327 0
16 1000 39.5556792866662 0
17 0 95.7943113759488 0
17 200 92.7952219472617 0
17 400 59.4106890339855 0
17 500 44.3846387640635 0
17 700 95.1698861651832 0
17 1000 55.9315308813324 0
18 0 114.23499373981 0
18 200 68.1328151621785 0
18 400 86.4159465545375 0
18 500 55.2331429550911 0
18 700 47.8499275115902 0
18 1000 45.9944315238937 0
19 0 113.123215209203 0
19 200 83.348210519791 0
19 400 45.6956848711751 0
19 500 66.3113580757021 0
19 700 40.1762829755159 0
19 1000 49.6640912557404 0
20 0 77.4004107143543 0
20 200 74.7128621364372 0
20 400 75.6568225761634 0
20 500 43.3545583597277 0
20 700 30.5335125807019 0
20 1000 24.1421488023423 0
21 0 161.727352115687 0
21 200 89.8486912994118 0
21 400 51.8145844000739 0
21 500 64.2582849763827 0
21 700 59.2408257231587 0
21 1000 55.5506544451012 0
22 0 123.886266511891 0
22 200 65.4296519568152 0
22 400 76.9722807336947 0
22 500 38.8846791293992 0
22 700 43.0442280998092 0
22 1000 41.8255670095273 0
23 0 96.0709389296109 0
23 200 86.6842499969075 0
23 400 58.8967933745917 0
23 500 91.8353305175667 0
23 700 93.9950889906985 0
23 1000 45.4589659196056 0
24 0 115.530211585121 0
24 200 87.6509161209561 0
24 400 84.8394952210658 0
24 500 61.0182033230847 0
24 700 39.9257421393723 0
24 1000 40.6150176781258 0
25 0 68.18158452192 0
25 200 53.9861514553355 0
25 400 31.5598340282666 0
25 500 67.7192596711227 0
25 700 46.0247317425202 0
25 1000 49.7036404577938 0
26 0 80.9232206511755 0
26 200 70.6244631992412 0
26 400 54.6299953751637 0
26 500 50.1852368125077 0
26 700 39.9150459430216 0
26 1000 33.8945524325773 0
27 0 102.499814997401 0
27 200 97.052912410746 0
27 400 34.0629257256133 0
27 500 65.1907929162486 0
27 700 48.6024099406394 0
27 1000 33.8352134756718 0
28 0 79.7700255946863 0
28 200 109.48521629819 0
28 400 45.9160853182605 0
28 500 73.3968459055967 0
28 700 54.8980672073019 0
28 1000 72.0252808448731 0
29 0 75.774401632679 0
29 200 49.4895329021462 0
29 400 62.3556644886385 0
29 500 54.2875305131579 0
29 700 37.2809884153257 0
29 1000 32.6677072941419 0
30 0 63.1326227609758 0
30 200 57.7310742911817 0
30 400 71.5459278345426 0
30 500 49.5164758207681 0
30 700 31.7720589082231 0
30 1000 25.6740771505816 0
31 0 105.045623499027 0
31 200 102.627500336919 0
31 400 76.4646510536842 0
31 500 84.0748819430333 0
31 700 68.3753405537002 0
31 1000 72.3646991560961 0
32 0 86.862901645909 0
32 200 69.8630591611724 0
32 400 74.7085014354627 0
32 500 50.7094790426253 0
32 700 52.8142961547805 0
32 1000 32.9067194400551 0
33 0 77.5552169809055 0
33 200 82.6334394396499 0
33 400 62.6752558749631 0
33 500 56.8197209014094 0
33 700 44.8002888288813 0
33 1000 34.6175901743293 0
34 0 145.703270715583 0
34 200 127.3654341228 0
34 400 119.340907862971 0
34 500 116.061613006108 0
34 700 83.2232140077987 0
34 1000 66.7070417172408 0
35 0 62.4514249768989 0
35 200 74.609001531463 0
35 400 67.3029989766704 0
35 500 81.0695277824933 0
35 700 44.4803348266452 0
35 1000 40.016012171352 0
36 0 134.69351169778 0
36 200 105.502864519936 0
36 400 75.7714100685753 0
36 500 64.7764886962194 0
36 700 62.7066510788614 0
36 1000 40.6169811087665 0
37 0 145.351532464453 0
37 200 86.1154228013901 0
37 400 51.0257304526023 0
37 500 40.78487513302 0
37 700 41.9397026175208 0
37 1000 30.174334522708 0
38 0 93.9954702624361 0
38 200 115.64322457505 0
38 400 87.830338319898 0
38 500 91.9064948187482 0
38 700 52.5268575120971 0
38 1000 43.672348235704 0
39 0 93.9361833674617 0
39 200 127.601179799271 0
39 400 100.241814977327 0
39 500 70.1310668174554 0
39 700 50.1298233037094 0
39 1000 32.6188557025799 0
40 0 115.127602069622 0
40 200 93.3458641665278 0
40 400 94.8266965915261 0
40 500 68.8021058405809 0
40 700 32.7584477568318 0
40 1000 42.4004410858241 0
41 0 89.4811140293062 0
41 200 88.5476694817108 0
41 400 90.367100551674 0
41 500 73.2634107210859 0
41 700 60.4167325703813 0
41 1000 56.1286094001406 0
42 0 101.129763898752 0
42 200 93.4914338051834 0
42 400 104.746216232754 0
42 500 88.7386324741512 0
42 700 64.9279050025808 0
42 1000 74.3575585856194 0
43 0 64.5363521082714 0
43 200 85.834786805005 0
43 400 41.9561979575942 0
43 500 43.7048566947406 0
43 700 35.7023251617449 0
43 1000 39.8884525080044 0
44 0 102.789540836336 0
44 200 120.089756777644 0
44 400 74.1958972636297 0
44 500 65.2946705352869 0
44 700 86.9149100524471 0
44 1000 47.3836062627859 0
45 0 91.4555344499226 0
45 200 131.029536472495 0
45 400 106.634505705651 0
45 500 105.971254857277 0
45 700 84.242099876945 0
45 1000 35.6779103431062 0
46 0 115.427924737824 0
46 200 121.797817078228 0
46 400 116.197455549792 0
46 500 64.6131039006639 0
46 700 67.0944840232256 0
46 1000 53.0085673346732 0
47 0 153.952231860021 0
47 200 71.2571573036705 0
47 400 83.4827028920523 0
47 500 68.4655890496285 0
47 700 69.0405152158182 0
47 1000 61.1208063384049 0
48 0 70.3619320290137 0
48 200 92.3299027484568 0
48 400 117.909717790274 0
48 500 80.6237775263981 0
48 700 62.1369468115879 0
48 1000 52.7531069126112 0
49 0 58.1701277579713 0
49 200 67.1809626771617 0
49 400 67.114223873541 0
49 500 46.0046002353022 0
49 700 56.1714499168809 0
49 1000 47.8446414436253 0
50 0 93.8445198357776 0
50 200 67.1173238986886 0
50 400 79.1097304781845 0
50 500 47.3872727050058 0
50 700 57.3267474520884 0
50 1000 39.8807951555595 0
51 0 100.166330478475 1
51 200 74.4523513940147 1
51 400 50.8709310823634 1
51 500 39.4657501547831 1
51 700 18.215675574716 1
51 1000 38.8520105722154 1
52 0 81.2390888814207 1
52 200 127.08658108091 1
52 400 48.819934980174 1
52 500 45.5140247813155 1
52 700 44.3123573066988 1
52 1000 30.1476797975191 1
53 0 67.5877302861684 1
53 200 56.4390950135993 1
53 400 42.6257658472724 1
53 500 30.5898045989829 1
53 700 27.7381982220858 1
53 1000 33.1379705892533 1
54 0 64.2384813544716 1
54 200 70.3029782262518 1
54 400 35.8499869656041 1
54 500 30.3235644260861 1
54 700 50.3556047018564 1
54 1000 29.1811768272063 1
55 0 105.178780173767 1
55 200 84.4188906946152 1
55 400 48.5109785872057 1
55 500 45.2690818200134 1
55 700 36.8234599440331 1
55 1000 24.6524649644853 1
56 0 105.783226064528 1
56 200 63.4292383870166 1
56 400 51.5051699176336 1
56 500 70.1008370019048 1
56 700 56.0486688969483 1
56 1000 32.7311936302331 1
57 0 137.142603748654 1
57 200 81.0410183972305 1
57 400 56.3336562229322 1
57 500 28.276238379016 1
57 700 44.9755977460192 1
57 1000 50.0557209718364 1
58 0 74.1635184732965 1
58 200 62.1045033183541 1
58 400 61.1544590552541 1
58 500 47.8387122227395 1
58 700 31.6274974967399 1
58 1000 42.1127003138372 1
59 0 106.663233486442 1
59 200 64.1843903939017 1
59 400 42.6995677291668 1
59 500 46.6177404082569 1
59 700 49.3319537637978 1
59 1000 32.9661673989493 1
60 0 146.743297554908 1
60 200 76.0987751136686 1
60 400 93.671281796652 1
60 500 72.7017324139189 1
60 700 36.3237311302434 1
60 1000 47.1308670937665 1
61 0 133.709612467758 1
61 200 91.5068279488892 1
61 400 68.4547134457945 1
61 500 51.7419637191605 1
61 700 49.4453515169527 1
61 1000 55.6912763870879 1
62 0 84.9940242350006 1
62 200 59.2184282344521 1
62 400 42.7691732279481 1
62 500 36.5484334435238 1
62 700 27.4791180085202 1
62 1000 30.0737768180628 1
63 0 100.059301305216 1
63 200 91.9108069839942 1
63 400 76.3657838525544 1
63 500 61.3156156852973 1
63 700 54.8789634818333 1
63 1000 50.9445285925431 1
64 0 72.223219004225 1
64 200 77.1843012914744 1
64 400 59.1608983612785 1
64 500 49.3920914262299 1
64 700 33.6387589736229 1
64 1000 26.0905350720249 1
65 0 70.8889295261196 1
65 200 101.447761887884 1
65 400 95.0511439389601 1
65 500 88.9083058555833 1
65 700 55.3354889521161 1
65 1000 59.4711873128161 1
66 0 81.146501343911 1
66 200 129.331319838453 1
66 400 78.1364790899594 1
66 500 67.7433349791875 1
66 700 60.8554260412249 1
66 1000 38.110492568564 1
67 0 136.466419295642 1
67 200 61.7689066345713 1
67 400 40.8894365484024 1
67 500 42.7923290160142 1
67 700 22.6020472572556 1
67 1000 24.0096345229984 1
68 0 89.3835426859987 1
68 200 83.1059872495504 1
68 400 65.722263798449 1
68 500 54.351065304392 1
68 700 43.8300605152588 1
68 1000 25.2383684726815 1
69 0 102.04453064033 1
69 200 76.9437228932277 1
69 400 63.3833631580866 1
69 500 56.1217078271339 1
69 700 45.9752468872644 1
69 1000 30.4784724836727 1
70 0 137.017261387725 1
70 200 74.2929277711611 1
70 400 58.757502090159 1
70 500 46.8647025357931 1
70 700 49.3156070238623 1
70 1000 43.9063817335561 1
71 0 93.82526505041 1
71 200 62.1681547178623 1
71 400 47.9810756258828 1
71 500 49.1760709025545 1
71 700 36.0323005063342 1
71 1000 36.5708565385643 1
72 0 109.514399641069 1
72 200 94.7215121037391 1
72 400 61.0909515296712 1
72 500 48.4153193573029 1
72 700 34.7647433295767 1
72 1000 43.476569318088 1
73 0 77.0088282717718 1
73 200 79.1175839254381 1
73 400 59.281251321707 1
73 500 45.8023045578707 1
73 700 57.3909301995474 1
73 1000 48.0434078186317 1
74 0 89.507641452849 1
74 200 72.8277340480302 1
74 400 50.1726391972663 1
74 500 35.0585150637246 1
74 700 45.7800648051698 1
74 1000 37.1105888501744 1
75 0 97.4797798316722 1
75 200 96.9605909931392 1
75 400 49.6134569653758 1
75 500 32.184699667741 1
75 700 42.4457110329181 1
75 1000 43.6074792980146 1
76 0 94.7546127202216 1
76 200 73.8382049022138 1
76 400 56.2083260281733 1
76 500 41.718868896046 1
76 700 48.9481009664614 1
76 1000 46.3313151441135 1
77 0 97.7724682103399 1
77 200 58.395913377426 1
77 400 54.0726873298742 1
77 500 57.7106116803933 1
77 700 31.2748433043381 1
77 1000 31.9150921230315 1
78 0 125.632879997025 1
78 200 87.871439360048 1
78 400 51.9903392548052 1
78 500 48.4173912218643 1
78 700 47.3164350854516 1
78 1000 34.6811616860444 1
79 0 93.400355448854 1
79 200 81.0903406599629 1
79 400 53.4064459312789 1
79 500 73.5736679547651 1
79 700 40.3852068391534 1
79 1000 28.3760687141656 1
80 0 82.4714411339702 1
80 200 86.9200034541715 1
80 400 69.3213348544467 1
80 500 29.5538564796632 1
80 700 59.3452543607536 1
80 1000 48.1118913298578 1
81 0 112.760597185585 1
81 200 55.6534362215731 1
81 400 34.673637718277 1
81 500 34.1857392207838 1
81 700 35.2166582196119 1
81 1000 24.2547940132672 1
82 0 65.0625453097306 1
82 200 66.7194656237973 1
82 400 32.9008356355342 1
82 500 37.6806133157813 1
82 700 24.8414670361248 1
82 1000 26.9493495441146 1
83 0 75.9565221386249 1
83 200 70.2323336181374 1
83 400 42.1100681434949 1
83 500 47.0819255338667 1
83 700 37.8870969961531 1
83 1000 34.4650078107923 1
84 0 105.215059777942 1
84 200 95.2399807991852 1
84 400 44.5062992279149 1
84 500 55.0202141346961 1
84 700 29.150922626421 1
84 1000 29.6108099654645 1
85 0 129.430006109027 1
85 200 56.9270042995691 1
85 400 55.6886998745229 1
85 500 43.2262903630236 1
85 700 33.0463415297322 1
85 1000 32.6065942128452 1
86 0 117.559187011598 1
86 200 85.7573025071665 1
86 400 122.055345413672 1
86 500 86.8699198746467 1
86 700 51.2916830118396 1
86 1000 47.5494725162351 1
87 0 84.5182084388253 1
87 200 83.861608627041 1
87 400 35.8177378650051 1
87 500 46.7553255449274 1
87 700 48.3967059978961 1
87 1000 36.445800040571 1
88 0 89.5158598645342 1
88 200 45.6092603506854 1
88 400 46.9192490817351 1
88 500 54.5382308292394 1
88 700 49.5758037563074 1
88 1000 49.8396231790376 1
89 0 88.7802498966849 1
89 200 36.6782002325377 1
89 400 66.6762143045217 1
89 500 53.6373959726871 1
89 700 42.5564262929361 1
89 1000 44.7985679940953 1
90 0 110.764768386743 1
90 200 84.1790492318258 1
90 400 42.6726424846657 1
90 500 58.0667298585895 1
90 700 58.6991990927691 1
90 1000 47.7074716256642 1
91 0 144.841707030751 1
91 200 75.9761000584164 1
91 400 43.7951926213691 1
91 500 76.7589312347038 1
91 700 63.2712282066758 1
91 1000 38.2007841125911 1
92 0 97.9619561319519 1
92 200 59.6769157435544 1
92 400 35.1341961741736 1
92 500 50.3677699864764 1
92 700 30.5544490663292 1
92 1000 27.1207534754549 1
93 0 114.639105191843 1
93 200 81.941713221834 1
93 400 66.3227412269757 1
93 500 48.6222630253353 1
93 700 43.1664767498741 1
93 1000 39.1300889099526 1
94 0 102.298938969768 1
94 200 83.7105085723208 1
94 400 27.0698845488764 1
94 500 32.2789971708132 1
94 700 47.8515853867866 1
94 1000 39.0177339655623 1
95 0 116.695584174504 1
95 200 73.3280908899996 1
95 400 48.0255003038169 1
95 500 55.545438262063 1
95 700 30.1514944266126 1
95 1000 40.5377862692077 1
96 0 153.344557908974 1
96 200 110.463729900841 1
96 400 67.6590242529914 1
96 500 71.3536733407747 1
96 700 39.4749598170456 1
96 1000 53.0443664507822 1
97 0 87.101173904246 1
97 200 98.298375310253 1
97 400 89.3969634679466 1
97 500 49.0373494925033 1
97 700 60.5614108304748 1
97 1000 49.4139362598765 1
98 0 46.81684964271 1
98 200 53.3344821581888 1
98 400 40.0481068850253 1
98 500 30.2756474759331 1
98 700 41.2059086306949 1
98 1000 31.7352743316094 1
99 0 113.550442029852 1
99 200 61.2131100145777 1
99 400 52.7865948097972 1
99 500 42.2346957742052 1
99 700 32.1351331487827 1
99 1000 24.9623301797267 1
100 0 83.9433687447981 1
100 200 55.2846433375553 1
100 400 29.0331824806503 1
100 500 41.9325946831656 1
100 700 33.8227507459201 1
100 1000 33.0628617802492 1
