id dose eff group
1 0 118.940315671747 0
1 200 117.028529243833 0
1 400 50.6028946448605 0
1 500 58.2366645824475 0
1 700 51.7233890956713 0
1 1000 41.2634808845036 0
2 0 88.6681033780714 0
2 200 76.9887009698093 0
2 400 83.6256508425544 0
2 500 99.0191452085088 0
2 700 54.5984701994293 0
2 1000 34.4961351566038 0
3 0 85.6612296589809 0
3 200 79.4159654828092 0
3 400 64.8923339755886 0
3 500 85.7347366351891 0
3 700 62.2335853335372 0
3 1000 69.5361455496579 0
4 0 115.39007782901 0
4 200 140.721276537505 0
4 400 62.0321968998015 0
4 500 50.0053767260362 0
4 700 46.3407945928401 0
4 1000 38.2392605010406 0
5 0 128.474848911006 0
5 200 81.8449070038972 0
5 400 57.5937336247778 0
5 500 68.1242450225998 0
5 700 40.3792167470955 0
5 1000 50.7669698339842 0
6 0 100.072778655438 0
6 200 89.4546406714513 0
6 400 69.4168079822215 0
6 500 62.3935811992395 0
6 700 59.7843029561687 0
6 1000 69.3793509902358 0
7 0 123.77422235691 0
7 200 59.8369417388279 0
7 400 76.4727892484795 0
7 500 56.3945696108142 0
7 700 45.802197168946 0
7 1000 48.1244872148663 0
8 0 82.5410416841588 0
8 200 73.2187679707323 0
8 400 69.5724516226853 0
8 500 44.513295221676 0
8 700 43.0907369059983 0
8 1000 41.4644385209689 0
9 0 95.5575803364521 0
9 200 126.984798148014 0
9 400 94.176028367205 0
9 500 94.2517590994026 0
9 700 68.8138086406551 0
9 1000 39.4246160187429 0
10 0 114.102860741903 0
10 200 65.5406807778292 0
10 400 60.7628659056868 0
10 500 39.3996165524392 0
10 700 49.9096960709051 0
10 1000 29.2493712522798 0
11 0 86.146489581556 0
11 200 97.5769174638548 0
11 400 59.7987780393347 0
11 500 98.7998277609517 0
11 700 99.6445761538803 0
11 1000 60.7776135135747 0
12 0 92.5035491406573 0
12 200 103.775340054159 0
12 400 71.1541956889373 0
12 500 46.0252903503179 0
12 700 43.1326746435332 0
12 1000 43.9370457103091 0
13 0 91.1829250226247 0
13 200 67.6163581473674 0
13 400 92.3277648597184 0
13 500 68.6553504245749 0
13 700 73.056224797316 0
13 1000 41.867589243943 0
14 0 103.641313958094 0
14 200 104.8685620065 0
14 400 50.8686818076388 0
14 500 51.1960843378787 0
14 700 60.1949924312094 0
14 1000 37.8309552465673 0
15 0 105.855768672312 0
15 200 130.421840628342 0
15 400 115.284157586982 0
15 500 84.531578463958 0
15 700 95.878460917698 0
15 1000 47.2943084392365 0
16 0 83.4669605912945 0
16 200 108.161061552292 0
16 400 65.9833718395384 0
16 500 64.2574338345336 0
16 700 36.7527226112164 0
16 1000 29.8531566351011 0
17 0 90.1380726498392 0
17 200 90.978288069861 0
17 400 63.2021662702455 0
17 500 48.8453379220194 0
17 700 68.718818668764 0
17 1000 40.9175110528535 0
18 0 108.090102079462 0
18 200 102.028739426376 0
18 400 56.8968850981805 0
18 500 75.90508987022 0
18 700 67.0035973790124 0
18 1000 42.5922308956639 0
19 0 110.256110804508 0
19 200 60.3501743894758 0
19 400 45.511282589341 0
19 500 71.7754372282244 0
19 700 50.3085424803129 0
19 1000 35.9488262133409 0
20 0 116.57056652152 0
20 200 105.872918845806 0
20 400 75.8035885332536 0
20 500 59.607457385637 0
20 700 67.4057286438117 0
20 1000 22.1123213767444 0
21 0 105.438816211356 0
21 200 100.618522484283 0
21 400 66.3402149131148 0
21 500 62.0545719315376 0
21 700 49.4447086724368 0
21 1000 78.0183299650463 0
22 0 113.918389085421 0
22 200 92.1605827254716 0
22 400 61.8139915770951 0
22 500 79.2183162406609 0
22 700 59.6490551505073 0
22 1000 60.7624494580087 0
23 0 84.3621471445235 0
23 200 61.7893632266668 0
23 400 69.220461304138 0
23 500 38.4784919470624 0
23 700 31.7341629162277 0
23 1000 31.2076590842991 0
24 0 126.145473090372 0
24 200 89.584611304716 0
24 400 70.8449779066101 0
24 500 52.6851125898454 0
24 700 45.0548762511011 0
24 1000 34.4895038456145 0
25 0 106.733149508373 0
25 200 126.840216704688 0
25 400 82.3538908451466 0
25 500 74.6610011800668 0
25 700 46.5857849423386 0
25 1000 59.5679932415377 0
26 0 70.9739393230528 0
26 200 100.241900784657 0
26 400 64.7127834788745 0
26 500 51.5839748450778 0
26 700 27.4020715379313 0
26 1000 39.8236941601527 0
27 0 91.5757253086683 0
27 200 86.2596761757136 0
27 400 85.1620587326266 0
27 500 60.8704964298659 0
27 700 61.3888462257642 0
27 1000 45.3654681733925 0
28 0 110.735904228427 0
28 200 99.7194237287405 0
28 400 61.1576072964088 0
28 500 45.1250821718227 0
28 700 54.3890838945064 0
28 1000 21.8010916884301 0
29 0 88.9632626336978 0
29 200 58.1888826177753 0
29 400 69.0724361963084 0
29 500 53.1661818353531 0
29 700 21.2086293801909 0
29 1000 39.6607265306741 0
30 0 117.84512278068 0
30 200 76.1723248426661 0
30 400 35.0407252336207 0
30 500 45.6597523094933 0
30 700 30.7029836679966 0
30 1000 22.0429372449104 0
31 0 115.883666256331 0
31 200 82.4426193045224 0
31 400 86.6419339202129 0
31 500 75.9517226606532 0
31 700 49.9716092731846 0
31 1000 29.0913990612534 0
32 0 80.5112458824944 0
32 200 84.8028865760011 0
32 400 76.6253730193421 0
32 500 59.7263450231121 0
32 700 51.2974809800724 0
32 1000 57.7057757812647 0
33 0 85.3024786064135 0
33 200 105.154151115078 0
33 400 59.26108915809 0
33 500 74.5766888728497 0
33 700 74.2036498093728 0
33 1000 63.5426135985145 0
34 0 99.8393700014066 0
34 200 64.5008869386694 0
34 400 115.947764856157 0
34 500 54.296589745574 0
34 700 48.535864321438 0
34 1000 54.1445795179669 0
35 0 67.620182429999 0
35 200 84.3525015893887 0
35 400 104.410780084211 0
35 500 61.5317447489353 0
35 700 49.7757298953206 0
35 1000 49.2032401877315 0
36 0 101.399685033995 0
36 200 96.3844563216218 0
36 400 95.4679273806442 0
36 500 98.7986671727874 0
36 700 75.5362172826942 0
36 1000 59.9874502817079 0
37 0 121.68346165741 0
37 200 92.0004287920511 0
37 400 46.3411274960201 0
37 500 70.5531982000063 0
37 700 52.1982198452333 0
37 1000 50.2590283237879 0
38 0 104.03004495629 0
38 200 89.315179896629 0
38 400 63.3771464255994 0
38 500 73.4104943350672 0
38 700 61.2454603956804 0
38 1000 57.0441279055706 0
39 0 88.972901563401 0
39 200 77.2776739300894 0
39 400 45.4614702719716 0
39 500 67.5165045501048 0
39 700 44.034531599517 0
39 1000 39.3347810956964 0
40 0 171.483615840964 0
40 200 95.6547020525364 0
40 400 62.3804477653681 0
40 500 82.2944463645327 0
40 700 31.3583213725197 0
40 1000 43.8485801118212 0
41 0 95.6373391455953 0
41 200 74.0012493265886 0
41 400 60.0173659154912 0
41 500 73.5857860023176 0
41 700 20.3891133387768 0
41 1000 31.161341087068 0
42 0 97.0475501864806 0
42 200 66.9070920612699 0
42 400 66.258984378364 0
42 500 65.8872609217737 0
42 700 80.1454285269492 0
42 1000 46.5300858500637 0
43 0 62.5705942748473 0
43 200 80.6954454542734 0
43 400 73.3922465342475 0
43 500 67.308397490859 0
43 700 44.6973040446571 0
43 1000 51.0760154671068 0
44 0 124.418835167023 0
44 200 120.708900842441 0
44 400 85.7705829570979 0
44 500 61.5254636563314 0
44 700 65.4245861319759 0
44 1000 48.0674856934714 0
45 0 73.4208890572338 0
45 200 113.492666542965 0
45 400 67.9093828221988 0
45 500 79.2599686591378 0
45 700 76.7397750700972 0
45 1000 62.5705814588317 0
46 0 52.5148895554055 0
46 200 78.9310528236714 0
46 400 66.5752491335415 0
46 500 76.2299934678306 0
46 700 60.7147884894314 0
46 1000 57.5347104647336 0
47 0 94.8476982050394 0
47 200 98.8212636418316 0
47 400 89.6161114840523 0
47 500 91.7399007615067 0
47 700 65.8381490191729 0
47 1000 58.231345783943 0
48 0 67.358043660215 0
48 200 82.3708066109239 0
48 400 78.3241401811123 0
48 500 70.7554005166713 0
48 700 61.5051105511339 0
48 1000 46.7514639494225 0
49 0 87.3331748969644 0
49 200 93.9436407245349 0
49 400 68.8400192981475 0
49 500 57.7704045753684 0
49 700 61.9506349402013 0
49 1000 56.5146353578583 0
50 0 148.41130013355 0
50 200 105.701180294055 0
50 400 100.280518484388 0
50 500 104.369512110044 0
50 700 65.891100950999 0
50 1000 48.4172700104471 0
51 0 68.0178190435926 1
51 200 63.4261674823506 1
51 400 23.4853087888318 1
51 500 33.334870282066 1
51 700 41.6893640388493 1
51 1000 42.876479049476 1
52 0 96.7302251206573 1
52 200 101.769631544853 1
52 400 51.5195320075467 1
52 500 48.3985751631385 1
52 700 46.503531782718 1
52 1000 40.3925924578088 1
53 0 96.1352256774504 1
53 200 96.688143025094 1
53 400 96.6546040948976 1
53 500 73.3864164762418 1
53 700 39.412281307801 1
53 1000 40.5313670720608 1
54 0 149.516468238029 1
54 200 97.8837617992905 1
54 400 39.9524857250179 1
54 500 72.7359785932889 1
54 700 38.1642609977693 1
54 1000 74.6701835287565 1
55 0 91.9951161229776 1
55 200 97.9148405122115 1
55 400 35.5474160840853 1
55 500 31.9411366311979 1
55 700 35.4023399350134 1
55 1000 32.4319028507631 1
56 0 133.012459098394 1
56 200 74.1081402488173 1
56 400 57.787166887456 1
56 500 56.0405460238443 1
56 700 51.7868477539764 1
56 1000 37.8404906988383 1
57 0 67.3748054304696 1
57 200 88.4418711752374 1
57 400 55.4171230713094 1
57 500 53.9718454620633 1
57 700 57.7882364688217 1
57 1000 48.3982495083615 1
58 0 124.63554276836 1
58 200 148.637665572685 1
58 400 48.7947747424254 1
58 500 34.2040064072474 1
58 700 45.7924184871053 1
58 1000 43.939916572064 1
59 0 70.116134065387 1
59 200 50.8029907177273 1
59 400 43.2386464100392 1
59 500 32.5226445068789 1
59 700 13.7522321945469 1
59 1000 21.3883094667169 1
60 0 104.562673484586 1
60 200 78.4243442870811 1
60 400 30.3357226986858 1
60 500 28.0302614557938 1
60 700 29.5787585800653 1
60 1000 18.2458232312244 1
61 0 75.5517770054669 1
61 200 112.764002973768 1
61 400 80.5321907874625 1
61 500 77.3635652222316 1
61 700 43.9076239844593 1
61 1000 33.113156716054 1
62 0 141.590686268055 1
62 200 68.3788237554038 1
62 400 55.3763630756374 1
62 500 52.3907968842773 1
62 700 30.9416084668155 1
62 1000 24.7925341227957 1
63 0 110.844077889898 1
63 200 72.9732883266682 1
63 400 40.0556240342782 1
63 500 41.4778781526709 1
63 700 47.1951955681968 1
63 1000 46.1876074850775 1
64 0 38.2386388686737 1
64 200 49.2288158899614 1
64 400 33.2844770487899 1
64 500 24.7885051917626 1
64 700 42.897745411184 1
64 1000 41.4678057516309 1
65 0 65.1573605180906 1
65 200 76.0595624442361 1
65 400 60.5653041550587 1
65 500 49.7637087018738 1
65 700 44.4665511898175 1
65 1000 49.2106112310108 1
66 0 82.3000453851177 1
66 200 57.0982975924954 1
66 400 44.5287042214531 1
66 500 51.7638293779024 1
66 700 55.4952814853966 1
66 1000 41.3843205709954 1
67 0 92.7796625790969 1
67 200 54.6761817329001 1
67 400 37.7520739093432 1
67 500 26.6535270560308 1
67 700 23.9309625518894 1
67 1000 32.8377429048471 1
68 0 116.096678437347 1
68 200 52.9180212155923 1
68 400 51.0187514356491 1
68 500 53.1501987196561 1
68 700 42.4534406648419 1
68 1000 30.1735819160421 1
69 0 111.319544507411 1
69 200 85.1528778116524 1
69 400 55.6554370005668 1
69 500 36.5151425246801 1
69 700 49.4022711788808 1
69 1000 45.6074110009555 1
70 0 109.488442767756 1
70 200 72.2821368422998 1
70 400 57.0730174166757 1
70 500 70.4304077128276 1
70 700 60.491199840794 1
70 1000 21.4429405095586 1
71 0 88.4475330296328 1
71 200 70.0384412552727 1
71 400 63.6195700754578 1
71 500 53.4167218075617 1
71 700 49.2385445304385 1
71 1000 33.4972083446028 1
72 0 137.096598835024 1
72 200 89.8264431971772 1
72 400 69.8712748884773 1
72 500 77.394098291379 1
72 700 67.0304939832286 1
72 1000 56.2787855332508 1
73 0 82.1836355164945 1
73 200 47.9425642303804 1
73 400 45.5628359105895 1
73 500 32.3543134227551 1
73 700 34.6000195327726 1
73 1000 22.8023081980287 1
74 0 97.6233381621514 1
74 200 73.8494860763883 1
74 400 53.3975974296117 1
74 500 47.5398980700615 1
74 700 27.3527251794468 1
74 1000 30.5201346972001 1
75 0 80.7764818939378 1
75 200 100.588511717949 1
75 400 93.5815951831729 1
75 500 52.7478853881163 1
75 700 39.5193237144454 1
75 1000 36.5320885538563 1
76 0 123.074331765906 1
76 200 69.175512944189 1
76 400 89.607317143351 1
76 500 57.9076358297262 1
76 700 39.8473065730392 1
76 1000 27.0824122617165 1
77 0 110.977855113515 1
77 200 82.1490251370238 1
77 400 49.5897272443774 1
77 500 18.8663863689782 1
77 700 23.551771887877 1
77 1000 38.0613968008307 1
78 0 132.940003466354 1
78 200 104.038903673674 1
78 400 42.5530717278712 1
78 500 53.8692551257524 1
78 700 33.8331260491831 1
78 1000 39.0503886308017 1
79 0 115.384104752936 1
79 200 81.831253989926 1
79 400 36.933726165335 1
79 500 23.1628808526941 1
79 700 38.5301063779514 1
79 1000 35.6802091860702 1
80 0 81.6620490944373 1
80 200 76.1840317155394 1
80 400 66.8503523221753 1
80 500 32.2225603676764 1
80 700 59.4463308204872 1
80 1000 45.0627358641541 1
81 0 102.462936582169 1
81 200 73.9500322866619 1
81 400 47.6153567440817 1
81 500 42.0472422842856 1
81 700 37.2518299905536 1
81 1000 43.0068429846536 1
82 0 92.9957106942104 1
82 200 114.229318840164 1
82 400 59.7281632850276 1
82 500 61.0425551053495 1
82 700 53.6866508627682 1
82 1000 30.8555206808307 1
83 0 122.15838613427 1
83 200 88.4212603276362 1
83 400 53.3483050754851 1
83 500 68.1041669251112 1
83 700 36.6511188950678 1
83 1000 30.1381224331384 1
84 0 105.603677481082 1
84 200 118.045503235482 1
84 400 49.3440882989353 1
84 500 55.2088283705519 1
84 700 44.1283724456206 1
84 1000 52.3415005093283 1
85 0 92.1180121280325 1
85 200 76.6011767624506 1
85 400 70.5911396603035 1
85 500 43.9945044684172 1
85 700 33.043425046219 1
85 1000 34.4809318247005 1
86 0 160.653007214854 1
86 200 124.373280259467 1
86 400 116.213462831122 1
86 500 68.3206472847033 1
86 700 92.3167378791031 1
86 1000 67.6162294507119 1
87 0 108.590525855871 1
87 200 86.8285734334799 1
87 400 25.5351008233766 1
87 500 32.5644771255135 1
87 700 40.718856103188 1
87 1000 25.7271488710096 1
88 0 82.7471495804387 1
88 200 45.0737878616343 1
88 400 32.1046396034064 1
88 500 34.2600485117508 1
88 700 18.1077412368487 1
88 1000 21.0143660282075 1
89 0 82.4776566195079 1
89 200 90.7214500416289 1
89 400 63.1351915615353 1
89 500 54.5492664463086 1
89 700 35.8798277999531 1
89 1000 39.2521237529096 1
90 0 86.4221827795074 1
90 200 84.1825911582178 1
90 400 72.4342747712429 1
90 500 58.0317450617176 1
90 700 41.8663286822172 1
90 1000 55.3790947768315 1
91 0 103.921905905145 1
91 200 128.239768120699 1
91 400 91.3553166237381 1
91 500 70.7087808029581 1
91 700 41.3478098785422 1
91 1000 62.2826219831287 1
92 0 90.3346114112786 1
92 200 79.7382897320507 1
92 400 84.2706831165241 1
92 500 54.5313723721422 1
92 700 54.5206191035703 1
92 1000 24.4960833706337 1
93 0 163.22624727839 1
93 200 95.9744040709789 1
93 400 66.8766672003353 1
93 500 37.9193928906088 1
93 700 60.4506807486136 1
93 1000 26.8996651869908 1
94 0 60.8822699046817 1
94 200 41.6357615748201 1
94 400 30.7035992200272 1
94 500 37.9042673851557 1
94 700 13.8355012362882 1
94 1000 20.9044946731572 1
95 0 98.1974598720502 1
95 200 61.4901063087427 1
95 400 35.8294424815979 1
95 500 20.2188184124586 1
95 700 27.3904733478903 1
95 1000 10.7492399681435 1
96 0 131.939412650287 1
96 200 85.5514484718005 1
96 400 49.221314276857 1
96 500 40.2389455759071 1
96 700 22.611734115959 1
96 1000 32.2696799814371 1
97 0 55.3801609806366 1
97 200 73.4981501801148 1
97 400 28.5772891061284 1
97 500 45.747917421628 1
97 700 30.1944562915953 1
97 1000 27.0810982326302 1
98 0 57.1104623843147 1
98 200 64.0647736096297 1
98 400 52.4212243413713 1
98 500 51.9245361006047 1
98 700 49.5280469280936 1
98 1000 32.7973931931931 1
99 0 131.99211160791 1
99 200 98.7042257514065 1
99 400 103.941875980928 1
99 500 76.4870485583148 1
99 700 78.1913594571746 1
99 1000 38.6155033627592 1
100 0 77.5453766532867 1
100 200 64.1726503286484 1
100 400 66.6404907212284 1
100 500 21.0897614692685 1
100 700 40.2876588555326 1
100 1000 51.8204795115514 1
