id dose eff group
1 0 97.3892384649403 0
1 200 80.1623337557517 0
1 400 57.254897217591 0
1 500 37.2388079900612 0
1 700 42.723378913801 0
1 1000 26.7096385903684 0
2 0 103.711118536384 0
2 200 100.841411595159 0
2 400 103.375308082567 0
2 500 63.7397327042031 0
2 700 51.9608388582655 0
2 1000 37.3329761575193 0
3 0 92.6956068161579 0
3 200 54.5731381925788 0
3 400 60.6422649343828 0
3 500 64.2301733811633 0
3 700 56.4355723480149 0
3 1000 57.5381804194359 0
4 0 104.160504122099 0
4 200 99.36865683753 0
4 400 51.1773168949774 0
4 500 63.2009975024201 0
4 700 62.015180599829 0
4 1000 58.8673723400107 0
5 0 118.310256460222 0
5 200 93.1726865088498 0
5 400 89.8867257155731 0
5 500 56.7441186314131 0
5 700 74.6983524755262 0
5 1000 44.8829906592513 0
6 0 147.078175514609 0
6 200 99.1617076414347 0
6 400 48.1739953922508 0
6 500 101.398492796417 0
6 700 36.6135033260691 0
6 1000 46.0650768547557 0
7 0 59.0178292723321 0
7 200 62.7261633614136 0
7 400 78.4137811759112 0
7 500 45.4672047780177 0
7 700 43.5338933913477 0
7 1000 39.4397879731216 0
8 0 140.045672650805 0
8 200 110.810661250545 0
8 400 69.8972425940661 0
8 500 50.4410755509753 0
8 700 42.0750876804307 0
8 1000 19.9528808836602 0
9 0 75.9295414113432 0
9 200 61.062523046884 0
9 400 33.8437426533889 0
9 500 41.6504676465442 0
9 700 37.7509575549819 0
9 1000 24.5289508849671 0
10 0 79.6811523940976 0
10 200 85.9060672623925 0
10 400 48.5009296050354 0
10 500 64.3794112279896 0
10 700 62.5454227283168 0
10 1000 20.9877386142196 0
11 0 89.7153441500593 0
11 200 91.8549408790568 0
11 400 62.8127241577894 0
11 500 59.0096696092255 0
11 700 70.0983827357199 0
11 1000 60.6085078000544 0
12 0 116.695663825237 0
12 200 36.6316641611195 0
12 400 44.845558756466 0
12 500 56.6285301315748 0
12 700 45.6466241292579 0
12 1000 31.7027353344506 0
13 0 101.574685326054 0
13 200 110.223272527474 0
13 400 104.059126314869 0
13 500 103.967087898552 0
13 700 95.8426658895573 0
13 1000 79.8253787316309 0
14 0 82.5608881675116 0
14 200 68.9546203314368 0
14 400 62.4383503788503 0
14 500 67.469219229597 0
14 700 57.4847266239565 0
14 1000 17.5850299142876 0
15 0 102.029535132199 0
15 200 103.794333128365 0
15 400 64.1593827686045 0
15 500 52.8350305995416 0
15 700 52.0359791711749 0
15 1000 27.9299523064006 0
16 0 144.9073661712 0
16 200 111.647201610198 0
16 400 62.6690165466192 0
16 500 87.5087928790012 0
16 700 95.9941574676482 0
16 1000 33.1146656401992 0
17 0 85.8067581180213 0
17 200 76.942448726025 0
17 400 60.7612888004404 0
17 500 66.3799860816295 0
17 700 34.78185956387 0
17 1000 29.5206305622196 0
18 0 92.3556679471054 0
18 200 86.3157215463385 0
18 400 67.3247619411119 0
18 500 93.1239037549774 0
18 700 51.5088100109463 0
18 1000 31.8515835385397 0
19 0 63.1866098915235 0
19 200 96.7004367855408 0
19 400 50.3603963769524 0
19 500 58.6951440814722 0
19 700 51.4690038019259 0
19 1000 46.4240307166413 0
20 0 96.6750293034471 0
20 200 89.7748139486951 0
20 400 63.9460196865109 0
20 500 51.5138360144974 0
20 700 50.5877776694261 0
20 1000 28.3353303928465 0
21 0 98.9360603947417 0
21 200 85.2536405241424 0
21 400 59.219652782443 0
21 500 55.8290830542986 0
21 700 69.6027011423711 0
21 1000 47.3560959857141 0
22 0 109.016906640333 0
22 200 114.507152039708 0
22 400 132.467337885046 0
22 500 65.5937298354843 0
22 700 61.9542224815027 0
22 1000 40.7598919586461 0
23 0 117.607018820181 0
23 200 84.4772696777445 0
23 400 62.2683975887632 0
23 500 76.7051832631753 0
23 700 46.9606313567144 0
23 1000 37.6038437197695 0
24 0 100.855638184066 0
24 200 50.9226244761766 0
24 400 45.7875021642593 0
24 500 30.612814648404 0
24 700 28.5603676985424 0
24 1000 32.8431756477045 0
25 0 89.1135982247018 0
25 200 115.875585628755 0
25 400 72.0178544727367 0
25 500 123.192696391033 0
25 700 69.6073685045563 0
25 1000 45.3230868489473 0
26 0 125.722665360188 0
26 200 89.4346554229818 0
26 400 92.3908932281068 0
26 500 50.3227851451739 0
26 700 53.8636200910095 0
26 1000 57.6063508408399 0
27 0 109.192962726934 0
27 200 47.3920788911608 0
27 400 55.7636589168758 0
27 500 57.603075940238 0
27 700 47.490942589031 0
27 1000 46.2638827575259 0
28 0 110.316717364247 0
28 200 115.734408100644 0
28 400 71.7953479782534 0
28 500 85.3685625905383 0
28 700 66.7439424259528 0
28 1000 57.9659128100214 0
29 0 91.0248876538605 0
29 200 87.1068353245414 0
29 400 45.6838538304624 0
29 500 59.8030484383097 0
29 700 50.4281501408359 0
29 1000 29.1509153502521 0
30 0 78.2432306586079 0
30 200 159.761844547118 0
30 400 92.2805811803193 0
30 500 80.5643766944207 0
30 700 30.212774688213 0
30 1000 56.1193083032281 0
31 0 92.5537238567793 0
31 200 86.5898922415807 0
31 400 71.7079469509544 0
31 500 104.775448948784 0
31 700 72.9287051322022 0
31 1000 71.2530261569647 0
32 0 151.918479418812 0
32 200 153.414332985441 0
32 400 118.870644029097 0
32 500 86.9784926097717 0
32 700 77.4774548116452 0
32 1000 56.1557188095234 0
33 0 64.7593297595554 0
33 200 42.2865187304062 0
33 400 34.7057236219525 0
33 500 20.5428576570798 0
33 700 42.0337337237503 0
33 1000 23.2934278512559 0
34 0 99.8221383883033 0
34 200 121.660759169788 0
34 400 110.546237408344 0
34 500 96.0457240600439 0
34 700 57.4259024362389 0
34 1000 51.218307466669 0
35 0 127.816748055672 0
35 200 104.255540985972 0
35 400 83.8031856337978 0
35 500 50.6494594708928 0
35 700 47.477533531797 0
35 1000 27.8597634860757 0
36 0 85.2474704395292 0
36 200 88.3190059293509 0
36 400 57.8368085316095 0
36 500 55.3640556542284 0
36 700 49.5471932191791 0
36 1000 35.3244666795779 0
37 0 100.283489395163 0
37 200 101.042940876532 0
37 400 56.9330471968947 0
37 500 46.2403515627517 0
37 700 85.3041986185695 0
37 1000 46.8274157851198 0
38 0 150.255623095111 0
38 200 111.493350324552 0
38 400 91.7444659342308 0
38 500 80.0503703925003 0
38 700 102.755603155948 0
38 1000 44.7354665347686 0
39 0 71.4377043420004 0
39 200 78.5878849309316 0
39 400 69.7711105894428 0
39 500 77.4747582554162 0
39 700 66.7812705622321 0
39 1000 47.9786253898717 0
40 0 87.5747288498359 0
40 200 84.6015768788448 0
40 400 41.2268871738218 0
40 500 37.4501958863783 0
40 700 46.9386549467133 0
40 1000 62.8504799919826 0
41 0 79.857120051738 0
41 200 82.857395525323 0
41 400 69.2590765252825 0
41 500 58.0425154056077 0
41 700 18.0980670915971 0
41 1000 34.9745578171911 0
42 0 79.5706869697964 0
42 200 105.470968086068 0
42 400 46.6202938512314 0
42 500 50.6149033284859 0
42 700 62.6118202351033 0
42 1000 56.203582773289 0
43 0 106.404376939657 0
43 200 102.095644606531 0
43 400 81.356047155809 0
43 500 58.5363187878923 0
43 700 58.0422964703487 0
43 1000 40.7969581175488 0
44 0 137.818207061199 0
44 200 95.8308177431859 0
44 400 88.4901312148514 0
44 500 44.7306855195492 0
44 700 54.0530971116787 0
44 1000 47.2998581421292 0
45 0 78.848163968144 0
45 200 72.5014417892541 0
45 400 78.5007801491598 0
45 500 49.9191086871668 0
45 700 37.9522385622792 0
45 1000 48.2212134221227 0
46 0 101.344764313812 0
46 200 77.0602044157734 0
46 400 92.9542731825298 0
46 500 77.798741128121 0
46 700 95.3205694215954 0
46 1000 51.3797518682172 0
47 0 98.7683472142919 0
47 200 72.9662246638068 0
47 400 43.3363539703324 0
47 500 68.3228252845012 0
47 700 64.7922298446722 0
47 1000 33.303305985756 0
48 0 90.3241489432901 0
48 200 90.9835405741437 0
48 400 46.5973493961545 0
48 500 55.3556943095932 0
48 700 72.5067579120961 0
48 1000 48.4934990259056 0
49 0 98.7805325932659 0
49 200 76.7541403467425 0
49 400 102.897475417663 0
49 500 73.7940590287928 0
49 700 82.3126765481313 0
49 1000 49.3788456772396 0
50 0 113.125780799122 0
50 200 121.866655567088 0
50 400 83.9576224394574 0
50 500 69.7581744491376 0
50 700 61.1254419776004 0
50 1000 59.5280059918677 0
51 0 74.4382810405703 1
51 200 30.6360276479603 1
51 400 74.3011493051157 1
51 500 40.9863083546443 1
51 700 32.3397389351555 1
51 1000 45.0142101648565 1
52 0 74.9508313601266 1
52 200 87.157481308886 1
52 400 57.0731932661128 1
52 500 51.9805282307757 1
52 700 44.956111349293 1
52 1000 55.5543951651431 1
53 0 60.3539422966437 1
53 200 78.6828275944946 1
53 400 43.4975945496622 1
53 500 48.3641584793356 1
53 700 51.0670728001968 1
53 1000 38.2163698816323 1
54 0 96.5507562750772 1
54 200 82.7482237079239 1
54 400 62.3911163884986 1
54 500 49.2991435798122 1
54 700 32.5838279913644 1
54 1000 46.0345828392331 1
55 0 88.4952331858347 1
55 200 72.5401081905303 1
55 400 53.7825552822657 1
55 500 40.520042956444 1
55 700 43.374512908863 1
55 1000 46.237891737772 1
56 0 113.223693693894 1
56 200 117.872160734278 1
56 400 31.42262310844 1
56 500 60.4311764727947 1
56 700 63.8342830594172 1
56 1000 28.395911959474 1
57 0 89.5012636838287 1
57 200 96.0048958983792 1
57 400 61.3523752314981 1
57 500 70.5742564808424 1
57 700 62.101663213497 1
57 1000 31.4863191042215 1
58 0 122.492148138768 1
58 200 72.5763207815987 1
58 400 73.4356115015576 1
58 500 77.450667650239 1
58 700 74.074913273637 1
58 1000 29.1820643376591 1
59 0 128.453767074724 1
59 200 99.4867359307941 1
59 400 51.0768326448536 1
59 500 75.3345750361678 1
59 700 50.2123991222163 1
59 1000 25.996463007937 1
60 0 101.558485090491 1
60 200 71.4977774805297 1
60 400 73.1664610016028 1
60 500 49.3572958137272 1
60 700 37.5292223571462 1
60 1000 32.8318015600798 1
61 0 99.6304745609822 1
61 200 134.638597843691 1
61 400 82.9416544889295 1
61 500 60.5851239574009 1
61 700 54.3537151632234 1
61 1000 51.5974571959456 1
62 0 122.399563912815 1
62 200 100.932815552528 1
62 400 65.3691061186877 1
62 500 73.5383377424676 1
62 700 47.3162807886932 1
62 1000 52.6741496337071 1
63 0 69.6508410874296 1
63 200 104.647740774606 1
63 400 68.097975031265 1
63 500 56.3174098635912 1
63 700 37.6142944012467 1
63 1000 61.191678571306 1
64 0 121.530149533315 1
64 200 77.2670051223886 1
64 400 65.9467519711642 1
64 500 61.7400623700836 1
64 700 56.750515514457 1
64 1000 50.0493907277245 1
65 0 95.3734261630726 1
65 200 64.9765802829855 1
65 400 65.5752978852421 1
65 500 57.9854313007388 1
65 700 45.7159063767642 1
65 1000 18.3115229208206 1
66 0 105.405442934357 1
66 200 105.154767049346 1
66 400 74.9030252915416 1
66 500 76.2891705079119 1
66 700 35.8340109617594 1
66 1000 44.2786629010834 1
67 0 112.891285793241 1
67 200 75.1450311852708 1
67 400 62.5030764597827 1
67 500 48.5319566263473 1
67 700 44.873285000942 1
67 1000 30.4979921142578 1
68 0 104.570232196081 1
68 200 87.5414322544037 1
68 400 39.5400923942362 1
68 500 58.9817416056756 1
68 700 34.3005606828978 1
68 1000 53.1803421272238 1
69 0 157.607829457335 1
69 200 113.850774400013 1
69 400 69.7594222873422 1
69 500 43.5665951968756 1
69 700 58.0506832619377 1
69 1000 33.9444205897886 1
70 0 77.062038725593 1
70 200 126.672309613402 1
70 400 76.8113902585807 1
70 500 56.7263950593697 1
70 700 28.7157848743888 1
70 1000 47.1848757495179 1
71 0 104.732732706559 1
71 200 47.6726303723105 1
71 400 34.8402063449153 1
71 500 33.0850269102141 1
71 700 29.6087487206496 1
71 1000 36.7320813757662 1
72 0 86.986235176638 1
72 200 108.251988419521 1
72 400 98.9123246404953 1
72 500 74.6107719539624 1
72 700 65.7484502203932 1
72 1000 29.168692622787 1
73 0 90.2840051953764 1
73 200 52.7174314639353 1
73 400 38.7767317289874 1
73 500 39.2529094647325 1
73 700 35.7107386416378 1
73 1000 33.0942607227159 1
74 0 91.0682739896922 1
74 200 57.4966205515677 1
74 400 54.7915711866509 1
74 500 42.072070762111 1
74 700 31.1804227504988 1
74 1000 3.30775470885387 1
75 0 136.667880638769 1
75 200 114.812866072731 1
75 400 64.9781838169141 1
75 500 75.267547558073 1
75 700 31.7599006527476 1
75 1000 60.1128381458323 1
76 0 116.116120158701 1
76 200 93.2031563423381 1
76 400 74.9895206307622 1
76 500 70.6209157490136 1
76 700 40.5489148161107 1
76 1000 37.1822169685925 1
77 0 103.377802242493 1
77 200 54.0615269298428 1
77 400 76.9611724630996 1
77 500 41.9527549516081 1
77 700 58.6024352983886 1
77 1000 34.809396612855 1
78 0 115.522145073888 1
78 200 95.7321279725966 1
78 400 23.8587063942449 1
78 500 86.9044675675014 1
78 700 47.7138414201678 1
78 1000 61.6906768201966 1
79 0 150.359944874679 1
79 200 75.9859342957143 1
79 400 55.9189089578615 1
79 500 41.0962280651125 1
79 700 49.3459669663661 1
79 1000 46.933400001546 1
80 0 86.8791656329044 1
80 200 93.3528976662443 1
80 400 62.4344028832964 1
80 500 36.3221689334318 1
80 700 41.8904633974309 1
80 1000 19.6560805616535 1
81 0 95.6681290474456 1
81 200 62.2669151124938 1
81 400 63.4289405708574 1
81 500 25.5086838368722 1
81 700 58.9007500417828 1
81 1000 34.9647951635363 1
82 0 96.4867391065002 1
82 200 91.2046893154145 1
82 400 70.3924516532232 1
82 500 70.6943601407674 1
82 700 69.2205221093574 1
82 1000 34.2144462210265 1
83 0 98.6112293430011 1
83 200 87.7988105912155 1
83 400 86.0361641130573 1
83 500 35.0778538588106 1
83 700 24.9535753764602 1
83 1000 58.2452833760905 1
84 0 150.76006256308 1
84 200 82.235120298877 1
84 400 85.3184952056628 1
84 500 52.0554351593481 1
84 700 57.3402242413309 1
84 1000 41.9319371747365 1
85 0 111.503801539069 1
85 200 89.7440304406439 1
85 400 54.1599518768255 1
85 500 43.7608680488752 1
85 700 45.4252005653904 1
85 1000 45.5956592693887 1
86 0 140.547171086662 1
86 200 77.0151214732072 1
86 400 46.0837481805045 1
86 500 42.0535062140445 1
86 700 44.6607300069033 1
86 1000 51.2186717374603 1
87 0 158.349760930593 1
87 200 111.686593393779 1
87 400 123.814789047751 1
87 500 70.3557254333066 1
87 700 58.3894193190042 1
87 1000 46.4505810239067 1
88 0 76.489343263651 1
88 200 71.2254525091562 1
88 400 43.2142991891861 1
88 500 41.5294346564367 1
88 700 52.1469381590412 1
88 1000 33.4310172649819 1
89 0 70.1858413519706 1
89 200 82.9395178652315 1
89 400 65.6636487670603 1
89 500 75.6965378357757 1
89 700 28.2983443743458 1
89 1000 46.596666839958 1
90 0 112.071352365823 1
90 200 116.47398839527 1
90 400 73.0321166838545 1
90 500 74.4522768766444 1
90 700 63.0841309874513 1
90 1000 42.2763664562533 1
91 0 104.270129373207 1
91 200 60.212206252383 1
91 400 68.580465662898 1
91 500 71.9228603329005 1
91 700 35.0661803173061 1
91 1000 59.9149933462714 1
92 0 99.5236067238388 1
92 200 116.75427936575 1
92 400 67.8711630223076 1
92 500 33.1628015370636 1
92 700 39.1110351873211 1
92 1000 27.0781198044582 1
93 0 122.178269294712 1
93 200 83.5112043108349 1
93 400 65.1423511577663 1
93 500 46.9639897037461 1
93 700 40.5127473604774 1
93 1000 54.8486190354801 1
94 0 85.3927288900032 1
94 200 92.6208592385003 1
94 400 43.0564660051415 1
94 500 34.8411286518563 1
94 700 29.4187852065657 1
94 1000 36.5724431931717 1
95 0 117.028563820069 1
95 200 92.1170064684957 1
95 400 91.5617377178165 1
95 500 64.1442060873136 1
95 700 49.8221762976541 1
95 1000 35.8788306563809 1
96 0 180.020360660793 1
96 200 87.1582852527251 1
96 400 58.4820452860871 1
96 500 40.2164052308317 1
96 700 60.2365840194621 1
96 1000 59.3156899993108 1
97 0 120.257169331926 1
97 200 110.576551016162 1
97 400 44.8862469142745 1
97 500 80.6164219680974 1
97 700 66.0749096192575 1
97 1000 38.5168047402697 1
98 0 127.367182633423 1
98 200 117.892121867056 1
98 400 84.1306192569036 1
98 500 35.4088178723898 1
98 700 52.298685198634 1
98 1000 33.7184526537661 1
99 0 111.415123113516 1
99 200 92.150706979617 1
99 400 61.4399855416772 1
99 500 53.4925170648567 1
99 700 55.196037102655 1
99 1000 33.0503040824824 1
100 0 102.097330462034 1
100 200 80.4156828449325 1
100 400 54.907908241156 1
100 500 74.7158197008742 1
100 700 25.543715776699 1
100 1000 33.1488495069422 1
