id dose eff group
1 0 96.9883748580484 0
1 200 92.7285970398202 0
1 400 64.5788809366079 0
1 500 37.2722511516496 0
1 700 41.7363210687155 0
1 1000 52.6496963956467 0
2 0 72.5567384967837 0
2 200 54.5798155517212 0
2 400 61.3451704826741 0
2 500 50.9173230462982 0
2 700 36.1018569037547 0
2 1000 52.7866214576614 0
3 0 96.5255916478392 0
3 200 123.671184824417 0
3 400 110.70120722538 0
3 500 96.4784689622767 0
3 700 77.2542235981646 0
3 1000 43.9598898322951 0
4 0 106.754825789746 0
4 200 88.0043890045452 0
4 400 74.8455081307361 0
4 500 61.2057309524386 0
4 700 37.8106523425683 0
4 1000 41.8227126706912 0
5 0 69.2687962093784 0
5 200 66.9103340291324 0
5 400 55.1885664234812 0
5 500 40.7823916872392 0
5 700 53.9120668397512 0
5 1000 37.645211106036 0
6 0 119.295246357045 0
6 200 75.5525963150628 0
6 400 65.3311533093347 0
6 500 101.590183762402 0
6 700 78.5918579036283 0
6 1000 48.22220918292 0
7 0 64.0016703295623 0
7 200 108.39942904049 0
7 400 76.675560834481 0
7 500 99.8098538968551 0
7 700 45.7811779188686 0
7 1000 41.0288331227684 0
8 0 89.2795854356244 0
8 200 71.3679003198776 0
8 400 76.7337296037646 0
8 500 54.2788329664833 0
8 700 53.2241428566722 0
8 1000 47.3983795441676 0
9 0 98.6462294721124 0
9 200 142.444744456003 0
9 400 96.6463745860978 0
9 500 78.5288113475784 0
9 700 96.165276912213 0
9 1000 57.771177321728 0
10 0 79.3292654173086 0
10 200 75.7164941154916 0
10 400 96.5031185388629 0
10 500 52.0846186416594 0
10 700 75.6852905714966 0
10 1000 45.2289991302507 0
11 0 95.8371515417914 0
11 200 70.7868848290413 0
11 400 86.3745836109428 0
11 500 69.9887998220475 0
11 700 33.0737192913964 0
11 1000 35.1609964705321 0
12 0 60.9397513045851 0
12 200 94.4719674620131 0
12 400 93.9424911306598 0
12 500 67.7864294867617 0
12 700 58.9227291503923 0
12 1000 54.4177432651258 0
13 0 91.050067030785 0
13 200 64.489522969087 0
13 400 53.7334681531898 0
13 500 60.6911199855691 0
13 700 51.1729300325173 0
13 1000 44.7051434847335 0
14 0 93.6365216952384 0
14 200 90.5532741225046 0
14 400 43.6490110887949 0
14 500 38.0987988392959 0
14 700 34.0073475566006 0
14 1000 25.9995596830684 0
15 0 73.6113579028341 0
15 200 105.379095547001 0
15 400 66.8987140101395 0
15 500 81.9060602955664 0
15 700 69.3596094995808 0
15 1000 37.7731896071527 0
16 0 120.050327740427 0
16 200 58.8639630169781 0
16 400 96.3083712676119 0
16 500 82.5501360371667 0
16 700 48.2781216781872 0
16 1000 43.6949569028086 0
17 0 78.6432284223351 0
17 200 71.1694055599084 0
17 400 37.012787756766 0
17 500 32.2633398595396 0
17 700 39.0880402352728 0
17 1000 32.5924455121649 0
18 0 164.281953293803 0
18 200 103.256088180741 0
18 400 74.760198499466 0
18 500 88.5948542934435 0
18 700 60.3657934277804 0
18 1000 47.8844520686918 0
19 0 125.019850685634 0
19 200 71.5575017837458 0
19 400 75.820956640441 0
19 500 75.2350353577532 0
19 700 70.9895996861092 0
19 1000 52.6454643002001 0
20 0 67.2445717164663 0
20 200 125.71450707398 0
20 400 91.3600682421156 0
20 500 77.1061386459211 0
20 700 41.3502893509887 0
20 1000 54.5088840693318 0
21 0 106.574563647725 0
21 200 56.8269223911644 0
21 400 57.4679869484935 0
21 500 39.1890880964911 0
21 700 33.7786082463597 0
21 1000 39.1010653833862 0
22 0 88.2219192190322 0
22 200 28.1938508532417 0
22 400 46.2678642613362 0
22 500 32.086274893788 0
22 700 38.5223006830374 0
22 1000 26.2238778204965 0
23 0 113.590976931086 0
23 200 107.131208397823 0
23 400 80.8650545842697 0
23 500 85.8499730994905 0
23 700 79.2372008247136 0
23 1000 39.4050114792139 0
24 0 98.4330737814553 0
24 200 102.123462610806 0
24 400 56.4434460174445 0
24 500 23.080406233341 0
24 700 28.8050579125426 0
24 1000 28.1104564126426 0
25 0 118.952304338064 0
25 200 69.4903665747971 0
25 400 51.9029541418208 0
25 500 53.8056568093186 0
25 700 27.7181604327138 0
25 1000 28.1044521555746 0
26 0 73.9789891477844 0
26 200 80.1229722045702 0
26 400 67.8872223675862 0
26 500 79.7141661480607 0
26 700 66.0591287032109 0
26 1000 45.2260792499731 0
27 0 110.313484706674 0
27 200 82.0041987785944 0
27 400 113.136550827235 0
27 500 37.7748751301005 0
27 700 83.2013801743433 0
27 1000 53.7198550992784 0
28 0 126.464069841761 0
28 200 101.220992187472 0
28 400 61.7823846804121 0
28 500 74.2866167234318 0
28 700 75.9808086078645 0
28 1000 91.0448791980124 0
29 0 142.641436798701 0
29 200 150.453944259035 0
29 400 117.346844312063 0
29 500 125.73194537235 0
29 700 64.2496576696448 0
29 1000 65.3502035998962 0
30 0 112.320128328053 0
30 200 91.8247510075185 0
30 400 73.9338339131259 0
30 500 61.0713601908727 0
30 700 82.4387715363887 0
30 1000 47.8900393288624 0
31 0 96.5302631265689 0
31 200 77.0721999006708 0
31 400 71.7371069707375 0
31 500 60.1924563265652 0
31 700 69.6559664321909 0
31 1000 36.7083281847425 0
32 0 120.308365142929 0
32 200 70.254203959376 0
32 400 67.9613498977241 0
32 500 66.8682508317538 0
32 700 57.2769407820587 0
32 1000 26.7776745005727 0
33 0 90.2581456236962 0
33 200 81.5699362957332 0
33 400 40.8267959935857 0
33 500 51.7388461079957 0
33 700 30.3992790312932 0
33 1000 26.7112511485921 0
34 0 76.3138751213948 0
34 200 43.1570618920489 0
34 400 26.6605855091884 0
34 500 27.875015284193 0
34 700 30.0190491616218 0
34 1000 45.9167268754839 0
35 0 95.1000772433748 0
35 200 101.90774822913 0
35 400 72.5084152367872 0
35 500 58.1421802639081 0
35 700 85.9818558102023 0
35 1000 34.5238559676503 0
36 0 120.009255139024 0
36 200 88.2888440505953 0
36 400 51.4260225468842 0
36 500 67.945070039261 0
36 700 53.238539668518 0
36 1000 35.5473715677702 0
37 0 122.20871105747 0
37 200 97.1489591803243 0
37 400 93.8431329852953 0
37 500 96.7753449114775 0
37 700 63.7082240597883 0
37 1000 56.6954368597368 0
38 0 60.5000580490753 0
38 200 103.240482732616 0
38 400 63.262722055239 0
38 500 61.8645701901166 0
38 700 64.8827546249346 0
38 1000 37.6331966534168 0
39 0 149.645612256759 0
39 200 83.5159738596752 0
39 400 122.643100133065 0
39 500 80.8076074912306 0
39 700 59.56154968558 0
39 1000 54.4692421453885 0
40 0 99.8718694964883 0
40 200 122.299740703129 0
40 400 61.3436899956497 0
40 500 79.2789472151393 0
40 700 45.3665740541078 0
40 1000 40.3736675348448 0
41 0 83.5179989865421 0
41 200 121.732570847984 0
41 400 99.339751905017 0
41 500 43.1673597548858 0
41 700 56.521207235237 0
41 1000 64.0668688150116 0
42 0 103.345186600307 0
42 200 115.801924662412 0
42 400 104.699889412406 0
42 500 68.1385118446192 0
42 700 63.9658551772058 0
42 1000 56.9723664282459 0
43 0 136.144440074065 0
43 200 109.736719837427 0
43 400 89.2078079259743 0
43 500 70.7454756104393 0
43 700 97.204476984198 0
43 1000 42.8805752522125 0
44 0 122.675114128806 0
44 200 69.1125305612082 0
44 400 84.2969821486291 0
44 500 52.6110012688982 0
44 700 61.8691958922798 0
44 1000 27.8120212262881 0
45 0 68.1442881860283 0
45 200 86.8972239666252 0
45 400 77.8147108173595 0
45 500 41.2895417215576 0
45 700 79.5271349675433 0
45 1000 50.523060426194 0
46 0 105.1801957275 0
46 200 64.3723758804093 0
46 400 71.9062620409194 0
46 500 71.8311412319477 0
46 700 50.7385098001325 0
46 1000 34.0269040595462 0
47 0 149.142966264069 0
47 200 107.801666779698 0
47 400 122.203620662651 0
47 500 111.917712704238 0
47 700 62.5614074340294 0
47 1000 63.5445712694227 0
48 0 66.0417536384578 0
48 200 90.061541326836 0
48 400 67.387546890763 0
48 500 101.505712141848 0
48 700 51.4503429366281 0
48 1000 42.4129907649162 0
49 0 114.144907704559 0
49 200 72.7783487022503 0
49 400 95.090053018703 0
49 500 54.2599860799794 0
49 700 37.5886871269447 0
49 1000 45.5700053403624 0
50 0 125.609018971659 0
50 200 131.566631429704 0
50 400 54.9408288418715 0
50 500 32.334711672102 0
50 700 58.9361205045481 0
50 1000 35.8693413427159 0
51 0 71.4760032848112 1
51 200 89.0347482121067 1
51 400 68.9149991443682 1
51 500 43.5226776956216 1
51 700 63.2350559670045 1
51 1000 34.6886060449709 1
52 0 130.377690205159 1
52 200 84.4760171765427 1
52 400 43.2190156542729 1
52 500 45.7970788806027 1
52 700 43.4073998453488 1
52 1000 29.1651595241097 1
53 0 103.529256445601 1
53 200 78.4560454142291 1
53 400 52.2141491520215 1
53 500 25.9015778450857 1
53 700 33.774620860002 1
53 1000 16.170195438133 1
54 0 106.352869824541 1
54 200 134.580248945094 1
54 400 79.2484244473039 1
54 500 54.9417683147364 1
54 700 40.4086984279529 1
54 1000 45.0547075567902 1
55 0 78.8864837050775 1
55 200 82.3855741681601 1
55 400 54.7551467906518 1
55 500 58.0635822781865 1
55 700 49.6671403769693 1
55 1000 33.3791045922915 1
56 0 85.2969479443865 1
56 200 101.923774893207 1
56 400 75.7579332097874 1
56 500 82.9479360768092 1
56 700 39.8370958632406 1
56 1000 37.9151098310191 1
57 0 97.4561833670621 1
57 200 77.2990409018492 1
57 400 63.6810776295647 1
57 500 46.8820599929028 1
57 700 61.5259761920365 1
57 1000 37.5013437866585 1
58 0 104.518172826558 1
58 200 44.3687732191742 1
58 400 38.2618350870775 1
58 500 21.5881907784286 1
58 700 40.0235681055691 1
58 1000 30.3063818870096 1
59 0 98.1455041815384 1
59 200 86.1771652904613 1
59 400 46.6970115669811 1
59 500 32.6885724395838 1
59 700 27.9321429421919 1
59 1000 13.3647739078883 1
60 0 103.230236515628 1
60 200 96.9793021555674 1
60 400 83.6643085516182 1
60 500 59.9230509513463 1
60 700 40.8790901222481 1
60 1000 39.3523352595462 1
61 0 100.579965265447 1
61 200 71.195663822814 1
61 400 59.4150625151114 1
61 500 58.4388220875671 1
61 700 49.7730393949284 1
61 1000 59.6766071944965 1
62 0 104.875164245256 1
62 200 71.1117328875813 1
62 400 26.5653367280388 1
62 500 38.8826608281988 1
62 700 26.6687823234579 1
62 1000 20.8102564459614 1
63 0 129.881080931608 1
63 200 68.8558248616055 1
63 400 56.4801666408854 1
63 500 59.232655159877 1
63 700 56.4912615609221 1
63 1000 41.2521907059619 1
64 0 106.449389467841 1
64 200 72.0554167253957 1
64 400 66.7134953604163 1
64 500 69.2221674709344 1
64 700 28.3706137372145 1
64 1000 39.9340307275796 1
65 0 78.7382702180497 1
65 200 76.8614630148616 1
65 400 58.5498059531472 1
65 500 46.1529499278284 1
65 700 41.6447335206461 1
65 1000 38.5879064113439 1
66 0 88.5055386810023 1
66 200 77.8714553080699 1
66 400 75.0620514243615 1
66 500 67.5372324480856 1
66 700 28.0765261636878 1
66 1000 19.1204206969403 1
67 0 118.551163933042 1
67 200 78.6698026874182 1
67 400 73.3522673706356 1
67 500 57.2221673302667 1
67 700 43.275221159325 1
67 1000 42.8091499414206 1
68 0 51.1323029434809 1
68 200 100.44777470286 1
68 400 59.1899029516542 1
68 500 57.961594121757 1
68 700 46.4473073889816 1
68 1000 30.8460873418127 1
69 0 91.6619177958965 1
69 200 27.1965326434629 1
69 400 59.8551289728833 1
69 500 60.6092982209236 1
69 700 53.9461196262916 1
69 1000 50.075335945384 1
70 0 104.342071894357 1
70 200 96.3316944988168 1
70 400 84.1567935616255 1
70 500 56.781263620333 1
70 700 40.6697662781406 1
70 1000 38.9253557750645 1
71 0 108.456591117669 1
71 200 53.1556052531504 1
71 400 39.4752753390583 1
71 500 57.2915878809512 1
71 700 34.1496579314992 1
71 1000 30.8724679306504 1
72 0 103.54044472497 1
72 200 68.7650924943428 1
72 400 48.2464347422331 1
72 500 49.8226209441992 1
72 700 47.1325806588167 1
72 1000 35.5540702048155 1
73 0 134.973685277364 1
73 200 90.0779085674757 1
73 400 66.6771221795245 1
73 500 53.6556097942098 1
73 700 37.7175353648519 1
73 1000 29.8366003409483 1
74 0 74.7542599822381 1
74 200 67.0492370899893 1
74 400 50.7727166503308 1
74 500 50.0360804848169 1
74 700 42.0087794178092 1
74 1000 47.079559270077 1
75 0 92.6075870475385 1
75 200 69.920299859714 1
75 400 61.4856979821111 1
75 500 32.9186022338909 1
75 700 41.4920372106997 1
75 1000 21.5955490503918 1
76 0 56.2438994495825 1
76 200 64.2672038405814 1
76 400 30.8094386942925 1
76 500 20.6577001076405 1
76 700 36.162322523609 1
76 1000 43.8529415422963 1
77 0 74.9515977527463 1
77 200 90.3477920988189 1
77 400 58.5357290070532 1
77 500 47.6278229716066 1
77 700 48.1473974865557 1
77 1000 27.1626888563787 1
78 0 68.3979853336342 1
78 200 77.790404811116 1
78 400 61.1355381017821 1
78 500 48.7253211553516 1
78 700 57.2309085082852 1
78 1000 50.5083302459196 1
79 0 100.940240730256 1
79 200 57.0074061207491 1
79 400 61.0495744364238 1
79 500 54.2449706553697 1
79 700 37.6315335577609 1
79 1000 41.449023091522 1
80 0 85.3555994491177 1
80 200 115.245841079648 1
80 400 76.0226267660177 1
80 500 51.7620598929558 1
80 700 33.4617325399442 1
80 1000 37.3367104042521 1
81 0 89.6446271822851 1
81 200 66.1528976997186 1
81 400 36.1546242144282 1
81 500 42.0820349869364 1
81 700 41.3452434199186 1
81 1000 30.5992424358794 1
82 0 89.5099951770607 1
82 200 57.6397524722107 1
82 400 58.9433078894613 1
82 500 24.1764268772005 1
82 700 44.8764069881485 1
82 1000 46.8458580149823 1
83 0 101.856803640656 1
83 200 64.0570898501719 1
83 400 38.595443001712 1
83 500 32.358580534628 1
83 700 23.6207424237461 1
83 1000 45.8487752849518 1
84 0 100.886570953355 1
84 200 75.4372515722907 1
84 400 29.9798508275179 1
84 500 45.4092468679048 1
84 700 47.5179769731554 1
84 1000 34.5820796769082 1
85 0 100.585377279736 1
85 200 36.5637162067622 1
85 400 43.9089804296803 1
85 500 25.2496672201098 1
85 700 36.8141557734225 1
85 1000 32.8559481976384 1
86 0 122.615790094422 1
86 200 58.6066330143004 1
86 400 43.5851065018269 1
86 500 55.3458060128779 1
86 700 39.3779551551004 1
86 1000 36.7177249333741 1
87 0 100.757148267977 1
87 200 66.1267704409581 1
87 400 37.4221581417096 1
87 500 29.1246136396394 1
87 700 29.7864815212964 1
87 1000 24.8300008091765 1
88 0 91.2081451205067 1
88 200 65.869849670683 1
88 400 50.107099403654 1
88 500 50.7356489123988 1
88 700 37.7808200590721 1
88 1000 32.1917105103193 1
89 0 76.2223800034924 1
89 200 48.377917529178 1
89 400 47.3709368232458 1
89 500 17.2146611702896 1
89 700 23.2597041467364 1
89 1000 28.9971379495817 1
90 0 52.294694519216 1
90 200 83.0741762266944 1
90 400 22.0872876710314 1
90 500 35.4433158109852 1
90 700 34.283265010817 1
90 1000 46.6413177056482 1
91 0 99.9742088502732 1
91 200 72.9047237192887 1
91 400 38.1522611650941 1
91 500 48.4164881169959 1
91 700 62.5211775473901 1
91 1000 32.3301117058886 1
92 0 131.11393161231 1
92 200 76.7650748602629 1
92 400 56.9965511679793 1
92 500 31.2860821907035 1
92 700 39.8583556014443 1
92 1000 30.7299063312378 1
93 0 100.444239032809 1
93 200 87.6210649023626 1
93 400 52.406073453599 1
93 500 63.5646780625697 1
93 700 40.729244839479 1
93 1000 28.9093813671292 1
94 0 73.8953332165082 1
94 200 87.6023823972515 1
94 400 80.7350989270646 1
94 500 76.9605537777789 1
94 700 58.6019816348723 1
94 1000 25.4284235005189 1
95 0 44.92744914974 1
95 200 43.72168723299 1
95 400 60.0578117192545 1
95 500 51.9299779816618 1
95 700 32.8232327965197 1
95 1000 22.4149438824069 1
96 0 144.013437442282 1
96 200 76.9195880634681 1
96 400 40.9660012993271 1
96 500 37.0766827970887 1
96 700 42.5860914708849 1
96 1000 38.5512172654254 1
97 0 76.2432590739352 1
97 200 109.140408056917 1
97 400 69.005296655043 1
97 500 75.5885995622887 1
97 700 54.5430148046478 1
97 1000 33.5472718024244 1
98 0 46.4749280577474 1
98 200 71.8667807798233 1
98 400 51.5848516085386 1
98 500 52.6317222253648 1
98 700 30.5871968780533 1
98 1000 27.837542892672 1
99 0 30.2713808180175 1
99 200 30.1022479180615 1
99 400 31.1050439659839 1
99 500 32.6633333211593 1
99 700 28.2448074693632 1
99 1000 11.2696375304326 1
100 0 78.7345522650686 1
100 200 51.2471234003939 1
100 400 46.8794008558327 1
100 500 52.9613893631219 1
100 700 50.7887002362136 1
100 1000 37.8858212269723 1
