id dose eff group
1 0 105.958127246999 0
1 200 105.140997300833 0
1 400 69.5011504012503 0
1 500 41.2778042772871 0
1 700 57.3946610902841 0
1 1000 25.6692267307738 0
2 0 87.1728223445907 0
2 200 63.6664729568803 0
2 400 46.6989822545732 0
2 500 38.2686895521374 0
2 700 48.8130951771356 0
2 1000 24.2188880237715 0
3 0 104.780029846589 0
3 200 109.101564891704 0
3 400 31.2212014213536 0
3 500 61.1529953653788 0
3 700 59.72899977123 0
3 1000 42.6685046692182 0
4 0 88.261923323819 0
4 200 75.7365978745285 0
4 400 88.1626327753818 0
4 500 38.6029386159029 0
4 700 43.1283367096989 0
4 1000 44.7311275922942 0
5 0 79.538215499601 0
5 200 78.0727317057671 0
5 400 83.0670882885717 0
5 500 91.9200041619584 0
5 700 46.0425726514775 0
5 1000 48.4611625479844 0
6 0 95.0914264454245 0
6 200 133.108655261157 0
6 400 103.34954080172 0
6 500 113.701264424716 0
6 700 77.229879171512 0
6 1000 65.4404632646849 0
7 0 92.1501622844917 0
7 200 78.1287701831267 0
7 400 67.7289541021171 0
7 500 74.2649461254567 0
7 700 52.7687012447033 0
7 1000 25.6010047683069 0
8 0 96.6418226974703 0
8 200 79.3335530418411 0
8 400 57.7129880691024 0
8 500 67.9703812824 0
8 700 83.7404457612433 0
8 1000 45.5122160513168 0
9 0 118.996186568332 0
9 200 74.3092603018927 0
9 400 71.1007105453935 0
9 500 52.1328232415313 0
9 700 46.0400605484217 0
9 1000 46.560509329488 0
10 0 116.324271712078 0
10 200 78.6346269369845 0
10 400 61.1852170615812 0
10 500 79.2273650523251 0
10 700 59.1244359649131 0
10 1000 27.6059891980109 0
11 0 78.1598876546121 0
11 200 74.2928172294372 0
11 400 52.289798258936 0
11 500 43.2751515966602 0
11 700 36.7696445183139 0
11 1000 39.3059205616525 0
12 0 108.614104258203 0
12 200 83.4162448105233 0
12 400 69.8026338407058 0
12 500 98.8453901896505 0
12 700 81.1098682102664 0
12 1000 41.0816833426359 0
13 0 94.5734336767666 0
13 200 71.6568975347293 0
13 400 103.821964824349 0
13 500 110.359948815699 0
13 700 59.3689767976097 0
13 1000 30.0192042044517 0
14 0 96.7895679993803 0
14 200 56.6774741837827 0
14 400 78.456316687956 0
14 500 88.5868048451303 0
14 700 55.4262789424066 0
14 1000 41.8892717456528 0
15 0 68.7572251873709 0
15 200 84.2736393017268 0
15 400 75.6198640714526 0
15 500 60.893232467973 0
15 700 48.6615006220044 0
15 1000 35.573538921333 0
16 0 88.5112653610402 0
16 200 64.8593605419445 0
16 400 70.0572110714426 0
16 500 51.597152960764 0
16 700 38.5439686107332 0
16 1000 53.7542721209787 0
17 0 114.669534699477 0
17 200 69.0642092362634 0
17 400 40.7474662235776 0
17 500 89.6888751736121 0
17 700 66.3022846512098 0
17 1000 45.025701187278 0
18 0 49.71528233683 0
18 200 75.2788097241102 0
18 400 59.33163947957 0
18 500 60.8291156278974 0
18 700 53.2139455061546 0
18 1000 47.5519018420675 0
19 0 110.014683903815 0
19 200 105.462321156533 0
19 400 85.9020354527403 0
19 500 71.5402963674372 0
19 700 60.7753300288584 0
19 1000 42.8800208823508 0
20 0 108.878868699635 0
20 200 98.389467891021 0
20 400 82.8763319812542 0
20 500 63.0158485705786 0
20 700 53.0743683720907 0
20 1000 49.6912655875095 0
21 0 140.288300381019 0
21 200 102.211986146366 0
21 400 90.7509118221004 0
21 500 88.7301936490504 0
21 700 53.3171751900741 0
21 1000 73.0926944166053 0
22 0 112.057471665117 0
22 200 64.8335415933714 0
22 400 38.3928558124603 0
22 500 52.0509013077252 0
22 700 28.6572046244794 0
22 1000 35.9229211217771 0
23 0 137.718681075347 0
23 200 107.452057949846 0
23 400 78.1110444546538 0
23 500 65.0426038518397 0
23 700 47.1661674788235 0
23 1000 46.2289811261969 0
24 0 51.8114642631249 0
24 200 74.2398382651031 0
24 400 84.8478294921556 0
24 500 68.6021357574344 0
24 700 82.838979816476 0
24 1000 52.8268467627251 0
25 0 69.1524099804754 0
25 200 86.4646810492905 0
25 400 78.2873923484717 0
25 500 85.4379234173044 0
25 700 55.2881491155112 0
25 1000 45.7941019272625 0
26 0 89.7997959576329 0
26 200 86.9039870912017 0
26 400 51.8966076017798 0
26 500 63.1461443248237 0
26 700 71.859064250729 0
26 1000 52.4212766766426 0
27 0 88.4049083391743 0
27 200 70.3931124587288 0
27 400 51.9905698920256 0
27 500 55.8444227124946 0
27 700 34.9043511799316 0
27 1000 26.4963095957934 0
28 0 69.2302292298766 0
28 200 79.3804920633107 0
28 400 61.4546382597015 0
28 500 44.5325614769569 0
28 700 41.3535664041179 0
28 1000 41.8020814582463 0
29 0 125.948816224559 0
29 200 107.902242317144 0
29 400 88.7646582725895 0
29 500 65.3706925990483 0
29 700 62.2430064038399 0
29 1000 57.1919800010034 0
30 0 122.842928384412 0
30 200 75.5735733311 0
30 400 76.3798896702225 0
30 500 58.9307963253166 0
30 700 45.6421125754883 0
30 1000 52.359005075206 0
31 0 118.338604175714 0
31 200 117.266109793965 0
31 400 43.9105606530961 0
31 500 40.5098389089641 0
31 700 61.4178556413191 0
31 1000 47.6604618147949 0
32 0 127.677442142675 0
32 200 75.3425894814074 0
32 400 88.5242338101387 0
32 500 112.291185232648 0
32 700 85.0370866317085 0
32 1000 61.9108797108252 0
33 0 109.029319762382 0
33 200 84.9864456381313 0
33 400 72.2501133508732 0
33 500 52.4344476614599 0
33 700 44.1202999146273 0
33 1000 32.2551674145113 0
34 0 66.6054623529232 0
34 200 86.4023056127472 0
34 400 73.4093868380604 0
34 500 50.9019990174245 0
34 700 50.7475958030844 0
34 1000 57.1716737450814 0
35 0 103.285970267649 0
35 200 70.6376917321939 0
35 400 59.1935321751647 0
35 500 27.2091828648742 0
35 700 39.9613520902729 0
35 1000 48.7412836023199 0
36 0 111.395136550411 0
36 200 66.0752449414676 0
36 400 71.4060174425884 0
36 500 88.6587698686813 0
36 700 60.606201170734 0
36 1000 42.905226831927 0
37 0 142.435856940661 0
37 200 138.507638534754 0
37 400 79.4442807012881 0
37 500 62.3672275290727 0
37 700 67.7524839407135 0
37 1000 51.5035302474692 0
38 0 51.0327780731206 0
38 200 77.8184066131263 0
38 400 53.8700450187842 0
38 500 53.9314437216228 0
38 700 53.3668770921686 0
38 1000 19.2879541062598 0
39 0 94.7444979685121 0
39 200 75.8593777525392 0
39 400 35.4916506030953 0
39 500 51.5076807967921 0
39 700 54.5560906987651 0
39 1000 30.0874137098891 0
40 0 93.546837589652 0
40 200 94.6912683904791 0
40 400 84.066994815481 0
40 500 73.1038158143509 0
40 700 57.1637614348596 0
40 1000 69.6139341866369 0
41 0 112.826892956426 0
41 200 123.59106311379 0
41 400 57.4729459094958 0
41 500 99.6074335328863 0
41 700 82.8255837503943 0
41 1000 45.7346330739771 0
42 0 110.646839121399 0
42 200 107.635573156266 0
42 400 62.5567396578537 0
42 500 66.4784605956932 0
42 700 67.5838142105946 0
42 1000 38.5713439554556 0
43 0 116.340841505625 0
43 200 63.7348866436164 0
43 400 57.1875142594081 0
43 500 62.3625426465753 0
43 700 28.6895443142312 0
43 1000 42.8789417710505 0
44 0 51.8764028228715 0
44 200 40.674003006572 0
44 400 56.5291301129884 0
44 500 34.8056589226855 0
44 700 38.0853879645102 0
44 1000 42.7271827655112 0
45 0 95.8067409614269 0
45 200 56.2835845816367 0
45 400 77.9418218936415 0
45 500 96.4157712253312 0
45 700 77.7509859031709 0
45 1000 71.8987667184231 0
46 0 148.246370250014 0
46 200 75.0654882988035 0
46 400 72.157543734372 0
46 500 73.3079311813366 0
46 700 57.9912333396586 0
46 1000 61.043005833039 0
47 0 152.714388313464 0
47 200 95.8581975007147 0
47 400 94.5280079321867 0
47 500 47.087168350016 0
47 700 52.219675478771 0
47 1000 38.4663846537669 0
48 0 113.16381847433 0
48 200 54.9520615925145 0
48 400 100.90964751858 0
48 500 62.2555450830959 0
48 700 61.8738239917426 0
48 1000 29.4437860784333 0
49 0 159.532472015995 0
49 200 85.2378455842809 0
49 400 100.437491568291 0
49 500 110.816629456842 0
49 700 73.7994022485022 0
49 1000 84.8267311932434 0
50 0 117.807308879552 0
50 200 123.110056490008 0
50 400 80.8460447443964 0
50 500 65.1988400737985 0
50 700 34.4157186503986 0
50 1000 44.190611817812 0
51 0 86.1669874862905 1
51 200 64.8464893822301 1
51 400 41.0381889064389 1
51 500 26.9483708218913 1
51 700 45.7759217645671 1
51 1000 42.4547328395385 1
52 0 44.309100192271 1
52 200 66.70986874818 1
52 400 36.5043839727372 1
52 500 48.4651777250612 1
52 700 45.2399241492151 1
52 1000 33.3814105513714 1
53 0 111.046060230057 1
53 200 76.6007542479776 1
53 400 39.6500532364287 1
53 500 51.459966458077 1
53 700 46.1297380469678 1
53 1000 45.3367995914167 1
54 0 101.910199353343 1
54 200 68.2270296081475 1
54 400 49.6913763772118 1
54 500 40.7367378914694 1
54 700 44.6657556484452 1
54 1000 22.1971030688963 1
55 0 81.2651955360419 1
55 200 61.4544545275888 1
55 400 90.4961563099945 1
55 500 59.8172948851169 1
55 700 28.8496631326695 1
55 1000 21.5395432703137 1
56 0 136.300292263972 1
56 200 70.6237414517414 1
56 400 48.3023018615191 1
56 500 77.260423665395 1
56 700 79.5414412086817 1
56 1000 23.8471145026386 1
57 0 88.7466214558905 1
57 200 86.7406898469058 1
57 400 47.5300024897044 1
57 500 36.8272337061556 1
57 700 40.3643313884382 1
57 1000 35.7428259313359 1
58 0 100.617324344882 1
58 200 41.352469628729 1
58 400 64.9734555564003 1
58 500 65.8251240435113 1
58 700 28.8299443755977 1
58 1000 54.8562675112764 1
59 0 137.590017686512 1
59 200 91.018798929064 1
59 400 39.2891163198777 1
59 500 50.8512524302544 1
59 700 49.0424584646549 1
59 1000 48.0693606211011 1
60 0 103.162421806502 1
60 200 67.9776580619847 1
60 400 56.9805690655898 1
60 500 58.8097174700684 1
60 700 54.9170118364524 1
60 1000 51.9124527382154 1
61 0 118.63309911246 1
61 200 48.1864309610018 1
61 400 66.5592639524056 1
61 500 62.1916159170568 1
61 700 49.8300956343496 1
61 1000 43.1851889910815 1
62 0 122.375150883144 1
62 200 33.5105630032586 1
62 400 57.2827572268058 1
62 500 32.2303605976933 1
62 700 36.4708755823888 1
62 1000 37.2708858105824 1
63 0 93.087395673429 1
63 200 110.492587342157 1
63 400 90.3954208590125 1
63 500 45.1398794726099 1
63 700 62.2061713788952 1
63 1000 37.927856920233 1
64 0 71.7291740613381 1
64 200 82.2794574330713 1
64 400 61.873083981917 1
64 500 53.208756842974 1
64 700 70.4178080824169 1
64 1000 37.6309248171693 1
65 0 115.368876356641 1
65 200 85.1037051882544 1
65 400 48.5051727790093 1
65 500 9.41840507831061 1
65 700 46.0352225125446 1
65 1000 45.3098939067782 1
66 0 77.3607869957123 1
66 200 108.660322840215 1
66 400 66.0550850712658 1
66 500 46.6755125442972 1
66 700 57.3518943743348 1
66 1000 38.879348848531 1
67 0 106.307960992497 1
67 200 45.1518055299389 1
67 400 35.9377532362592 1
67 500 33.002431231574 1
67 700 45.0498014364618 1
67 1000 36.5239060164531 1
68 0 109.90153540169 1
68 200 35.566241836577 1
68 400 65.8492582838333 1
68 500 63.9540730212081 1
68 700 60.8573448729798 1
68 1000 62.4972477685994 1
69 0 102.062876303773 1
69 200 72.2091120555697 1
69 400 48.6801239966147 1
69 500 56.3982308899076 1
69 700 61.3293105572257 1
69 1000 34.3163143815036 1
70 0 108.241726689359 1
70 200 92.2286319368073 1
70 400 57.4679230507162 1
70 500 31.2885991681605 1
70 700 50.4767943138032 1
70 1000 35.2467713020904 1
71 0 83.9289426690983 1
71 200 44.8687309953391 1
71 400 26.9102845823225 1
71 500 42.8376171743479 1
71 700 36.1767942342841 1
71 1000 39.4294496856545 1
72 0 81.8847847380019 1
72 200 71.1347095107984 1
72 400 37.4613947102157 1
72 500 37.8946361418797 1
72 700 33.4508539038318 1
72 1000 22.3062080344071 1
73 0 115.710462517559 1
73 200 64.7208850659169 1
73 400 96.2023886042711 1
73 500 74.9068090829374 1
73 700 48.9909752482884 1
73 1000 34.0107083861675 1
74 0 75.9771730724451 1
74 200 94.7765316220803 1
74 400 57.4191090553199 1
74 500 54.6839128093279 1
74 700 37.4705505665687 1
74 1000 40.805920831427 1
75 0 121.387556727231 1
75 200 106.152025601664 1
75 400 75.6226251450672 1
75 500 62.1594720793699 1
75 700 32.3057758524848 1
75 1000 36.1990594552453 1
76 0 120.909040711379 1
76 200 64.9703130570856 1
76 400 43.8854536638567 1
76 500 58.1307561242246 1
76 700 52.4725752247068 1
76 1000 24.9317425089515 1
77 0 143.610911358197 1
77 200 71.5110381658699 1
77 400 63.8633354648775 1
77 500 79.8419546222295 1
77 700 60.4418344487777 1
77 1000 47.0699905223142 1
78 0 114.743342575993 1
78 200 55.0464177335048 1
78 400 63.6215482738425 1
78 500 41.6832118465487 1
78 700 28.8888839592311 1
78 1000 36.0804388554902 1
79 0 104.702453696196 1
79 200 134.982890562416 1
79 400 99.6040699472878 1
79 500 81.6791682506407 1
79 700 73.7893355141601 1
79 1000 50.2515122237265 1
80 0 94.6788383313701 1
80 200 45.5399019738575 1
80 400 37.0515559812053 1
80 500 29.9337485733125 1
80 700 42.8387211600098 1
80 1000 31.9435376821012 1
81 0 115.409677446591 1
81 200 84.6507704741367 1
81 400 63.8596901495857 1
81 500 35.5803541730638 1
81 700 40.5960251231908 1
81 1000 44.3273912708168 1
82 0 87.7384967352798 1
82 200 80.0975219266416 1
82 400 70.3358827041456 1
82 500 47.1540606212249 1
82 700 40.2377886261213 1
82 1000 34.610909662008 1
83 0 81.3658072573215 1
83 200 94.0389412456676 1
83 400 45.8966780987114 1
83 500 72.7317149825142 1
83 700 43.8777528044949 1
83 1000 47.2248172121616 1
84 0 112.448045025269 1
84 200 59.2501029437488 1
84 400 40.1750197302057 1
84 500 12.9245615839175 1
84 700 30.5075956040316 1
84 1000 24.999573711915 1
85 0 98.7326531448992 1
85 200 72.0688310106788 1
85 400 57.1922552027339 1
85 500 39.1165413048559 1
85 700 30.7905752426137 1
85 1000 33.457712348446 1
86 0 94.8166502116895 1
86 200 74.6042176517274 1
86 400 42.7808290839102 1
86 500 43.5531069032925 1
86 700 50.1819875218377 1
86 1000 18.5856023669357 1
87 0 85.7838555680269 1
87 200 65.2327409975934 1
87 400 43.6052934134122 1
87 500 43.463266261873 1
87 700 31.3773725351592 1
87 1000 29.7332583190715 1
88 0 89.2067074668195 1
88 200 68.0340255590619 1
88 400 34.2901910599475 1
88 500 39.0971115961775 1
88 700 25.1266781473517 1
88 1000 35.7030633261726 1
89 0 86.3781251912586 1
89 200 51.5613544399053 1
89 400 44.0716186637667 1
89 500 32.4242685626555 1
89 700 38.7603825404344 1
89 1000 12.5850297850081 1
90 0 104.897404108443 1
90 200 71.7670361835252 1
90 400 56.6792361449132 1
90 500 33.6661316149072 1
90 700 32.5151447448687 1
90 1000 35.2236121449513 1
91 0 89.5620076161139 1
91 200 67.3020351180814 1
91 400 39.7554972539395 1
91 500 28.4451898846169 1
91 700 28.7237769421174 1
91 1000 33.1075983611354 1
92 0 115.927270391946 1
92 200 52.2353560549131 1
92 400 52.851238116778 1
92 500 37.0748767030925 1
92 700 42.6598707548376 1
92 1000 35.7794204608266 1
93 0 85.7440788715516 1
93 200 49.2109420940065 1
93 400 68.5404782992467 1
93 500 45.6421596724783 1
93 700 21.8355176139899 1
93 1000 31.6453123997811 1
94 0 78.3857277750053 1
94 200 59.8783289776549 1
94 400 44.9171135266139 1
94 500 41.7399025823152 1
94 700 22.4381220427165 1
94 1000 41.7755077521881 1
95 0 87.9367744454744 1
95 200 58.7296051605368 1
95 400 27.4427735462903 1
95 500 40.793043690863 1
95 700 30.220242069344 1
95 1000 35.5652901934888 1
96 0 102.184112335403 1
96 200 97.0499235589829 1
96 400 42.8685247659302 1
96 500 50.2228303604986 1
96 700 43.5292080900499 1
96 1000 21.9730208592238 1
97 0 150.602137078615 1
97 200 104.677427631239 1
97 400 89.1322394858277 1
97 500 71.7862689382738 1
97 700 57.7324242151992 1
97 1000 48.0297447119115 1
98 0 74.483992210922 1
98 200 97.8398174650188 1
98 400 78.8432432258261 1
98 500 56.012676149471 1
98 700 49.8658002527676 1
98 1000 47.4736944485473 1
99 0 69.1439217454743 1
99 200 113.41250468877 1
99 400 70.6208627750041 1
99 500 70.6481808066637 1
99 700 33.8166148978579 1
99 1000 21.9069611986996 1
100 0 60.3247816816271 1
100 200 75.1029813703081 1
100 400 100.485315030631 1
100 500 69.1611364321059 1
100 700 74.915572792684 1
100 1000 42.4199478541723 1
