id dose eff group
1 0 123.402947589691 0
1 200 104.269091425741 0
1 400 87.0797740903277 0
1 500 72.9693002038431 0
1 700 70.4097381846605 0
1 1000 53.8113202470842 0
2 0 90.1337059622711 0
2 200 69.8758860638033 0
2 400 57.1581187300128 0
2 500 45.3881629863423 0
2 700 41.6041388783974 0
2 1000 34.7221314281508 0
3 0 92.2529262041255 0
3 200 78.5786749006958 0
3 400 63.1306415617249 0
3 500 67.0015429645935 0
3 700 45.9336681039213 0
3 1000 48.0652204101865 0
4 0 111.327176173167 0
4 200 105.969546865084 0
4 400 99.890020878963 0
4 500 84.1585908566526 0
4 700 77.5596002809074 0
4 1000 61.2774190576065 0
5 0 114.97724757566 0
5 200 100.60621757171 0
5 400 84.761330751315 0
5 500 69.8776793911429 0
5 700 66.1275940172403 0
5 1000 53.3037333644394 0
6 0 117.567306377847 0
6 200 101.213920416768 0
6 400 71.5324275702253 0
6 500 59.1646711113281 0
6 700 53.040282961552 0
6 1000 47.3729509776351 0
7 0 89.7928272197407 0
7 200 84.474196398891 0
7 400 65.4101630604855 0
7 500 55.6864496239402 0
7 700 52.3904938474534 0
7 1000 42.1943020121578 0
8 0 117.876072444834 0
8 200 85.3306561043757 0
8 400 71.3040868570685 0
8 500 59.2135645963602 0
8 700 44.57944406368 0
8 1000 46.0147655628131 0
9 0 105.389864292462 0
9 200 95.3837796982963 0
9 400 84.3262121273505 0
9 500 76.4368474691524 0
9 700 62.0673481364119 0
9 1000 49.0641427469925 0
10 0 86.6585420994721 0
10 200 86.5750693862663 0
10 400 72.2651070043705 0
10 500 62.2617760043759 0
10 700 54.0788018720478 0
10 1000 48.6577502311417 0
11 0 105.302298108009 0
11 200 94.5321124487644 0
11 400 80.902052324749 0
11 500 75.3558898797563 0
11 700 59.276367687346 0
11 1000 46.9782949945749 0
12 0 84.1703791973371 0
12 200 80.3968280301808 0
12 400 71.6446714254327 0
12 500 67.3948139726147 0
12 700 48.9953910221971 0
12 1000 52.9928583689869 0
13 0 106.296166692783 0
13 200 78.2327589017631 0
13 400 60.9823946486468 0
13 500 53.0440444328535 0
13 700 38.8457826640427 0
13 1000 34.9083664413351 0
14 0 107.733641043761 0
14 200 101.409689205641 0
14 400 85.8140064699305 0
14 500 75.5081500645784 0
14 700 56.632891182206 0
14 1000 49.9765177953832 0
15 0 88.5648498778574 0
15 200 77.9642914661839 0
15 400 67.0141976789036 0
15 500 62.6196248577096 0
15 700 43.1431977224412 0
15 1000 43.4563346197951 0
16 0 114.81375385819 0
16 200 99.3179620030575 0
16 400 66.3509529016473 0
16 500 75.2660222514231 0
16 700 58.1499782760929 0
16 1000 56.5296314144192 0
17 0 91.2418745173102 0
17 200 86.2718385866816 0
17 400 78.8326762160205 0
17 500 67.4724979466528 0
17 700 65.1946691335958 0
17 1000 52.3723404217738 0
18 0 96.3697160106078 0
18 200 104.083420369682 0
18 400 96.6843128906293 0
18 500 82.831113742092 0
18 700 75.4795569056945 0
18 1000 66.8348445659496 0
19 0 116.195840591312 0
19 200 106.777647449685 0
19 400 84.4051511056835 0
19 500 67.9978957825762 0
19 700 65.1578890481394 0
19 1000 44.8977550803112 0
20 0 102.116975187165 0
20 200 90.7364237946191 0
20 400 78.9156397547258 0
20 500 68.6506990544817 0
20 700 59.3801593634466 0
20 1000 54.061641402331 0
21 0 111.559229386362 0
21 200 105.144722439184 0
21 400 87.0602283118739 0
21 500 73.3017201542641 0
21 700 63.5531711522301 0
21 1000 51.367606789892 0
22 0 113.848546512453 0
22 200 101.572576972594 0
22 400 96.0588979618762 0
22 500 83.1856036381603 0
22 700 66.4749783676532 0
22 1000 56.0756186682016 0
23 0 105.025132847911 0
23 200 95.3249320453396 0
23 400 90.1106338240244 0
23 500 85.2509294844723 0
23 700 87.9085454918701 0
23 1000 64.3901447180379 0
24 0 96.8841483661041 0
24 200 81.4896966139395 0
24 400 64.7196443266828 0
24 500 49.9363335774002 0
24 700 48.091110682657 0
24 1000 43.1058732549825 0
25 0 96.6831038492257 0
25 200 90.4182243830133 0
25 400 88.0611136975224 0
25 500 79.5537548377045 0
25 700 66.5430458353439 0
25 1000 57.788042797186 0
26 0 108.764390854794 0
26 200 95.7463044137966 0
26 400 72.138722587627 0
26 500 70.0680168486881 0
26 700 47.400381233042 0
26 1000 49.0447579306134 0
27 0 97.5766665132891 0
27 200 85.7011602850365 0
27 400 72.5267409858472 0
27 500 60.7845903066465 0
27 700 59.9359573070306 0
27 1000 39.9347220295238 0
28 0 89.8300225311353 0
28 200 86.5578307314392 0
28 400 77.4494161917306 0
28 500 69.0261093807489 0
28 700 54.771313842923 0
28 1000 43.1685204747547 0
29 0 96.2021152190675 0
29 200 87.6406585100472 0
29 400 70.2063221610098 0
29 500 70.2955517440957 0
29 700 66.6926089659526 0
29 1000 38.9103583464218 0
30 0 108.97269561257 0
30 200 100.026713469929 0
30 400 91.8744955674811 0
30 500 90.6149110348313 0
30 700 64.66086879834 0
30 1000 51.1425075013031 0
31 0 89.750901925479 0
31 200 69.735995946588 0
31 400 36.6026393273161 0
31 500 46.616619653393 0
31 700 34.9614314734962 0
31 1000 37.1785935515059 0
32 0 75.5676173570085 0
32 200 75.4377425143987 0
32 400 49.3149856768176 0
32 500 40.7343379090194 0
32 700 42.5731892772013 0
32 1000 24.6058286587774 0
33 0 92.6149225405639 0
33 200 90.0472020627074 0
33 400 77.0868138454074 0
33 500 68.3640593294639 0
33 700 59.2504517552649 0
33 1000 40.7010000989893 0
34 0 91.1117922739874 0
34 200 88.5187666256098 0
34 400 66.2483563086082 0
34 500 57.2756420022614 0
34 700 56.5349660176679 0
34 1000 35.7451820167126 0
35 0 113.615849361894 0
35 200 99.00764697125 0
35 400 81.1829616351251 0
35 500 77.724493000579 0
35 700 61.485336823407 0
35 1000 55.5247387339063 0
36 0 99.902447147757 0
36 200 88.3907696455032 0
36 400 70.6342274209915 0
36 500 67.3328272725479 0
36 700 41.7899804562725 0
36 1000 47.8164983233153 0
37 0 97.6669462151461 0
37 200 80.0612787745695 0
37 400 58.4005345212346 0
37 500 45.5769580967489 0
37 700 41.7660675799435 0
37 1000 47.0755426215696 0
38 0 107.477133281114 0
38 200 79.294466373955 0
38 400 78.6581370470912 0
38 500 56.9207289299888 0
38 700 44.5660313985429 0
38 1000 39.5930377105155 0
39 0 112.276974317236 0
39 200 102.168780746574 0
39 400 93.9228910197585 0
39 500 89.6214065001367 0
39 700 69.8753571357904 0
39 1000 57.1990244219602 0
40 0 103.296598234429 0
40 200 84.6893243298198 0
40 400 67.5221583143594 0
40 500 59.3091238093085 0
40 700 45.3883290947771 0
40 1000 45.1808379077826 0
41 0 103.578093997361 0
41 200 104.526331328384 0
41 400 93.2776435575232 0
41 500 91.6665301766243 0
41 700 84.5113706729166 0
41 1000 67.5913456469894 0
42 0 80.2273422237386 0
42 200 83.0922220920796 0
42 400 64.2771356733019 0
42 500 46.533917163878 0
42 700 47.4001834599161 0
42 1000 42.0130277915197 0
43 0 89.575896194471 0
43 200 84.7898761828794 0
43 400 55.3715189713071 0
43 500 52.0103200710066 0
43 700 39.0057764839707 0
43 1000 33.671569457495 0
44 0 93.2450902265941 0
44 200 78.6025241245387 0
44 400 65.1011018214852 0
44 500 58.679897493493 0
44 700 63.1490961529113 0
44 1000 37.5822202948674 0
45 0 109.077960804614 0
45 200 97.2305570364412 0
45 400 84.9245034110909 0
45 500 79.3458412705193 0
45 700 68.7089885333128 0
45 1000 54.0534316405286 0
46 0 98.6381375392929 0
46 200 87.2748336279718 0
46 400 75.0700136779365 0
46 500 81.7987256081392 0
46 700 56.2641654017979 0
46 1000 34.7954745560348 0
47 0 103.515371387841 0
47 200 86.6769315887663 0
47 400 60.2948892556204 0
47 500 53.7991029578806 0
47 700 55.5207060906833 0
47 1000 38.308501397251 0
48 0 88.0858004840126 0
48 200 89.2440981240754 0
48 400 77.9876517839305 0
48 500 70.6025248613614 0
48 700 68.4387878710891 0
48 1000 52.4376788876254 0
49 0 115.672424151806 0
49 200 96.6599401690121 0
49 400 79.5387038204259 0
49 500 72.7622720417778 0
49 700 59.9362235749422 0
49 1000 49.4633979829167 0
50 0 114.360511108749 0
50 200 105.410273341388 0
50 400 99.7289185412366 0
50 500 79.0039264809327 0
50 700 76.6504286417657 0
50 1000 69.2793433181637 0
51 0 101.989000646099 1
51 200 85.5680437559116 1
51 400 66.3899874394887 1
51 500 66.5926090808354 1
51 700 59.5947763593731 1
51 1000 34.0537188612867 1
52 0 105.997164198258 1
52 200 82.2442031162278 1
52 400 56.770983768137 1
52 500 44.5540950590429 1
52 700 28.3500649455939 1
52 1000 40.5802328481916 1
53 0 103.637269805771 1
53 200 85.3220284799968 1
53 400 66.1800846012234 1
53 500 52.3487219035369 1
53 700 47.0936578742777 1
53 1000 35.4258630323334 1
54 0 104.83251263751 1
54 200 67.579182592035 1
54 400 38.5120654952253 1
54 500 46.0621227048689 1
54 700 38.2888965955524 1
54 1000 36.2933306968313 1
55 0 110.977730043756 1
55 200 92.6667423035004 1
55 400 63.4670809032767 1
55 500 59.7355277829987 1
55 700 46.8229814327995 1
55 1000 36.0698796785625 1
56 0 108.457333003554 1
56 200 80.2799748523115 1
56 400 52.9494324253486 1
56 500 49.145893612514 1
56 700 45.6848008631126 1
56 1000 22.8904735669469 1
57 0 115.376741626053 1
57 200 114.380841086951 1
57 400 81.8991322384208 1
57 500 81.6679532015164 1
57 700 65.9133637835451 1
57 1000 51.7079239332061 1
58 0 91.7794172846035 1
58 200 86.0982505019696 1
58 400 66.5574759386761 1
58 500 51.3805366730155 1
58 700 52.4597546869495 1
58 1000 30.6673555600793 1
59 0 117.715953577348 1
59 200 90.3878946667857 1
59 400 62.7849170286155 1
59 500 60.2287368100537 1
59 700 48.6338970356802 1
59 1000 43.2143004340973 1
60 0 92.619547973612 1
60 200 50.7641377525147 1
60 400 42.1101413369776 1
60 500 32.321037517515 1
60 700 26.8828683194552 1
60 1000 25.2796975261835 1
61 0 118.643787566006 1
61 200 84.1468937412564 1
61 400 56.9119342611793 1
61 500 63.5258142148266 1
61 700 44.3620662026483 1
61 1000 45.861349238226 1
62 0 76.2237112103698 1
62 200 49.3254274487323 1
62 400 29.4797567511909 1
62 500 33.7179732880723 1
62 700 31.5602533017035 1
62 1000 19.5050892559233 1
63 0 98.9040124045143 1
63 200 82.5610924413569 1
63 400 68.3522744864163 1
63 500 53.1629543561381 1
63 700 53.1489705199587 1
63 1000 37.5609163289004 1
64 0 120.42090352875 1
64 200 113.301195544633 1
64 400 101.980462694566 1
64 500 79.8678464397083 1
64 700 74.5389422168651 1
64 1000 62.501987967023 1
65 0 110.099919723234 1
65 200 91.9116639723564 1
65 400 57.642634815461 1
65 500 51.0616775761159 1
65 700 41.21161322706 1
65 1000 44.9787191859935 1
66 0 107.464614984296 1
66 200 86.3041899985553 1
66 400 50.1052351168022 1
66 500 39.0210778337712 1
66 700 35.6845693174604 1
66 1000 36.2773580922994 1
67 0 116.980441759722 1
67 200 85.6333045808346 1
67 400 53.4999441156456 1
67 500 56.8477782849562 1
67 700 45.9554242200664 1
67 1000 52.3454628734874 1
68 0 107.194967801352 1
68 200 95.0615557715572 1
68 400 80.6835664360555 1
68 500 63.2934671759443 1
68 700 47.765652298666 1
68 1000 38.2581543703934 1
69 0 91.0140381759209 1
69 200 63.0934946822698 1
69 400 45.040861296843 1
69 500 41.1228899510658 1
69 700 22.3738944764912 1
69 1000 29.4242905920289 1
70 0 104.664941150498 1
70 200 64.7804340542081 1
70 400 43.5465544150086 1
70 500 45.5403077316675 1
70 700 34.9338980053473 1
70 1000 29.4211516796711 1
71 0 86.0475903296219 1
71 200 68.5575358899294 1
71 400 48.111551040665 1
71 500 48.2762073596205 1
71 700 29.589850270522 1
71 1000 23.458391387607 1
72 0 93.8300998317452 1
72 200 75.5384984482578 1
72 400 57.760898286191 1
72 500 52.9022626636416 1
72 700 37.4256141416409 1
72 1000 35.3087517750612 1
73 0 115.676932396079 1
73 200 85.1489244656281 1
73 400 67.7574219271884 1
73 500 61.3111903491891 1
73 700 42.6832901909949 1
73 1000 55.7977963143732 1
74 0 92.2416373952321 1
74 200 67.6280147502046 1
74 400 57.4239419005553 1
74 500 38.9675900878178 1
74 700 35.6145885732208 1
74 1000 29.562181425461 1
75 0 98.52868406479 1
75 200 84.790689726131 1
75 400 64.8196190298977 1
75 500 57.3471551339768 1
75 700 40.1011683639684 1
75 1000 45.76314395944 1
76 0 108.518269369474 1
76 200 85.0284205771742 1
76 400 62.9142598486859 1
76 500 48.845684818182 1
76 700 50.1546986312841 1
76 1000 38.5140814803072 1
77 0 101.337149979929 1
77 200 87.871955950859 1
77 400 59.4657956479963 1
77 500 60.3362209556334 1
77 700 46.007296838072 1
77 1000 39.1861858377276 1
78 0 94.0839903646557 1
78 200 68.5005503980544 1
78 400 55.1738326597773 1
78 500 41.4114897619328 1
78 700 41.9512511972654 1
78 1000 31.1779200478137 1
79 0 101.82489522801 1
79 200 78.735545376117 1
79 400 56.6818828704928 1
79 500 39.744261571098 1
79 700 45.0184070568523 1
79 1000 26.7810879570515 1
80 0 104.896390337026 1
80 200 67.2013675402742 1
80 400 36.7323597027633 1
80 500 36.3684093060971 1
80 700 32.3459792955069 1
80 1000 25.8308516245042 1
81 0 93.7658036148769 1
81 200 87.8576786886713 1
81 400 73.518924592527 1
81 500 58.4806720825695 1
81 700 65.0514796929553 1
81 1000 40.6260094538744 1
82 0 115.595057423485 1
82 200 62.8874070855916 1
82 400 51.8510179108586 1
82 500 44.1081396512206 1
82 700 33.869215660544 1
82 1000 33.6490455739764 1
83 0 115.934871605084 1
83 200 76.3927159816608 1
83 400 51.0807805729206 1
83 500 41.0879093510152 1
83 700 36.7348042561406 1
83 1000 37.8998120684786 1
84 0 99.200055796869 1
84 200 65.3263848953829 1
84 400 53.4841036032188 1
84 500 39.4186693801829 1
84 700 30.9916711032169 1
84 1000 21.1031769125845 1
85 0 90.4421301577512 1
85 200 78.3408544163586 1
85 400 66.6756804887238 1
85 500 55.8157065072259 1
85 700 36.1995508709064 1
85 1000 34.9260868698247 1
86 0 110.0852815924 1
86 200 84.2783546000031 1
86 400 68.6696807676041 1
86 500 48.7011823911831 1
86 700 48.5894916899847 1
86 1000 45.2232293237536 1
87 0 94.6712673674141 1
87 200 74.9970556319058 1
87 400 48.4300111769062 1
87 500 45.0189998250378 1
87 700 32.6313939970155 1
87 1000 37.3862741927331 1
88 0 81.0175948791557 1
88 200 61.6000471415318 1
88 400 43.0301941170573 1
88 500 36.8258833474171 1
88 700 23.8825479836087 1
88 1000 36.0774568242292 1
89 0 107.687331377711 1
89 200 96.3093790313774 1
89 400 74.0991917189348 1
89 500 73.0232855194389 1
89 700 61.7538259784988 1
89 1000 38.8213862340903 1
90 0 78.6541235647724 1
90 200 57.8322776119249 1
90 400 50.3248964127098 1
90 500 49.1775560331602 1
90 700 38.8965524929455 1
90 1000 31.8766531878624 1
91 0 119.467448435058 1
91 200 96.4917308229765 1
91 400 77.602115655195 1
91 500 67.9749989706327 1
91 700 54.5276706587747 1
91 1000 45.3594505579579 1
92 0 108.350732755357 1
92 200 85.4458903670246 1
92 400 65.9383728195471 1
92 500 59.0731607644935 1
92 700 42.886102648492 1
92 1000 51.6775868199347 1
93 0 109.913002147662 1
93 200 82.4105551955974 1
93 400 49.9189957107457 1
93 500 51.2367823085491 1
93 700 45.4975861958222 1
93 1000 32.5352015399666 1
94 0 96.1982106099763 1
94 200 73.1887072306458 1
94 400 54.7783908281041 1
94 500 51.0877639454128 1
94 700 34.0571441991226 1
94 1000 19.3706141538587 1
95 0 91.8125826876833 1
95 200 55.2342585669572 1
95 400 32.1650337259101 1
95 500 28.5766261378504 1
95 700 29.8454792050088 1
95 1000 29.1029476196358 1
96 0 101.458616366527 1
96 200 75.8307520977627 1
96 400 52.2187422857304 1
96 500 46.6903967404229 1
96 700 41.7953380048737 1
96 1000 33.3720199143683 1
97 0 118.39445173437 1
97 200 60.3379625394219 1
97 400 52.4516297296668 1
97 500 39.1978047383204 1
97 700 42.1100772848458 1
97 1000 34.0577600079672 1
98 0 97.0602301086102 1
98 200 58.2750285475822 1
98 400 46.8381137245086 1
98 500 37.9877878318999 1
98 700 26.2698449576581 1
98 1000 28.3068393632709 1
99 0 104.299727152244 1
99 200 71.623324696139 1
99 400 57.2219833638201 1
99 500 53.5293036098949 1
99 700 35.2549762659721 1
99 1000 30.8355260279407 1
100 0 109.563456744641 1
100 200 92.464545841903 1
100 400 58.5976689970171 1
100 500 61.9332957375054 1
100 700 39.5550740782801 1
100 1000 29.0119076022404 1
