id dose eff group
1 0 113.385581666678 0
1 200 93.4751755855723 0
1 400 86.2663504758412 0
1 500 82.1189956914802 0
1 700 72.1390152738116 0
1 1000 50.250446979291 0
2 0 112.869213767777 0
2 200 86.2774995683829 0
2 400 71.2343548629521 0
2 500 68.0693135003966 0
2 700 50.5059882374205 0
2 1000 31.7839681917032 0
3 0 102.686738693776 0
3 200 79.9126825104173 0
3 400 89.714524769159 0
3 500 75.5601667880049 0
3 700 65.2283203359917 0
3 1000 56.1207376613502 0
4 0 106.680397724735 0
4 200 108.096722938056 0
4 400 81.085727423064 0
4 500 82.2713054762644 0
4 700 66.9758008168922 0
4 1000 56.4114785801152 0
5 0 112.885916630187 0
5 200 84.2634747992517 0
5 400 61.6129311694133 0
5 500 45.5143903336003 0
5 700 41.8928499960128 0
5 1000 35.7537644715556 0
6 0 119.359077476092 0
6 200 100.726712394254 0
6 400 74.139481566302 0
6 500 68.4082193494647 0
6 700 51.7311450853773 0
6 1000 43.9637922746138 0
7 0 100.722539697782 0
7 200 96.2473675852646 0
7 400 77.796078135682 0
7 500 78.2277663360893 0
7 700 59.6299717383226 0
7 1000 48.8781904978417 0
8 0 94.2267245872231 0
8 200 84.1458560739069 0
8 400 69.4598467231982 0
8 500 65.5748850216776 0
8 700 58.4917877353778 0
8 1000 46.6332802401143 0
9 0 96.9287723253736 0
9 200 80.4258469144475 0
9 400 58.8076199325767 0
9 500 51.2685093306466 0
9 700 46.7798222637604 0
9 1000 45.5704354722321 0
10 0 100.376562280131 0
10 200 109.604806095618 0
10 400 83.4599406687555 0
10 500 71.558632144833 0
10 700 61.067681278512 0
10 1000 54.4820265370093 0
11 0 93.2244465354779 0
11 200 88.7382591319059 0
11 400 61.5998164705265 0
11 500 69.9207697502999 0
11 700 49.1755340493302 0
11 1000 47.3470583013839 0
12 0 114.96073018762 0
12 200 81.8842649839872 0
12 400 46.0809078592406 0
12 500 41.4434363525289 0
12 700 36.8388167987909 0
12 1000 34.3059336436316 0
13 0 101.59763102317 0
13 200 89.2961151979526 0
13 400 55.5773752758337 0
13 500 65.9984104467796 0
13 700 41.6046200474892 0
13 1000 36.7847360148366 0
14 0 116.728896070896 0
14 200 114.500845425253 0
14 400 76.8883979231395 0
14 500 71.542639027817 0
14 700 70.9588889916719 0
14 1000 50.081762929901 0
15 0 94.475829803354 0
15 200 79.4490499596121 0
15 400 61.1057161918637 0
15 500 56.1115322407666 0
15 700 48.2156375670311 0
15 1000 35.6708680545139 0
16 0 94.8128461211363 0
16 200 90.2682582122093 0
16 400 74.1134186620876 0
16 500 67.7831077575443 0
16 700 58.4979308980985 0
16 1000 46.4848733033774 0
17 0 96.2324189272442 0
17 200 84.0365180378527 0
17 400 77.1971838577659 0
17 500 59.184137690078 0
17 700 51.3999015735585 0
17 1000 41.5273607123301 0
18 0 103.412630686856 0
18 200 105.778824574876 0
18 400 77.8172142582959 0
18 500 65.5352638779247 0
18 700 55.0875753461508 0
18 1000 50.9122338173795 0
19 0 111.235745123054 0
19 200 105.190489591518 0
19 400 95.4943855596982 0
19 500 92.7263696538339 0
19 700 80.5335611373304 0
19 1000 76.893216400569 0
20 0 92.9337869774181 0
20 200 71.4366050637059 0
20 400 61.3689848015104 0
20 500 51.0580890394669 0
20 700 37.5102346450152 0
20 1000 42.4159144045545 0
21 0 103.944846417867 0
21 200 104.722926522205 0
21 400 76.4975578091684 0
21 500 87.255463024785 0
21 700 68.5518306655159 0
21 1000 51.5401575412295 0
22 0 87.8551444825079 0
22 200 72.0682810778829 0
22 400 61.7276523006762 0
22 500 60.6656041937181 0
22 700 57.497335939713 0
22 1000 53.0420002813462 0
23 0 104.02344382641 0
23 200 105.420616824892 0
23 400 90.0063103510868 0
23 500 87.4305569202538 0
23 700 72.7602544380069 0
23 1000 54.6352852305679 0
24 0 83.9210406814581 0
24 200 89.4176533815553 0
24 400 80.1091890537014 0
24 500 72.2544187656678 0
24 700 60.2132470418361 0
24 1000 40.1685573436074 0
25 0 113.848213196676 0
25 200 78.1067833174309 0
25 400 42.1987012261194 0
25 500 46.3290350769841 0
25 700 37.062302275351 0
25 1000 35.0964072741009 0
26 0 101.375311457935 0
26 200 85.5140651721985 0
26 400 67.4530206891375 0
26 500 57.1830249994772 0
26 700 53.0199565784012 0
26 1000 48.3442929295955 0
27 0 89.2879669318314 0
27 200 81.796381822923 0
27 400 67.483360354979 0
27 500 58.5080679978321 0
27 700 56.2814599163838 0
27 1000 45.0993642635823 0
28 0 114.055212503988 0
28 200 104.139463729317 0
28 400 90.7096665028145 0
28 500 84.0685497912105 0
28 700 76.3029726985779 0
28 1000 58.4981960191194 0
29 0 91.0748893813184 0
29 200 85.1939887493551 0
29 400 57.0645958218092 0
29 500 51.1852131703455 0
29 700 41.8776716418107 0
29 1000 40.4718622900882 0
30 0 89.3759709973902 0
30 200 97.9122390465171 0
30 400 77.0061873304322 0
30 500 70.1998772539793 0
30 700 56.3961609392519 0
30 1000 38.9063171982214 0
31 0 98.5512616953862 0
31 200 101.680503751921 0
31 400 77.5405850015533 0
31 500 66.0087112717936 0
31 700 59.1483315872772 0
31 1000 51.1980926381384 0
32 0 105.223954877639 0
32 200 86.7439577603469 0
32 400 67.9248091196737 0
32 500 75.3686665030397 0
32 700 53.1406999347554 0
32 1000 40.4878501711252 0
33 0 90.5274478336315 0
33 200 85.3030898836917 0
33 400 66.4932420424004 0
33 500 59.8460458716708 0
33 700 51.9861374698911 0
33 1000 48.1078389319008 0
34 0 108.188710784136 0
34 200 101.695090644355 0
34 400 67.9582319277703 0
34 500 64.1092363374596 0
34 700 50.4525252759565 0
34 1000 48.7117547851848 0
35 0 98.530000572744 0
35 200 93.2579612443176 0
35 400 70.8859485198287 0
35 500 65.9396297512501 0
35 700 53.6411387074873 0
35 1000 40.6523335548957 0
36 0 106.860553293239 0
36 200 96.3535311779664 0
36 400 80.0331611161458 0
36 500 74.6462888533497 0
36 700 66.2238096472208 0
36 1000 62.9481595105853 0
37 0 109.727100732554 0
37 200 103.413111742404 0
37 400 85.2042667808383 0
37 500 85.147105821487 0
37 700 71.5313124373752 0
37 1000 53.5519070251382 0
38 0 100.663045835684 0
38 200 85.525299450723 0
38 400 76.7773171334125 0
38 500 55.7902254685591 0
38 700 51.1275391218065 0
38 1000 42.2694850286138 0
39 0 115.109321588388 0
39 200 100.3137841971 0
39 400 65.1526079325682 0
39 500 59.8950624361601 0
39 700 58.1256907612236 0
39 1000 33.3736630785369 0
40 0 95.2843588897839 0
40 200 71.9196193494933 0
40 400 66.8970325939094 0
40 500 68.8479338199645 0
40 700 54.8991710136101 0
40 1000 41.9012151967384 0
41 0 92.5777980556797 0
41 200 74.7382552728404 0
41 400 52.3990467861992 0
41 500 51.9727169206201 0
41 700 44.9099548755423 0
41 1000 30.0424176228062 0
42 0 100.85240685589 0
42 200 111.945004518885 0
42 400 86.5257464693577 0
42 500 76.7977502341783 0
42 700 76.3739998492702 0
42 1000 73.0239262776568 0
43 0 72.1930213943767 0
43 200 70.1263193105477 0
43 400 48.1757233151117 0
43 500 46.4340481933312 0
43 700 44.3604440240697 0
43 1000 26.4047160013455 0
44 0 81.7437313078255 0
44 200 74.2862151666371 0
44 400 65.8917327257845 0
44 500 57.4136164026348 0
44 700 43.8074949414903 0
44 1000 43.2893415143856 0
45 0 97.61525906546 0
45 200 92.6195945531598 0
45 400 64.9499276708427 0
45 500 56.1690251389593 0
45 700 39.728068241899 0
45 1000 35.6803831809813 0
46 0 100.833882544014 0
46 200 78.0260854690011 0
46 400 58.9918291748913 0
46 500 50.620991917535 0
46 700 56.351695930593 0
46 1000 44.9388326331023 0
47 0 101.593849758465 0
47 200 93.4625599401975 0
47 400 75.5011502318511 0
47 500 65.496486180273 0
47 700 61.0101814472663 0
47 1000 35.3457711303778 0
48 0 105.134213023202 0
48 200 96.9606762963406 0
48 400 73.8918729828109 0
48 500 67.1355671213076 0
48 700 74.0015447499771 0
48 1000 55.0520845962029 0
49 0 107.599557785491 0
49 200 100.008980671363 0
49 400 82.7223389342879 0
49 500 74.4960130412625 0
49 700 59.2510483701452 0
49 1000 41.9345765980084 0
50 0 94.1288498462592 0
50 200 83.8844982872382 0
50 400 63.3045337307084 0
50 500 58.6603948001475 0
50 700 39.7782641934859 0
50 1000 38.2861305808791 0
51 0 91.3238550895651 1
51 200 69.1112017309846 1
51 400 52.8755515392233 1
51 500 37.5299956147142 1
51 700 33.9500941589573 1
51 1000 34.0898134667444 1
52 0 113.062069969787 1
52 200 103.303278261696 1
52 400 97.6131850346847 1
52 500 86.787904761842 1
52 700 74.0164319471343 1
52 1000 57.2971362222542 1
53 0 112.385404614568 1
53 200 77.6403940523994 1
53 400 56.3349557595433 1
53 500 51.5910444411792 1
53 700 49.5379195617746 1
53 1000 50.0923957501407 1
54 0 90.7585278193737 1
54 200 83.96853282118 1
54 400 82.0528675847765 1
54 500 68.7018636302728 1
54 700 45.4103742101793 1
54 1000 38.7467932119336 1
55 0 96.7282059275908 1
55 200 94.1719622931146 1
55 400 77.4987342278519 1
55 500 71.8145595110819 1
55 700 64.7469264341532 1
55 1000 49.3919122722461 1
56 0 123.63585018275 1
56 200 87.7398192940648 1
56 400 63.1368134802471 1
56 500 41.252308528425 1
56 700 43.1239207199272 1
56 1000 42.5557181914636 1
57 0 76.2086944602293 1
57 200 53.29082010099 1
57 400 33.8344021760105 1
57 500 29.9164304750645 1
57 700 27.7373709804452 1
57 1000 29.6994864534986 1
58 0 109.269429885156 1
58 200 103.077385110367 1
58 400 76.7949132667673 1
58 500 65.006067002441 1
58 700 53.4465462030238 1
58 1000 45.2754868628406 1
59 0 88.5014957509758 1
59 200 74.7112032749868 1
59 400 55.680319088156 1
59 500 55.8315540943341 1
59 700 44.2150482035102 1
59 1000 34.1958017419008 1
60 0 98.2418255736212 1
60 200 77.2645906058215 1
60 400 67.9483171843116 1
60 500 66.4791600314386 1
60 700 50.9316603869418 1
60 1000 50.9252683561393 1
61 0 85.5597372705354 1
61 200 86.621136236198 1
61 400 61.1167991938244 1
61 500 58.6173521097747 1
61 700 44.1366616885462 1
61 1000 41.4076899235665 1
62 0 85.6559989419803 1
62 200 79.1026199391016 1
62 400 63.4806246555308 1
62 500 60.2133198552051 1
62 700 45.0106670887893 1
62 1000 31.208357376619 1
63 0 111.086922841998 1
63 200 83.2702985332973 1
63 400 55.5796318014706 1
63 500 45.5665609586286 1
63 700 39.0896754898227 1
63 1000 31.6629660373622 1
64 0 94.62392876652 1
64 200 78.3752609332971 1
64 400 57.0595616074979 1
64 500 51.2705139131092 1
64 700 35.7639194625581 1
64 1000 31.7863819686417 1
65 0 101.76250924915 1
65 200 65.3657469502228 1
65 400 48.3574908961911 1
65 500 39.6988381937562 1
65 700 34.3648579002144 1
65 1000 28.9219452819348 1
66 0 98.2444075104368 1
66 200 98.2919175316821 1
66 400 83.2436672128848 1
66 500 74.9624810417663 1
66 700 64.1869793022385 1
66 1000 51.57892713022 1
67 0 127.008000112334 1
67 200 91.7398366525087 1
67 400 56.243668239145 1
67 500 48.0245750810806 1
67 700 43.8744953089092 1
67 1000 38.6452308530223 1
68 0 99.6529415289975 1
68 200 87.3478005232988 1
68 400 60.5088715609499 1
68 500 53.5020751030449 1
68 700 45.5249598446608 1
68 1000 33.625169930053 1
69 0 110.219163271742 1
69 200 81.6284681657353 1
69 400 53.9990549140279 1
69 500 38.8225696362875 1
69 700 37.2968995866494 1
69 1000 35.9724931833339 1
70 0 98.6265639132612 1
70 200 46.9001882798104 1
70 400 33.5385542110015 1
70 500 37.5833019350196 1
70 700 38.7051382261584 1
70 1000 28.0343226308548 1
71 0 100.444879011401 1
71 200 79.4624008377162 1
71 400 60.5903705301855 1
71 500 52.9363560815018 1
71 700 44.6314479493095 1
71 1000 33.8761302886411 1
72 0 89.846753349565 1
72 200 77.9334093777373 1
72 400 50.2456444894942 1
72 500 51.993106484536 1
72 700 44.1603912996103 1
72 1000 35.4815116204885 1
73 0 93.1230513492124 1
73 200 65.4301767145979 1
73 400 53.9808740942632 1
73 500 40.1836632429241 1
73 700 37.634997587673 1
73 1000 29.1587758144146 1
74 0 107.391051861767 1
74 200 72.756821827082 1
74 400 58.9819555663864 1
74 500 50.2032458474696 1
74 700 32.8552933553525 1
74 1000 29.6398943425667 1
75 0 105.520459014809 1
75 200 80.9207037803162 1
75 400 62.4795087029425 1
75 500 52.9855250615057 1
75 700 40.4059770413134 1
75 1000 30.9338069078383 1
76 0 92.6738591612739 1
76 200 76.0906387667846 1
76 400 51.0412975717623 1
76 500 42.909322284443 1
76 700 39.076308508535 1
76 1000 34.4755799321965 1
77 0 104.742306569191 1
77 200 60.4335270198492 1
77 400 43.7520803362818 1
77 500 44.4316209949145 1
77 700 35.5877325547599 1
77 1000 25.5108855292346 1
78 0 83.0400957091984 1
78 200 63.5940913162145 1
78 400 36.4878959414148 1
78 500 37.8816667847294 1
78 700 32.3636854784634 1
78 1000 32.3133561332271 1
79 0 90.3738978940745 1
79 200 80.2773582538634 1
79 400 55.1689845628559 1
79 500 57.4556486031608 1
79 700 47.5456273883935 1
79 1000 38.3521460203008 1
80 0 83.838880664422 1
80 200 74.3918754389199 1
80 400 38.7887819683441 1
80 500 47.7009063569622 1
80 700 38.9491517149449 1
80 1000 33.6440158082133 1
81 0 95.8535073194857 1
81 200 74.15561805266 1
81 400 45.5209897804814 1
81 500 41.3764659162831 1
81 700 37.0477623167646 1
81 1000 36.9025144342755 1
82 0 109.373312493131 1
82 200 75.9276716541782 1
82 400 49.9533531400025 1
82 500 34.9876079824736 1
82 700 37.2441182683013 1
82 1000 39.907377713945 1
83 0 100.768585061772 1
83 200 92.3580872409508 1
83 400 59.2598448047186 1
83 500 55.5469453133545 1
83 700 48.5848763930504 1
83 1000 35.4491530093321 1
84 0 90.8133849473864 1
84 200 72.4694396059862 1
84 400 52.8101795916305 1
84 500 46.2261211413993 1
84 700 38.8590387839283 1
84 1000 34.0864432949907 1
85 0 116.410540911869 1
85 200 96.0195423154731 1
85 400 72.7538518856932 1
85 500 62.6835497494605 1
85 700 57.3619229662898 1
85 1000 42.146874915944 1
86 0 92.8557645504799 1
86 200 74.5087508373799 1
86 400 54.9374656991575 1
86 500 50.8094921414232 1
86 700 32.3565437628782 1
86 1000 29.8733179454662 1
87 0 104.765051156734 1
87 200 66.6347647789856 1
87 400 51.1461851837413 1
87 500 44.6690053969547 1
87 700 36.8425561477656 1
87 1000 30.8836542331438 1
88 0 88.4238943895826 1
88 200 70.0928209154733 1
88 400 46.9028380744329 1
88 500 35.007325437762 1
88 700 30.6937453217028 1
88 1000 29.8378562693771 1
89 0 84.8016099712548 1
89 200 58.3352495927949 1
89 400 34.0862064233124 1
89 500 31.5092173717651 1
89 700 28.1328037746958 1
89 1000 33.1571385151475 1
90 0 102.552290596796 1
90 200 96.8690253011296 1
90 400 79.4789553953383 1
90 500 61.1927778731185 1
90 700 53.6382695120969 1
90 1000 32.7490325446341 1
91 0 101.066524991782 1
91 200 87.1928170027472 1
91 400 57.6705659256332 1
91 500 62.397897066348 1
91 700 46.8890810238334 1
91 1000 45.7788655663353 1
92 0 107.683562087538 1
92 200 99.0808328614449 1
92 400 63.5427525862738 1
92 500 53.5336387414757 1
92 700 52.8485005415297 1
92 1000 36.5401536796585 1
93 0 106.235465452492 1
93 200 66.0157718233806 1
93 400 41.2433320249493 1
93 500 41.8740602097135 1
93 700 42.0329186483322 1
93 1000 37.368783450204 1
94 0 101.743967991315 1
94 200 89.9029858058084 1
94 400 63.3164600302796 1
94 500 43.7663099962676 1
94 700 38.702325113575 1
94 1000 31.4906216110401 1
95 0 95.581489711782 1
95 200 76.069596060284 1
95 400 57.921405107038 1
95 500 42.5516511069856 1
95 700 46.01977705756 1
95 1000 36.4216251386406 1
96 0 106.928008782414 1
96 200 76.4313301076488 1
96 400 46.963303011841 1
96 500 46.9722865070796 1
96 700 33.9473179950454 1
96 1000 38.1445414937517 1
97 0 81.7533071656994 1
97 200 62.1551123305512 1
97 400 38.8882864904038 1
97 500 34.9300530160793 1
97 700 31.6086882662121 1
97 1000 26.9016033748177 1
98 0 100.705001002632 1
98 200 78.7945991865886 1
98 400 51.8451226399717 1
98 500 50.5191486193883 1
98 700 32.3608725958244 1
98 1000 41.6558217611293 1
99 0 101.173342529439 1
99 200 84.7765550958495 1
99 400 57.7406943177868 1
99 500 45.946710243548 1
99 700 44.8936748282805 1
99 1000 32.8258294268092 1
100 0 86.9098741570123 1
100 200 55.2412566751382 1
100 400 25.2681616993212 1
100 500 22.0655500596181 1
100 700 28.2031639370057 1
100 1000 20.7232356346773 1
