id dose eff group
1 0 109.681116810179 0
1 200 112.652304429167 0
1 400 73.9406438858669 0
1 500 75.4455344759181 0
1 700 55.6557506472352 0
1 1000 43.877495130503 0
2 0 103.989814677841 0
2 200 88.4270708012218 0
2 400 70.4605091938614 0
2 500 67.0458408684565 0
2 700 59.3640779901566 0
2 1000 46.0409999210526 0
3 0 86.4987532530307 0
3 200 86.0938949756403 0
3 400 80.3285600719323 0
3 500 78.970407046696 0
3 700 61.1329158997291 0
3 1000 57.478248289263 0
4 0 91.0559190103401 0
4 200 83.8656037420957 0
4 400 81.4095991301755 0
4 500 71.3062059856975 0
4 700 57.6304002472649 0
4 1000 36.568715669633 0
5 0 84.6851822945656 0
5 200 76.6396275013563 0
5 400 65.4170657800566 0
5 500 53.1261875468136 0
5 700 45.1845070736777 0
5 1000 36.3813457016654 0
6 0 102.217525574668 0
6 200 85.1262612136828 0
6 400 73.8840917117094 0
6 500 68.3906058591569 0
6 700 50.2016813843574 0
6 1000 38.0308965702321 0
7 0 89.3431874967901 0
7 200 84.1464204943734 0
7 400 72.0412878148264 0
7 500 70.8241419068032 0
7 700 56.915349919054 0
7 1000 51.619789768616 0
8 0 98.9398112903331 0
8 200 88.346725156549 0
8 400 76.2130393910637 0
8 500 72.2776826293419 0
8 700 50.1792363233276 0
8 1000 39.6926058130767 0
9 0 99.2097002692541 0
9 200 81.5589795672147 0
9 400 74.0240334819353 0
9 500 58.2031336349907 0
9 700 47.9331345841255 0
9 1000 34.6643050276801 0
10 0 97.9242426018488 0
10 200 81.8138568418911 0
10 400 62.9624444963458 0
10 500 50.6628877957922 0
10 700 50.0384234233172 0
10 1000 43.8965640090073 0
11 0 100.906542395281 0
11 200 96.137501279036 0
11 400 71.5285440554284 0
11 500 67.5964992440868 0
11 700 59.9765416915745 0
11 1000 46.3235953889638 0
12 0 90.8730093495214 0
12 200 90.7434097922809 0
12 400 82.1292867215293 0
12 500 84.0868835473001 0
12 700 75.5015297543644 0
12 1000 70.857429977618 0
13 0 93.0571951729978 0
13 200 82.0302632683855 0
13 400 70.0430857693707 0
13 500 52.1394559363031 0
13 700 44.1185202270795 0
13 1000 37.2638421848595 0
14 0 115.432992653137 0
14 200 94.4075848330876 0
14 400 81.9572370420924 0
14 500 66.6664911719459 0
14 700 56.1805493558271 0
14 1000 42.3420789285679 0
15 0 93.0488235801374 0
15 200 70.9088597878423 0
15 400 57.9645470552763 0
15 500 54.4858489628096 0
15 700 46.428117805214 0
15 1000 38.7722237350163 0
16 0 91.3314080356303 0
16 200 88.2787342982186 0
16 400 73.1262169779237 0
16 500 60.4202861594954 0
16 700 55.1099122667888 0
16 1000 38.8417549977459 0
17 0 89.1564938018746 0
17 200 92.0742897127953 0
17 400 76.6709645223268 0
17 500 67.4368026112257 0
17 700 49.7295261225992 0
17 1000 46.3572799340108 0
18 0 103.317000620045 0
18 200 97.3260855023414 0
18 400 85.3365251709255 0
18 500 79.7164385569355 0
18 700 63.5448754954162 0
18 1000 47.9129833476701 0
19 0 91.6162997948344 0
19 200 78.6138039072878 0
19 400 69.1045127555671 0
19 500 68.5338372356343 0
19 700 66.2167818418982 0
19 1000 50.2065991125308 0
20 0 107.153135433334 0
20 200 104.707183309746 0
20 400 87.113622230577 0
20 500 76.8905970900093 0
20 700 62.4544846817496 0
20 1000 47.4471169167283 0
21 0 100.150930505943 0
21 200 100.791193295694 0
21 400 75.1974697915214 0
21 500 76.1984786790128 0
21 700 56.8384534092357 0
21 1000 53.4442115596521 0
22 0 95.4120298013543 0
22 200 77.4807044235722 0
22 400 40.4951943872893 0
22 500 48.4043314288917 0
22 700 38.4273239249467 0
22 1000 36.1896339014307 0
23 0 105.034202052929 0
23 200 91.956724986017 0
23 400 74.2134961791918 0
23 500 68.7762597425212 0
23 700 70.1430501105557 0
23 1000 54.9141245778928 0
24 0 94.6229078850885 0
24 200 79.7069732101936 0
24 400 70.9671712541761 0
24 500 63.8685110459462 0
24 700 47.0855317435362 0
24 1000 42.6540416909908 0
25 0 96.6154604698889 0
25 200 95.5297560690612 0
25 400 79.6371107895659 0
25 500 62.1926792773489 0
25 700 68.7235073821325 0
25 1000 50.5068010944868 0
26 0 102.054287725449 0
26 200 82.7785510641281 0
26 400 71.3620264772945 0
26 500 69.6724156412651 0
26 700 48.9796010669845 0
26 1000 49.9719396764008 0
27 0 107.981388932191 0
27 200 77.7720256964014 0
27 400 68.0575384471202 0
27 500 62.6234101627585 0
27 700 46.8780332174311 0
27 1000 45.7834097610492 0
28 0 88.9452850187314 0
28 200 80.7832461391802 0
28 400 58.552361693136 0
28 500 67.5692773435917 0
28 700 53.5752738338708 0
28 1000 39.9673081106436 0
29 0 102.447443515166 0
29 200 79.0999609445779 0
29 400 46.5626398922524 0
29 500 46.1468425804918 0
29 700 47.5171039719293 0
29 1000 33.121929514716 0
30 0 98.7704382767485 0
30 200 89.4234229999614 0
30 400 88.5095451937634 0
30 500 76.6693961716629 0
30 700 65.8949544058766 0
30 1000 49.8526219186274 0
31 0 85.8495825921336 0
31 200 89.9912050682796 0
31 400 79.1031462446348 0
31 500 78.4082950244641 0
31 700 53.3779945498208 0
31 1000 53.948622556198 0
32 0 115.139006965873 0
32 200 108.617581897464 0
32 400 69.1310840212963 0
32 500 67.4874029783009 0
32 700 56.7416055079014 0
32 1000 51.6010457963949 0
33 0 98.4714040194795 0
33 200 88.1268267288726 0
33 400 78.4823667036132 0
33 500 83.9748638895439 0
33 700 74.7324303347576 0
33 1000 61.688755359963 0
34 0 95.4073839260917 0
34 200 79.7444176932772 0
34 400 60.7853748448184 0
34 500 47.1883183360751 0
34 700 52.4795607807245 0
34 1000 37.9866648664779 0
35 0 91.262902331261 0
35 200 84.6712161422745 0
35 400 69.6040072999177 0
35 500 70.9315400999486 0
35 700 53.0299925167457 0
35 1000 45.049543358881 0
36 0 98.4892904876297 0
36 200 73.3368799122267 0
36 400 55.472233021584 0
36 500 53.110523223898 0
36 700 40.4462171629973 0
36 1000 39.6413539463776 0
37 0 98.7420292421232 0
37 200 81.0399277354704 0
37 400 62.7567862592926 0
37 500 55.5384683752844 0
37 700 47.2968510247696 0
37 1000 35.4017971685559 0
38 0 101.474001975758 0
38 200 86.8435370653254 0
38 400 65.157694558538 0
38 500 70.8883845744452 0
38 700 52.1227988424428 0
38 1000 42.8452526354269 0
39 0 101.889100527912 0
39 200 95.8349369121019 0
39 400 86.3299118946083 0
39 500 81.2173231679386 0
39 700 72.7929184156468 0
39 1000 47.95344492997 0
40 0 99.7020037002214 0
40 200 84.908281502854 0
40 400 66.3272685683428 0
40 500 49.2867773722529 0
40 700 41.1856464449168 0
40 1000 26.3461403505254 0
41 0 99.0496530705115 0
41 200 93.0698089823896 0
41 400 73.6149472025414 0
41 500 61.3827128850755 0
41 700 47.8711561475284 0
41 1000 45.8011972351024 0
42 0 103.183807574801 0
42 200 104.006143973786 0
42 400 93.2732571252223 0
42 500 80.0804770599637 0
42 700 70.7820987970976 0
42 1000 49.7492927721587 0
43 0 105.419410607275 0
43 200 100.642384070161 0
43 400 89.5688662176208 0
43 500 73.0561384177846 0
43 700 61.2886721603989 0
43 1000 57.7648980630849 0
44 0 114.249941721998 0
44 200 103.453396610734 0
44 400 81.8465126068851 0
44 500 77.0747515719693 0
44 700 62.1586924156809 0
44 1000 39.734281725743 0
45 0 102.288782650494 0
45 200 94.2807256245225 0
45 400 58.0535249683155 0
45 500 54.8381041359231 0
45 700 44.474579346819 0
45 1000 38.0915712431439 0
46 0 124.534479072779 0
46 200 107.132195457842 0
46 400 101.870431336114 0
46 500 100.70541982739 0
46 700 83.8449759166354 0
46 1000 69.1761946244561 0
47 0 84.0644003324851 0
47 200 83.4605061172958 0
47 400 77.7635817618111 0
47 500 68.6037361231654 0
47 700 47.0274037885191 0
47 1000 30.7831758825533 0
48 0 87.2017323731195 0
48 200 77.1096884455156 0
48 400 56.652241479354 0
48 500 62.5568973666485 0
48 700 41.7606880861773 0
48 1000 39.0996083444042 0
49 0 91.6080449811348 0
49 200 91.9699386572184 0
49 400 78.2397756199097 0
49 500 71.707379962031 0
49 700 52.658941827258 0
49 1000 47.9064112784012 0
50 0 104.973306440802 0
50 200 93.8673433388793 0
50 400 78.4197336139261 0
50 500 60.7485276950692 0
50 700 70.0231622876137 0
50 1000 58.9848018358318 0
51 0 92.0488590618379 1
51 200 45.3976407465334 1
51 400 28.0796440940917 1
51 500 21.1395347231788 1
51 700 27.6441577047891 1
51 1000 28.3210423058829 1
52 0 102.053367070739 1
52 200 66.5641821508419 1
52 400 50.1306642203032 1
52 500 41.4539273749118 1
52 700 34.9312137699547 1
52 1000 35.6563852987927 1
53 0 95.8743122558642 1
53 200 66.906291162604 1
53 400 41.4649712328125 1
53 500 36.8656561436133 1
53 700 33.5650767833242 1
53 1000 34.3648115586576 1
54 0 90.3437679859889 1
54 200 62.4972522511238 1
54 400 52.8289283337815 1
54 500 44.6451299937304 1
54 700 27.25546968546 1
54 1000 26.3800736471453 1
55 0 97.7232170288788 1
55 200 83.0601764123734 1
55 400 55.9598734383963 1
55 500 52.1684295999475 1
55 700 35.2338410005467 1
55 1000 39.771525710127 1
56 0 106.997849151329 1
56 200 79.9029559641753 1
56 400 65.8856382543785 1
56 500 47.5679885512513 1
56 700 44.3482316749861 1
56 1000 46.092869879763 1
57 0 81.7505177032223 1
57 200 59.2861720481469 1
57 400 45.1844354154154 1
57 500 41.1529478113251 1
57 700 25.7000176527902 1
57 1000 42.1971311361493 1
58 0 86.1659148181635 1
58 200 67.824500806546 1
58 400 48.8274531780922 1
58 500 38.5309617651101 1
58 700 43.4261103894728 1
58 1000 26.1056737362415 1
59 0 103.395723596497 1
59 200 81.9785928559234 1
59 400 56.1949633422508 1
59 500 48.4159058321372 1
59 700 39.0754765977141 1
59 1000 32.1407640221301 1
60 0 102.386803756519 1
60 200 98.8176458670558 1
60 400 78.6598737535503 1
60 500 76.4020462529862 1
60 700 65.8383890802508 1
60 1000 47.9946747317177 1
61 0 98.2717997848216 1
61 200 63.4262125203533 1
61 400 46.1088003113293 1
61 500 44.3113750232644 1
61 700 37.5861595367223 1
61 1000 33.6149633607819 1
62 0 102.033496001667 1
62 200 78.9513341259111 1
62 400 58.6716556166625 1
62 500 51.1855623921501 1
62 700 45.8055558773693 1
62 1000 24.4035570374689 1
63 0 98.8492349568829 1
63 200 77.03664524034 1
63 400 53.8176790741033 1
63 500 56.3881178650967 1
63 700 46.8960201326847 1
63 1000 26.955526139946 1
64 0 102.943334353509 1
64 200 58.4901951558856 1
64 400 40.9106331176897 1
64 500 34.4425399843549 1
64 700 24.0705937962092 1
64 1000 29.2484408779768 1
65 0 126.410411477701 1
65 200 111.785490950092 1
65 400 75.0346871767996 1
65 500 68.5878780374479 1
65 700 61.4964344957615 1
65 1000 41.2059793841311 1
66 0 103.595164113519 1
66 200 81.3847247939488 1
66 400 56.6908295256876 1
66 500 52.0168124423317 1
66 700 44.4649435140253 1
66 1000 46.8628278077796 1
67 0 83.2633154074666 1
67 200 73.7121869949033 1
67 400 42.9751610318276 1
67 500 44.3048747048285 1
67 700 37.5265570177878 1
67 1000 26.6760557626397 1
68 0 100.227380280903 1
68 200 91.593390096682 1
68 400 66.3825607654079 1
68 500 63.7826166509571 1
68 700 50.511189936876 1
68 1000 47.7391487197153 1
69 0 118.447081825973 1
69 200 93.6330244712135 1
69 400 80.9095381759613 1
69 500 67.3490666176053 1
69 700 53.44934871192 1
69 1000 48.5152980459084 1
70 0 109.33182168211 1
70 200 89.8723788502814 1
70 400 90.0825933156703 1
70 500 75.7313088463795 1
70 700 59.7013421083703 1
70 1000 60.6506101796674 1
71 0 103.46915380827 1
71 200 65.3829242922204 1
71 400 41.7942541689478 1
71 500 44.8278594607411 1
71 700 36.501971255128 1
71 1000 31.9258858947321 1
72 0 88.0863588690772 1
72 200 62.2263418644335 1
72 400 42.3346127427975 1
72 500 46.9994973260473 1
72 700 27.2217695441974 1
72 1000 33.4676533009656 1
73 0 120.113395199222 1
73 200 89.5231743339285 1
73 400 65.452912503539 1
73 500 54.4839009000842 1
73 700 37.4702052535785 1
73 1000 41.484833471043 1
74 0 119.424297480622 1
74 200 92.2288993273154 1
74 400 65.6024735848825 1
74 500 48.5741628073124 1
74 700 57.6575734465376 1
74 1000 45.1250693387515 1
75 0 104.124334415486 1
75 200 58.9255079833907 1
75 400 55.1634128563328 1
75 500 25.4236406003611 1
75 700 35.5613366753406 1
75 1000 38.3203294547767 1
76 0 85.1022485747227 1
76 200 81.7795902566882 1
76 400 58.7835590120169 1
76 500 52.1349137724893 1
76 700 43.6729744017588 1
76 1000 34.0251463997974 1
77 0 92.404948793271 1
77 200 70.8279374619384 1
77 400 46.1023407105982 1
77 500 38.5429269701658 1
77 700 41.5227984752078 1
77 1000 38.420988632421 1
78 0 89.667240339344 1
78 200 67.6283939894571 1
78 400 43.4739039529907 1
78 500 40.5908800180663 1
78 700 30.9952985869931 1
78 1000 42.9500475526605 1
79 0 129.136106444917 1
79 200 107.631080562804 1
79 400 72.4764326843326 1
79 500 58.0584941390864 1
79 700 59.014683358264 1
79 1000 38.7922620388938 1
80 0 88.7479629419237 1
80 200 70.0238683985133 1
80 400 36.0320844739338 1
80 500 35.4003796418611 1
80 700 36.4842605873621 1
80 1000 28.3956205775804 1
81 0 111.733799346509 1
81 200 87.8455322982904 1
81 400 60.3110384644284 1
81 500 55.7575664172409 1
81 700 44.0377931994422 1
81 1000 36.4096761755636 1
82 0 100.567531736296 1
82 200 70.7205000124576 1
82 400 44.3748458073633 1
82 500 40.465226758665 1
82 700 44.3353511644878 1
82 1000 35.8598058219134 1
83 0 122.917057246333 1
83 200 91.5391820739257 1
83 400 65.8677522734005 1
83 500 58.3277249679088 1
83 700 50.7874239350501 1
83 1000 45.9424158440983 1
84 0 80.0271014478322 1
84 200 51.6907655709862 1
84 400 39.6620831293977 1
84 500 44.6987969690944 1
84 700 26.2622448668815 1
84 1000 27.1003989827438 1
85 0 80.33234691832 1
85 200 85.990991461054 1
85 400 63.0376432603581 1
85 500 49.7754291061278 1
85 700 52.8913069094605 1
85 1000 42.1159242751088 1
86 0 76.2996636762457 1
86 200 72.5992067607165 1
86 400 46.0602743970144 1
86 500 45.0847169172254 1
86 700 35.1423199339019 1
86 1000 17.889482608926 1
87 0 85.1073294403464 1
87 200 70.3053731965917 1
87 400 61.6151620295506 1
87 500 54.4426838111289 1
87 700 47.7823652040986 1
87 1000 31.6316391590209 1
88 0 104.092871782007 1
88 200 65.5608458456426 1
88 400 56.5503189866558 1
88 500 53.422459227678 1
88 700 38.7468626457146 1
88 1000 26.6176974554846 1
89 0 90.1628171212601 1
89 200 76.832279185555 1
89 400 49.6697690458139 1
89 500 46.625498067645 1
89 700 39.9426509099632 1
89 1000 39.1082232161937 1
90 0 83.1914405853522 1
90 200 56.8386767924849 1
90 400 44.2544510122886 1
90 500 40.4308825610921 1
90 700 24.4838669420279 1
90 1000 35.4971926573285 1
91 0 98.7129055645148 1
91 200 68.2802592246127 1
91 400 45.6276562408475 1
91 500 49.3999089748618 1
91 700 34.5681695554064 1
91 1000 30.1531222993551 1
92 0 104.148154021861 1
92 200 80.9352232839764 1
92 400 64.4672627935206 1
92 500 49.8331562493021 1
92 700 41.9369334538225 1
92 1000 40.1221513522549 1
93 0 97.9039775886801 1
93 200 77.8143109484084 1
93 400 54.4894322436364 1
93 500 50.6696628635706 1
93 700 46.878714252225 1
93 1000 34.0073150268323 1
94 0 89.8057234021865 1
94 200 96.4273829025245 1
94 400 71.6886776742988 1
94 500 59.891488165756 1
94 700 53.0604783633365 1
94 1000 44.015984214869 1
95 0 93.7224295501307 1
95 200 57.4729674616237 1
95 400 39.9370725499893 1
95 500 35.5074221357491 1
95 700 32.4503606588831 1
95 1000 35.9661313613116 1
96 0 94.4329414038526 1
96 200 65.1707235674205 1
96 400 48.6894559375147 1
96 500 40.8932239508085 1
96 700 33.2872066739988 1
96 1000 27.8813056411903 1
97 0 104.007355580564 1
97 200 42.0034080521603 1
97 400 39.7254650332519 1
97 500 27.0242732918159 1
97 700 27.9990558340478 1
97 1000 30.5273320971341 1
98 0 82.2825318034267 1
98 200 66.6325478219432 1
98 400 49.6052946873391 1
98 500 36.7911675437336 1
98 700 29.3808696925564 1
98 1000 30.1724323572924 1
99 0 109.969782608608 1
99 200 82.1981112414482 1
99 400 49.2217291950331 1
99 500 44.274957855707 1
99 700 41.6858493919555 1
99 1000 39.6498507591109 1
100 0 114.981033942163 1
100 200 89.8620341798942 1
100 400 52.1580705345132 1
100 500 47.9946478299152 1
100 700 51.5976927787387 1
100 1000 29.9884715116136 1
