id dose eff group
1 0 115.30741887428 0
1 200 100.930078633969 0
1 400 93.2893529753093 0
1 500 78.1366769892493 0
1 700 70.8630456933746 0
1 1000 64.6755766270696 0
2 0 126.173516640403 0
2 200 109.390923090988 0
2 400 76.997536465683 0
2 500 67.1061461122681 0
2 700 59.820545703278 0
2 1000 43.7967498589591 0
3 0 90.8474282122907 0
3 200 58.4039778361907 0
3 400 46.6972401584732 0
3 500 38.5524019327341 0
3 700 38.5563123821344 0
3 1000 33.1467969793257 0
4 0 114.701379031338 0
4 200 109.136937784959 0
4 400 97.2520212042075 0
4 500 80.1949966701263 0
4 700 68.9914902151 0
4 1000 50.9683108496794 0
5 0 93.32754747291 0
5 200 79.6669461075789 0
5 400 63.1051540770486 0
5 500 64.587566359903 0
5 700 50.5436599505384 0
5 1000 33.403562993579 0
6 0 105.309289242064 0
6 200 106.946258353439 0
6 400 89.2338324783208 0
6 500 79.2610228432396 0
6 700 70.251072777799 0
6 1000 62.8523000605927 0
7 0 94.7688323650679 0
7 200 87.145602437748 0
7 400 82.1514635393692 0
7 500 63.5101651616955 0
7 700 46.1980390833273 0
7 1000 44.8829332377634 0
8 0 83.6368093237309 0
8 200 87.627951591637 0
8 400 63.2589912345308 0
8 500 61.0022002829822 0
8 700 53.4868927908244 0
8 1000 46.7631577610058 0
9 0 117.569067738628 0
9 200 111.09803353118 0
9 400 92.7422161359032 0
9 500 75.1838400150497 0
9 700 64.8604058346315 0
9 1000 56.087070724148 0
10 0 92.0584741022016 0
10 200 76.391862923132 0
10 400 68.700593794593 0
10 500 55.7505142767764 0
10 700 44.7318898586832 0
10 1000 24.8768945834629 0
11 0 89.4199593800524 0
11 200 80.069231786123 0
11 400 76.545663866624 0
11 500 60.1682086097178 0
11 700 52.5169138085357 0
11 1000 32.0989880293397 0
12 0 99.6752524246044 0
12 200 96.6386794280244 0
12 400 79.4281634444195 0
12 500 74.5082747371184 0
12 700 63.5012297081643 0
12 1000 54.3703673536992 0
13 0 87.6512756803006 0
13 200 78.5274017921563 0
13 400 53.3125268242836 0
13 500 58.6086874048064 0
13 700 39.9000785110796 0
13 1000 37.2068679468427 0
14 0 87.5748577909717 0
14 200 80.7464210600699 0
14 400 66.719667102685 0
14 500 50.8789777101915 0
14 700 38.2777987982913 0
14 1000 33.3600879761517 0
15 0 87.1502069753044 0
15 200 80.7921552055683 0
15 400 80.3570295724929 0
15 500 68.9932089038078 0
15 700 66.0697437462618 0
15 1000 46.5147304630572 0
16 0 81.7290954642648 0
16 200 84.4943549479447 0
16 400 59.5583516828304 0
16 500 49.4940239565314 0
16 700 40.2403949318975 0
16 1000 37.3154940827953 0
17 0 88.28758867924 0
17 200 76.2675149325802 0
17 400 57.6424663885003 0
17 500 50.7625088615981 0
17 700 42.0855749672029 0
17 1000 34.6589427694422 0
18 0 101.795463669387 0
18 200 87.8900551914423 0
18 400 76.9294775612194 0
18 500 60.7791253102198 0
18 700 49.3831486720799 0
18 1000 32.7565353544135 0
19 0 101.074632860635 0
19 200 86.5775091768876 0
19 400 73.090838138766 0
19 500 74.9223305922189 0
19 700 66.3572883555046 0
19 1000 51.2413319039344 0
20 0 96.3543966026318 0
20 200 73.0329435523433 0
20 400 63.0431207965279 0
20 500 45.6345970038003 0
20 700 41.7028188907569 0
20 1000 37.1799001198827 0
21 0 96.8302995148843 0
21 200 88.3851246553408 0
21 400 73.6828630938778 0
21 500 63.9638642008182 0
21 700 56.760710149936 0
21 1000 51.8845962344908 0
22 0 99.4810274637697 0
22 200 83.2380588404155 0
22 400 58.8298599273912 0
22 500 58.3973152970606 0
22 700 46.5395679959526 0
22 1000 44.3776995883485 0
23 0 108.445921217325 0
23 200 96.9601498247459 0
23 400 75.7695222047124 0
23 500 56.3403098218379 0
23 700 41.408642864751 0
23 1000 46.2565609278738 0
24 0 77.8896594568812 0
24 200 72.5591602969338 0
24 400 68.0867981081546 0
24 500 49.5711621054328 0
24 700 43.0724684113402 0
24 1000 23.8639145636984 0
25 0 81.4607826653209 0
25 200 80.8590792635297 0
25 400 67.8601371814394 0
25 500 70.6425584596389 0
25 700 56.4864367508632 0
25 1000 35.8496798646818 0
26 0 87.1009911326296 0
26 200 73.6686218141088 0
26 400 60.8609073652468 0
26 500 45.1960791925198 0
26 700 47.9639687102195 0
26 1000 39.4448270240462 0
27 0 115.130283537989 0
27 200 102.146379685366 0
27 400 89.0265702524102 0
27 500 82.9375298756194 0
27 700 71.2589471626143 0
27 1000 49.6864281150925 0
28 0 93.479672714176 0
28 200 84.1631332517313 0
28 400 74.4067683191591 0
28 500 74.9210190509533 0
28 700 69.7518100250675 0
28 1000 47.7515288809197 0
29 0 110.165654965404 0
29 200 105.15683762147 0
29 400 80.9243869260129 0
29 500 69.9918151857604 0
29 700 59.8871981024458 0
29 1000 49.3990303451608 0
30 0 114.73774505055 0
30 200 105.735520174908 0
30 400 91.5144510530575 0
30 500 82.2710544758868 0
30 700 64.3585130872021 0
30 1000 44.4344953155672 0
31 0 105.304986177654 0
31 200 103.198122289954 0
31 400 82.0085445394934 0
31 500 75.9795926282223 0
31 700 56.0959753275699 0
31 1000 48.4024004001368 0
32 0 99.4304528122435 0
32 200 94.0822760616433 0
32 400 70.0240813684259 0
32 500 56.4061905186158 0
32 700 50.8307965251864 0
32 1000 45.8581631331197 0
33 0 95.8476046750188 0
33 200 93.3454419826809 0
33 400 72.0158980295881 0
33 500 63.6497157749555 0
33 700 56.6107171423714 0
33 1000 42.8197198700818 0
34 0 77.6014438091162 0
34 200 76.6461210322351 0
34 400 54.6162073078937 0
34 500 52.0096203824403 0
34 700 38.4164373509861 0
34 1000 35.8531261487935 0
35 0 91.4959193054583 0
35 200 82.7575424089273 0
35 400 67.659284233891 0
35 500 57.9544008791404 0
35 700 50.3167942411374 0
35 1000 44.8901498985714 0
36 0 116.633513207883 0
36 200 82.0960384925123 0
36 400 57.050989245559 0
36 500 50.2928455016052 0
36 700 41.5792082978169 0
36 1000 41.4785441399785 0
37 0 95.1481000019392 0
37 200 87.3715108380088 0
37 400 62.072820368598 0
37 500 74.416010814905 0
37 700 44.2354291875537 0
37 1000 41.5635859693274 0
38 0 96.8679474466833 0
38 200 82.1481477294362 0
38 400 64.1346829418306 0
38 500 51.8928953645475 0
38 700 38.8271044252135 0
38 1000 38.666073464739 0
39 0 66.387742038089 0
39 200 57.1935399833892 0
39 400 47.6030299395146 0
39 500 43.4370892112862 0
39 700 29.6916357258639 0
39 1000 33.4465866075038 0
40 0 103.384492815637 0
40 200 83.1511179582843 0
40 400 56.959127552715 0
40 500 55.5717637648028 0
40 700 40.5599017745768 0
40 1000 31.6235013510674 0
41 0 96.9671722901917 0
41 200 75.1445090534938 0
41 400 69.6198814324317 0
41 500 60.7972955238446 0
41 700 49.2719166600358 0
41 1000 34.3918158365812 0
42 0 88.3468831589851 0
42 200 75.3690309496072 0
42 400 52.8985121038858 0
42 500 60.9951359786483 0
42 700 33.2931545909138 0
42 1000 39.31350217935 0
43 0 104.682522642276 0
43 200 101.287649804043 0
43 400 91.6856569472787 0
43 500 84.0479398381965 0
43 700 68.4972856512704 0
43 1000 50.2422347056256 0
44 0 83.4005536889412 0
44 200 58.9222416822204 0
44 400 55.2173419504384 0
44 500 56.0262991566576 0
44 700 40.4196000712056 0
44 1000 30.1081472083458 0
45 0 86.0568663752355 0
45 200 77.7007113310571 0
45 400 79.606525812006 0
45 500 61.0037809883511 0
45 700 59.4415426527279 0
45 1000 51.0893066966379 0
46 0 101.645731183036 0
46 200 85.6080285559946 0
46 400 69.1485484453234 0
46 500 61.5501177742277 0
46 700 54.0180026429472 0
46 1000 46.0088606557022 0
47 0 104.973203656295 0
47 200 89.400742285892 0
47 400 73.4575744191105 0
47 500 58.0970862266899 0
47 700 48.3752410026988 0
47 1000 51.5572894680342 0
48 0 120.412466102816 0
48 200 109.916516118517 0
48 400 94.0827603093483 0
48 500 76.4350006380931 0
48 700 62.1191459788263 0
48 1000 52.1558596707899 0
49 0 106.73337963096 0
49 200 99.472119996228 0
49 400 87.9185842112715 0
49 500 70.2475357964469 0
49 700 63.7487155507125 0
49 1000 48.2785286381186 0
50 0 104.55302874301 0
50 200 95.6412349404994 0
50 400 95.6078589372424 0
50 500 89.7221897973752 0
50 700 70.8880770754845 0
50 1000 56.2440099092091 0
51 0 95.6703261913745 1
51 200 69.4747548226856 1
51 400 57.2946673779588 1
51 500 49.7432900646564 1
51 700 33.2601148875205 1
51 1000 31.0441546085691 1
52 0 115.643414654154 1
52 200 93.4045928667868 1
52 400 77.2441545437907 1
52 500 68.0306532510097 1
52 700 55.4552750096554 1
52 1000 40.2977271911819 1
53 0 90.3239058401477 1
53 200 87.4988527539988 1
53 400 61.3627405042214 1
53 500 52.4630554620469 1
53 700 47.1136651973141 1
53 1000 40.3440187828997 1
54 0 108.38849178091 1
54 200 93.4746307213476 1
54 400 63.7544138653668 1
54 500 49.1902247764169 1
54 700 52.7283132757007 1
54 1000 40.5025940466246 1
55 0 129.369165411446 1
55 200 91.7450391885897 1
55 400 60.6436916801345 1
55 500 53.0610247995128 1
55 700 34.8304656524711 1
55 1000 44.5429082325777 1
56 0 118.033937245521 1
56 200 88.6246423749295 1
56 400 55.2166097210914 1
56 500 48.1544853200385 1
56 700 41.5719848997322 1
56 1000 48.529221481306 1
57 0 100.99360174328 1
57 200 84.6211317482409 1
57 400 61.0066065685961 1
57 500 54.307975743764 1
57 700 47.337318281812 1
57 1000 37.7242386224367 1
58 0 131.941840070825 1
58 200 114.551929882386 1
58 400 82.3865618171832 1
58 500 72.8011832514852 1
58 700 56.1148243104592 1
58 1000 42.9677536376017 1
59 0 114.475830501719 1
59 200 71.3646467480824 1
59 400 60.0621157626069 1
59 500 43.6496262448703 1
59 700 49.1909765808955 1
59 1000 42.1279639444913 1
60 0 86.3024312271466 1
60 200 93.0266776391958 1
60 400 64.9739668452174 1
60 500 50.4324924814444 1
60 700 58.9849622276282 1
60 1000 43.8905858129874 1
61 0 88.4774385649748 1
61 200 56.3082794511102 1
61 400 42.5034302506331 1
61 500 30.23756730733 1
61 700 31.7093960431108 1
61 1000 33.3064513877913 1
62 0 110.684887941632 1
62 200 94.6199532788203 1
62 400 71.8349544598821 1
62 500 64.547521907864 1
62 700 51.7672963844231 1
62 1000 49.8570776651251 1
63 0 103.0899036287 1
63 200 80.4107130539405 1
63 400 44.4687870272899 1
63 500 48.7752690128441 1
63 700 39.9102754669385 1
63 1000 40.0984027845563 1
64 0 106.634470295171 1
64 200 74.4793403793169 1
64 400 65.4075127850995 1
64 500 44.533021418272 1
64 700 46.467399006191 1
64 1000 35.8621685599973 1
65 0 105.486272398504 1
65 200 70.84600377485 1
65 400 53.22500294945 1
65 500 37.9130907717924 1
65 700 39.2114464563433 1
65 1000 43.220341155225 1
66 0 112.099007848779 1
66 200 79.3484423756798 1
66 400 49.5382935972185 1
66 500 46.4363118349703 1
66 700 38.1205741031128 1
66 1000 41.1185653058004 1
67 0 99.6097511256339 1
67 200 85.1092843144942 1
67 400 60.8473301117662 1
67 500 54.5494502381432 1
67 700 56.9781860012947 1
67 1000 40.4697635559554 1
68 0 98.6014207774373 1
68 200 79.3543107205221 1
68 400 63.2513710195759 1
68 500 45.2876801698793 1
68 700 45.3581796816012 1
68 1000 34.5681189057319 1
69 0 122.636830209565 1
69 200 107.773685668488 1
69 400 81.4644790530481 1
69 500 77.0370040904889 1
69 700 65.605660053833 1
69 1000 42.9249770756195 1
70 0 101.494918733965 1
70 200 96.1636988150117 1
70 400 59.0162992525199 1
70 500 51.950529993828 1
70 700 37.9723513404585 1
70 1000 31.7881534080544 1
71 0 101.152483538368 1
71 200 64.2730809788358 1
71 400 54.8485492193179 1
71 500 34.355606090498 1
71 700 43.145484856877 1
71 1000 41.4794284401974 1
72 0 121.397032765368 1
72 200 95.3762296066466 1
72 400 59.6845519403051 1
72 500 64.799976777593 1
72 700 51.5015363274604 1
72 1000 44.9920536631234 1
73 0 124.097192939676 1
73 200 99.1844097699535 1
73 400 68.7012024000058 1
73 500 65.5005363301771 1
73 700 59.6379752006192 1
73 1000 42.1709192243379 1
74 0 87.6736455635149 1
74 200 85.4983343948056 1
74 400 65.8983222921215 1
74 500 52.9093249854012 1
74 700 43.7569874634714 1
74 1000 43.671617520646 1
75 0 113.513963223634 1
75 200 82.9059662718658 1
75 400 58.4875672343843 1
75 500 50.7095572455093 1
75 700 42.3377794162205 1
75 1000 32.9487280372064 1
76 0 103.22418049488 1
76 200 71.2031652404017 1
76 400 46.2063262457101 1
76 500 38.9429150164369 1
76 700 39.7384020710498 1
76 1000 33.2468621298592 1
77 0 95.4525491159208 1
77 200 72.886962675879 1
77 400 40.1247978906243 1
77 500 40.2171937023073 1
77 700 34.0995395272375 1
77 1000 35.2739613479839 1
78 0 111.990058542019 1
78 200 60.8719701576176 1
78 400 45.4739482013165 1
78 500 38.6513319973283 1
78 700 33.2396939334034 1
78 1000 33.6954243759641 1
79 0 95.5689466435099 1
79 200 66.5692770123529 1
79 400 35.5661770200827 1
79 500 46.2322801458488 1
79 700 43.8221250911685 1
79 1000 38.1616449226298 1
80 0 108.458828353787 1
80 200 96.4409055782472 1
80 400 81.0443076283251 1
80 500 67.9631325857601 1
80 700 50.5958429450574 1
80 1000 47.4542280732388 1
81 0 100.722748510926 1
81 200 96.8839435447568 1
81 400 67.8355042947939 1
81 500 69.5136350215026 1
81 700 51.8667311571438 1
81 1000 34.6934628880076 1
82 0 104.19057673372 1
82 200 78.7891117582281 1
82 400 69.9833282781962 1
82 500 50.4834360700458 1
82 700 50.2751876746609 1
82 1000 50.9305830545299 1
83 0 115.676249465597 1
83 200 92.8012568655766 1
83 400 65.5441569352351 1
83 500 61.3486381087206 1
83 700 48.8123911653309 1
83 1000 40.4534969424273 1
84 0 119.959178559538 1
84 200 98.5647995453894 1
84 400 74.4892797621341 1
84 500 69.3630292246919 1
84 700 50.0720023237848 1
84 1000 47.4663732326391 1
85 0 100.274858990586 1
85 200 80.6121899734382 1
85 400 59.1742123167619 1
85 500 54.1912097420704 1
85 700 54.2808039249947 1
85 1000 40.8197383595611 1
86 0 94.9676980386836 1
86 200 82.0783086665207 1
86 400 57.9204433808502 1
86 500 49.270452905774 1
86 700 42.8978740333732 1
86 1000 26.532758376151 1
87 0 106.994994598616 1
87 200 94.1444411186298 1
87 400 59.4434756408246 1
87 500 64.5806160216592 1
87 700 51.8194454597517 1
87 1000 41.5105285844307 1
88 0 95.8601240007818 1
88 200 92.5728269202449 1
88 400 71.4154696123484 1
88 500 75.9532273975494 1
88 700 63.8171825968759 1
88 1000 45.735594255233 1
89 0 87.926809442498 1
89 200 75.2832244697968 1
89 400 64.3032215475377 1
89 500 51.8647072627102 1
89 700 45.9735702549807 1
89 1000 34.0231066174802 1
90 0 86.6632228908898 1
90 200 80.710624236251 1
90 400 56.9432169884349 1
90 500 47.6979033475907 1
90 700 28.6420301038705 1
90 1000 38.5326132906132 1
91 0 90.1408567438815 1
91 200 65.0872203643581 1
91 400 47.1315334902682 1
91 500 44.2637683553588 1
91 700 34.8954356785618 1
91 1000 26.7999550808968 1
92 0 112.349444616274 1
92 200 108.601716225181 1
92 400 89.0444240730502 1
92 500 69.7817111778458 1
92 700 66.893362644896 1
92 1000 57.6267356593384 1
93 0 96.7205435134531 1
93 200 78.423723704485 1
93 400 56.0095975020125 1
93 500 46.6108893021506 1
93 700 32.6080116395974 1
93 1000 25.1609874599546 1
94 0 100.651088679782 1
94 200 58.232529426186 1
94 400 53.4820096455056 1
94 500 34.603095397351 1
94 700 38.8255372065794 1
94 1000 35.8229408070872 1
95 0 101.774070662907 1
95 200 64.3729055015147 1
95 400 50.9162902636034 1
95 500 33.7522939114925 1
95 700 32.9157670638134 1
95 1000 30.7772755122093 1
96 0 77.0424694622274 1
96 200 70.1246346385962 1
96 400 43.8223739782519 1
96 500 39.5307466510309 1
96 700 36.5088336160594 1
96 1000 34.1102411152928 1
97 0 102.703630503943 1
97 200 84.3868859323745 1
97 400 59.052603542485 1
97 500 50.338300542553 1
97 700 39.2686377902698 1
97 1000 33.9646529343237 1
98 0 89.6401846868464 1
98 200 81.1539702620553 1
98 400 43.9034572598968 1
98 500 53.5375630752536 1
98 700 22.6778666303359 1
98 1000 40.4864165657573 1
99 0 99.2402508165336 1
99 200 67.6756611969414 1
99 400 48.4601275758276 1
99 500 46.9697134021579 1
99 700 37.3671548488176 1
99 1000 31.1574732636083 1
100 0 106.399487025619 1
100 200 79.3476232095603 1
100 400 40.0745814409577 1
100 500 44.8637256426494 1
100 700 41.688154526234 1
100 1000 30.6413321760218 1
