id dose eff group
1 0 115.530707173212 0
1 200 102.260596723688 0
1 400 73.513826365564 0
1 500 57.7534921730598 0
1 700 48.361082168964 0
1 1000 48.7577396393279 0
2 0 89.2569943147524 0
2 200 75.0986922418388 0
2 400 60.472858974911 0
2 500 49.1934430658072 0
2 700 39.8639947926165 0
2 1000 37.3421807316004 0
3 0 95.7812679435454 0
3 200 79.6851436339286 0
3 400 64.6355725955772 0
3 500 61.5785545752158 0
3 700 54.5998032166316 0
3 1000 44.9575114571469 0
4 0 115.03490883623 0
4 200 88.7777207780402 0
4 400 73.5591958968539 0
4 500 60.8014713832067 0
4 700 54.0083682963252 0
4 1000 51.397534506951 0
5 0 119.548932371221 0
5 200 89.8346289687917 0
5 400 62.1048203566223 0
5 500 55.9237804276847 0
5 700 55.0919244413641 0
5 1000 38.2085946571022 0
6 0 107.422598488647 0
6 200 81.1842293016669 0
6 400 64.2241717757234 0
6 500 64.4522381381781 0
6 700 50.5144470744947 0
6 1000 31.4500040109531 0
7 0 111.568532694546 0
7 200 92.0051485817052 0
7 400 64.2185660207976 0
7 500 61.3753190277194 0
7 700 45.5596283340181 0
7 1000 39.3474818088847 0
8 0 81.2095449550872 0
8 200 76.9313540837384 0
8 400 64.7257020312733 0
8 500 63.8296245880838 0
8 700 45.3912183420618 0
8 1000 46.2544355577616 0
9 0 87.251048938784 0
9 200 89.3285480560755 0
9 400 73.414086453264 0
9 500 63.3172397462252 0
9 700 58.3456229884274 0
9 1000 36.8543901405237 0
10 0 109.520624339359 0
10 200 96.5065289909266 0
10 400 90.9313812129247 0
10 500 78.8850463813335 0
10 700 71.3917561900398 0
10 1000 60.2890989218578 0
11 0 115.528492573541 0
11 200 97.1460770445078 0
11 400 68.8268079889776 0
11 500 58.9038962009293 0
11 700 51.6436059194971 0
11 1000 37.9600706580965 0
12 0 100.49526286891 0
12 200 80.8996423428094 0
12 400 62.9612040180041 0
12 500 51.351461306454 0
12 700 48.7725546105859 0
12 1000 45.5688011359672 0
13 0 87.6321430973515 0
13 200 70.2555292624646 0
13 400 59.5572691090761 0
13 500 49.4275905466309 0
13 700 42.8516354272948 0
13 1000 41.557821735964 0
14 0 111.195704022212 0
14 200 88.9321573958214 0
14 400 69.4997794995882 0
14 500 53.2016314463671 0
14 700 52.2227622131388 0
14 1000 39.5712160526946 0
15 0 102.935958267898 0
15 200 87.1151127304619 0
15 400 63.1304177905099 0
15 500 57.5788432772405 0
15 700 58.6693600474249 0
15 1000 30.2631517708002 0
16 0 114.783011654399 0
16 200 100.40780911483 0
16 400 92.8249684450289 0
16 500 84.3214685057221 0
16 700 67.390738898151 0
16 1000 49.7149075807332 0
17 0 95.9070360618042 0
17 200 85.232993687633 0
17 400 64.1656334661316 0
17 500 59.6344334290709 0
17 700 48.9861308064776 0
17 1000 41.9068918206607 0
18 0 112.942525584571 0
18 200 95.7012160739896 0
18 400 71.2247872895973 0
18 500 75.2777932826704 0
18 700 66.0145986637144 0
18 1000 49.1554793629411 0
19 0 102.419933508698 0
19 200 89.4853733372212 0
19 400 58.4807733202046 0
19 500 69.6546808441927 0
19 700 46.4500981057308 0
19 1000 43.6052214542352 0
20 0 109.310770716592 0
20 200 96.4504169519637 0
20 400 81.5263129072285 0
20 500 74.3368480670584 0
20 700 51.7826590696371 0
20 1000 48.2268032441944 0
21 0 114.082872705882 0
21 200 82.2203893193312 0
21 400 68.1517699459624 0
21 500 52.0826388532937 0
21 700 35.9958812756097 0
21 1000 42.4176153043162 0
22 0 104.147741041856 0
22 200 98.8643237459769 0
22 400 76.780767178983 0
22 500 72.4921477445111 0
22 700 53.3279010789149 0
22 1000 45.3124169107253 0
23 0 96.7945691063248 0
23 200 98.0129281019417 0
23 400 91.7357347797175 0
23 500 81.4425944717089 0
23 700 84.0612006802523 0
23 1000 69.0146345482743 0
24 0 100.92007483101 0
24 200 83.6035045296331 0
24 400 66.9074206417293 0
24 500 54.2823834817071 0
24 700 47.6062892970424 0
24 1000 45.4190568342102 0
25 0 95.368793910715 0
25 200 82.7483377724193 0
25 400 65.665730414823 0
25 500 54.6875549323279 0
25 700 48.8444776798977 0
25 1000 29.8445130930526 0
26 0 72.8150741746137 0
26 200 72.746151457037 0
26 400 44.7295209421949 0
26 500 50.238274402768 0
26 700 38.5288901676142 0
26 1000 21.5727075965493 0
27 0 103.627052679164 0
27 200 80.8010681332911 0
27 400 69.9249960223475 0
27 500 63.6605626349469 0
27 700 50.0658403526974 0
27 1000 46.8840841487248 0
28 0 100.5629596281 0
28 200 102.297097084892 0
28 400 75.344618803264 0
28 500 70.2053345675801 0
28 700 55.6353729449523 0
28 1000 43.55401278041 0
29 0 84.8674840147147 0
29 200 84.0747856281923 0
29 400 74.3837417844279 0
29 500 70.9403381253339 0
29 700 67.6109229019148 0
29 1000 59.0027625173122 0
30 0 99.4758677312476 0
30 200 91.0018861020611 0
30 400 71.0206143837125 0
30 500 76.9317824301996 0
30 700 45.2908812100757 0
30 1000 38.7538170686867 0
31 0 125.673201300617 0
31 200 112.212541048115 0
31 400 95.0285375341808 0
31 500 74.7126175831926 0
31 700 70.0345644564459 0
31 1000 55.2376803513813 0
32 0 105.98791632669 0
32 200 91.5486162526799 0
32 400 71.1253978949829 0
32 500 59.6250917885714 0
32 700 60.9713330516598 0
32 1000 48.0911619611258 0
33 0 78.4358999556948 0
33 200 80.4361524336383 0
33 400 57.3469097315288 0
33 500 51.2000673336562 0
33 700 41.1081180679498 0
33 1000 31.6275891791815 0
34 0 122.816144847111 0
34 200 112.95672903698 0
34 400 106.811608703139 0
34 500 92.9984135596259 0
34 700 80.3619187669382 0
34 1000 63.3519164953445 0
35 0 115.696947761467 0
35 200 95.6410200486419 0
35 400 77.4520245814706 0
35 500 71.6982753697456 0
35 700 51.132564306744 0
35 1000 51.1370096344319 0
36 0 100.128470860489 0
36 200 76.5925280473003 0
36 400 54.0237334208205 0
36 500 36.5163027074253 0
36 700 44.4470565776242 0
36 1000 31.6754328198957 0
37 0 103.709551425687 0
37 200 94.6939751286083 0
37 400 92.3314643358857 0
37 500 77.7942787642205 0
37 700 70.235803869397 0
37 1000 61.3450067947627 0
38 0 98.5840165021143 0
38 200 87.6512594401222 0
38 400 62.7128911814783 0
38 500 51.8403967306876 0
38 700 41.27088157431 0
38 1000 41.7578868704014 0
39 0 99.9319650640888 0
39 200 84.296313851754 0
39 400 55.7394461590448 0
39 500 53.9078332516962 0
39 700 42.1681559227943 0
39 1000 35.8865618342234 0
40 0 106.816684841618 0
40 200 92.4180000565208 0
40 400 86.9388518477097 0
40 500 73.9882666179671 0
40 700 61.9986185126282 0
40 1000 44.2904963228192 0
41 0 105.567792410632 0
41 200 95.4400759582773 0
41 400 75.8000519162197 0
41 500 68.0665107784216 0
41 700 58.7311461045648 0
41 1000 52.0751286053076 0
42 0 93.8668816059729 0
42 200 84.0173863440537 0
42 400 56.0695657559605 0
42 500 65.0751564654047 0
42 700 49.32334120963 0
42 1000 39.8912712539232 0
43 0 111.101118813192 0
43 200 92.6624340316421 0
43 400 61.7756461110103 0
43 500 64.2147194771633 0
43 700 50.2582570877599 0
43 1000 39.9159898565279 0
44 0 82.513471128272 0
44 200 83.0746541903359 0
44 400 63.730373223244 0
44 500 54.9244446328367 0
44 700 43.4542227734291 0
44 1000 41.7596878190325 0
45 0 101.179016204107 0
45 200 93.8654862203015 0
45 400 82.7134690990612 0
45 500 86.8662666899486 0
45 700 62.3790733475218 0
45 1000 61.5104781974587 0
46 0 119.075420502716 0
46 200 94.0480467364925 0
46 400 68.9662810046419 0
46 500 63.3230886811924 0
46 700 49.9138604901609 0
46 1000 49.6673933739234 0
47 0 82.6714318120521 0
47 200 87.5959083810307 0
47 400 79.8402093018589 0
47 500 65.0367085512559 0
47 700 59.0964878133452 0
47 1000 46.5231939806429 0
48 0 92.5316923402525 0
48 200 83.6407463683281 0
48 400 69.386730923694 0
48 500 67.8431488615074 0
48 700 51.6156655733869 0
48 1000 52.3236218154898 0
49 0 110.313899904994 0
49 200 93.8776182010494 0
49 400 63.4741574998479 0
49 500 65.6043225863003 0
49 700 49.8408348560427 0
49 1000 46.4967122090123 0
50 0 100.518585680284 0
50 200 69.0458673053508 0
50 400 58.715129411576 0
50 500 49.7899593648515 0
50 700 49.6914833563803 0
50 1000 32.839124408004 0
51 0 80.377874642629 1
51 200 74.3065777112204 1
51 400 57.8113294018984 1
51 500 48.823596223599 1
51 700 43.6811838024954 1
51 1000 36.1849393956605 1
52 0 104.825627697609 1
52 200 87.1412981668585 1
52 400 68.9106823580771 1
52 500 76.2018565492591 1
52 700 60.869733459464 1
52 1000 50.3115653886507 1
53 0 106.736890401737 1
53 200 71.1983309744581 1
53 400 49.1671998747365 1
53 500 55.2506136347066 1
53 700 43.8840606874234 1
53 1000 35.4519941832136 1
54 0 115.918344312774 1
54 200 101.223950712253 1
54 400 78.6664629909112 1
54 500 79.0549370182903 1
54 700 59.8180895424337 1
54 1000 44.3157740413357 1
55 0 103.368661122076 1
55 200 65.9152639743786 1
55 400 55.8982043485203 1
55 500 37.9670639730236 1
55 700 34.56533360042 1
55 1000 37.4418779836692 1
56 0 105.936324977426 1
56 200 91.2193477328346 1
56 400 61.4436917002088 1
56 500 58.3949643866086 1
56 700 42.1770518426727 1
56 1000 37.100308886461 1
57 0 113.508691681705 1
57 200 62.2004193153798 1
57 400 56.512592874073 1
57 500 56.0577548702798 1
57 700 44.7869537675397 1
57 1000 37.5328052463122 1
58 0 120.965248819677 1
58 200 102.906406436633 1
58 400 74.6869153060939 1
58 500 65.1024327867935 1
58 700 57.7235651102073 1
58 1000 55.8600526702889 1
59 0 100.582346109169 1
59 200 70.1862623011684 1
59 400 54.0171434119021 1
59 500 47.0418218202309 1
59 700 43.1971870801772 1
59 1000 42.4878840448721 1
60 0 96.8522327015277 1
60 200 67.4465015601241 1
60 400 49.8650238853061 1
60 500 48.8704496261163 1
60 700 38.9376961990737 1
60 1000 34.4485934016365 1
61 0 101.670470498664 1
61 200 81.1376526544396 1
61 400 53.7629162658788 1
61 500 42.9775115790675 1
61 700 41.4099990481309 1
61 1000 41.3668352243353 1
62 0 105.967521391397 1
62 200 88.9787047877323 1
62 400 74.4598235698034 1
62 500 62.6703541055274 1
62 700 54.2471514648682 1
62 1000 47.8585047201587 1
63 0 77.0245003771835 1
63 200 72.9698092083198 1
63 400 68.370603606717 1
63 500 64.2244870194443 1
63 700 37.3806542251763 1
63 1000 30.276155548093 1
64 0 118.832815668417 1
64 200 98.4050268945784 1
64 400 72.4522351431617 1
64 500 60.0412798144246 1
64 700 53.0362725731555 1
64 1000 46.4227978776333 1
65 0 110.814830314564 1
65 200 101.952033972169 1
65 400 70.4767117174911 1
65 500 57.1252121330001 1
65 700 49.3993433340456 1
65 1000 44.7905412592606 1
66 0 99.5054329203715 1
66 200 71.1816004537192 1
66 400 51.7672081992467 1
66 500 49.3010027560375 1
66 700 36.3127464950651 1
66 1000 32.3101683613436 1
67 0 94.7520074017862 1
67 200 72.1366963589955 1
67 400 36.8830679588926 1
67 500 48.8230033323505 1
67 700 27.1835600205944 1
67 1000 33.112157157364 1
68 0 86.8342104173278 1
68 200 64.9102704331543 1
68 400 47.8659728320643 1
68 500 34.6325060191598 1
68 700 31.4426627282602 1
68 1000 28.469593998339 1
69 0 97.4870519218369 1
69 200 85.8097728642349 1
69 400 69.2074608052678 1
69 500 65.9321666179679 1
69 700 61.3111831227105 1
69 1000 46.025506929605 1
70 0 105.137509874856 1
70 200 68.3983768536237 1
70 400 47.8943342649858 1
70 500 40.9909848216172 1
70 700 36.9731102321781 1
70 1000 30.1017947802114 1
71 0 90.5569707711609 1
71 200 86.0687136274793 1
71 400 66.9512328612481 1
71 500 50.3304590557665 1
71 700 44.7402285287509 1
71 1000 37.7753413125476 1
72 0 99.6264116815258 1
72 200 80.3316112402458 1
72 400 47.5289739989174 1
72 500 38.1287335756651 1
72 700 37.5036318768628 1
72 1000 37.3939942435323 1
73 0 85.7035557008373 1
73 200 63.4784729182215 1
73 400 58.0213454508717 1
73 500 51.6675828476153 1
73 700 35.6184132433291 1
73 1000 28.9853400231953 1
74 0 96.1935665504608 1
74 200 65.2158324458609 1
74 400 46.5191961415282 1
74 500 36.7201522833188 1
74 700 39.0165004319841 1
74 1000 28.98781177003 1
75 0 105.670288610104 1
75 200 83.8115790100923 1
75 400 61.6205333129658 1
75 500 47.3799590764907 1
75 700 37.3689034812078 1
75 1000 34.0498846930439 1
76 0 102.452042342214 1
76 200 71.5305980462617 1
76 400 46.8767929986229 1
76 500 44.2832819438767 1
76 700 39.4613783979855 1
76 1000 29.5099091222081 1
77 0 97.3933244005569 1
77 200 83.7377338017574 1
77 400 70.1814685326108 1
77 500 74.3309666287955 1
77 700 56.1564124782341 1
77 1000 44.2114036306372 1
78 0 95.2975489303212 1
78 200 70.8674934521107 1
78 400 57.0700366767904 1
78 500 57.548227967928 1
78 700 43.2989195396417 1
78 1000 30.7802586364342 1
79 0 127.056863847122 1
79 200 96.3208164114182 1
79 400 62.8343201174891 1
79 500 59.2323276954297 1
79 700 50.2152305835111 1
79 1000 49.4062198042514 1
80 0 86.3255085295671 1
80 200 69.7595398987332 1
80 400 55.2887220999073 1
80 500 46.3285393881044 1
80 700 35.8033042791178 1
80 1000 32.6561383265567 1
81 0 107.937142317556 1
81 200 88.4733590904601 1
81 400 65.9307558326009 1
81 500 54.4080036678837 1
81 700 53.5690934009141 1
81 1000 38.9277266563869 1
82 0 90.8253985225071 1
82 200 49.2803371412945 1
82 400 30.768255353117 1
82 500 34.935683062539 1
82 700 27.7003171098857 1
82 1000 24.2694495401041 1
83 0 95.3074151688124 1
83 200 67.4055184198814 1
83 400 54.4941288268322 1
83 500 31.7122265974198 1
83 700 35.831652926018 1
83 1000 36.5515536534536 1
84 0 95.6806107447684 1
84 200 85.8928569421385 1
84 400 46.3147694003862 1
84 500 47.0724359787557 1
84 700 37.8610651650384 1
84 1000 41.0160377558464 1
85 0 91.2920694565184 1
85 200 73.9043639753107 1
85 400 48.7892345069931 1
85 500 30.2402995787124 1
85 700 35.115940512311 1
85 1000 39.4522030344875 1
86 0 85.2586893766508 1
86 200 57.6340274361548 1
86 400 36.9167761034089 1
86 500 29.9891866854472 1
86 700 40.7906873033634 1
86 1000 23.3963757936152 1
87 0 98.1541602881774 1
87 200 89.9472397735145 1
87 400 66.183696183262 1
87 500 66.7181862408717 1
87 700 44.0592635295726 1
87 1000 42.1084958529197 1
88 0 86.9927125392586 1
88 200 58.2990312559672 1
88 400 43.7429683810914 1
88 500 35.7305294101597 1
88 700 39.581384500872 1
88 1000 23.3268841767666 1
89 0 118.760743559545 1
89 200 113.635522421666 1
89 400 72.0793174653725 1
89 500 64.4216857271765 1
89 700 50.7178461360803 1
89 1000 40.5292068367265 1
90 0 120.58209849395 1
90 200 78.1678763752373 1
90 400 55.2311517723442 1
90 500 47.0720879033805 1
90 700 37.5363076117148 1
90 1000 35.6697195927712 1
91 0 99.7730673744811 1
91 200 82.7490613676923 1
91 400 44.5275412048506 1
91 500 46.7279973246544 1
91 700 49.3656090132935 1
91 1000 28.1831614607839 1
92 0 95.0220559833915 1
92 200 83.5550257536809 1
92 400 70.5445888326459 1
92 500 63.1607493975246 1
92 700 41.6881847062484 1
92 1000 44.1977994423545 1
93 0 92.6305097481416 1
93 200 83.130752098032 1
93 400 71.062553700484 1
93 500 60.4412211562219 1
93 700 55.0835685140648 1
93 1000 48.6384289929654 1
94 0 104.773522724989 1
94 200 78.8015722838256 1
94 400 54.1597419806466 1
94 500 50.8987756886322 1
94 700 46.6103604799055 1
94 1000 25.7941222462437 1
95 0 92.8365379500818 1
95 200 72.3282899139083 1
95 400 52.5481151248543 1
95 500 42.6603620099554 1
95 700 31.6543569284621 1
95 1000 37.5842190352488 1
96 0 89.0002573695485 1
96 200 66.7958168322635 1
96 400 49.928234142711 1
96 500 46.1482005279223 1
96 700 35.5815519529768 1
96 1000 36.0260638492266 1
97 0 103.899211814028 1
97 200 71.5251137298967 1
97 400 56.7356086962366 1
97 500 41.1113147964876 1
97 700 28.5930302164141 1
97 1000 37.3595081535311 1
98 0 103.488397922592 1
98 200 76.0335369455917 1
98 400 45.9592557021809 1
98 500 53.3949495164748 1
98 700 38.7068887430526 1
98 1000 18.1449109582589 1
99 0 109.227193147535 1
99 200 83.4132730253272 1
99 400 59.8457137622208 1
99 500 49.9033685334646 1
99 700 46.8947073928384 1
99 1000 39.5662554802025 1
100 0 95.6726123722711 1
100 200 78.4245638908264 1
100 400 53.3429941541454 1
100 500 57.8522361979677 1
100 700 46.9789329395933 1
100 1000 30.5228645269382 1
