id dose eff group
1 0 97.3832017581646 0
1 200 103.930527502949 0
1 400 83.4123602701484 0
1 500 71.3076993590638 0
1 700 59.0321861364111 0
1 1000 41.0034820387681 0
2 0 86.340457073513 0
2 200 61.8913681977638 0
2 400 38.4944217643717 0
2 500 40.4935987567291 0
2 700 29.1156221862928 0
2 1000 36.3155584809825 0
3 0 92.4162323850144 0
3 200 76.9070607407613 0
3 400 66.9809423583136 0
3 500 51.127826506678 0
3 700 37.167434862471 0
3 1000 35.2602568907332 0
4 0 126.264866154886 0
4 200 110.736568879376 0
4 400 83.7952365643177 0
4 500 65.3210142434831 0
4 700 65.1588375136126 0
4 1000 52.5918133837464 0
5 0 93.9754830499924 0
5 200 87.7980351868887 0
5 400 76.2845724090351 0
5 500 60.9202909525555 0
5 700 44.1251396383617 0
5 1000 49.4164782422079 0
6 0 92.9102030671071 0
6 200 87.7480533177039 0
6 400 74.0072065145408 0
6 500 61.7356904016552 0
6 700 53.5785212872691 0
6 1000 51.0107110017223 0
7 0 110.239612129279 0
7 200 81.2351211228226 0
7 400 49.8956704043297 0
7 500 57.9643761065593 0
7 700 42.4036887112078 0
7 1000 42.5410316417297 0
8 0 89.7864608410661 0
8 200 81.1113154920737 0
8 400 71.5724427017232 0
8 500 67.5800835383299 0
8 700 56.4188640353534 0
8 1000 45.766117595316 0
9 0 96.4781808138007 0
9 200 81.9789063158239 0
9 400 59.4986140363666 0
9 500 56.7789949806628 0
9 700 49.7113507307517 0
9 1000 47.3787404629545 0
10 0 108.630074393596 0
10 200 95.6631035752855 0
10 400 76.8643412471216 0
10 500 86.1307267678659 0
10 700 64.9108338909029 0
10 1000 52.6668577852281 0
11 0 102.918617336462 0
11 200 79.8884084890828 0
11 400 79.2859341285832 0
11 500 63.7240722435812 0
11 700 65.0097062478398 0
11 1000 52.3324695790974 0
12 0 88.3506778824661 0
12 200 85.871629003388 0
12 400 66.7090357231681 0
12 500 70.9450238322174 0
12 700 59.4596470985695 0
12 1000 40.0918786186624 0
13 0 101.005112699566 0
13 200 88.8706899394119 0
13 400 64.7608847649045 0
13 500 58.9374438500647 0
13 700 43.6894607884803 0
13 1000 43.7951029846982 0
14 0 83.0912327606897 0
14 200 70.3006300820925 0
14 400 47.3563783243544 0
14 500 44.5729004275922 0
14 700 31.6969529786802 0
14 1000 40.1504482016703 0
15 0 93.4337502580253 0
15 200 73.1289094511885 0
15 400 58.9966909480639 0
15 500 56.1153243660457 0
15 700 39.5582995548318 0
15 1000 43.375313233935 0
16 0 109.660499119186 0
16 200 89.2246043054527 0
16 400 76.49891573181 0
16 500 69.5021556230172 0
16 700 49.9664848644563 0
16 1000 44.4249006049346 0
17 0 82.0782846228501 0
17 200 82.0654355787046 0
17 400 68.2406810713852 0
17 500 65.2706520953236 0
17 700 55.9585347487631 0
17 1000 49.3353480511763 0
18 0 103.720148207806 0
18 200 99.9036633684541 0
18 400 91.8935748407505 0
18 500 80.0963339603181 0
18 700 64.2602745918778 0
18 1000 48.5761299915314 0
19 0 100.731859379667 0
19 200 96.4205757200056 0
19 400 71.4023342645896 0
19 500 62.3888760422487 0
19 700 48.7314724384664 0
19 1000 46.4072029753186 0
20 0 113.488583132484 0
20 200 92.537728598621 0
20 400 74.5898460358473 0
20 500 66.8313556110616 0
20 700 51.1422981999253 0
20 1000 41.5064176185281 0
21 0 110.031048825228 0
21 200 110.728719757736 0
21 400 84.7353460287715 0
21 500 73.7862109863975 0
21 700 62.6128578281768 0
21 1000 52.9618337554327 0
22 0 77.4478771197417 0
22 200 79.1090147544854 0
22 400 72.2884227033832 0
22 500 50.6833625218854 0
22 700 42.4391171294946 0
22 1000 38.7840182563168 0
23 0 119.688441676654 0
23 200 97.9670968567103 0
23 400 73.3046148065414 0
23 500 66.9652810497673 0
23 700 61.299794766023 0
23 1000 43.389152778634 0
24 0 106.605470371045 0
24 200 105.954737417055 0
24 400 96.775912668211 0
24 500 79.395225210009 0
24 700 64.3456434865617 0
24 1000 48.431469931083 0
25 0 111.343531468419 0
25 200 101.300997890413 0
25 400 70.3807429568787 0
25 500 61.4062729230835 0
25 700 54.910292083211 0
25 1000 44.4208958608149 0
26 0 83.0793382032911 0
26 200 79.003844843951 0
26 400 64.5243398782663 0
26 500 62.8503411964518 0
26 700 47.393561952108 0
26 1000 51.8861705608548 0
27 0 109.562395204422 0
27 200 105.077838978084 0
27 400 80.2081665266857 0
27 500 79.240433037177 0
27 700 70.6028450773776 0
27 1000 52.2707146656405 0
28 0 109.18111124386 0
28 200 93.3750416248663 0
28 400 71.130699301881 0
28 500 64.326404799512 0
28 700 45.7851829827674 0
28 1000 46.5648776861718 0
29 0 102.766803424094 0
29 200 87.3358400746972 0
29 400 66.6605067803957 0
29 500 62.6567801563328 0
29 700 56.284599787454 0
29 1000 47.2504224749559 0
30 0 108.890803581763 0
30 200 90.0082831377055 0
30 400 67.7837716589342 0
30 500 59.3726283102346 0
30 700 50.1664860570706 0
30 1000 42.9928411828883 0
31 0 106.321139013934 0
31 200 92.3750987944839 0
31 400 79.3108178131709 0
31 500 75.3014782457527 0
31 700 64.868932944575 0
31 1000 51.3449449883948 0
32 0 103.29645277719 0
32 200 99.2160849859475 0
32 400 70.9266213745635 0
32 500 65.537923731953 0
32 700 53.7969627098018 0
32 1000 36.4749808862919 0
33 0 87.3130030852798 0
33 200 80.3690204571827 0
33 400 68.7514380893664 0
33 500 57.3401612854901 0
33 700 46.8305587533535 0
33 1000 38.4202247319083 0
34 0 91.5119370253915 0
34 200 77.3123974660281 0
34 400 66.9724522261499 0
34 500 64.5377808527374 0
34 700 50.6707215581941 0
34 1000 35.5868905912019 0
35 0 90.990305855589 0
35 200 89.2431896242449 0
35 400 59.8883236836662 0
35 500 55.1605569977464 0
35 700 49.2592344362566 0
35 1000 39.6272442665679 0
36 0 83.4620337518402 0
36 200 78.7440732623634 0
36 400 68.7307032682645 0
36 500 55.5355864143245 0
36 700 44.303278406636 0
36 1000 29.7316423650749 0
37 0 121.876545206731 0
37 200 104.376328085365 0
37 400 80.1535223900203 0
37 500 72.8898148432735 0
37 700 61.0799509165014 0
37 1000 49.7357765749144 0
38 0 89.0170084460349 0
38 200 75.4590093981212 0
38 400 74.4703597282375 0
38 500 61.2960066440105 0
38 700 58.2340895704064 0
38 1000 55.0686479504935 0
39 0 118.762624217392 0
39 200 117.029670415408 0
39 400 109.452271230732 0
39 500 106.216116442997 0
39 700 90.2590359834233 0
39 1000 77.4451989842702 0
40 0 107.027620788705 0
40 200 105.940147486528 0
40 400 102.137823005117 0
40 500 99.3583914731177 0
40 700 84.3498360901866 0
40 1000 70.837622070724 0
41 0 99.643241798995 0
41 200 87.4570441253583 0
41 400 75.5401772489463 0
41 500 56.5870525838806 0
41 700 44.2635733788105 0
41 1000 40.6716665154616 0
42 0 109.506971985748 0
42 200 93.2804413086314 0
42 400 88.1635561848436 0
42 500 71.8836976050006 0
42 700 65.4798381005416 0
42 1000 53.2020297659098 0
43 0 87.8715233610019 0
43 200 74.2181586830305 0
43 400 59.7259902125558 0
43 500 47.0448108532069 0
43 700 46.22149222922 0
43 1000 36.2782469663006 0
44 0 78.8080292339642 0
44 200 66.4223798999797 0
44 400 67.9619064676993 0
44 500 60.5831709045669 0
44 700 49.5435436474303 0
44 1000 36.2924806874436 0
45 0 84.0395508774027 0
45 200 84.5204034191992 0
45 400 80.7287268377181 0
45 500 67.050000602303 0
45 700 58.3050981635324 0
45 1000 55.6254611556477 0
46 0 118.439269614106 0
46 200 105.316303871984 0
46 400 86.9150445780364 0
46 500 83.8917891064324 0
46 700 76.6794389691078 0
46 1000 67.0106383365041 0
47 0 126.559579537468 0
47 200 115.983897323828 0
47 400 104.468553402807 0
47 500 79.0335782752224 0
47 700 62.3752021854107 0
47 1000 57.5827843355624 0
48 0 92.7280530142318 0
48 200 73.5297809539022 0
48 400 55.44140746616 0
48 500 49.9776517792137 0
48 700 32.043439085535 0
48 1000 35.1978795319822 0
49 0 98.6284708587435 0
49 200 85.4188601641112 0
49 400 60.0584548126533 0
49 500 60.2848213786801 0
49 700 44.4949898837323 0
49 1000 39.8514455814035 0
50 0 100.869061149792 0
50 200 89.0562570682099 0
50 400 68.4810468391185 0
50 500 50.6859237434308 0
50 700 36.2878797958002 0
50 1000 33.9136825485869 0
51 0 93.3217796683114 1
51 200 90.819259493678 1
51 400 69.0047045794554 1
51 500 65.4103935582618 1
51 700 48.7597375774987 1
51 1000 38.6340352564138 1
52 0 98.6063452845241 1
52 200 70.4306010740255 1
52 400 39.8472476658532 1
52 500 43.1909488716308 1
52 700 32.4653331346209 1
52 1000 40.0373171919964 1
53 0 107.968501768584 1
53 200 87.8936666370433 1
53 400 70.7213888514613 1
53 500 60.1827268809945 1
53 700 46.6549973308683 1
53 1000 45.7936523037222 1
54 0 79.1385912724139 1
54 200 56.9819555405037 1
54 400 33.0253721620557 1
54 500 40.6734241378329 1
54 700 34.6429215876637 1
54 1000 30.9562798147694 1
55 0 101.570708647339 1
55 200 84.4393593360948 1
55 400 57.6927278369233 1
55 500 50.6405793332514 1
55 700 47.0360708244516 1
55 1000 45.4828617048938 1
56 0 94.1973870292908 1
56 200 62.9628722142249 1
56 400 49.2710208742727 1
56 500 32.7904903484763 1
56 700 28.9946179294286 1
56 1000 23.5649567346993 1
57 0 106.137670816078 1
57 200 75.0386135150506 1
57 400 62.371375399603 1
57 500 52.8514253812456 1
57 700 37.066097889534 1
57 1000 31.1182189334945 1
58 0 90.6278432949261 1
58 200 63.1119693623752 1
58 400 50.9203781274609 1
58 500 44.8636669533275 1
58 700 28.0292042691285 1
58 1000 37.6485737322284 1
59 0 85.8709909172477 1
59 200 59.9037789266212 1
59 400 43.4711806471957 1
59 500 33.6940623451768 1
59 700 41.8556624098112 1
59 1000 36.6599700759267 1
60 0 111.460223705526 1
60 200 66.1305201713496 1
60 400 38.583003187392 1
60 500 38.1991933272481 1
60 700 36.3850642810139 1
60 1000 37.303294783666 1
61 0 93.3497769750422 1
61 200 64.7092067570938 1
61 400 43.4644092412717 1
61 500 39.3694809134577 1
61 700 33.2696247510413 1
61 1000 28.9305536644272 1
62 0 98.0624824077671 1
62 200 66.8768914952078 1
62 400 47.545221347274 1
62 500 41.5208829259298 1
62 700 42.698346848858 1
62 1000 35.1176986319911 1
63 0 113.276247244776 1
63 200 75.5354843432706 1
63 400 56.1977762435497 1
63 500 45.8123502107644 1
63 700 38.4548857977374 1
63 1000 31.9191801117152 1
64 0 87.8869098990689 1
64 200 56.9315524437175 1
64 400 35.812590315151 1
64 500 35.2032496372772 1
64 700 31.5593342100669 1
64 1000 25.2478471879864 1
65 0 89.0598620582662 1
65 200 76.231268996067 1
65 400 56.2769550775446 1
65 500 49.9435069415311 1
65 700 39.899135873308 1
65 1000 39.8780978061237 1
66 0 89.9773778742195 1
66 200 81.9106468766406 1
66 400 57.0560125113374 1
66 500 48.5946332503612 1
66 700 43.4622392482809 1
66 1000 35.9442449955108 1
67 0 94.1789046915209 1
67 200 77.9788527419911 1
67 400 59.9316129540436 1
67 500 48.2368671575379 1
67 700 45.376835768779 1
67 1000 33.1993564753074 1
68 0 101.018160078827 1
68 200 73.9919436156463 1
68 400 35.3858214875643 1
68 500 48.1662211413089 1
68 700 38.3573443624636 1
68 1000 43.8188080976162 1
69 0 86.6198481711382 1
69 200 76.6825740108967 1
69 400 48.8206690270329 1
69 500 50.4214465312338 1
69 700 40.17262182038 1
69 1000 37.6724207822775 1
70 0 97.8485238210714 1
70 200 80.1526184881573 1
70 400 50.4148298928125 1
70 500 51.557667568073 1
70 700 51.9701901861811 1
70 1000 40.9050947167246 1
71 0 117.5637686923 1
71 200 89.3598193272187 1
71 400 65.2143322551481 1
71 500 63.3509312635583 1
71 700 53.1137529341268 1
71 1000 38.3516746435131 1
72 0 120.752685989872 1
72 200 96.1882108105296 1
72 400 63.2711428834886 1
72 500 58.655755748155 1
72 700 36.737875059801 1
72 1000 43.229725113415 1
73 0 98.2177301126784 1
73 200 87.5491129780188 1
73 400 66.7007089469163 1
73 500 54.8368846657355 1
73 700 48.6917475032291 1
73 1000 35.7453939487759 1
74 0 99.3766263990629 1
74 200 91.1933247689329 1
74 400 72.7608883189178 1
74 500 63.6223226843318 1
74 700 57.20407545452 1
74 1000 44.9682161272656 1
75 0 90.9745065457353 1
75 200 73.7999228254298 1
75 400 49.2202424707683 1
75 500 51.9450035290833 1
75 700 43.2299715255826 1
75 1000 34.0064826277831 1
76 0 87.5297651641367 1
76 200 82.5163134855521 1
76 400 66.959952276151 1
76 500 47.1455069093826 1
76 700 40.7560777077964 1
76 1000 31.897737982128 1
77 0 103.233920912124 1
77 200 82.1576821155192 1
77 400 69.1804553213224 1
77 500 52.7643670093696 1
77 700 47.3869991369037 1
77 1000 51.0710209290693 1
78 0 93.0080595460567 1
78 200 67.0853362678556 1
78 400 60.4249939505841 1
78 500 50.8816740976002 1
78 700 41.0074835057973 1
78 1000 31.2699049595304 1
79 0 90.3077903356553 1
79 200 63.0646213792298 1
79 400 53.7561629417177 1
79 500 44.9944913474597 1
79 700 35.3585196767762 1
79 1000 38.3263020827338 1
80 0 113.933766568773 1
80 200 75.7986031178852 1
80 400 50.2652926963383 1
80 500 45.1537626183917 1
80 700 43.4020102221604 1
80 1000 39.5909084500942 1
81 0 120.621898012631 1
81 200 92.3269266576794 1
81 400 67.7618793494217 1
81 500 60.0020267984442 1
81 700 54.1887738355255 1
81 1000 41.2385126815537 1
82 0 101.29635939933 1
82 200 83.3008105068196 1
82 400 55.4479242938418 1
82 500 56.0659800958996 1
82 700 39.7560899167483 1
82 1000 34.4416218718342 1
83 0 113.797983259225 1
83 200 80.5517819867531 1
83 400 68.533265173143 1
83 500 48.5517509402738 1
83 700 39.3087486784984 1
83 1000 35.9616318709226 1
84 0 106.706662347735 1
84 200 69.9445771595483 1
84 400 42.9090638212451 1
84 500 31.2782064337861 1
84 700 43.4754715348355 1
84 1000 36.0365533353308 1
85 0 110.96841150971 1
85 200 90.261324595092 1
85 400 68.3089964447738 1
85 500 57.152350035736 1
85 700 43.6497838099465 1
85 1000 35.4837510958051 1
86 0 96.2324385003694 1
86 200 52.9845122759729 1
86 400 42.1074858284411 1
86 500 30.1358923914762 1
86 700 32.9513609080581 1
86 1000 29.2561194336079 1
87 0 109.009679255318 1
87 200 98.4924722575376 1
87 400 61.8432241326386 1
87 500 63.216627180888 1
87 700 38.7305408093332 1
87 1000 33.1506028219118 1
88 0 95.3324720785495 1
88 200 59.581208487518 1
88 400 42.0816668441506 1
88 500 40.0391016494387 1
88 700 33.4926095564955 1
88 1000 31.7229010350104 1
89 0 100.116245348025 1
89 200 72.6690879441413 1
89 400 53.468215605153 1
89 500 42.1145960720936 1
89 700 41.8583991204921 1
89 1000 34.7177784132261 1
90 0 93.8218245831204 1
90 200 69.7637262619148 1
90 400 42.1134275997527 1
90 500 39.4481964419339 1
90 700 31.0242852254143 1
90 1000 35.4676043173957 1
91 0 91.6768350170728 1
91 200 72.5983483626585 1
91 400 57.8184127454739 1
91 500 37.2788177052342 1
91 700 49.2807982029917 1
91 1000 42.1101763304756 1
92 0 106.090817573608 1
92 200 57.2043316552891 1
92 400 48.7334416006085 1
92 500 47.6141504489247 1
92 700 30.1783135587849 1
92 1000 43.4996611966216 1
93 0 91.620191065185 1
93 200 61.16728480146 1
93 400 47.689604429706 1
93 500 42.981198450968 1
93 700 40.4481070476101 1
93 1000 33.6960962006167 1
94 0 102.85895385993 1
94 200 77.2038588035501 1
94 400 62.6561790060582 1
94 500 46.9364144884339 1
94 700 35.7522642211986 1
94 1000 30.6474686721279 1
95 0 95.2799766682314 1
95 200 78.7024451603989 1
95 400 59.5032138400524 1
95 500 46.2561852982424 1
95 700 38.7319005078855 1
95 1000 35.8253413990733 1
96 0 98.3539145616264 1
96 200 75.1875138900958 1
96 400 48.6044633440229 1
96 500 41.3525582111038 1
96 700 36.0374915302484 1
96 1000 34.6308058909043 1
97 0 101.483548549477 1
97 200 75.1411578696623 1
97 400 56.6331152762431 1
97 500 49.0604597436849 1
97 700 38.8918120430904 1
97 1000 42.7990796196718 1
98 0 73.733879297219 1
98 200 59.4513561052667 1
98 400 47.4340549048061 1
98 500 36.2694015912985 1
98 700 34.3083961484784 1
98 1000 26.5955074680827 1
99 0 98.7364259136883 1
99 200 78.8942080315543 1
99 400 64.5248646640983 1
99 500 45.7341797778887 1
99 700 48.6290745855533 1
99 1000 39.1971412364447 1
100 0 105.947953558358 1
100 200 85.0772894047294 1
100 400 69.0431794481381 1
100 500 51.8256458907776 1
100 700 53.3356848581358 1
100 1000 47.9454613988576 1
