id dose eff group
1 0 83.9874741997214 0
1 200 68.6830654899606 0
1 400 51.1547134522371 0
1 500 39.9238294884606 0
1 700 42.4499977993735 0
1 1000 27.0129976539889 0
2 0 98.4543248443985 0
2 200 79.5289360540736 0
2 400 68.5704095956295 0
2 500 64.4631372543776 0
2 700 65.7804270437219 0
2 1000 59.9020435617409 0
3 0 95.2475523961207 0
3 200 86.0664393046096 0
3 400 70.8591569533213 0
3 500 62.466021441707 0
3 700 53.9494722307518 0
3 1000 46.1873098275451 0
4 0 126.771294624074 0
4 200 116.718148178517 0
4 400 91.2929433889401 0
4 500 86.8236301526709 0
4 700 81.5610579425113 0
4 1000 61.8902209577254 0
5 0 92.5419988795908 0
5 200 96.0072693399001 0
5 400 76.9717413580026 0
5 500 67.8269243933534 0
5 700 52.8544131622617 0
5 1000 49.5078424815723 0
6 0 107.503421103003 0
6 200 98.9377735197855 0
6 400 69.577415527642 0
6 500 64.8331047026637 0
6 700 55.2173942604259 0
6 1000 41.1499480820031 0
7 0 80.3471626819533 0
7 200 88.0753286543131 0
7 400 68.1932752523952 0
7 500 59.8361295005214 0
7 700 46.2811266470723 0
7 1000 49.5944009537404 0
8 0 91.4568346735236 0
8 200 74.9343070057179 0
8 400 49.2421780214029 0
8 500 44.7369012282769 0
8 700 42.1311821996914 0
8 1000 33.005729205416 0
9 0 90.7414098381034 0
9 200 76.1928121309236 0
9 400 59.0897348951459 0
9 500 55.7614330455125 0
9 700 59.9030148347194 0
9 1000 39.6738011849483 0
10 0 91.5834445274615 0
10 200 74.2031402903204 0
10 400 60.9172627463165 0
10 500 42.3521402250147 0
10 700 53.7681588500353 0
10 1000 39.5392888020582 0
11 0 85.5197215271168 0
11 200 84.8401889869634 0
11 400 74.8738306394933 0
11 500 69.3816572898372 0
11 700 57.0862768884956 0
11 1000 47.4799398403976 0
12 0 96.7334484822002 0
12 200 89.3368217726936 0
12 400 55.0469577046319 0
12 500 47.5705670008569 0
12 700 47.7720509127225 0
12 1000 33.7934949529628 0
13 0 116.039514163052 0
13 200 91.0132162335142 0
13 400 71.120807288201 0
13 500 61.6832794042013 0
13 700 51.9792805417618 0
13 1000 39.7069503473742 0
14 0 110.60588686741 0
14 200 90.4125814991861 0
14 400 70.801767534839 0
14 500 63.8755996122944 0
14 700 50.8632357858787 0
14 1000 45.1164316462341 0
15 0 88.8527812038137 0
15 200 87.0324665360779 0
15 400 73.5999488325279 0
15 500 69.1367819563595 0
15 700 55.3708076737533 0
15 1000 46.1638735484896 0
16 0 93.9935645987994 0
16 200 90.1917652079832 0
16 400 69.2026462902034 0
16 500 68.3691470772281 0
16 700 61.7727006169994 0
16 1000 51.0705062453561 0
17 0 111.126049423837 0
17 200 83.6379041990191 0
17 400 65.7735055897998 0
17 500 54.5706556146104 0
17 700 50.605752181563 0
17 1000 36.4678154147905 0
18 0 106.095295938039 0
18 200 88.9130459840661 0
18 400 63.9753299717677 0
18 500 57.3084707480241 0
18 700 52.2724775756253 0
18 1000 43.558848820129 0
19 0 95.0998467435418 0
19 200 89.9246640022213 0
19 400 81.1112117880658 0
19 500 71.4645139804611 0
19 700 57.9196210892564 0
19 1000 55.3482873682034 0
20 0 104.143342776508 0
20 200 86.8376642296494 0
20 400 85.9902572313683 0
20 500 64.5359105639745 0
20 700 65.0307572847979 0
20 1000 45.21371411021 0
21 0 105.867738284123 0
21 200 99.0504931782201 0
21 400 70.3007816933298 0
21 500 51.4880681634963 0
21 700 53.0043891503666 0
21 1000 48.9858348242708 0
22 0 101.193449351118 0
22 200 95.8234058883789 0
22 400 77.8802636642284 0
22 500 55.8480207741064 0
22 700 47.9322870662065 0
22 1000 48.1192239988128 0
23 0 118.651915326576 0
23 200 107.989261343595 0
23 400 93.3024733594022 0
23 500 86.9902192786515 0
23 700 68.9260372159345 0
23 1000 54.1022517581939 0
24 0 87.6609538494013 0
24 200 82.9182568540886 0
24 400 69.1033729349591 0
24 500 65.4295123949581 0
24 700 57.0963937591703 0
24 1000 54.091096234983 0
25 0 95.4028868922038 0
25 200 86.52758958171 0
25 400 65.6417434711649 0
25 500 59.5665503830276 0
25 700 49.9044764059878 0
25 1000 42.7921805969897 0
26 0 105.927026747868 0
26 200 86.5552079961431 0
26 400 64.5250061548249 0
26 500 59.3607459991182 0
26 700 46.667964494028 0
26 1000 35.4552951728174 0
27 0 105.73942733376 0
27 200 95.6656586061401 0
27 400 78.9619395257019 0
27 500 75.7598434618725 0
27 700 60.3390975174414 0
27 1000 49.9389860283094 0
28 0 100.195838765624 0
28 200 95.0501846621098 0
28 400 87.5089944120797 0
28 500 83.8647605062387 0
28 700 63.3494071266548 0
28 1000 57.6574877922692 0
29 0 88.8921795537283 0
29 200 85.737718363664 0
29 400 79.8677683085577 0
29 500 82.0963117296298 0
29 700 51.3332422944825 0
29 1000 48.5074658485176 0
30 0 87.6457231912535 0
30 200 64.4518347299068 0
30 400 59.9672387635018 0
30 500 45.5651524216582 0
30 700 33.3791329805666 0
30 1000 34.4186119741457 0
31 0 114.82403018676 0
31 200 101.559258627036 0
31 400 87.842431970586 0
31 500 81.024085028182 0
31 700 52.5973748839459 0
31 1000 39.9855558287512 0
32 0 91.0786038524508 0
32 200 93.0911590181322 0
32 400 69.4869562656628 0
32 500 58.0863303757077 0
32 700 46.3853045359027 0
32 1000 40.2837778279644 0
33 0 87.9801390156166 0
33 200 61.305423168127 0
33 400 37.8604674501872 0
33 500 37.7563968149255 0
33 700 29.4846474979602 0
33 1000 29.2552018397279 0
34 0 116.860875308985 0
34 200 83.1346718635258 0
34 400 59.1899342282766 0
34 500 44.9913653433065 0
34 700 42.0314959211938 0
34 1000 31.9440088741302 0
35 0 95.1792189884963 0
35 200 86.3592839215834 0
35 400 69.6750558562941 0
35 500 56.6908817736734 0
35 700 53.2285541319527 0
35 1000 39.1406384234148 0
36 0 98.5670979459398 0
36 200 90.397347378225 0
36 400 72.8901362623 0
36 500 47.796248978778 0
36 700 50.2407400143894 0
36 1000 35.4621637283825 0
37 0 88.6211667260718 0
37 200 72.584910444277 0
37 400 51.3744468390271 0
37 500 44.5054055802489 0
37 700 39.0447983060095 0
37 1000 40.4320594383687 0
38 0 110.089438268357 0
38 200 97.6771074735148 0
38 400 83.2550918452641 0
38 500 75.6932639435854 0
38 700 66.5828350772551 0
38 1000 50.7636025097017 0
39 0 102.270753782588 0
39 200 85.8812068468161 0
39 400 69.1870433243048 0
39 500 76.9039109430436 0
39 700 59.1221944022503 0
39 1000 47.1771602470908 0
40 0 103.61903724714 0
40 200 100.613110278577 0
40 400 78.8660586604521 0
40 500 77.0701577799413 0
40 700 70.0425815154572 0
40 1000 67.2243464977696 0
41 0 107.203406034414 0
41 200 79.4534746172487 0
41 400 52.6141666663942 0
41 500 54.3673838054845 0
41 700 37.169351824733 0
41 1000 30.906483012528 0
42 0 105.839579589038 0
42 200 101.927921350794 0
42 400 85.2819943843371 0
42 500 76.4242960458577 0
42 700 70.8870706247287 0
42 1000 46.0223988722253 0
43 0 100.034858805366 0
43 200 83.3594883987971 0
43 400 56.4905128357956 0
43 500 57.0057691278947 0
43 700 39.9566818723897 0
43 1000 41.115910301369 0
44 0 105.210108213705 0
44 200 104.126619004769 0
44 400 88.2493651003619 0
44 500 74.9962920449041 0
44 700 56.7501927062743 0
44 1000 52.8684169934665 0
45 0 105.668148358302 0
45 200 83.3601600611744 0
45 400 59.7086026177911 0
45 500 41.1293289899976 0
45 700 43.4724295597529 0
45 1000 41.357410162707 0
46 0 102.357816365498 0
46 200 92.2869412856789 0
46 400 85.0878519737351 0
46 500 62.8395259221557 0
46 700 51.4086345887283 0
46 1000 48.723470014359 0
47 0 94.4831018346317 0
47 200 93.6785439816917 0
47 400 78.4749117408315 0
47 500 65.312469161879 0
47 700 63.2442379866174 0
47 1000 44.1226670013562 0
48 0 94.7220045030136 0
48 200 78.0929470928888 0
48 400 61.6453485384015 0
48 500 56.5567776244491 0
48 700 39.3569456091474 0
48 1000 40.4352910399015 0
49 0 125.350594130601 0
49 200 117.438156285219 0
49 400 88.0704816853174 0
49 500 76.1228703501681 0
49 700 68.9003221878496 0
49 1000 46.1373549461283 0
50 0 118.167530327408 0
50 200 99.0899314918248 0
50 400 72.2132631305229 0
50 500 62.9841416838003 0
50 700 56.5016305311826 0
50 1000 53.3557673386009 0
51 0 99.5841414714429 1
51 200 89.2548675483693 1
51 400 72.2337404480658 1
51 500 66.1700441385028 1
51 700 57.0529102179558 1
51 1000 43.515596186251 1
52 0 118.604223625681 1
52 200 94.998157556609 1
52 400 61.8392088805296 1
52 500 52.1411706049523 1
52 700 48.1402462786983 1
52 1000 41.519166596814 1
53 0 100.21610731735 1
53 200 67.4732281520905 1
53 400 49.5268475425036 1
53 500 39.0068912011516 1
53 700 29.0876792432778 1
53 1000 44.0851530234435 1
54 0 86.4852528639277 1
54 200 82.0626606024154 1
54 400 47.8331899461779 1
54 500 46.2620781569371 1
54 700 29.1564095690451 1
54 1000 33.317290035645 1
55 0 92.5423105452187 1
55 200 74.7231603113646 1
55 400 51.0469313124637 1
55 500 53.3125159107363 1
55 700 37.7613320069801 1
55 1000 34.6713992954756 1
56 0 98.9568943742816 1
56 200 71.0385627210798 1
56 400 44.0097866503838 1
56 500 34.3860973792 1
56 700 37.3802581849756 1
56 1000 26.8723523583814 1
57 0 84.0075178691872 1
57 200 64.1790489108801 1
57 400 50.4854395955994 1
57 500 42.0187160983308 1
57 700 40.1950976090713 1
57 1000 29.3175292682549 1
58 0 91.4780099371117 1
58 200 63.7877767418635 1
58 400 39.771097011905 1
58 500 36.7726379169506 1
58 700 29.6395811883171 1
58 1000 22.0219222313086 1
59 0 82.9523024085314 1
59 200 72.9590529035437 1
59 400 50.7892131498752 1
59 500 47.303812853616 1
59 700 40.3394833744053 1
59 1000 39.8835238818054 1
60 0 103.461167418002 1
60 200 74.2267141415555 1
60 400 54.174257491047 1
60 500 51.534402592582 1
60 700 37.1424090896649 1
60 1000 31.997113588747 1
61 0 83.7590100592512 1
61 200 76.2148257971382 1
61 400 37.3494438747923 1
61 500 45.6887909272305 1
61 700 38.5310519028099 1
61 1000 27.6269682960042 1
62 0 108.092428201596 1
62 200 89.9462021048558 1
62 400 53.4475734210552 1
62 500 43.6180038155797 1
62 700 48.397143208662 1
62 1000 40.0056443345169 1
63 0 127.727695217785 1
63 200 97.4327713235438 1
63 400 64.1022159976838 1
63 500 55.7204630922505 1
63 700 51.3252251460821 1
63 1000 52.0147759564177 1
64 0 121.469699600528 1
64 200 119.572348132498 1
64 400 90.8309264312821 1
64 500 75.0994147862353 1
64 700 62.9332076881177 1
64 1000 52.8889131171841 1
65 0 112.889987429215 1
65 200 80.6330501429621 1
65 400 62.3086503212487 1
65 500 52.5652025451327 1
65 700 35.5474985319275 1
65 1000 39.7367361038718 1
66 0 110.654721873397 1
66 200 95.6696477389861 1
66 400 69.640429273834 1
66 500 60.0731171266293 1
66 700 45.5358501072243 1
66 1000 48.8949569662395 1
67 0 110.394689021721 1
67 200 89.3354443175416 1
67 400 55.7380000834697 1
67 500 45.5062405214051 1
67 700 48.0440500251914 1
67 1000 39.3960527930043 1
68 0 81.680706302997 1
68 200 78.8275698830965 1
68 400 52.8446787335334 1
68 500 42.7103963050985 1
68 700 35.2273105784404 1
68 1000 40.4924432556077 1
69 0 98.4421063955961 1
69 200 61.7659436951817 1
69 400 44.244161018411 1
69 500 37.379444247471 1
69 700 48.5755094251727 1
69 1000 33.2217639380531 1
70 0 95.4873839748405 1
70 200 60.9480887313009 1
70 400 43.6767014890855 1
70 500 31.249389256823 1
70 700 27.3556823820239 1
70 1000 34.4526111027649 1
71 0 121.264400482322 1
71 200 94.5502747989984 1
71 400 55.4804173756847 1
71 500 60.6397618189452 1
71 700 42.0774251257466 1
71 1000 48.5466994548636 1
72 0 99.9943826204463 1
72 200 63.8953650555162 1
72 400 54.8594590525202 1
72 500 66.1136647603606 1
72 700 33.3582247029378 1
72 1000 37.2425640798981 1
73 0 93.8792669576385 1
73 200 49.3406144270155 1
73 400 40.3194286570012 1
73 500 33.6063949382176 1
73 700 23.2198807296671 1
73 1000 28.5200390579227 1
74 0 90.266184297883 1
74 200 89.7900880081487 1
74 400 64.9641438652687 1
74 500 49.4470702207991 1
74 700 44.4180093735658 1
74 1000 37.613816435543 1
75 0 96.768225700864 1
75 200 53.7518415634453 1
75 400 46.7591720635351 1
75 500 42.9952158607228 1
75 700 35.1800132693487 1
75 1000 32.8273850517398 1
76 0 100.517137623466 1
76 200 70.5118806074265 1
76 400 39.2620910670256 1
76 500 48.3702963654837 1
76 700 36.0392688929073 1
76 1000 28.8269918967746 1
77 0 133.474341444441 1
77 200 93.8670803751547 1
77 400 52.8768359387676 1
77 500 57.3873366337669 1
77 700 46.0256833799253 1
77 1000 40.2226516988362 1
78 0 126.28486267503 1
78 200 85.470097485737 1
78 400 66.2580160869616 1
78 500 50.9812814374714 1
78 700 47.8449713467623 1
78 1000 37.0899179316169 1
79 0 90.3597145667016 1
79 200 70.1356502115844 1
79 400 46.7771869093944 1
79 500 38.3628257565961 1
79 700 32.1956290835476 1
79 1000 29.9397518154993 1
80 0 114.341073608072 1
80 200 87.7588313338059 1
80 400 72.0402906274877 1
80 500 52.9078179743469 1
80 700 53.4073570953543 1
80 1000 35.0200588306538 1
81 0 90.8143389755106 1
81 200 68.4240315195015 1
81 400 42.8783177373197 1
81 500 36.674454291989 1
81 700 32.2995628394271 1
81 1000 28.8345030285099 1
82 0 86.0087879715192 1
82 200 86.443407853116 1
82 400 72.1590118978502 1
82 500 57.9084036328064 1
82 700 40.9389638367107 1
82 1000 36.633604565881 1
83 0 92.7246417599024 1
83 200 66.9574093678543 1
83 400 59.1037733905203 1
83 500 34.8176862173083 1
83 700 40.4734900161393 1
83 1000 39.1686045663629 1
84 0 109.137325306804 1
84 200 81.1073239669124 1
84 400 59.3441172616008 1
84 500 46.6881267296418 1
84 700 43.507917002593 1
84 1000 43.1595445643942 1
85 0 108.31845425306 1
85 200 77.8229544014855 1
85 400 47.9283217084924 1
85 500 41.1328667206931 1
85 700 35.2326486387515 1
85 1000 19.6127849559651 1
86 0 89.5479884855651 1
86 200 64.49559558651 1
86 400 39.3943201088087 1
86 500 36.59459537955 1
86 700 37.8925532814806 1
86 1000 29.4147611300721 1
87 0 112.371023093173 1
87 200 88.8969946510184 1
87 400 59.5896086880938 1
87 500 51.3271395155789 1
87 700 49.6713004455331 1
87 1000 44.2750265728674 1
88 0 88.6375122856259 1
88 200 73.8034686903261 1
88 400 51.8586934228653 1
88 500 49.76645292144 1
88 700 41.0080236018793 1
88 1000 36.9004104866938 1
89 0 101.639987979902 1
89 200 64.764252971713 1
89 400 48.7246716567816 1
89 500 37.2725638187624 1
89 700 33.2969303623154 1
89 1000 39.5227823434821 1
90 0 96.1231039015702 1
90 200 83.4917921313955 1
90 400 68.0223022990127 1
90 500 57.403035231413 1
90 700 51.7572425376318 1
90 1000 40.6841167783559 1
91 0 109.806661621891 1
91 200 71.702127578269 1
91 400 46.202757537474 1
91 500 46.3827922315442 1
91 700 43.5771731108129 1
91 1000 34.3237168152247 1
92 0 102.355441521254 1
92 200 94.6186379085994 1
92 400 73.1640393876528 1
92 500 61.829308734163 1
92 700 50.2752994373166 1
92 1000 39.9920067771828 1
93 0 97.8605104852275 1
93 200 68.8109413662355 1
93 400 54.0074074651508 1
93 500 47.6340484706035 1
93 700 34.8547259127231 1
93 1000 33.1609281461944 1
94 0 91.4928714331061 1
94 200 66.0465871200315 1
94 400 42.2355164264651 1
94 500 41.6923261453745 1
94 700 34.1656704622935 1
94 1000 29.9402576721341 1
95 0 115.745177059973 1
95 200 80.8235738468066 1
95 400 51.1420581382656 1
95 500 52.558041557112 1
95 700 41.6815712782318 1
95 1000 35.1743890036943 1
96 0 92.4983029008909 1
96 200 54.7300389919619 1
96 400 36.7100794875412 1
96 500 35.9560984503696 1
96 700 37.3536626538921 1
96 1000 36.8881470549918 1
97 0 107.007641158217 1
97 200 83.2545414692105 1
97 400 61.9397753518166 1
97 500 61.0774962034749 1
97 700 45.859645850366 1
97 1000 34.5542387535339 1
98 0 107.513234124418 1
98 200 64.5176912770336 1
98 400 49.9938372774097 1
98 500 42.6807551052665 1
98 700 44.3866192858765 1
98 1000 35.899711634943 1
99 0 89.654769674934 1
99 200 74.4338825163308 1
99 400 44.730500592208 1
99 500 39.0642289139981 1
99 700 41.0724940574175 1
99 1000 41.9457514315137 1
100 0 92.0761646642849 1
100 200 64.641378655027 1
100 400 51.0319411541836 1
100 500 39.3375642000978 1
100 700 40.0315982572323 1
100 1000 29.7121842307414 1
