id dose eff group
1 0 85.1565167422245 0
1 200 78.8335211846827 0
1 400 59.3497542991679 0
1 500 59.0886509511441 0
1 700 47.0118271013674 0
1 1000 49.0395001833704 0
2 0 108.207406804192 0
2 200 99.9248716111275 0
2 400 76.0059051367344 0
2 500 78.3258901292321 0
2 700 56.3676682235976 0
2 1000 49.713546127682 0
3 0 96.2834423535636 0
3 200 89.8482173585835 0
3 400 66.8829568127784 0
3 500 53.3849399309877 0
3 700 38.4108118615927 0
3 1000 39.111042370594 0
4 0 102.991501799391 0
4 200 83.3464029498848 0
4 400 64.3822112989625 0
4 500 51.6474785975525 0
4 700 39.1926067201023 0
4 1000 36.2747249988564 0
5 0 90.301124564401 0
5 200 97.3952961149165 0
5 400 86.2588382145873 0
5 500 82.3509589496516 0
5 700 64.9901530597428 0
5 1000 53.6321350426611 0
6 0 118.186395842283 0
6 200 84.8254877435675 0
6 400 58.4267120113667 0
6 500 53.6827861401636 0
6 700 46.8805796612547 0
6 1000 41.2075361059964 0
7 0 90.2078411171425 0
7 200 85.7969022357942 0
7 400 66.419645172081 0
7 500 67.6930512324395 0
7 700 63.4269257302976 0
7 1000 49.4709271591814 0
8 0 107.134894908626 0
8 200 84.0581353374165 0
8 400 59.5993893711547 0
8 500 51.6007965369355 0
8 700 46.1767157157332 0
8 1000 46.3196544774831 0
9 0 102.757626179271 0
9 200 78.1826799249161 0
9 400 60.1652922898637 0
9 500 46.6365552961896 0
9 700 37.7629344629419 0
9 1000 38.0643221007937 0
10 0 86.6114911153627 0
10 200 86.4880803296701 0
10 400 65.7924928621112 0
10 500 70.1363973985564 0
10 700 57.9635730155115 0
10 1000 34.4588079264824 0
11 0 87.8877662434332 0
11 200 86.5190297806587 0
11 400 54.6690802229477 0
11 500 52.3510455101899 0
11 700 50.3183850159872 0
11 1000 31.0834686350668 0
12 0 104.338427450609 0
12 200 96.4556665726422 0
12 400 64.9589771893689 0
12 500 70.8376082511179 0
12 700 51.3759780499121 0
12 1000 44.7499749291233 0
13 0 115.632612669831 0
13 200 96.3651066586878 0
13 400 75.5901725790219 0
13 500 66.0110630493918 0
13 700 50.4072509007922 0
13 1000 56.6621097909711 0
14 0 104.085098865044 0
14 200 94.1987938917691 0
14 400 76.0549663833794 0
14 500 63.8892315376035 0
14 700 55.536576865994 0
14 1000 47.7027433094495 0
15 0 103.323833933127 0
15 200 92.850950350794 0
15 400 71.0454858402496 0
15 500 60.7336180698106 0
15 700 64.7332979501263 0
15 1000 48.0723773547092 0
16 0 78.2265251728968 0
16 200 73.9814584355672 0
16 400 48.5084932178941 0
16 500 49.7946217434479 0
16 700 38.1481174054547 0
16 1000 34.1997138593541 0
17 0 100.269910231158 0
17 200 86.1186533681413 0
17 400 72.7342820011025 0
17 500 74.8118016761076 0
17 700 46.8892319772308 0
17 1000 43.5754788027589 0
18 0 101.264174450572 0
18 200 78.1568305965174 0
18 400 56.5714508142524 0
18 500 47.4670242984124 0
18 700 34.99414895139 0
18 1000 34.2851923097984 0
19 0 95.5512957644421 0
19 200 89.5165056844519 0
19 400 81.4367421927923 0
19 500 72.8457728208249 0
19 700 57.8844802941678 0
19 1000 40.9398488877188 0
20 0 89.1587630141822 0
20 200 85.3499250229425 0
20 400 70.5114814849719 0
20 500 52.6873490880001 0
20 700 40.9355645119841 0
20 1000 47.2501862329943 0
21 0 91.9104657112148 0
21 200 77.8849125589902 0
21 400 71.2128886364189 0
21 500 57.6575543976329 0
21 700 51.53550659957 0
21 1000 52.8573756307389 0
22 0 94.204190511896 0
22 200 86.1996778532376 0
22 400 64.7684960442142 0
22 500 50.8806582683388 0
22 700 54.5573635041725 0
22 1000 45.8799742017684 0
23 0 104.330934318319 0
23 200 98.9757227264681 0
23 400 73.6198585073221 0
23 500 58.7281316148876 0
23 700 54.9803919555819 0
23 1000 41.6976249187364 0
24 0 97.2362119482061 0
24 200 100.778187819597 0
24 400 74.3574640250204 0
24 500 70.5625487979984 0
24 700 53.0969620748846 0
24 1000 49.3552384929449 0
25 0 88.4199546279507 0
25 200 87.0747530758164 0
25 400 70.6376956115871 0
25 500 66.6640193437635 0
25 700 59.2963148174985 0
25 1000 35.5521240109784 0
26 0 88.6322747484958 0
26 200 79.8527718610619 0
26 400 62.8112174142169 0
26 500 55.6139933518063 0
26 700 44.1442404100317 0
26 1000 33.1160701977713 0
27 0 89.1570647555944 0
27 200 71.4447656755463 0
27 400 52.0297760796066 0
27 500 46.2513655613822 0
27 700 49.8952894112739 0
27 1000 42.8691692667621 0
28 0 108.008571196501 0
28 200 98.6637541642014 0
28 400 85.0024077562165 0
28 500 73.1038101681442 0
28 700 60.8730922732953 0
28 1000 50.4806856769695 0
29 0 99.0469617372389 0
29 200 82.3155977652064 0
29 400 67.927722878436 0
29 500 60.0224121334344 0
29 700 50.3451702041172 0
29 1000 40.7399313919311 0
30 0 108.370544454205 0
30 200 100.451469689846 0
30 400 84.030307017196 0
30 500 65.4228778993887 0
30 700 50.1525242994822 0
30 1000 49.9625666012209 0
31 0 98.3260277504812 0
31 200 87.5257890814729 0
31 400 71.9898583936292 0
31 500 68.2468827228418 0
31 700 54.5609144296592 0
31 1000 45.5465553137396 0
32 0 110.995763707097 0
32 200 93.7182741598374 0
32 400 78.5353668499703 0
32 500 73.3542756008088 0
32 700 60.1357211529219 0
32 1000 49.3579524126623 0
33 0 86.2996254768347 0
33 200 76.455823275465 0
33 400 58.5596533045465 0
33 500 60.0812800767633 0
33 700 44.359668066304 0
33 1000 32.8093908134753 0
34 0 94.3928661527695 0
34 200 84.8778302383672 0
34 400 78.2749018130712 0
34 500 59.4014482154105 0
34 700 51.976323278953 0
34 1000 52.8992576375333 0
35 0 101.411934937038 0
35 200 96.7125124501681 0
35 400 83.0191746217622 0
35 500 69.1289932465702 0
35 700 51.8129252394724 0
35 1000 52.9865244238347 0
36 0 107.753717514103 0
36 200 106.631025629256 0
36 400 84.4249482094239 0
36 500 92.9567547881664 0
36 700 75.0993556704557 0
36 1000 59.3846235094379 0
37 0 88.4232030051323 0
37 200 71.1168173986834 0
37 400 55.639481842207 0
37 500 50.5608204832389 0
37 700 31.5050818036285 0
37 1000 31.9822609747265 0
38 0 83.0332365080448 0
38 200 72.6918416702316 0
38 400 59.7898706022957 0
38 500 44.3616393358972 0
38 700 38.066593282053 0
38 1000 42.4289399129647 0
39 0 90.9500341908997 0
39 200 84.6751482612296 0
39 400 72.9873451071623 0
39 500 56.1638860341052 0
39 700 48.1821076588273 0
39 1000 45.327052870511 0
40 0 103.725406936344 0
40 200 101.048794842654 0
40 400 83.4680457047978 0
40 500 72.0941132096146 0
40 700 63.7762372453164 0
40 1000 62.8257608326747 0
41 0 86.4295896764788 0
41 200 86.5683849735782 0
41 400 61.4840942924065 0
41 500 52.3405303233377 0
41 700 48.1337716103142 0
41 1000 40.1354400870415 0
42 0 106.382624364706 0
42 200 91.8352267877051 0
42 400 77.3528696682734 0
42 500 68.0166553679407 0
42 700 50.0114532099906 0
42 1000 45.2859772191072 0
43 0 84.3980407276601 0
43 200 68.5039301031896 0
43 400 61.0210402640224 0
43 500 45.8088298955844 0
43 700 43.8605712019922 0
43 1000 31.0710785163468 0
44 0 92.7259362777612 0
44 200 87.4657628870241 0
44 400 72.5536401083723 0
44 500 75.230413580034 0
44 700 57.4206066073378 0
44 1000 48.5769223780668 0
45 0 87.142244981465 0
45 200 84.3077546892573 0
45 400 69.9044338554103 0
45 500 56.682742475962 0
45 700 37.5929604690284 0
45 1000 34.1136152301922 0
46 0 92.001930436507 0
46 200 82.2901616864987 0
46 400 68.7226075333035 0
46 500 59.0418715013052 0
46 700 54.851469287923 0
46 1000 41.0306479009013 0
47 0 85.8929956696624 0
47 200 85.2525733243756 0
47 400 67.8876020038978 0
47 500 57.2089915749699 0
47 700 51.6424683429124 0
47 1000 41.9751145407203 0
48 0 101.70977497944 0
48 200 88.5899939280229 0
48 400 69.0185280831581 0
48 500 83.61244871397 0
48 700 59.2465860892625 0
48 1000 54.8130470210504 0
49 0 108.27627850145 0
49 200 97.859553997223 0
49 400 73.9382124935434 0
49 500 64.0386924702223 0
49 700 45.2378083637765 0
49 1000 35.4078469940672 0
50 0 92.2199804148947 0
50 200 61.3159911955392 0
50 400 47.6829269838598 0
50 500 50.612207757907 0
50 700 37.478771850445 0
50 1000 30.7091900999171 0
51 0 102.817040412949 1
51 200 88.8690428092313 1
51 400 63.9225452240766 1
51 500 51.0366631931939 1
51 700 35.9533529250803 1
51 1000 53.429559885986 1
52 0 92.9762328775341 1
52 200 74.869875215921 1
52 400 60.6564853806589 1
52 500 57.9530648903286 1
52 700 46.3079754893606 1
52 1000 43.4822924169023 1
53 0 102.966641184485 1
53 200 83.8629308433912 1
53 400 56.0612520454316 1
53 500 49.4672141064447 1
53 700 33.4943390386784 1
53 1000 39.5504736958004 1
54 0 99.5312810552914 1
54 200 85.8086070206673 1
54 400 59.5855758003295 1
54 500 48.5731981228087 1
54 700 36.1751918599699 1
54 1000 40.7797055661834 1
55 0 108.1382686783 1
55 200 71.962384930547 1
55 400 44.2907076656951 1
55 500 40.8173237506301 1
55 700 39.2189880344978 1
55 1000 31.1845244138863 1
56 0 81.5095754575097 1
56 200 62.9190410642015 1
56 400 47.4663138248832 1
56 500 40.1627304635226 1
56 700 39.0586221963379 1
56 1000 36.1252716020815 1
57 0 94.1044094518329 1
57 200 84.320553152188 1
57 400 50.7568765467246 1
57 500 50.2491800287876 1
57 700 36.7479784647576 1
57 1000 30.2052745237631 1
58 0 92.4657258950101 1
58 200 48.6219245556854 1
58 400 37.4098222751155 1
58 500 35.2027494294956 1
58 700 22.5419021931109 1
58 1000 30.2683368755261 1
59 0 119.3202558682 1
59 200 86.4640300227112 1
59 400 63.8510773091997 1
59 500 59.9059901221685 1
59 700 55.9429452430442 1
59 1000 47.2489416930182 1
60 0 94.4638142220311 1
60 200 77.3069742319343 1
60 400 44.7794689760112 1
60 500 48.6524411238272 1
60 700 44.3341844050016 1
60 1000 34.5428809117699 1
61 0 91.1517340528093 1
61 200 66.1241875662047 1
61 400 43.1959557795562 1
61 500 34.546998471568 1
61 700 30.4281697687591 1
61 1000 25.6735878010817 1
62 0 95.3844298881589 1
62 200 74.5661199979638 1
62 400 61.1234410326102 1
62 500 47.8412037775758 1
62 700 45.4073037267288 1
62 1000 36.9248926886644 1
63 0 102.250615269929 1
63 200 92.3485482284129 1
63 400 65.9044634974392 1
63 500 64.0714306545601 1
63 700 63.5228170508123 1
63 1000 48.1675099399004 1
64 0 88.2196817912046 1
64 200 63.9875213989734 1
64 400 54.0770965593844 1
64 500 40.9220508383593 1
64 700 36.3201160710341 1
64 1000 28.9019907690424 1
65 0 86.2514322765456 1
65 200 60.1240580690615 1
65 400 47.9676787479462 1
65 500 39.1339925607447 1
65 700 28.6431028749984 1
65 1000 23.6970270766991 1
66 0 96.4146590543956 1
66 200 67.5323349499763 1
66 400 55.5499897545006 1
66 500 45.7144419371625 1
66 700 34.0761513701381 1
66 1000 33.5683190192715 1
67 0 93.1370724331466 1
67 200 63.754939964077 1
67 400 36.9975168182032 1
67 500 43.4124713761483 1
67 700 26.2198096740017 1
67 1000 36.8059222973992 1
68 0 111.985320729836 1
68 200 113.464027945718 1
68 400 96.2634814567853 1
68 500 79.451018471511 1
68 700 65.1022606078107 1
68 1000 52.7148795881381 1
69 0 104.405076045407 1
69 200 78.5213031465425 1
69 400 50.5868261222823 1
69 500 45.1279533664495 1
69 700 44.6439001673389 1
69 1000 32.8299388714537 1
70 0 100.672204098014 1
70 200 69.0377059702876 1
70 400 47.8589916311019 1
70 500 32.2294450126111 1
70 700 28.4671978449888 1
70 1000 32.3712053460993 1
71 0 97.9549449538149 1
71 200 85.1316303023708 1
71 400 61.2805363755256 1
71 500 50.6936603895539 1
71 700 47.1167935179311 1
71 1000 41.1359930720758 1
72 0 84.1686498854981 1
72 200 69.8164770885443 1
72 400 45.1036027696558 1
72 500 34.0578167332641 1
72 700 26.1391225038263 1
72 1000 31.0012886516263 1
73 0 102.419792730779 1
73 200 69.4931102980331 1
73 400 41.955527427533 1
73 500 39.8423733021096 1
73 700 23.2480538584769 1
73 1000 32.1599731633798 1
74 0 100.830955669993 1
74 200 54.7055208115366 1
74 400 27.2177418648582 1
74 500 34.4969346047481 1
74 700 30.1439786187539 1
74 1000 23.1369400972498 1
75 0 108.338455682882 1
75 200 66.9998734078137 1
75 400 47.694431236047 1
75 500 47.3348006203692 1
75 700 32.8627524645208 1
75 1000 37.8987610035454 1
76 0 76.0570817329495 1
76 200 57.478176059324 1
76 400 48.5869222187985 1
76 500 44.901547012997 1
76 700 36.9705460131844 1
76 1000 26.1388523959762 1
77 0 102.037065653717 1
77 200 86.118013383031 1
77 400 55.6623315867484 1
77 500 47.7225247806241 1
77 700 42.9562042985726 1
77 1000 34.9918005960364 1
78 0 88.4219804266329 1
78 200 66.8459820329499 1
78 400 42.2224216124652 1
78 500 36.4573175095793 1
78 700 27.7737709477404 1
78 1000 38.7380935666146 1
79 0 83.0077102793179 1
79 200 65.4356472277753 1
79 400 54.1390507269368 1
79 500 40.1565845229938 1
79 700 40.5077843251071 1
79 1000 39.8105040868102 1
80 0 106.029707269782 1
80 200 85.7967093489313 1
80 400 55.7942873787318 1
80 500 55.0916256218582 1
80 700 47.0502077869092 1
80 1000 37.8782977694216 1
81 0 89.0355024194782 1
81 200 75.5499895656946 1
81 400 62.5053548881471 1
81 500 61.062329268633 1
81 700 51.7095047162147 1
81 1000 29.8064808907332 1
82 0 108.878149347364 1
82 200 71.4824093342907 1
82 400 49.0889006846283 1
82 500 45.268722921087 1
82 700 42.2492291951588 1
82 1000 30.4645982653584 1
83 0 71.1120041467877 1
83 200 75.7926810283673 1
83 400 53.9345329229795 1
83 500 38.872321302442 1
83 700 36.5106107287123 1
83 1000 30.1768157610271 1
84 0 82.7545835511589 1
84 200 84.5882256678222 1
84 400 63.4354070266041 1
84 500 61.985765389778 1
84 700 55.0805192720076 1
84 1000 45.0643679568375 1
85 0 93.9739482234366 1
85 200 85.1016317568754 1
85 400 75.8127185869194 1
85 500 80.5399916312514 1
85 700 62.9731679502268 1
85 1000 51.2562016108237 1
86 0 89.6394395462593 1
86 200 73.8455472367256 1
86 400 44.8751226841417 1
86 500 42.9573006993 1
86 700 40.7535944975176 1
86 1000 38.5588499748358 1
87 0 96.3494570403756 1
87 200 54.0861119874999 1
87 400 38.8323079755894 1
87 500 39.0911654968154 1
87 700 33.2877340423156 1
87 1000 27.7661594737337 1
88 0 96.3962676638559 1
88 200 76.96468902771 1
88 400 59.6325373291518 1
88 500 46.5621805067346 1
88 700 39.7398885656937 1
88 1000 41.2793234650503 1
89 0 97.7098895287819 1
89 200 70.385297814524 1
89 400 47.120095991865 1
89 500 47.7427439737033 1
89 700 31.330160827795 1
89 1000 45.7404769337311 1
90 0 93.3831708520605 1
90 200 64.4162772796852 1
90 400 39.3744530750264 1
90 500 25.0723638200589 1
90 700 36.7438902873389 1
90 1000 26.861688933164 1
91 0 98.7026130204606 1
91 200 62.0928837035083 1
91 400 37.8484616251998 1
91 500 43.8900745297038 1
91 700 33.1252440527519 1
91 1000 35.4418855536622 1
92 0 98.575358031087 1
92 200 85.7687355598299 1
92 400 58.0847316803554 1
92 500 52.9777830515179 1
92 700 46.1143699163345 1
92 1000 38.2073042768818 1
93 0 119.086241976115 1
93 200 108.070645111828 1
93 400 86.702471204851 1
93 500 74.2910059382977 1
93 700 62.4281642335429 1
93 1000 45.8747268203836 1
94 0 110.996830884366 1
94 200 72.5449254703312 1
94 400 47.3368865118592 1
94 500 44.8372940960229 1
94 700 47.5104606903636 1
94 1000 44.7061345221969 1
95 0 88.1292733254314 1
95 200 69.3830968272343 1
95 400 56.2608975168976 1
95 500 44.0904171188982 1
95 700 44.8644363157972 1
95 1000 35.482479443808 1
96 0 85.2464386721204 1
96 200 69.466873171462 1
96 400 39.6421220532996 1
96 500 33.2403624853215 1
96 700 35.297038752593 1
96 1000 37.9173725536914 1
97 0 89.2428669206684 1
97 200 69.0901126919683 1
97 400 52.5495863091568 1
97 500 38.7344573696174 1
97 700 33.9020185565294 1
97 1000 36.0564062498755 1
98 0 98.4190767088794 1
98 200 91.2672159915525 1
98 400 65.2956132378888 1
98 500 70.4463565622556 1
98 700 54.1670942600343 1
98 1000 43.0697492871879 1
99 0 93.508303718289 1
99 200 77.5334607010585 1
99 400 47.6909898718425 1
99 500 35.789587496887 1
99 700 42.8580881878166 1
99 1000 35.5494942262621 1
100 0 84.7241317486994 1
100 200 63.8934830811911 1
100 400 54.2426554661641 1
100 500 45.7956565917149 1
100 700 29.5184291609939 1
100 1000 29.7367956522751 1
