id dose eff group
1 0 107.59948480488 0
1 200 92.2640796576179 0
1 400 85.8203862200163 0
1 500 79.45610691938 0
1 700 59.5583755063083 0
1 1000 60.3685500094755 0
2 0 112.393618641553 0
2 200 95.6296723497974 0
2 400 77.1156523756027 0
2 500 71.7514159079738 0
2 700 57.5702545114684 0
2 1000 51.6957432458107 0
3 0 81.5644950422951 0
3 200 84.0180192033144 0
3 400 80.9778347205294 0
3 500 80.3548301354853 0
3 700 61.6592105028181 0
3 1000 46.372979744049 0
4 0 113.741581313445 0
4 200 88.3355789569131 0
4 400 68.1982911635516 0
4 500 67.1980374602367 0
4 700 67.9517163310771 0
4 1000 44.2261757566524 0
5 0 76.0047865873524 0
5 200 91.1243503205861 0
5 400 75.1546539190775 0
5 500 61.2809699174847 0
5 700 52.8291782325247 0
5 1000 43.0141992205065 0
6 0 98.5357882360776 0
6 200 90.0012551216988 0
6 400 80.619849392418 0
6 500 70.2523522931032 0
6 700 59.9229499480821 0
6 1000 43.0679674401628 0
7 0 106.860490069455 0
7 200 99.0764764198094 0
7 400 83.9139847543598 0
7 500 75.7978762094515 0
7 700 65.1797051032677 0
7 1000 50.9956741978696 0
8 0 109.331197852419 0
8 200 100.810981993877 0
8 400 81.5799646511626 0
8 500 76.6290781163698 0
8 700 64.4076377101723 0
8 1000 46.2395770147143 0
9 0 99.1272294682601 0
9 200 90.994028380726 0
9 400 80.2126572187706 0
9 500 76.8700443203212 0
9 700 49.7099915060601 0
9 1000 53.0598619831171 0
10 0 98.0290091558887 0
10 200 92.9621205482839 0
10 400 78.8372883195977 0
10 500 61.9615108310187 0
10 700 58.9334764477808 0
10 1000 38.4506209379303 0
11 0 95.7218139291912 0
11 200 87.6530941861083 0
11 400 78.9968499347292 0
11 500 68.0197293914165 0
11 700 60.1271532371052 0
11 1000 41.9673547479317 0
12 0 112.760278266551 0
12 200 104.007821932545 0
12 400 89.1231285192599 0
12 500 81.6103506978613 0
12 700 62.2257157693695 0
12 1000 60.84319705622 0
13 0 91.3638313779428 0
13 200 86.3601689112254 0
13 400 80.5004080995702 0
13 500 65.9224681007274 0
13 700 59.2154272902985 0
13 1000 43.6833832527732 0
14 0 119.088040124114 0
14 200 101.397472556187 0
14 400 83.5757251156824 0
14 500 71.0479996341373 0
14 700 62.959769970258 0
14 1000 56.2562359782432 0
15 0 87.6314314958624 0
15 200 70.5532999877634 0
15 400 53.5583080249469 0
15 500 53.1415742726622 0
15 700 47.5163930759124 0
15 1000 30.9252808086916 0
16 0 99.9815069095469 0
16 200 102.587572356636 0
16 400 83.9272896571555 0
16 500 75.9555084646967 0
16 700 56.6309773277664 0
16 1000 49.1691617727742 0
17 0 105.103489833453 0
17 200 85.9431050303462 0
17 400 72.7466077703122 0
17 500 69.6309685335692 0
17 700 67.4815141885338 0
17 1000 44.3950265698535 0
18 0 105.836091743874 0
18 200 107.707390498201 0
18 400 81.3021218270258 0
18 500 70.1884760509449 0
18 700 53.0684679199758 0
18 1000 49.1256219990954 0
19 0 85.7312086880903 0
19 200 87.005628894484 0
19 400 70.3398772963181 0
19 500 67.9493451685335 0
19 700 51.5958765084748 0
19 1000 46.6867208543081 0
20 0 88.1431463038115 0
20 200 84.6162792088042 0
20 400 69.0140492211867 0
20 500 79.0085467984914 0
20 700 66.2580301267156 0
20 1000 47.2195521331504 0
21 0 72.3091558709447 0
21 200 76.8122810311571 0
21 400 62.4886251248162 0
21 500 62.5904818868766 0
21 700 50.169682386572 0
21 1000 45.3530881748345 0
22 0 114.152791278677 0
22 200 97.7723952634032 0
22 400 76.4878281641014 0
22 500 59.3401165432292 0
22 700 51.5740811722905 0
22 1000 45.3148522181082 0
23 0 102.048722505997 0
23 200 102.57457522306 0
23 400 84.2904055809158 0
23 500 92.4062686064519 0
23 700 80.4773630652294 0
23 1000 62.057599353301 0
24 0 85.4821675869806 0
24 200 95.1083672772088 0
24 400 63.9015530194313 0
24 500 51.0321147286995 0
24 700 38.6163275028622 0
24 1000 32.7176687576135 0
25 0 98.6129425491125 0
25 200 87.8922679452362 0
25 400 69.4058102451745 0
25 500 62.6650040028695 0
25 700 54.7434892711043 0
25 1000 43.0251328792418 0
26 0 104.487725118657 0
26 200 87.7010133597172 0
26 400 74.2525648239503 0
26 500 69.6765407584026 0
26 700 58.1052249010222 0
26 1000 40.1979194172942 0
27 0 112.111944811711 0
27 200 113.112792702887 0
27 400 87.9516608735888 0
27 500 83.6698934670011 0
27 700 70.5840889352791 0
27 1000 44.7903896034598 0
28 0 81.4866880821789 0
28 200 72.0433248230148 0
28 400 59.9737257544426 0
28 500 51.9539519411005 0
28 700 44.3159570360003 0
28 1000 27.3426749976596 0
29 0 97.1775437329251 0
29 200 98.008637248623 0
29 400 71.3683407114772 0
29 500 71.3267068601969 0
29 700 66.1501387027857 0
29 1000 53.9064179642176 0
30 0 114.572406088845 0
30 200 89.0609006923571 0
30 400 61.8707075059774 0
30 500 53.0817231958191 0
30 700 54.4137764099536 0
30 1000 42.910547786807 0
31 0 100.734401655029 0
31 200 92.8675463958656 0
31 400 83.3029268843076 0
31 500 74.4702384729399 0
31 700 63.8192884345192 0
31 1000 49.7765645771888 0
32 0 88.1578626548809 0
32 200 79.2778362272633 0
32 400 61.2403904823985 0
32 500 52.1278330032781 0
32 700 48.7973861336058 0
32 1000 33.4794209163334 0
33 0 128.541401198518 0
33 200 87.2069836231819 0
33 400 58.3017282149609 0
33 500 49.4832990679921 0
33 700 43.0980497217929 0
33 1000 55.5809609665484 0
34 0 96.6570417571154 0
34 200 92.51853112148 0
34 400 77.4220716750526 0
34 500 69.6295087162839 0
34 700 65.6412862926776 0
34 1000 61.6042812581821 0
35 0 93.0277262348918 0
35 200 77.5786227108248 0
35 400 57.0513434610636 0
35 500 55.1741737742478 0
35 700 52.3248178612287 0
35 1000 41.1108046813822 0
36 0 105.465726626908 0
36 200 96.8705794757437 0
36 400 73.2142007505955 0
36 500 69.2931730946718 0
36 700 53.060139741326 0
36 1000 51.7566253871187 0
37 0 92.9955696901288 0
37 200 72.802021335454 0
37 400 60.7635642141479 0
37 500 48.463399984641 0
37 700 42.7636183524909 0
37 1000 32.8351961606818 0
38 0 92.3100134567372 0
38 200 80.9774911946525 0
38 400 67.520853109305 0
38 500 53.2959255779984 0
38 700 48.4728481594058 0
38 1000 46.4050188670362 0
39 0 104.907389991987 0
39 200 102.942002118789 0
39 400 79.018444387995 0
39 500 72.71974170995 0
39 700 58.1755875462667 0
39 1000 46.9812669587254 0
40 0 97.4343814432853 0
40 200 100.557026113772 0
40 400 76.18109640038 0
40 500 73.2857902395347 0
40 700 63.0542357848248 0
40 1000 45.3580132528514 0
41 0 108.951828081516 0
41 200 105.771400774246 0
41 400 98.1188480199826 0
41 500 73.9334041612952 0
41 700 73.6097892580246 0
41 1000 63.2603883106341 0
42 0 81.441084489918 0
42 200 80.613688221741 0
42 400 64.651374138818 0
42 500 54.5763328648821 0
42 700 46.7411704113848 0
42 1000 41.3244610515992 0
43 0 90.2162140874334 0
43 200 89.3022500144726 0
43 400 74.7169320281292 0
43 500 62.1157242303339 0
43 700 48.408610204749 0
43 1000 38.0100557293737 0
44 0 107.148785870632 0
44 200 102.85214359102 0
44 400 90.5018992522456 0
44 500 78.6585498889491 0
44 700 60.0498485341792 0
44 1000 51.2874991280372 0
45 0 108.692128014667 0
45 200 97.4731089224039 0
45 400 68.892993588427 0
45 500 64.9158622179663 0
45 700 52.118488218919 0
45 1000 42.1897190703482 0
46 0 91.1529759778826 0
46 200 95.3016103178373 0
46 400 82.8842202160735 0
46 500 73.9541229092226 0
46 700 61.7934349914975 0
46 1000 51.3195259695017 0
47 0 107.53001842134 0
47 200 95.572249590224 0
47 400 73.8682274942354 0
47 500 61.1862905314475 0
47 700 45.3057214666963 0
47 1000 44.9319951385222 0
48 0 106.344047989943 0
48 200 91.9097401028103 0
48 400 70.6400447225371 0
48 500 70.4092369469531 0
48 700 50.5438124040181 0
48 1000 50.9976437203121 0
49 0 120.127762295577 0
49 200 103.4527574087 0
49 400 78.6904586773511 0
49 500 77.4081818312377 0
49 700 49.6621867732008 0
49 1000 48.1364770333751 0
50 0 105.163655372193 0
50 200 99.8310886110989 0
50 400 84.266846662427 0
50 500 72.8526134608279 0
50 700 70.8580551052565 0
50 1000 50.7298120732106 0
51 0 122.576134713413 1
51 200 124.846729817644 1
51 400 108.391407204148 1
51 500 94.5561742022254 1
51 700 85.367576482629 1
51 1000 67.7094156255573 1
52 0 98.0194063586369 1
52 200 80.1407757748707 1
52 400 61.6611588353418 1
52 500 59.4257155036571 1
52 700 44.4713959515743 1
52 1000 41.9713477838629 1
53 0 96.5122962750232 1
53 200 61.142465455263 1
53 400 45.8798464687963 1
53 500 41.9117773297342 1
53 700 35.7846936716969 1
53 1000 26.4198970711078 1
54 0 105.788078811977 1
54 200 77.5178094200592 1
54 400 53.9333543504405 1
54 500 50.9447252144352 1
54 700 36.2782897562967 1
54 1000 36.0759906974209 1
55 0 105.354782742146 1
55 200 86.6476420283311 1
55 400 63.7184717566598 1
55 500 62.4356406856367 1
55 700 49.1425399239654 1
55 1000 40.3535127456414 1
56 0 106.218780986993 1
56 200 60.3473472259218 1
56 400 39.138353288259 1
56 500 37.8710121365871 1
56 700 35.3263191546511 1
56 1000 33.1912028410524 1
57 0 85.5266987956608 1
57 200 83.019590020197 1
57 400 48.5612932403075 1
57 500 45.9115253399095 1
57 700 37.9513316984812 1
57 1000 32.7705918954341 1
58 0 97.5875570292023 1
58 200 66.9503784644408 1
58 400 53.2267928905734 1
58 500 29.8821990853789 1
58 700 37.5471633699848 1
58 1000 44.7941740378251 1
59 0 112.867838138819 1
59 200 79.4808576199506 1
59 400 57.2615913154911 1
59 500 52.2791436233593 1
59 700 49.2399961903137 1
59 1000 30.7011348671727 1
60 0 80.3433600559819 1
60 200 72.0330166052379 1
60 400 52.1394091357867 1
60 500 41.2377411626668 1
60 700 37.1983373790334 1
60 1000 24.2733644670705 1
61 0 102.714035050951 1
61 200 74.7624926501456 1
61 400 52.4226289861039 1
61 500 44.0545003841727 1
61 700 50.2911479891228 1
61 1000 38.9853545738299 1
62 0 90.3194063798792 1
62 200 78.6801700468885 1
62 400 57.4030126532394 1
62 500 56.6063265579079 1
62 700 43.6696253007747 1
62 1000 31.9016668925881 1
63 0 114.348581573976 1
63 200 77.9697872784736 1
63 400 58.7961155324119 1
63 500 49.1697809582799 1
63 700 41.9573980964457 1
63 1000 30.2737374066165 1
64 0 86.1821100992847 1
64 200 72.5638162452991 1
64 400 49.0581797436141 1
64 500 42.7962437320221 1
64 700 37.4261525509278 1
64 1000 34.8756491723646 1
65 0 120.824747154578 1
65 200 87.3403230623354 1
65 400 58.1940986867881 1
65 500 54.758953626052 1
65 700 52.4232167969152 1
65 1000 46.0700812208184 1
66 0 86.8943100826451 1
66 200 61.4365380165323 1
66 400 44.3693662605697 1
66 500 35.3105595737074 1
66 700 27.894619515791 1
66 1000 24.1557249491636 1
67 0 114.528588543069 1
67 200 79.763978828833 1
67 400 63.9657404135396 1
67 500 52.8244094675874 1
67 700 44.3532596654152 1
67 1000 31.3677788516124 1
68 0 89.6671588527067 1
68 200 63.1526433790053 1
68 400 51.0017143468595 1
68 500 45.7385371308733 1
68 700 41.2912773642171 1
68 1000 32.810722494352 1
69 0 90.7471263439331 1
69 200 83.1586219659193 1
69 400 57.3414398595674 1
69 500 47.117930059965 1
69 700 37.7756503684602 1
69 1000 32.356395842436 1
70 0 96.2935141006427 1
70 200 75.0390631626053 1
70 400 51.8477860900702 1
70 500 49.654288571728 1
70 700 43.593638305699 1
70 1000 22.76525703315 1
71 0 86.4832974287503 1
71 200 77.8492584902829 1
71 400 57.8382531020932 1
71 500 51.3570400097216 1
71 700 48.0035587496412 1
71 1000 35.7473356898932 1
72 0 96.3098799379009 1
72 200 86.9190845758308 1
72 400 58.8847634504114 1
72 500 51.4561851081375 1
72 700 42.4345380688431 1
72 1000 31.3668106244025 1
73 0 86.7620874637251 1
73 200 69.6722187346777 1
73 400 54.656170518458 1
73 500 38.2206579811849 1
73 700 38.5619260664851 1
73 1000 31.3954229655919 1
74 0 99.9712882292301 1
74 200 85.183435570458 1
74 400 58.4615619540012 1
74 500 42.897564638294 1
74 700 38.6271172018815 1
74 1000 38.4404838127612 1
75 0 97.0273160255372 1
75 200 87.3177771092486 1
75 400 67.6586114929389 1
75 500 66.6708506346874 1
75 700 53.9795954474252 1
75 1000 44.0724733946302 1
76 0 116.830403417771 1
76 200 103.964774287388 1
76 400 70.4584396355886 1
76 500 70.3334734689564 1
76 700 63.0166331172871 1
76 1000 55.2910159703085 1
77 0 95.60836181604 1
77 200 81.0869085975463 1
77 400 71.2283009616045 1
77 500 50.4014204371196 1
77 700 50.3607631506717 1
77 1000 42.9921146123879 1
78 0 111.580016724224 1
78 200 63.6219983231089 1
78 400 46.6637541328012 1
78 500 47.0051743152479 1
78 700 38.0117013651484 1
78 1000 42.1844993601388 1
79 0 106.701217016563 1
79 200 85.9414047683638 1
79 400 58.315731817019 1
79 500 54.5806051815425 1
79 700 57.7385883438326 1
79 1000 44.7254667378772 1
80 0 106.395415131685 1
80 200 85.4134094469025 1
80 400 60.4567890058236 1
80 500 46.6894518196343 1
80 700 42.5049941357862 1
80 1000 33.2120880867649 1
81 0 119.532039013055 1
81 200 92.7635740870847 1
81 400 72.3732235509621 1
81 500 65.8740442221293 1
81 700 45.2820316138626 1
81 1000 32.2706641390595 1
82 0 81.8835886721833 1
82 200 71.3776499861519 1
82 400 59.6649977453539 1
82 500 56.3071108034211 1
82 700 32.744846773388 1
82 1000 40.6320441616713 1
83 0 108.297526246849 1
83 200 92.3876760788664 1
83 400 72.8352726246069 1
83 500 62.6985614697881 1
83 700 47.8003735106266 1
83 1000 46.3603838760833 1
84 0 101.36663843836 1
84 200 60.7839000021001 1
84 400 46.3581184258694 1
84 500 41.9031794919727 1
84 700 37.189292807549 1
84 1000 35.953539292248 1
85 0 104.071495680935 1
85 200 86.1130081376765 1
85 400 60.2893194464648 1
85 500 51.0798946641216 1
85 700 46.1893324596974 1
85 1000 42.9571353004813 1
86 0 107.225481838187 1
86 200 52.167142539872 1
86 400 41.5667018598488 1
86 500 39.4260118465319 1
86 700 35.9251697928607 1
86 1000 37.6718979632312 1
87 0 93.9368139840151 1
87 200 64.6574755863814 1
87 400 43.5921754370067 1
87 500 40.0938251020809 1
87 700 34.7110337590034 1
87 1000 34.3165354938526 1
88 0 92.2606664903376 1
88 200 63.3014729536266 1
88 400 42.1194919799796 1
88 500 42.9060693259161 1
88 700 26.325035458558 1
88 1000 25.6340514988664 1
89 0 111.218974760501 1
89 200 89.5183731407725 1
89 400 56.6471755214339 1
89 500 54.0426777508846 1
89 700 46.1333519687513 1
89 1000 42.0546771816276 1
90 0 106.425732372684 1
90 200 90.0691366878013 1
90 400 64.9366228982911 1
90 500 60.0896669539667 1
90 700 55.1519201612876 1
90 1000 45.8105568785549 1
91 0 85.7644320465565 1
91 200 62.43591182243 1
91 400 44.5348130140744 1
91 500 45.3451366018919 1
91 700 37.8905829438819 1
91 1000 25.5118385649198 1
92 0 110.534246934349 1
92 200 80.7083803763827 1
92 400 54.0756818831611 1
92 500 48.2558110313735 1
92 700 42.4908432676727 1
92 1000 32.8211360871816 1
93 0 87.4807887912528 1
93 200 62.9060571454421 1
93 400 59.8309551570842 1
93 500 41.3236367199912 1
93 700 49.7517695060598 1
93 1000 26.7099265018787 1
94 0 118.084057187018 1
94 200 100.035011315835 1
94 400 58.7216652836726 1
94 500 55.6451790495009 1
94 700 54.6194467468513 1
94 1000 43.3478764805079 1
95 0 115.313808032935 1
95 200 95.0528754311024 1
95 400 63.8339141685364 1
95 500 58.7893903395129 1
95 700 55.1435685771817 1
95 1000 42.8025120796277 1
96 0 85.5994315471195 1
96 200 60.8074988911127 1
96 400 40.9446306217623 1
96 500 49.7686719498097 1
96 700 30.9854805131335 1
96 1000 38.2333718879827 1
97 0 93.0834518390489 1
97 200 84.3292946626711 1
97 400 49.3571401456841 1
97 500 40.0067750411847 1
97 700 37.9586889288918 1
97 1000 33.5258839510257 1
98 0 84.7224277518979 1
98 200 61.2909371508735 1
98 400 40.6335292114168 1
98 500 41.5000978816551 1
98 700 20.956106358758 1
98 1000 26.1133469684285 1
99 0 110.453354938184 1
99 200 85.3908789240349 1
99 400 69.3940713899377 1
99 500 66.7762187317212 1
99 700 54.2827925985542 1
99 1000 46.2753535094178 1
100 0 108.462593647984 1
100 200 74.1616286889714 1
100 400 47.6816426236461 1
100 500 40.8732882110385 1
100 700 36.2163663007212 1
100 1000 33.8398317723998 1
