id dose eff group
1 0 112.757485656313 0
1 200 105.537825471815 0
1 400 102.231735360354 0
1 500 94.5046721765244 0
1 700 86.1066579404675 0
1 1000 78.4952690431644 0
2 0 111.92735967998 0
2 200 101.040761880992 0
2 400 82.0068561343245 0
2 500 70.4120032474656 0
2 700 57.6845878848476 0
2 1000 47.1578450516742 0
3 0 95.657314560941 0
3 200 84.0988198678844 0
3 400 61.4614807892696 0
3 500 68.3131347423674 0
3 700 53.3343129214598 0
3 1000 37.8211394873455 0
4 0 106.987298774153 0
4 200 92.8070789743532 0
4 400 63.6162851190388 0
4 500 42.8435779256297 0
4 700 47.7603210040635 0
4 1000 30.6655557549212 0
5 0 106.246677632891 0
5 200 114.090723614002 0
5 400 87.7735587611557 0
5 500 86.6995147487003 0
5 700 73.8329797213373 0
5 1000 57.5732426770024 0
6 0 92.1628495507461 0
6 200 92.6652874254633 0
6 400 67.9476373129045 0
6 500 65.5603453136623 0
6 700 53.3746009872275 0
6 1000 33.7310349550893 0
7 0 90.2189497943956 0
7 200 80.9773962497652 0
7 400 67.075734843651 0
7 500 61.645894469391 0
7 700 54.3894833953957 0
7 1000 38.7456553912985 0
8 0 111.124649667007 0
8 200 107.433327431604 0
8 400 86.0038827257699 0
8 500 76.3181727102195 0
8 700 54.8344207764579 0
8 1000 42.2769874974548 0
9 0 99.2400464535201 0
9 200 95.8906062310123 0
9 400 81.8308007607856 0
9 500 77.3272106898785 0
9 700 70.2507805692497 0
9 1000 53.9421102136613 0
10 0 109.020032201416 0
10 200 87.7808272676379 0
10 400 73.3541237107292 0
10 500 65.5973160341342 0
10 700 45.1256686117477 0
10 1000 45.9063212587304 0
11 0 118.068071043344 0
11 200 98.2515671265569 0
11 400 82.0520912129105 0
11 500 63.5977575004212 0
11 700 58.7444703111791 0
11 1000 46.0540296235409 0
12 0 104.246626960508 0
12 200 89.647283082648 0
12 400 70.2887216577244 0
12 500 64.2652498896673 0
12 700 48.1178626045511 0
12 1000 42.9534650631801 0
13 0 107.190745132415 0
13 200 97.4939144647137 0
13 400 94.4824348418136 0
13 500 81.214922807656 0
13 700 69.2105634041147 0
13 1000 59.595232174572 0
14 0 100.039160118634 0
14 200 66.7799473041136 0
14 400 57.2347786145282 0
14 500 45.9625134405078 0
14 700 41.2498887474239 0
14 1000 34.4927840399858 0
15 0 90.7350125130632 0
15 200 79.47670139918 0
15 400 70.2801632876717 0
15 500 53.4563161913336 0
15 700 35.6929531761324 0
15 1000 39.1369644072538 0
16 0 122.412413086484 0
16 200 107.256080654001 0
16 400 94.9124654041684 0
16 500 80.9226590877421 0
16 700 62.4680995339501 0
16 1000 51.0092593877024 0
17 0 101.473061669778 0
17 200 84.5358906277011 0
17 400 77.4983024654166 0
17 500 53.2338539497489 0
17 700 50.706478971852 0
17 1000 48.0886938473212 0
18 0 96.2458325950641 0
18 200 85.4266024418213 0
18 400 77.6219412299085 0
18 500 74.6618839211498 0
18 700 57.9754728706999 0
18 1000 44.046246019901 0
19 0 99.8320243040095 0
19 200 88.6209198886803 0
19 400 74.774212703952 0
19 500 60.443497252059 0
19 700 45.8971000085235 0
19 1000 44.3857372393138 0
20 0 111.750035102085 0
20 200 102.584349264444 0
20 400 82.8656409387034 0
20 500 86.9896881589475 0
20 700 60.3992783210132 0
20 1000 59.5073368434483 0
21 0 115.649310640229 0
21 200 95.4305198517519 0
21 400 69.8027743137812 0
21 500 64.1633747724069 0
21 700 47.7626149397036 0
21 1000 47.1011653050194 0
22 0 110.483821128757 0
22 200 84.8598596311262 0
22 400 62.5402291468443 0
22 500 52.7767968194899 0
22 700 44.9415098824445 0
22 1000 34.2273116696878 0
23 0 130.159380520418 0
23 200 118.822028497673 0
23 400 99.1148616943351 0
23 500 83.0956047017838 0
23 700 70.0647390415773 0
23 1000 60.316665360315 0
24 0 94.54527635998 0
24 200 84.6637557788418 0
24 400 68.6365720837623 0
24 500 68.9303387499459 0
24 700 60.1481206844918 0
24 1000 44.339664931536 0
25 0 87.8645547329043 0
25 200 53.4090987644386 0
25 400 42.7847169865866 0
25 500 40.4613447577441 0
25 700 38.9098029220865 0
25 1000 27.9733952010084 0
26 0 98.7357616605497 0
26 200 99.2826395622668 0
26 400 79.519585039666 0
26 500 78.5200054050883 0
26 700 66.8868591581225 0
26 1000 42.9336327664518 0
27 0 80.5590623257479 0
27 200 84.5590193596278 0
27 400 81.4334589447962 0
27 500 68.3883293458038 0
27 700 56.2147375773498 0
27 1000 41.2226658108807 0
28 0 82.2990736232112 0
28 200 63.1459194694788 0
28 400 57.9508971977551 0
28 500 59.2738493149624 0
28 700 44.370145695023 0
28 1000 48.3895106557605 0
29 0 85.0395325733205 0
29 200 75.8387129009635 0
29 400 50.9888486305148 0
29 500 46.0306809612424 0
29 700 39.7853386474101 0
29 1000 34.757072494475 0
30 0 119.885680028245 0
30 200 118.003449677496 0
30 400 90.8243818443629 0
30 500 84.6729091042241 0
30 700 56.34851174466 0
30 1000 52.9786667221421 0
31 0 105.451534216342 0
31 200 87.666973256224 0
31 400 62.1299720684669 0
31 500 59.4746140622723 0
31 700 57.9711631825566 0
31 1000 37.8011877097468 0
32 0 122.60202509105 0
32 200 99.3344684582544 0
32 400 68.6354597798241 0
32 500 68.5083988761802 0
32 700 52.0920410601515 0
32 1000 41.9848772739187 0
33 0 116.253349115522 0
33 200 95.1807227139491 0
33 400 76.0281345905032 0
33 500 69.3444662304069 0
33 700 41.7239645004782 0
33 1000 44.0232266136873 0
34 0 108.857497438584 0
34 200 93.3817378902221 0
34 400 69.9549373777439 0
34 500 64.4123124567639 0
34 700 45.4835801580787 0
34 1000 38.7721795720672 0
35 0 102.033875585556 0
35 200 95.5679526341607 0
35 400 63.5720726400433 0
35 500 61.5315927220681 0
35 700 50.2087404403572 0
35 1000 49.6109719430472 0
36 0 125.953043886375 0
36 200 116.295280549128 0
36 400 103.80059321355 0
36 500 102.589964022997 0
36 700 74.7934662348161 0
36 1000 59.1850751238452 0
37 0 98.972593467361 0
37 200 87.7589475873018 0
37 400 67.7474560879831 0
37 500 69.1098891742059 0
37 700 54.147189098942 0
37 1000 50.0980446688054 0
38 0 97.2115969650337 0
38 200 96.9452917832732 0
38 400 77.7345439631721 0
38 500 57.9528732637811 0
38 700 54.1161406650954 0
38 1000 53.0887748733412 0
39 0 112.820638002821 0
39 200 106.801606684023 0
39 400 83.8766386032801 0
39 500 88.5894620027079 0
39 700 71.6773761895372 0
39 1000 65.8433861398815 0
40 0 94.1244007738601 0
40 200 78.7621013348741 0
40 400 75.3485004267231 0
40 500 71.1944115295598 0
40 700 46.7828775188833 0
40 1000 44.2159293320067 0
41 0 98.7331331176384 0
41 200 89.1102608153128 0
41 400 76.287548607977 0
41 500 63.5016713314398 0
41 700 48.7960195512776 0
41 1000 44.9963315793516 0
42 0 119.714723728848 0
42 200 116.340810393343 0
42 400 103.316841265652 0
42 500 93.0588036704175 0
42 700 82.783689240761 0
42 1000 74.0595984516599 0
43 0 118.564421411914 0
43 200 103.077331548955 0
43 400 68.596789686075 0
43 500 69.6141015078802 0
43 700 60.1226159589798 0
43 1000 50.0777881025503 0
44 0 117.186391131591 0
44 200 96.0414533813847 0
44 400 83.3721749341342 0
44 500 90.83784509646 0
44 700 70.2364384250489 0
44 1000 59.0944252935031 0
45 0 120.07252517673 0
45 200 85.5333074706883 0
45 400 66.7944740531324 0
45 500 56.4390933357626 0
45 700 43.8297449348234 0
45 1000 36.9690342910179 0
46 0 116.04031701194 0
46 200 92.6928401971248 0
46 400 63.3333363267792 0
46 500 61.0687982412818 0
46 700 56.0812902709877 0
46 1000 43.8037056674686 0
47 0 94.8015604754176 0
47 200 84.2203889489064 0
47 400 76.5959076126575 0
47 500 54.3803552666988 0
47 700 44.6633715024746 0
47 1000 39.6767411878383 0
48 0 95.5236637851849 0
48 200 88.0264540353206 0
48 400 70.2202891981763 0
48 500 50.7276456182101 0
48 700 39.220050659511 0
48 1000 36.7484161303853 0
49 0 101.045226041199 0
49 200 100.374468361722 0
49 400 79.8706023836403 0
49 500 59.3867006951123 0
49 700 60.8238384520307 0
49 1000 52.0934252023888 0
50 0 108.560350790002 0
50 200 98.1062357113534 0
50 400 95.6753103860261 0
50 500 72.3284167617503 0
50 700 65.7360722795699 0
50 1000 57.9820922732571 0
51 0 87.2834250910896 1
51 200 84.8781691525054 1
51 400 72.0285389087248 1
51 500 62.9329859491901 1
51 700 48.0974238033587 1
51 1000 46.0863861548194 1
52 0 98.3224729684695 1
52 200 62.477108206482 1
52 400 44.8943366555992 1
52 500 35.8207128879459 1
52 700 41.5026903059297 1
52 1000 33.3866140011689 1
53 0 99.3899986295106 1
53 200 95.0821204193263 1
53 400 59.4650540137205 1
53 500 49.4956708519655 1
53 700 48.7838007055056 1
53 1000 33.2868228384468 1
54 0 77.0041228454977 1
54 200 79.138886907223 1
54 400 62.0451325306221 1
54 500 68.4969342468774 1
54 700 43.8443020728673 1
54 1000 37.7170679208362 1
55 0 98.399333439379 1
55 200 81.4673705055903 1
55 400 59.8826382179494 1
55 500 55.3486445439567 1
55 700 42.1312494617658 1
55 1000 38.9520934480335 1
56 0 104.933150451085 1
56 200 85.1644731851095 1
56 400 58.3756862048832 1
56 500 58.7264619564004 1
56 700 41.0425942471278 1
56 1000 44.6148657433684 1
57 0 125.254628282596 1
57 200 88.5400537315827 1
57 400 95.836991773171 1
57 500 62.6057273200385 1
57 700 48.5538856396795 1
57 1000 48.5031187822204 1
58 0 88.1565550037965 1
58 200 56.3987731176881 1
58 400 45.2424317363915 1
58 500 39.1038972758097 1
58 700 36.6763062345997 1
58 1000 25.3671593135755 1
59 0 96.161844648399 1
59 200 72.0242391462487 1
59 400 46.4904341306115 1
59 500 46.0692415162873 1
59 700 38.0362815860477 1
59 1000 41.0012740098442 1
60 0 114.235723267329 1
60 200 105.3555943886 1
60 400 79.2606787646773 1
60 500 74.6446628322025 1
60 700 60.7281369238818 1
60 1000 44.9628069521835 1
61 0 90.5491154948983 1
61 200 71.4189278703906 1
61 400 49.6180699779357 1
61 500 49.6223169076087 1
61 700 33.2827876276915 1
61 1000 24.982354164663 1
62 0 92.3158558843945 1
62 200 74.666747298426 1
62 400 44.264423715914 1
62 500 44.3002356023288 1
62 700 44.0931984459475 1
62 1000 35.0274123447292 1
63 0 80.6161827066496 1
63 200 64.138712760664 1
63 400 43.3232205179598 1
63 500 36.5244656338433 1
63 700 29.7932991261256 1
63 1000 26.0070220506365 1
64 0 115.030086615041 1
64 200 87.4784138812014 1
64 400 56.2860380424028 1
64 500 61.8760425077466 1
64 700 52.0180802675439 1
64 1000 44.5054318901273 1
65 0 112.296600704263 1
65 200 91.1319577585996 1
65 400 68.2590451550408 1
65 500 55.9722499985435 1
65 700 30.4172847199057 1
65 1000 38.1983187750796 1
66 0 103.740058080128 1
66 200 78.8486963113823 1
66 400 60.0294970445603 1
66 500 50.0607633180271 1
66 700 42.8894056200988 1
66 1000 33.6839668504221 1
67 0 97.3976058443444 1
67 200 87.7715658763681 1
67 400 74.8431875651017 1
67 500 63.8248919450646 1
67 700 59.4945025269769 1
67 1000 43.5834257156246 1
68 0 112.17800863803 1
68 200 86.4947947458 1
68 400 71.8135585050451 1
68 500 56.5482559261522 1
68 700 47.3238142599353 1
68 1000 39.1529630303367 1
69 0 104.78592862345 1
69 200 66.9585783371977 1
69 400 43.0512233901509 1
69 500 41.0550385526201 1
69 700 35.290720500379 1
69 1000 43.9298497996516 1
70 0 111.905949767915 1
70 200 75.2658550034499 1
70 400 57.3163344934055 1
70 500 54.3028088042258 1
70 700 44.3642737845383 1
70 1000 39.9644345227802 1
71 0 102.023074213832 1
71 200 93.3872324725783 1
71 400 67.9608080050731 1
71 500 64.890466314883 1
71 700 62.4264102461834 1
71 1000 45.4298459389275 1
72 0 103.105411543816 1
72 200 94.8229672284512 1
72 400 61.9900971878427 1
72 500 56.6723223731677 1
72 700 45.8791838495354 1
72 1000 29.1028991776672 1
73 0 103.945420792104 1
73 200 94.0157688420785 1
73 400 76.6492989996861 1
73 500 69.6818530222288 1
73 700 57.2143831663026 1
73 1000 44.7018864115713 1
74 0 115.340189269165 1
74 200 92.4812816359214 1
74 400 62.9285532584228 1
74 500 56.9839278924516 1
74 700 52.1482220706108 1
74 1000 30.4661269140864 1
75 0 101.10010322631 1
75 200 95.9965236401331 1
75 400 66.1775670789754 1
75 500 50.5275831231912 1
75 700 48.7394845372871 1
75 1000 47.5481416395932 1
76 0 81.1590543635989 1
76 200 73.6936740395524 1
76 400 53.3649973256786 1
76 500 44.9537108602192 1
76 700 42.3888831542808 1
76 1000 42.0912430501513 1
77 0 111.574183011245 1
77 200 78.1240330598403 1
77 400 69.3708735534311 1
77 500 53.7347295526172 1
77 700 47.246991079458 1
77 1000 28.3159326502645 1
78 0 92.4565408596153 1
78 200 72.0460699355107 1
78 400 43.3971636074798 1
78 500 38.9877866738897 1
78 700 36.7342182948219 1
78 1000 27.7654276428 1
79 0 111.796778564288 1
79 200 83.3686053423536 1
79 400 58.5941264955232 1
79 500 42.1191897489724 1
79 700 43.076326275449 1
79 1000 34.6667758422033 1
80 0 116.725080240357 1
80 200 93.2614083493973 1
80 400 56.1417159469825 1
80 500 54.6189344595245 1
80 700 44.3209134542487 1
80 1000 34.4701113910989 1
81 0 126.414760984918 1
81 200 85.1483134517641 1
81 400 53.5059144954057 1
81 500 56.3401262419783 1
81 700 47.3109516448278 1
81 1000 44.941165313494 1
82 0 100.002597647332 1
82 200 57.5141187932001 1
82 400 44.822758006188 1
82 500 40.1317433714081 1
82 700 38.7599709599372 1
82 1000 31.3437112892981 1
83 0 100.897191967912 1
83 200 99.2562048606402 1
83 400 79.2666903452802 1
83 500 66.4487576480014 1
83 700 61.5023637246836 1
83 1000 44.1824873205756 1
84 0 88.1305999598789 1
84 200 53.8787486473843 1
84 400 44.6438488907364 1
84 500 22.1312074482116 1
84 700 30.2351172263267 1
84 1000 23.7334936868409 1
85 0 100.123672040058 1
85 200 80.1523022215306 1
85 400 66.4051397965054 1
85 500 50.5195953914731 1
85 700 43.4681963447819 1
85 1000 35.3142741969972 1
86 0 96.8595387782964 1
86 200 83.391368537344 1
86 400 57.5255148948394 1
86 500 51.7084438955952 1
86 700 38.9102234133932 1
86 1000 28.3017916966126 1
87 0 108.430551826697 1
87 200 76.1015301810481 1
87 400 62.7916577101237 1
87 500 58.4678326854161 1
87 700 37.9830356750197 1
87 1000 38.0344223321598 1
88 0 102.083900379689 1
88 200 90.8423905915206 1
88 400 67.3943258146682 1
88 500 57.3108479056298 1
88 700 52.716089569226 1
88 1000 41.0126266624541 1
89 0 100.57407105935 1
89 200 72.540129718107 1
89 400 51.6840160695168 1
89 500 38.642132230073 1
89 700 34.8099146883655 1
89 1000 32.3811795833766 1
90 0 89.0172006674299 1
90 200 70.8611117267315 1
90 400 48.1157785574876 1
90 500 44.2397807327942 1
90 700 35.9946678911629 1
90 1000 28.2134965728167 1
91 0 102.76452984592 1
91 200 75.7899203547371 1
91 400 54.9895694469833 1
91 500 52.4283925896699 1
91 700 32.4974970678596 1
91 1000 39.2559166886126 1
92 0 95.9523496790231 1
92 200 93.6447276806914 1
92 400 60.7895292406816 1
92 500 48.519969150608 1
92 700 32.9133751566736 1
92 1000 38.3559873580192 1
93 0 116.325482733862 1
93 200 83.2816507663682 1
93 400 61.950162101577 1
93 500 51.3900430994892 1
93 700 42.0875045021337 1
93 1000 34.0448056238898 1
94 0 106.044269663995 1
94 200 66.514076806196 1
94 400 42.249002095214 1
94 500 39.3970235803053 1
94 700 42.3970315912072 1
94 1000 33.6787203278978 1
95 0 129.454792175179 1
95 200 97.0100007131273 1
95 400 61.8087359663043 1
95 500 58.40476545674 1
95 700 52.5562944585506 1
95 1000 44.8635719815235 1
96 0 113.74952599651 1
96 200 90.7954423007315 1
96 400 57.3671644539454 1
96 500 60.6804138917286 1
96 700 40.2888018968462 1
96 1000 42.4283532392507 1
97 0 95.8014625473765 1
97 200 77.7439381946898 1
97 400 59.2217420445378 1
97 500 55.3857023124169 1
97 700 50.592440918902 1
97 1000 46.6775223437882 1
98 0 101.51869282288 1
98 200 81.7598620696156 1
98 400 58.4888766724597 1
98 500 44.4776086751009 1
98 700 48.2369203020487 1
98 1000 31.3134833298201 1
99 0 88.246797480237 1
99 200 60.1679901200344 1
99 400 35.7560077660135 1
99 500 27.050353329349 1
99 700 37.1213668015766 1
99 1000 34.6524983330186 1
100 0 102.298701615601 1
100 200 83.2287242119039 1
100 400 56.9809105376085 1
100 500 49.3494286636835 1
100 700 36.5031902903484 1
100 1000 23.2980429130024 1
