id dose eff group
1 0 100.821855169185 0
1 200 92.7010205347423 0
1 400 79.7109616954145 0
1 500 90.8966281032847 0
1 700 66.2975040932121 0
1 1000 59.2527623156736 0
2 0 114.003047635449 0
2 200 86.8458078063354 0
2 400 54.9943824821803 0
2 500 53.596231239208 0
2 700 44.4851068118019 0
2 1000 49.3458325511686 0
3 0 100.421857540154 0
3 200 99.4221702728141 0
3 400 89.6544030349039 0
3 500 82.4169091819229 0
3 700 66.4878149318672 0
3 1000 53.6333759222379 0
4 0 99.5555041750745 0
4 200 88.1061533101128 0
4 400 79.1799114097604 0
4 500 66.2283878667529 0
4 700 63.1764909995768 0
4 1000 43.3838325876796 0
5 0 86.284042601136 0
5 200 74.0074043528983 0
5 400 57.0753503951772 0
5 500 55.9135295800322 0
5 700 49.8963281162791 0
5 1000 35.6614569450027 0
6 0 106.884079336565 0
6 200 79.4519519224891 0
6 400 50.0172374107527 0
6 500 48.8640343952695 0
6 700 38.1231469655944 0
6 1000 31.6656072398114 0
7 0 102.261833657346 0
7 200 72.4807630981879 0
7 400 57.8149705863151 0
7 500 46.6202034227744 0
7 700 38.3299274684293 0
7 1000 35.7162443771845 0
8 0 116.559318996276 0
8 200 97.295671819488 0
8 400 82.433302457232 0
8 500 81.7725342588419 0
8 700 72.2780667012045 0
8 1000 53.0677386523377 0
9 0 81.533479388851 0
9 200 73.716329864205 0
9 400 57.8290758536546 0
9 500 53.4382974287456 0
9 700 62.2610762361022 0
9 1000 37.2150952360591 0
10 0 121.76952619142 0
10 200 98.975257702367 0
10 400 83.0458967492049 0
10 500 83.4125264018411 0
10 700 61.6049964239667 0
10 1000 57.2330293151474 0
11 0 105.772362482248 0
11 200 88.9377052941167 0
11 400 59.7922968242434 0
11 500 55.1574995285394 0
11 700 48.0221401770417 0
11 1000 45.416449504584 0
12 0 100.550638486898 0
12 200 78.8491678444991 0
12 400 74.0246353118657 0
12 500 60.9604841849763 0
12 700 44.7958098328384 0
12 1000 45.0192561266359 0
13 0 82.2427694867911 0
13 200 70.1481420809055 0
13 400 66.5467653611695 0
13 500 49.941607504884 0
13 700 49.2830091173158 0
13 1000 41.2676554535336 0
14 0 114.060745788196 0
14 200 101.326418605972 0
14 400 73.2393609851744 0
14 500 76.9017981583235 0
14 700 65.6641584029269 0
14 1000 54.9066732867897 0
15 0 90.1606890073952 0
15 200 89.9195384986769 0
15 400 60.6466837995578 0
15 500 59.1680019956564 0
15 700 42.7734701037943 0
15 1000 46.3378216442015 0
16 0 108.340468455936 0
16 200 108.238120225838 0
16 400 81.0120533138658 0
16 500 67.0359838733098 0
16 700 65.9217507767487 0
16 1000 50.4957995291375 0
17 0 114.421224780871 0
17 200 89.3298900556486 0
17 400 70.0936472255284 0
17 500 57.5030751485742 0
17 700 58.7304372920549 0
17 1000 43.5643673717183 0
18 0 109.751008073869 0
18 200 97.8893422730555 0
18 400 96.8335430394314 0
18 500 77.7086832474087 0
18 700 60.0643899437446 0
18 1000 40.8673664205988 0
19 0 93.1229518928882 0
19 200 89.3664732272284 0
19 400 66.8170169864919 0
19 500 60.8868963168542 0
19 700 40.1786495215899 0
19 1000 39.4101187863486 0
20 0 95.5558232096392 0
20 200 89.7322929847103 0
20 400 67.540565188472 0
20 500 67.0529797979329 0
20 700 53.3873707592187 0
20 1000 48.2099039124586 0
21 0 88.3303149597574 0
21 200 78.3480300214892 0
21 400 59.5172461068954 0
21 500 49.9127731724022 0
21 700 39.3451995182356 0
21 1000 41.03524476459 0
22 0 107.535564690039 0
22 200 99.3442434097863 0
22 400 87.6724262232265 0
22 500 79.0947140243649 0
22 700 67.7588109051323 0
22 1000 50.7737638328045 0
23 0 108.963060748081 0
23 200 92.1853482298741 0
23 400 70.7481975351398 0
23 500 67.7120942865734 0
23 700 45.4553216458534 0
23 1000 35.8443812704542 0
24 0 117.797410746081 0
24 200 104.070560651991 0
24 400 75.9487747836768 0
24 500 70.2177228652401 0
24 700 50.4008044569252 0
24 1000 56.0688826433279 0
25 0 98.8563417175442 0
25 200 102.924869638109 0
25 400 74.0801077117709 0
25 500 72.229286327732 0
25 700 53.3990231468012 0
25 1000 52.3139713287905 0
26 0 122.361672686744 0
26 200 110.719705819549 0
26 400 86.784959478572 0
26 500 73.6276030461784 0
26 700 54.9065247772653 0
26 1000 48.1220063549171 0
27 0 90.7905425773779 0
27 200 78.8261240088566 0
27 400 49.5072378059131 0
27 500 58.7821805226275 0
27 700 41.4704680051385 0
27 1000 36.3615841478101 0
28 0 102.103724986815 0
28 200 98.470827257032 0
28 400 87.1047184473695 0
28 500 74.0199021158708 0
28 700 58.2714619106413 0
28 1000 50.7649424677902 0
29 0 78.4982459813485 0
29 200 81.8025164856946 0
29 400 77.3483867031542 0
29 500 74.0783871112041 0
29 700 69.6601651531215 0
29 1000 52.6276054496793 0
30 0 105.004983722093 0
30 200 92.7142217034166 0
30 400 87.8881290763336 0
30 500 74.0526167598031 0
30 700 64.5133404251271 0
30 1000 44.4217763945938 0
31 0 80.6594010969721 0
31 200 89.0578709743501 0
31 400 72.0250436627361 0
31 500 75.2009477480417 0
31 700 47.8237926424061 0
31 1000 50.3764570568224 0
32 0 88.5013056076497 0
32 200 93.2930789057236 0
32 400 66.0397370027525 0
32 500 63.1130017051506 0
32 700 52.2241177748917 0
32 1000 36.6752099611922 0
33 0 113.86135246142 0
33 200 97.4939214826427 0
33 400 80.3340574943521 0
33 500 64.2039225594722 0
33 700 68.2956739405771 0
33 1000 40.2708073685828 0
34 0 81.0924676151963 0
34 200 57.2621063093662 0
34 400 49.6553457873589 0
34 500 56.3662033568895 0
34 700 35.4976857441023 0
34 1000 32.7680547264902 0
35 0 106.170990421371 0
35 200 84.5997237000677 0
35 400 67.2990053819211 0
35 500 63.141511958954 0
35 700 50.7686341628032 0
35 1000 46.673293169283 0
36 0 109.741078518469 0
36 200 99.4370134826741 0
36 400 82.8260392203749 0
36 500 72.0158357690153 0
36 700 69.9719903808879 0
36 1000 72.359942269976 0
37 0 107.864587944318 0
37 200 92.434296562217 0
37 400 76.7799210121032 0
37 500 64.5632100341819 0
37 700 46.9885681448038 0
37 1000 41.6413976669704 0
38 0 96.2747814839182 0
38 200 91.5691434677198 0
38 400 70.9781776876761 0
38 500 71.0957583737208 0
38 700 54.0535964366399 0
38 1000 43.9003171435763 0
39 0 108.369049413268 0
39 200 73.4007241501701 0
39 400 59.4752497647778 0
39 500 45.9637317272166 0
39 700 43.496030969727 0
39 1000 43.9013304343798 0
40 0 108.588447521899 0
40 200 95.7403822699647 0
40 400 77.5625445368641 0
40 500 62.7685669028484 0
40 700 47.3013799716035 0
40 1000 48.0564892354546 0
41 0 83.8280761285786 0
41 200 79.5996189790452 0
41 400 61.4107363919963 0
41 500 55.7698312455772 0
41 700 56.7726546642303 0
41 1000 41.1460002075267 0
42 0 91.7741389849845 0
42 200 85.0776974461792 0
42 400 67.7107931660614 0
42 500 61.1135245904231 0
42 700 46.1348119527099 0
42 1000 40.2368473349515 0
43 0 101.984222169573 0
43 200 80.391310842476 0
43 400 76.0413011939417 0
43 500 68.9364637521096 0
43 700 52.5323019445599 0
43 1000 45.9523937490272 0
44 0 111.028319165338 0
44 200 98.021544419137 0
44 400 82.42647728831 0
44 500 72.9192988890279 0
44 700 65.8698124576286 0
44 1000 65.8746655598722 0
45 0 104.624493678381 0
45 200 95.2413181249085 0
45 400 80.0258911480895 0
45 500 63.5694694480396 0
45 700 62.1905949545977 0
45 1000 45.777350071079 0
46 0 120.016012781615 0
46 200 109.948024413314 0
46 400 89.7458227545527 0
46 500 82.8121377523087 0
46 700 70.2046883787261 0
46 1000 62.0306944389636 0
47 0 94.0610014335153 0
47 200 87.4803971147039 0
47 400 69.2331031145594 0
47 500 60.1544723371811 0
47 700 47.9948990261698 0
47 1000 38.9574536209446 0
48 0 103.938802673571 0
48 200 101.819072908678 0
48 400 85.8896217165173 0
48 500 84.1726647552896 0
48 700 76.7948530106798 0
48 1000 61.0009562180134 0
49 0 87.7664159894187 0
49 200 91.0772309104675 0
49 400 64.5053978939498 0
49 500 65.763843943109 0
49 700 60.1458821567621 0
49 1000 36.4809528543608 0
50 0 105.767834031053 0
50 200 89.9294871352474 0
50 400 67.2395059893869 0
50 500 62.8739724822847 0
50 700 52.5188786850102 0
50 1000 39.7079448858155 0
51 0 104.026818799596 1
51 200 89.3846655413997 1
51 400 67.8964804257964 1
51 500 64.5487082235654 1
51 700 46.0601732410248 1
51 1000 41.2997836511009 1
52 0 97.0610838665768 1
52 200 78.5921896744809 1
52 400 56.1454027280485 1
52 500 55.6150494739278 1
52 700 39.6371610065827 1
52 1000 37.0487411727829 1
53 0 100.1627577103 1
53 200 83.4944901229283 1
53 400 60.2664540160175 1
53 500 63.2787073886741 1
53 700 47.7676573018917 1
53 1000 46.6301551704402 1
54 0 91.0722650743827 1
54 200 71.3305006768326 1
54 400 48.7907813773522 1
54 500 42.0973814570904 1
54 700 45.5660779196324 1
54 1000 40.3753876456355 1
55 0 103.620773130118 1
55 200 79.7046224170886 1
55 400 54.0602136772133 1
55 500 55.3184416075133 1
55 700 43.4865880281456 1
55 1000 35.7064916949712 1
56 0 110.477864410147 1
56 200 96.9371101131791 1
56 400 72.8199198820967 1
56 500 64.5641518037482 1
56 700 48.4229265774894 1
56 1000 46.6690515436693 1
57 0 84.6948241870573 1
57 200 64.1829253130694 1
57 400 40.8850964347275 1
57 500 44.7812447496876 1
57 700 35.7494749469339 1
57 1000 30.8047266361443 1
58 0 97.7873824667993 1
58 200 62.4745514192438 1
58 400 59.2812867237162 1
58 500 39.1563842796374 1
58 700 37.629016039366 1
58 1000 25.0640812378896 1
59 0 112.074555308839 1
59 200 67.3116474670472 1
59 400 48.9090354254186 1
59 500 43.4079979406027 1
59 700 32.3872415173262 1
59 1000 37.459132326721 1
60 0 97.9651402164001 1
60 200 86.7234471748973 1
60 400 60.352698159039 1
60 500 60.3987286119045 1
60 700 31.9824547184977 1
60 1000 39.5591443077547 1
61 0 105.331666296079 1
61 200 92.5507603266484 1
61 400 63.7705981362672 1
61 500 51.3762694266467 1
61 700 46.0718811335093 1
61 1000 48.5283272524056 1
62 0 111.228508059138 1
62 200 85.5664228249633 1
62 400 49.6200529538918 1
62 500 42.9093166114998 1
62 700 38.4548821074819 1
62 1000 31.7811547003536 1
63 0 111.612570278319 1
63 200 98.427179054555 1
63 400 68.1653809198245 1
63 500 59.2358593445094 1
63 700 47.5298838929465 1
63 1000 48.7172152495315 1
64 0 112.440188967773 1
64 200 99.7257662096606 1
64 400 91.448095142291 1
64 500 71.2152430551923 1
64 700 55.3327791231564 1
64 1000 59.4290409941669 1
65 0 105.080762674303 1
65 200 90.450672082858 1
65 400 55.5523967142741 1
65 500 50.5062467801645 1
65 700 47.5787287951766 1
65 1000 41.519349298967 1
66 0 101.566158658041 1
66 200 78.9690049795618 1
66 400 61.965963764694 1
66 500 46.6063170034803 1
66 700 44.5901535169219 1
66 1000 31.6425885167155 1
67 0 93.1060899110034 1
67 200 72.1476366865094 1
67 400 49.865830600692 1
67 500 36.8790370953877 1
67 700 39.817987331763 1
67 1000 26.1964167799847 1
68 0 102.16618823258 1
68 200 71.7724330473025 1
68 400 48.6979633254168 1
68 500 45.4150059886567 1
68 700 39.6461563100098 1
68 1000 31.7140466426456 1
69 0 107.721460054022 1
69 200 79.2798148533249 1
69 400 51.3936574919957 1
69 500 56.6727620840054 1
69 700 49.0318951810759 1
69 1000 31.8420598083661 1
70 0 91.7042806872511 1
70 200 87.88436043521 1
70 400 65.0781698304915 1
70 500 52.2997897892615 1
70 700 52.7702679538357 1
70 1000 40.5829691508107 1
71 0 102.074138250954 1
71 200 86.036881388484 1
71 400 61.8708891152193 1
71 500 47.7141752583608 1
71 700 47.9448355493328 1
71 1000 29.0403839452089 1
72 0 94.5107197103313 1
72 200 80.5878981802476 1
72 400 57.8283544907042 1
72 500 37.3438609906431 1
72 700 35.790958659112 1
72 1000 29.763109708772 1
73 0 116.454372236867 1
73 200 96.9102984640568 1
73 400 74.5162840474132 1
73 500 71.3076356025508 1
73 700 50.17000620149 1
73 1000 41.1668519430315 1
74 0 121.701382243179 1
74 200 75.8887276144409 1
74 400 48.0345770582984 1
74 500 56.2897266889824 1
74 700 40.4970226213693 1
74 1000 40.2646477897311 1
75 0 94.9469761497267 1
75 200 79.6394384387865 1
75 400 52.7182142708174 1
75 500 38.8143688894706 1
75 700 43.2911657581989 1
75 1000 40.2627294667686 1
76 0 79.9090785322547 1
76 200 63.3917801115521 1
76 400 42.6593531032425 1
76 500 39.7619732145351 1
76 700 41.427590830936 1
76 1000 22.8258490697011 1
77 0 95.3094016741779 1
77 200 82.4431352787126 1
77 400 57.108294474854 1
77 500 45.2058909908296 1
77 700 45.0493679345863 1
77 1000 31.9802681760788 1
78 0 88.5091970281507 1
78 200 70.3443446841071 1
78 400 49.8348809258785 1
78 500 41.6242349174411 1
78 700 38.1567575010269 1
78 1000 34.1383601400459 1
79 0 81.1037713514014 1
79 200 79.8084376283429 1
79 400 45.1212493373432 1
79 500 49.6166751117637 1
79 700 34.3099080301494 1
79 1000 27.5874930139878 1
80 0 122.966059314411 1
80 200 86.2591259218405 1
80 400 68.1853763668217 1
80 500 57.1850195072282 1
80 700 51.9216154560022 1
80 1000 34.614072444057 1
81 0 89.6275033269905 1
81 200 51.325448305058 1
81 400 47.0241474001766 1
81 500 27.6310937521996 1
81 700 23.390313385049 1
81 1000 29.6966577685648 1
82 0 102.462329713429 1
82 200 60.4614399442565 1
82 400 35.3457901371069 1
82 500 36.6794551973216 1
82 700 34.3838670871591 1
82 1000 24.6385635586104 1
83 0 96.2199180529522 1
83 200 84.6031398430922 1
83 400 79.43290826189 1
83 500 71.1848708597509 1
83 700 51.7248349021755 1
83 1000 43.8547612849756 1
84 0 98.0592679760587 1
84 200 68.6076928227113 1
84 400 52.3424808494356 1
84 500 47.0282571205329 1
84 700 29.6005588820961 1
84 1000 27.1742630054658 1
85 0 100.068093059601 1
85 200 88.6483972455123 1
85 400 62.8623192805283 1
85 500 45.8720324457003 1
85 700 47.6543512864513 1
85 1000 40.9754601258732 1
86 0 95.6768674121919 1
86 200 81.7155652548508 1
86 400 54.48845991198 1
86 500 47.9279053832486 1
86 700 41.4858916285589 1
86 1000 40.4728717927973 1
87 0 82.5925821379586 1
87 200 52.9951113759995 1
87 400 39.8041544196185 1
87 500 38.4069539546079 1
87 700 25.6981405295706 1
87 1000 27.2058592460682 1
88 0 93.8087988778556 1
88 200 80.6602532233721 1
88 400 57.8097708394125 1
88 500 56.288878208667 1
88 700 45.2181763771748 1
88 1000 39.2117055360472 1
89 0 99.1360493335486 1
89 200 87.3019185823686 1
89 400 53.6157602816367 1
89 500 45.1001237817171 1
89 700 41.1433324921436 1
89 1000 39.4843869043373 1
90 0 95.7209225434125 1
90 200 63.6544351481111 1
90 400 44.710671476651 1
90 500 42.9360821146383 1
90 700 46.5935209274985 1
90 1000 31.9595636990356 1
91 0 89.6078428365489 1
91 200 70.4944318849927 1
91 400 53.2539840570118 1
91 500 41.2562424204193 1
91 700 35.6096366014931 1
91 1000 29.4074811011213 1
92 0 120.623558943569 1
92 200 100.033376684367 1
92 400 69.530698598684 1
92 500 58.1842997640872 1
92 700 45.3838936672073 1
92 1000 40.3950806970823 1
93 0 100.725472306828 1
93 200 77.0075755926729 1
93 400 53.4775017654271 1
93 500 48.4930518172397 1
93 700 41.2843854986317 1
93 1000 39.5344597666855 1
94 0 85.4569381478084 1
94 200 61.4431165419162 1
94 400 38.4861248875035 1
94 500 34.2638142266521 1
94 700 39.6489787458589 1
94 1000 33.8411557250448 1
95 0 117.628760709723 1
95 200 84.6528633915866 1
95 400 60.3189033314932 1
95 500 59.6117877667215 1
95 700 47.4007208787058 1
95 1000 38.9658283907321 1
96 0 88.4846025342873 1
96 200 68.4825402485742 1
96 400 54.1213716723579 1
96 500 38.0572234365239 1
96 700 32.9076167103887 1
96 1000 26.5514229464607 1
97 0 105.198579093472 1
97 200 94.1806626720175 1
97 400 69.7175820951289 1
97 500 63.981092095937 1
97 700 43.4436744080065 1
97 1000 42.9534808854525 1
98 0 95.7353608611128 1
98 200 81.3622445693285 1
98 400 56.1780295750992 1
98 500 39.5988296874162 1
98 700 41.5033558986149 1
98 1000 33.1669973032563 1
99 0 94.9023500315584 1
99 200 89.1502510357771 1
99 400 51.5538385796992 1
99 500 55.296955639022 1
99 700 46.2107861933029 1
99 1000 36.7656355147822 1
100 0 99.8762044683025 1
100 200 65.2882788442497 1
100 400 47.4135370362999 1
100 500 49.3597773996477 1
100 700 38.7858618709313 1
100 1000 35.3653712780015 1
