id dose eff group
1 0 110.437610628401 0
1 200 103.189240637377 0
1 400 81.757167189772 0
1 500 85.5523930422777 0
1 700 64.6827485787202 0
1 1000 54.8948450430018 0
2 0 88.9432310071125 0
2 200 92.0825918752725 0
2 400 91.2332024947198 0
2 500 68.5924113379303 0
2 700 49.2753352988839 0
2 1000 49.9187240874266 0
3 0 113.871124138679 0
3 200 89.0752962515292 0
3 400 68.253662085925 0
3 500 60.9232339197134 0
3 700 58.3787868473211 0
3 1000 42.0588125538183 0
4 0 99.9182090311261 0
4 200 75.0908163764913 0
4 400 48.1012899372465 0
4 500 51.7095949117321 0
4 700 34.7749164056784 0
4 1000 34.6024629499413 0
5 0 107.90463081056 0
5 200 83.8474683660576 0
5 400 68.2383895429085 0
5 500 52.3363127029687 0
5 700 49.3991621660953 0
5 1000 32.7440352336864 0
6 0 101.398830428475 0
6 200 105.36646843968 0
6 400 89.0182664570817 0
6 500 74.2572584241899 0
6 700 70.5004924203094 0
6 1000 52.7206184554727 0
7 0 101.196057198123 0
7 200 73.1851177337823 0
7 400 50.3802177848787 0
7 500 46.4498138923703 0
7 700 31.0217232616313 0
7 1000 37.6655186923798 0
8 0 100.110474128978 0
8 200 96.1293456193855 0
8 400 82.4705954631071 0
8 500 76.9915780973211 0
8 700 66.3856713602724 0
8 1000 55.3466516094645 0
9 0 90.6530391176964 0
9 200 87.6528959308912 0
9 400 74.3347259559292 0
9 500 57.0154233863689 0
9 700 43.5557945018514 0
9 1000 41.1968570425341 0
10 0 79.325325776069 0
10 200 75.588429285967 0
10 400 63.8438016426238 0
10 500 42.9711452716713 0
10 700 42.9740401222508 0
10 1000 39.3174735435388 0
11 0 108.308765710205 0
11 200 96.2262723805544 0
11 400 84.1287395509175 0
11 500 76.0897014210928 0
11 700 56.2172838918109 0
11 1000 40.2049501297264 0
12 0 124.588595295404 0
12 200 94.532745546227 0
12 400 70.1094411642587 0
12 500 64.8970764768261 0
12 700 48.0249468886675 0
12 1000 44.1503258625693 0
13 0 101.249006429064 0
13 200 95.8363656773502 0
13 400 77.1734233635722 0
13 500 69.9192679067833 0
13 700 64.8082804363926 0
13 1000 44.557314545595 0
14 0 83.7155342269611 0
14 200 69.555614539068 0
14 400 59.8291687774603 0
14 500 39.267358159101 0
14 700 31.6850524027036 0
14 1000 35.5203712019701 0
15 0 93.6747986777454 0
15 200 87.2893912262351 0
15 400 64.2919287998439 0
15 500 61.7472059218756 0
15 700 59.5600327021682 0
15 1000 37.0995306440948 0
16 0 104.376035832101 0
16 200 75.9644142728384 0
16 400 59.6608453516932 0
16 500 48.1713621660317 0
16 700 40.7517211858172 0
16 1000 35.6476725656575 0
17 0 110.33077449802 0
17 200 91.7899078796542 0
17 400 70.9280451714555 0
17 500 61.3306283653559 0
17 700 43.7603151174161 0
17 1000 37.5866868429009 0
18 0 92.8122539366851 0
18 200 87.8661291449892 0
18 400 58.5469740603422 0
18 500 55.9720860260522 0
18 700 51.5345800332855 0
18 1000 39.1899106991623 0
19 0 111.705490064869 0
19 200 101.969052593712 0
19 400 75.2596418562147 0
19 500 65.1251977129032 0
19 700 52.4025091249543 0
19 1000 44.7921938260052 0
20 0 97.5495438449418 0
20 200 89.8653821346155 0
20 400 76.4241228281241 0
20 500 62.016227643432 0
20 700 42.9578486867321 0
20 1000 41.4195892934179 0
21 0 90.6423846357464 0
21 200 89.4206996921608 0
21 400 68.2954958573257 0
21 500 54.3537881980111 0
21 700 49.0159121856888 0
21 1000 35.8532952348626 0
22 0 120.241391061688 0
22 200 115.662183636316 0
22 400 88.6244466938516 0
22 500 77.2149754242585 0
22 700 81.7532473995986 0
22 1000 54.8717950631513 0
23 0 115.522284791189 0
23 200 112.372814093652 0
23 400 76.1409443121142 0
23 500 69.5050288063922 0
23 700 54.4805980661196 0
23 1000 52.7117949987385 0
24 0 105.585577916464 0
24 200 97.5672439185389 0
24 400 83.7532476970885 0
24 500 76.8448914496164 0
24 700 75.0411230128678 0
24 1000 56.9905476000359 0
25 0 114.044230270395 0
25 200 101.334898877149 0
25 400 78.084617996429 0
25 500 70.1582491275068 0
25 700 66.2893222852118 0
25 1000 49.5183736540341 0
26 0 99.0649428583312 0
26 200 87.8412089382418 0
26 400 70.4747423648618 0
26 500 54.2339117036572 0
26 700 42.5332189361475 0
26 1000 44.8521272775715 0
27 0 106.51023952889 0
27 200 89.163572822795 0
27 400 54.3649525743032 0
27 500 53.7235297598564 0
27 700 36.6759112149559 0
27 1000 39.263830515573 0
28 0 89.2760082962298 0
28 200 70.1759141358805 0
28 400 56.2016671127238 0
28 500 57.8628582725 0
28 700 39.0058414402889 0
28 1000 40.449503281759 0
29 0 115.148121721258 0
29 200 109.909586049225 0
29 400 88.1800457069455 0
29 500 65.4887793523566 0
29 700 61.0621937057067 0
29 1000 47.5991807458411 0
30 0 101.451720083323 0
30 200 98.3448612783114 0
30 400 74.0678160991926 0
30 500 69.0439984792827 0
30 700 53.3644324836674 0
30 1000 56.9023339580935 0
31 0 107.243491363101 0
31 200 94.8738981852403 0
31 400 83.2589744200734 0
31 500 58.9029243045829 0
31 700 51.6330136747065 0
31 1000 39.8899575459881 0
32 0 126.537142496477 0
32 200 104.538918983243 0
32 400 81.035581212654 0
32 500 80.7254127657076 0
32 700 64.0610259593475 0
32 1000 54.5457329467776 0
33 0 117.598490407969 0
33 200 104.004993891148 0
33 400 89.4343087034102 0
33 500 74.3585612670423 0
33 700 62.7407612473776 0
33 1000 44.8048299269601 0
34 0 113.35122906432 0
34 200 99.2405413731944 0
34 400 85.284714384126 0
34 500 73.5290539252697 0
34 700 64.8045526445052 0
34 1000 50.168924912193 0
35 0 109.319190750499 0
35 200 103.909871625822 0
35 400 91.0765813358291 0
35 500 92.3601659470712 0
35 700 65.1257176958212 0
35 1000 50.0015621623035 0
36 0 99.0739011652482 0
36 200 62.1904102353825 0
36 400 48.599566328274 0
36 500 37.8412322478137 0
36 700 37.0500289046797 0
36 1000 29.4914870228168 0
37 0 99.086304371114 0
37 200 93.5664262330545 0
37 400 75.7958325150188 0
37 500 59.3980729636201 0
37 700 57.0428400781188 0
37 1000 41.0066974243644 0
38 0 100.077771552877 0
38 200 86.6875768426715 0
38 400 66.5368470775477 0
38 500 58.0537361998105 0
38 700 55.2891417980301 0
38 1000 46.4812700729524 0
39 0 89.4986904939941 0
39 200 91.1882837162429 0
39 400 77.0943375644173 0
39 500 73.6536560671739 0
39 700 69.2501031767712 0
39 1000 56.1662642142009 0
40 0 81.4011767234533 0
40 200 81.6949584503754 0
40 400 67.3832051408158 0
40 500 69.9093078297433 0
40 700 58.9419386056772 0
40 1000 53.9380165696501 0
41 0 109.86672718112 0
41 200 106.973706321069 0
41 400 82.2806766173256 0
41 500 72.8943056467019 0
41 700 57.1739220680852 0
41 1000 46.4232026310874 0
42 0 119.947381572449 0
42 200 105.492869844171 0
42 400 85.5491005896052 0
42 500 77.930290941951 0
42 700 68.2401865662379 0
42 1000 62.5289101070758 0
43 0 88.2008564112943 0
43 200 71.044085218739 0
43 400 59.7350128855645 0
43 500 50.31764099404 0
43 700 46.7436409434207 0
43 1000 37.6728939547154 0
44 0 83.5798515937811 0
44 200 81.7441318418558 0
44 400 64.9562800167779 0
44 500 51.54973111327 0
44 700 49.6894657789073 0
44 1000 38.3074801687149 0
45 0 116.739304101303 0
45 200 104.984693291542 0
45 400 82.2231701644762 0
45 500 76.4081163149732 0
45 700 66.3273762049959 0
45 1000 45.6662070187082 0
46 0 96.6649941562325 0
46 200 86.3384756716561 0
46 400 52.4122963349601 0
46 500 53.4903830510904 0
46 700 52.6036015063177 0
46 1000 36.6741745756911 0
47 0 99.2982274985812 0
47 200 99.2209122123593 0
47 400 94.8626954825027 0
47 500 91.7867880604917 0
47 700 77.4250065944808 0
47 1000 59.2897696114362 0
48 0 86.3579597592876 0
48 200 78.9442733234564 0
48 400 59.5237224937662 0
48 500 48.7181820219766 0
48 700 43.6142703387197 0
48 1000 35.3979922201619 0
49 0 88.0472481626591 0
49 200 82.356028449974 0
49 400 54.5548472489006 0
49 500 37.74281333277 0
49 700 34.6031753492023 0
49 1000 38.9754360277988 0
50 0 96.2692249524086 0
50 200 81.6557326649959 0
50 400 60.1827969357842 0
50 500 44.1896174956772 0
50 700 47.5446906677526 0
50 1000 29.3025909362171 0
51 0 106.302578850142 1
51 200 77.0220629171244 1
51 400 59.7175643554744 1
51 500 51.8048498390428 1
51 700 38.8553667019639 1
51 1000 27.4975961595089 1
52 0 102.19288302176 1
52 200 87.7527882613511 1
52 400 75.537489677857 1
52 500 51.8077367729756 1
52 700 43.646301513713 1
52 1000 41.0031480419109 1
53 0 84.3672049337568 1
53 200 74.904340580931 1
53 400 47.7035327672843 1
53 500 49.3670503102162 1
53 700 38.651111160365 1
53 1000 21.157992939029 1
54 0 105.410040029688 1
54 200 80.3238659513956 1
54 400 50.0511168848316 1
54 500 41.3975426008041 1
54 700 35.9761928911466 1
54 1000 38.2684056227549 1
55 0 95.7347190548173 1
55 200 71.2641591137333 1
55 400 48.2201139606553 1
55 500 45.193351669947 1
55 700 28.7993300767222 1
55 1000 44.4569438010951 1
56 0 106.58985185902 1
56 200 61.8702801863724 1
56 400 46.9181502190878 1
56 500 36.8582327984332 1
56 700 47.8942277916259 1
56 1000 25.4296420296547 1
57 0 95.476093886655 1
57 200 71.4328289834241 1
57 400 45.0499964684832 1
57 500 50.4145601321474 1
57 700 33.1350654116982 1
57 1000 28.6878804185269 1
58 0 120.337208721268 1
58 200 95.4852325335215 1
58 400 68.7696849060948 1
58 500 53.9598175681331 1
58 700 43.7136985059721 1
58 1000 42.6426116339989 1
59 0 94.2202926240218 1
59 200 66.5559819995586 1
59 400 43.3793678036867 1
59 500 44.3683230444261 1
59 700 36.0115620970228 1
59 1000 41.7966574112582 1
60 0 98.6680929497495 1
60 200 69.093333529496 1
60 400 51.4106531387091 1
60 500 45.6761833812557 1
60 700 36.677914556565 1
60 1000 33.387739918102 1
61 0 94.9610511607868 1
61 200 74.1370259852832 1
61 400 50.9294659029253 1
61 500 40.2379205381004 1
61 700 34.0418798150611 1
61 1000 29.5207557957216 1
62 0 93.8649874499912 1
62 200 92.0594623869689 1
62 400 63.1130513748229 1
62 500 55.6182336691646 1
62 700 42.4973702506151 1
62 1000 30.5889472106219 1
63 0 115.152797529477 1
63 200 72.2612331437277 1
63 400 43.6569065796251 1
63 500 50.2794833544977 1
63 700 38.2760302514551 1
63 1000 37.5010142491757 1
64 0 103.622996862492 1
64 200 73.9777598719079 1
64 400 53.0045939624108 1
64 500 43.8292991392648 1
64 700 46.1342790117191 1
64 1000 42.7279742891181 1
65 0 102.824134066554 1
65 200 80.115881850161 1
65 400 53.1904271175776 1
65 500 44.826804584142 1
65 700 42.4902266850474 1
65 1000 40.9976558934147 1
66 0 100.052596389146 1
66 200 88.2589507691968 1
66 400 56.7218246961486 1
66 500 48.0101196895936 1
66 700 38.3003115861936 1
66 1000 42.7020610767625 1
67 0 126.079527045803 1
67 200 111.012670223735 1
67 400 79.5232740406862 1
67 500 70.9037765520747 1
67 700 64.0484421940044 1
67 1000 41.581895678921 1
68 0 107.806222410847 1
68 200 107.852946126838 1
68 400 84.8588171169031 1
68 500 80.5795130519135 1
68 700 57.1329317960108 1
68 1000 55.564073414056 1
69 0 86.5048246791787 1
69 200 56.433602148818 1
69 400 42.7055820509149 1
69 500 43.6682850670171 1
69 700 36.5745723684885 1
69 1000 30.3211058657962 1
70 0 93.9394450066467 1
70 200 72.2190359211824 1
70 400 51.315697357655 1
70 500 54.7919077879363 1
70 700 35.0165138733463 1
70 1000 33.066794061878 1
71 0 103.700947071952 1
71 200 91.3537378058368 1
71 400 64.5322300536576 1
71 500 44.9284479590873 1
71 700 48.3029638314813 1
71 1000 33.7274108814391 1
72 0 104.774458004262 1
72 200 79.6749418903035 1
72 400 53.9559291053896 1
72 500 49.5337372341151 1
72 700 33.986462033558 1
72 1000 33.2384653494192 1
73 0 130.152789841842 1
73 200 95.0927190635079 1
73 400 72.9228752921122 1
73 500 64.2092497217207 1
73 700 59.7636057590397 1
73 1000 41.9297961039546 1
74 0 85.0369802031724 1
74 200 79.3085043385106 1
74 400 56.6189284372025 1
74 500 48.237483969626 1
74 700 34.0378113590001 1
74 1000 35.9607690784198 1
75 0 114.692183384815 1
75 200 90.5384618463979 1
75 400 69.6467997385387 1
75 500 59.678432402005 1
75 700 45.6749077347443 1
75 1000 33.4795012266333 1
76 0 109.834332020596 1
76 200 85.9878870335814 1
76 400 54.8302135474227 1
76 500 56.3771488770525 1
76 700 40.293844493647 1
76 1000 38.3888903549092 1
77 0 114.331637950215 1
77 200 78.3281212997932 1
77 400 52.8798631914872 1
77 500 58.6962205320534 1
77 700 39.5367381947928 1
77 1000 45.1871835449594 1
78 0 117.633163053057 1
78 200 78.997125509931 1
78 400 55.0992741481538 1
78 500 53.4138284514464 1
78 700 46.4233428156655 1
78 1000 36.9745238406133 1
79 0 90.5285352611522 1
79 200 71.0119384000344 1
79 400 48.6412456005928 1
79 500 53.4100906646928 1
79 700 42.3046249138126 1
79 1000 38.2614370332984 1
80 0 118.695930107462 1
80 200 85.7345589124778 1
80 400 68.0073117668587 1
80 500 61.7726158854096 1
80 700 48.9940100772765 1
80 1000 41.2932522809123 1
81 0 101.565992691455 1
81 200 84.1501065872198 1
81 400 55.4841466403488 1
81 500 42.3790154408556 1
81 700 45.3733738454325 1
81 1000 38.5446679497945 1
82 0 88.1479876690588 1
82 200 86.2835723357157 1
82 400 70.8011797666834 1
82 500 51.8088238746085 1
82 700 43.7613652399001 1
82 1000 34.3051140791827 1
83 0 96.3445167688769 1
83 200 85.1685357874231 1
83 400 48.7934991032758 1
83 500 46.888101190481 1
83 700 32.7119497404892 1
83 1000 37.5720090355438 1
84 0 114.20846153514 1
84 200 90.2839005602321 1
84 400 65.7880179953446 1
84 500 61.4240675877943 1
84 700 52.6907487564982 1
84 1000 39.6181338859917 1
85 0 81.2802722174564 1
85 200 59.2848367958134 1
85 400 43.9478909399093 1
85 500 34.556525420196 1
85 700 30.8271737739249 1
85 1000 26.1972445007201 1
86 0 118.712327147799 1
86 200 108.247698378552 1
86 400 82.4975386605232 1
86 500 73.6236854084976 1
86 700 62.7675575263574 1
86 1000 55.5572405045748 1
87 0 122.638600069813 1
87 200 78.4577371492758 1
87 400 55.7797035829025 1
87 500 61.5980255941362 1
87 700 51.298034621111 1
87 1000 41.3128534083634 1
88 0 110.729540999321 1
88 200 97.4707256625733 1
88 400 61.9706467213632 1
88 500 46.844340574991 1
88 700 43.6784087762489 1
88 1000 32.086323869687 1
89 0 102.845839281928 1
89 200 90.5760974214566 1
89 400 77.4971947449893 1
89 500 66.7458319539677 1
89 700 54.6480179527804 1
89 1000 52.0745616831768 1
90 0 94.0193658163209 1
90 200 63.0117639101688 1
90 400 41.9326592658869 1
90 500 36.9451450562843 1
90 700 31.9779783313827 1
90 1000 33.4365364012087 1
91 0 125.323029054883 1
91 200 94.7570783727964 1
91 400 68.617988704705 1
91 500 59.7017064071988 1
91 700 56.0684413699344 1
91 1000 47.1274959247951 1
92 0 104.485672030169 1
92 200 80.7800230343827 1
92 400 64.2406619377419 1
92 500 60.8698784326858 1
92 700 44.479388234254 1
92 1000 35.4723532039686 1
93 0 99.8863936762704 1
93 200 88.8449967600837 1
93 400 66.7703492815767 1
93 500 56.6889547857336 1
93 700 43.0371876314239 1
93 1000 41.0024407706887 1
94 0 91.1012595617205 1
94 200 54.8012408531824 1
94 400 38.4860338022105 1
94 500 47.2256337433625 1
94 700 31.6116556358674 1
94 1000 19.4122047877832 1
95 0 105.662433169637 1
95 200 73.8626132979268 1
95 400 49.8633523476595 1
95 500 56.9963758222221 1
95 700 33.5542588936352 1
95 1000 45.4812502913984 1
96 0 103.593061999656 1
96 200 91.5022755873147 1
96 400 63.4587970404393 1
96 500 60.9219385659943 1
96 700 50.2797955969019 1
96 1000 33.0548876927261 1
97 0 95.254340262136 1
97 200 69.3444496052317 1
97 400 59.3684438609928 1
97 500 54.970232551116 1
97 700 42.8190106949424 1
97 1000 37.4299227550703 1
98 0 116.892185234707 1
98 200 113.666629790429 1
98 400 88.6474038994216 1
98 500 72.0277416020156 1
98 700 66.4521900759834 1
98 1000 46.7828268192972 1
99 0 109.658635192215 1
99 200 86.3360643623258 1
99 400 53.8498187582333 1
99 500 53.5447926559406 1
99 700 52.0596914152859 1
99 1000 35.2708474710998 1
100 0 88.8483741833685 1
100 200 72.1491808925873 1
100 400 58.5560213885775 1
100 500 48.0057073888281 1
100 700 44.0753678635522 1
100 1000 47.2552895548114 1
