id dose eff group
1 0 78.5537855071957 0
1 200 74.4569502437335 0
1 400 49.3826180688429 0
1 500 45.2870966572552 0
1 700 36.0917380558482 0
1 1000 25.2415035769117 0
2 0 90.0155277184782 0
2 200 79.5668279284211 0
2 400 56.5585134600299 0
2 500 54.4468087656765 0
2 700 34.8008985634998 0
2 1000 29.0045238132499 0
3 0 102.641270576165 0
3 200 94.0826702832154 0
3 400 83.4139874566853 0
3 500 83.6360348926294 0
3 700 64.5325842768026 0
3 1000 57.3810953950812 0
4 0 106.65116599135 0
4 200 97.6665431779005 0
4 400 89.1847643052042 0
4 500 85.7397062054269 0
4 700 76.556837739118 0
4 1000 63.8875865475076 0
5 0 81.2805862668152 0
5 200 73.2294530279134 0
5 400 60.7546182585768 0
5 500 58.7076659449745 0
5 700 49.3289211111846 0
5 1000 31.377631905959 0
6 0 95.564367386698 0
6 200 83.310959889355 0
6 400 86.1225492685194 0
6 500 75.9153940034228 0
6 700 63.5476590991381 0
6 1000 55.7537129108071 0
7 0 104.401485845022 0
7 200 81.5825256549397 0
7 400 79.9494748369947 0
7 500 68.7102113321491 0
7 700 64.42936822835 0
7 1000 39.8949147292736 0
8 0 94.7018047626194 0
8 200 68.9994130929063 0
8 400 54.1378698510799 0
8 500 51.2998787699178 0
8 700 47.806763985473 0
8 1000 35.4862514771109 0
9 0 113.262432541011 0
9 200 89.9515961494534 0
9 400 76.2713717463891 0
9 500 62.5668922360165 0
9 700 48.5326474535781 0
9 1000 44.1169817341786 0
10 0 81.5087292909885 0
10 200 74.8393648413243 0
10 400 60.0560941288856 0
10 500 56.014960869737 0
10 700 40.0312331976373 0
10 1000 32.5283614313394 0
11 0 105.284101570388 0
11 200 82.176419462157 0
11 400 71.0848262415436 0
11 500 70.3751233990316 0
11 700 54.9573989186196 0
11 1000 43.6478424053955 0
12 0 108.318843673921 0
12 200 109.145473280377 0
12 400 99.4847946851508 0
12 500 94.3044731158717 0
12 700 77.7356628886331 0
12 1000 61.6672730049982 0
13 0 73.0828438676622 0
13 200 69.438738108615 0
13 400 59.3640097279903 0
13 500 45.1019419219233 0
13 700 43.7950407951311 0
13 1000 34.7802178462114 0
14 0 88.056557877009 0
14 200 75.2899754341791 0
14 400 61.6078852118704 0
14 500 45.9884339377338 0
14 700 45.1882389052667 0
14 1000 34.0146024632348 0
15 0 100.86929272264 0
15 200 89.010765968143 0
15 400 71.4336293407187 0
15 500 64.5366410561977 0
15 700 59.3291833273547 0
15 1000 41.7885416611585 0
16 0 106.148250661261 0
16 200 99.6952609074713 0
16 400 87.1357874789689 0
16 500 74.4260846573498 0
16 700 69.4023369208735 0
16 1000 56.1069642039529 0
17 0 103.052845599888 0
17 200 95.0568044030753 0
17 400 75.4727052639771 0
17 500 74.3420615370251 0
17 700 52.8922166807406 0
17 1000 56.804750674264 0
18 0 79.0918671322824 0
18 200 64.7034851764371 0
18 400 44.1130041593115 0
18 500 42.621385975218 0
18 700 26.9968600155753 0
18 1000 28.0515473990445 0
19 0 96.2792310011839 0
19 200 81.8083417681367 0
19 400 59.2880545059155 0
19 500 46.1538389263678 0
19 700 45.6769827459712 0
19 1000 33.8904067768915 0
20 0 110.477415776123 0
20 200 88.8208890671677 0
20 400 71.8020204066556 0
20 500 60.3455163244515 0
20 700 50.8888120794206 0
20 1000 45.4271632949489 0
21 0 90.2107204285423 0
21 200 68.830035722536 0
21 400 67.1949750546143 0
21 500 60.3536374111536 0
21 700 53.723412361393 0
21 1000 34.3741779417053 0
22 0 95.9152267339242 0
22 200 90.0209242011756 0
22 400 69.1838736341976 0
22 500 57.8705586662795 0
22 700 51.7557606105703 0
22 1000 34.954177024042 0
23 0 110.870385708979 0
23 200 104.236680152523 0
23 400 83.9686320926183 0
23 500 68.908934092376 0
23 700 55.5942288297475 0
23 1000 40.7665620768986 0
24 0 101.216728779962 0
24 200 98.2091518102269 0
24 400 91.5474248952296 0
24 500 79.5747527442762 0
24 700 66.7483393850665 0
24 1000 51.2502116404197 0
25 0 92.9851601635887 0
25 200 68.2932053061476 0
25 400 62.7768821026295 0
25 500 45.1385785595672 0
25 700 39.5823868003637 0
25 1000 38.6113792629095 0
26 0 119.469329590919 0
26 200 110.957964042562 0
26 400 103.013564532114 0
26 500 96.815292197305 0
26 700 85.7308707015401 0
26 1000 62.8571101776954 0
27 0 102.784572302712 0
27 200 79.1142619558821 0
27 400 58.3027539777865 0
27 500 59.6176797099022 0
27 700 45.9102967325625 0
27 1000 35.083296701916 0
28 0 84.969868133627 0
28 200 89.0206868308643 0
28 400 65.6952996497935 0
28 500 69.185463727664 0
28 700 50.278891929809 0
28 1000 42.5621402450318 0
29 0 99.155656505642 0
29 200 81.415352535819 0
29 400 71.0006374971878 0
29 500 54.5344670348601 0
29 700 37.0224865057032 0
29 1000 46.8336028600453 0
30 0 88.8548990135529 0
30 200 67.2637076844907 0
30 400 48.185560886963 0
30 500 41.9382915800356 0
30 700 35.2801095308004 0
30 1000 38.9907435921194 0
31 0 95.5144673244245 0
31 200 93.4380524937713 0
31 400 81.2471798859607 0
31 500 72.5092422341228 0
31 700 68.0549994255426 0
31 1000 55.3805446697498 0
32 0 120.545514635448 0
32 200 100.04600291774 0
32 400 102.734943189202 0
32 500 101.357360134037 0
32 700 89.6106064317524 0
32 1000 71.3125321979063 0
33 0 97.6143220523476 0
33 200 80.5698042481085 0
33 400 50.6145075118954 0
33 500 53.1599687180403 0
33 700 49.4297151994901 0
33 1000 33.3408083288205 0
34 0 107.781074004343 0
34 200 109.832927134719 0
34 400 96.9887717348816 0
34 500 80.8288423512947 0
34 700 66.8078769826122 0
34 1000 63.8015178720186 0
35 0 121.718663475954 0
35 200 104.79528581861 0
35 400 89.2329665498224 0
35 500 82.6088087404117 0
35 700 57.5285451620844 0
35 1000 52.1975923249725 0
36 0 80.8174566042265 0
36 200 78.2385636874939 0
36 400 65.628568630269 0
36 500 68.602715578587 0
36 700 47.9287818366421 0
36 1000 38.3347152117703 0
37 0 77.6486564631449 0
37 200 89.1024048943469 0
37 400 70.0017883810392 0
37 500 61.5898419793033 0
37 700 53.0559835640744 0
37 1000 40.934897291957 0
38 0 105.217812695123 0
38 200 101.166403422793 0
38 400 83.2218240989408 0
38 500 82.4395003517027 0
38 700 69.1061227772583 0
38 1000 53.1669448538862 0
39 0 107.763565472331 0
39 200 80.1373535585032 0
39 400 64.8776148118998 0
39 500 51.7879734422114 0
39 700 43.1394102395702 0
39 1000 36.9400239910143 0
40 0 101.157046695863 0
40 200 81.7565776651955 0
40 400 60.6828575369799 0
40 500 55.6984521221473 0
40 700 53.6222241814787 0
40 1000 32.7761039604391 0
41 0 90.6471550615458 0
41 200 94.7787878940701 0
41 400 65.7527430678092 0
41 500 58.6574207621854 0
41 700 54.0927962122065 0
41 1000 42.9291728277562 0
42 0 99.6117656133649 0
42 200 94.6198616535132 0
42 400 93.3078673905192 0
42 500 80.84084685013 0
42 700 75.2209177277083 0
42 1000 55.9936463519207 0
43 0 95.9902623533567 0
43 200 90.0285953514538 0
43 400 80.6803696266493 0
43 500 78.4357105738817 0
43 700 59.0010539351484 0
43 1000 57.7264864257448 0
44 0 114.525857699483 0
44 200 85.3036882849802 0
44 400 82.338393821383 0
44 500 76.8821137262755 0
44 700 66.9124427124453 0
44 1000 48.0111662859871 0
45 0 96.3142317228096 0
45 200 82.0054655260555 0
45 400 66.9333604655041 0
45 500 62.716838934956 0
45 700 44.1711074376101 0
45 1000 46.3136239030798 0
46 0 107.943962401567 0
46 200 85.7382548248492 0
46 400 60.406232796708 0
46 500 52.048891711123 0
46 700 49.108688961669 0
46 1000 33.6990718690761 0
47 0 107.861108107714 0
47 200 94.009622114429 0
47 400 54.3432469527986 0
47 500 51.8785876581718 0
47 700 48.6100245196056 0
47 1000 32.5691792142818 0
48 0 96.3421695863902 0
48 200 94.7706022255042 0
48 400 64.9978645615335 0
48 500 66.2505248185617 0
48 700 39.0553468065547 0
48 1000 47.9627808351398 0
49 0 74.7151226346643 0
49 200 70.2479159506198 0
49 400 71.0206051916911 0
49 500 71.3074371361135 0
49 700 60.1052979837951 0
49 1000 55.3265088099629 0
50 0 101.926764792684 0
50 200 92.2797193950222 0
50 400 67.3903452899377 0
50 500 64.6123130553958 0
50 700 51.0123292153863 0
50 1000 36.4500537865808 0
51 0 95.8200826871065 1
51 200 85.1155091851632 1
51 400 62.3030389616402 1
51 500 52.9889356838484 1
51 700 35.6678595679186 1
51 1000 35.4831821159006 1
52 0 105.264997138381 1
52 200 75.8616922595393 1
52 400 48.499607143913 1
52 500 40.1672013231382 1
52 700 39.6777530622499 1
52 1000 43.205698209639 1
53 0 112.677511614564 1
53 200 93.2597944230066 1
53 400 64.8726158380876 1
53 500 46.6490960348365 1
53 700 43.8256439768004 1
53 1000 40.3378130416052 1
54 0 93.5098053153729 1
54 200 61.9091681282962 1
54 400 47.5223691826877 1
54 500 39.4534658001833 1
54 700 38.6044418702942 1
54 1000 26.4788388784322 1
55 0 95.849115691272 1
55 200 101.082217339463 1
55 400 79.382989962332 1
55 500 63.6070430962988 1
55 700 59.7240822614615 1
55 1000 42.4325189370507 1
56 0 94.6858182120112 1
56 200 73.0890151901143 1
56 400 43.0043181042392 1
56 500 39.6590607935015 1
56 700 41.5159608139654 1
56 1000 29.3245894228925 1
57 0 77.8297640754533 1
57 200 58.7002895034973 1
57 400 42.8694360862807 1
57 500 38.8614518351793 1
57 700 38.4373330419396 1
57 1000 28.8534172872862 1
58 0 100.167183324822 1
58 200 62.7383813471272 1
58 400 41.864044163518 1
58 500 44.814592125067 1
58 700 28.7342616846333 1
58 1000 32.3216952843984 1
59 0 88.3628916301491 1
59 200 60.6611548220267 1
59 400 42.8692745465841 1
59 500 26.0183169589159 1
59 700 42.0060971021414 1
59 1000 33.0681781088478 1
60 0 116.297225957056 1
60 200 92.92088647107 1
60 400 59.6422731792872 1
60 500 48.8993242044643 1
60 700 45.1510432105577 1
60 1000 39.0612186402243 1
61 0 83.1525582699333 1
61 200 67.9869322703856 1
61 400 49.3280242076287 1
61 500 42.781095172794 1
61 700 39.5285606489759 1
61 1000 33.4430790881974 1
62 0 105.302938504046 1
62 200 78.601230597886 1
62 400 60.1960851850508 1
62 500 62.6494123720895 1
62 700 41.035912553433 1
62 1000 25.7780259813562 1
63 0 102.672011982002 1
63 200 71.1333830840783 1
63 400 51.1820106394712 1
63 500 42.3440088815658 1
63 700 33.8898537948985 1
63 1000 29.7005264567819 1
64 0 93.0597881196425 1
64 200 86.9293238102706 1
64 400 58.5490402235119 1
64 500 54.8730427337083 1
64 700 34.5484792853827 1
64 1000 32.1613009839324 1
65 0 105.167691275592 1
65 200 81.2103080272818 1
65 400 62.9806151027717 1
65 500 61.8253160508637 1
65 700 53.196939737724 1
65 1000 35.5394894662793 1
66 0 85.8261712162721 1
66 200 57.9499089001502 1
66 400 36.4840181953344 1
66 500 25.4241540230827 1
66 700 28.3750893953085 1
66 1000 33.1478349322252 1
67 0 100.21997962162 1
67 200 79.6044989045623 1
67 400 48.5319718235076 1
67 500 43.7729018794594 1
67 700 36.3467908430229 1
67 1000 27.1425033432287 1
68 0 96.9582644464717 1
68 200 73.8815518217385 1
68 400 41.754720602761 1
68 500 45.1279021659036 1
68 700 40.3370411814777 1
68 1000 34.8664173702682 1
69 0 101.162019540504 1
69 200 71.1184636395948 1
69 400 54.1038387057958 1
69 500 59.7014323133587 1
69 700 44.2409995113847 1
69 1000 37.7721708623609 1
70 0 130.997238038438 1
70 200 114.438407205428 1
70 400 97.7720331082332 1
70 500 84.6513584994599 1
70 700 70.6088995737175 1
70 1000 53.8394532943494 1
71 0 99.8595597395761 1
71 200 59.5059128824273 1
71 400 44.8356579368486 1
71 500 44.3068075343579 1
71 700 40.7462348640481 1
71 1000 31.0518943575503 1
72 0 104.03303490446 1
72 200 86.5439014103235 1
72 400 57.0230408170809 1
72 500 48.9021575714719 1
72 700 37.9556518642827 1
72 1000 41.0751387212669 1
73 0 83.7698424634694 1
73 200 53.6521791305765 1
73 400 43.3124938134237 1
73 500 43.265885609142 1
73 700 31.6486218461943 1
73 1000 34.7666207247008 1
74 0 92.5936647672148 1
74 200 56.3220868323585 1
74 400 41.6304947810373 1
74 500 37.7531134063565 1
74 700 31.7985919822478 1
74 1000 33.5055758120334 1
75 0 92.7983330573318 1
75 200 55.6865208605858 1
75 400 35.1864534229402 1
75 500 33.8650103952993 1
75 700 28.0623194416834 1
75 1000 25.6319120615482 1
76 0 99.5872825950055 1
76 200 76.231957587514 1
76 400 54.8058566873364 1
76 500 48.7515672597854 1
76 700 43.5124477194842 1
76 1000 32.7367693944183 1
77 0 96.2485499185348 1
77 200 50.276736607388 1
77 400 38.5613127986042 1
77 500 30.9933849255848 1
77 700 37.973146958526 1
77 1000 27.1533546697537 1
78 0 100.886797362758 1
78 200 72.243892771481 1
78 400 57.8923210707046 1
78 500 54.9625833880678 1
78 700 42.1221568102514 1
78 1000 35.5265762594089 1
79 0 102.511181306644 1
79 200 77.7265992629808 1
79 400 56.1263444469487 1
79 500 43.0412975875203 1
79 700 43.9732175031662 1
79 1000 40.2198706828827 1
80 0 103.670335814743 1
80 200 72.7094717110956 1
80 400 45.7619335909565 1
80 500 39.8253993408148 1
80 700 44.4426360978348 1
80 1000 32.3814463196602 1
81 0 106.903315712 1
81 200 82.5229279467105 1
81 400 59.8621804139938 1
81 500 52.9514344009239 1
81 700 46.131052741872 1
81 1000 42.1736067676247 1
82 0 100.535714610881 1
82 200 77.1499473936275 1
82 400 51.9423975403562 1
82 500 41.2116956543172 1
82 700 33.2363698996162 1
82 1000 32.0803246832316 1
83 0 118.045465190018 1
83 200 76.2801973295118 1
83 400 45.7038793564557 1
83 500 47.9026731744166 1
83 700 44.8427412355185 1
83 1000 39.8783763096329 1
84 0 115.141841827111 1
84 200 98.9100315448368 1
84 400 75.4033441850826 1
84 500 65.8430664520286 1
84 700 49.9834148796277 1
84 1000 49.9241380381661 1
85 0 85.0100795036726 1
85 200 53.8416634359287 1
85 400 48.0047942738609 1
85 500 53.881256691502 1
85 700 35.9856749587387 1
85 1000 27.7910150314833 1
86 0 111.612805237704 1
86 200 68.7867028415448 1
86 400 50.5519035423586 1
86 500 49.203024444151 1
86 700 31.8343190362067 1
86 1000 29.3894792089036 1
87 0 99.3752282168117 1
87 200 66.9272263704145 1
87 400 54.6453991475566 1
87 500 45.9212581475645 1
87 700 39.2531104273136 1
87 1000 35.1796792182906 1
88 0 109.180049848503 1
88 200 57.0384449814698 1
88 400 44.542490141388 1
88 500 37.3803128910765 1
88 700 36.3145176046805 1
88 1000 35.7387704000204 1
89 0 97.2448816592732 1
89 200 92.1959344900428 1
89 400 74.8575072685552 1
89 500 67.542043406155 1
89 700 62.0210607709664 1
89 1000 50.415015487138 1
90 0 106.269898222637 1
90 200 89.5893215424373 1
90 400 76.1077985406317 1
90 500 62.1642430468246 1
90 700 65.4819825458706 1
90 1000 46.8338547144391 1
91 0 85.2400274794648 1
91 200 88.565488296357 1
91 400 62.8935358849932 1
91 500 56.1454671286784 1
91 700 48.1138250103378 1
91 1000 31.1602293970086 1
92 0 93.3094556182752 1
92 200 74.4520400213801 1
92 400 51.0135212062792 1
92 500 40.3848426843889 1
92 700 32.9560826689641 1
92 1000 27.2195124923553 1
93 0 81.5451374663367 1
93 200 68.4830293184522 1
93 400 52.3396766556139 1
93 500 42.6947022890933 1
93 700 29.7947232605346 1
93 1000 24.080662742357 1
94 0 89.837244982039 1
94 200 81.1061677745053 1
94 400 70.8864143691954 1
94 500 65.4656500958655 1
94 700 52.7893272909068 1
94 1000 49.9574258268214 1
95 0 90.9436471466617 1
95 200 73.5195666345762 1
95 400 44.4171417741259 1
95 500 53.1956230831412 1
95 700 41.7560204440741 1
95 1000 31.2431523381115 1
96 0 108.040814083629 1
96 200 75.2311368298463 1
96 400 50.9776068420279 1
96 500 44.5618843831806 1
96 700 41.373601288208 1
96 1000 36.741395590457 1
97 0 97.4542157977627 1
97 200 99.878910992287 1
97 400 75.7715595300306 1
97 500 73.5872461693334 1
97 700 57.7713222814503 1
97 1000 52.7881929597311 1
98 0 105.590734669105 1
98 200 87.6838181488375 1
98 400 69.9402530268218 1
98 500 51.8421396396446 1
98 700 48.4735201549314 1
98 1000 42.8878236907324 1
99 0 81.2769256162233 1
99 200 55.7890544542973 1
99 400 28.4655607463623 1
99 500 30.616726646904 1
99 700 34.2403858522807 1
99 1000 33.0115059925008 1
100 0 100.934851788282 1
100 200 85.8536498193753 1
100 400 64.8567027265819 1
100 500 48.5913119107779 1
100 700 43.9715146646299 1
100 1000 34.9545588530048 1
