id dose eff group
1 0 108.312665165213 0
1 200 90.2700011358631 0
1 400 73.2236298715217 0
1 500 58.4706067074919 0
1 700 46.0553531536301 0
1 1000 39.4632331476568 0
2 0 94.8505343259373 0
2 200 83.808666958107 0
2 400 69.8092574783397 0
2 500 50.0814889718054 0
2 700 44.0854787221433 0
2 1000 31.3455412734879 0
3 0 110.123809732822 0
3 200 101.724347177432 0
3 400 76.6099680529888 0
3 500 69.1283206015883 0
3 700 51.1923526651479 0
3 1000 42.6478750293768 0
4 0 81.9291554252848 0
4 200 78.3603463294996 0
4 400 61.7604193321419 0
4 500 56.9329866953984 0
4 700 43.4115591903183 0
4 1000 38.3010515098108 0
5 0 75.6444852235632 0
5 200 66.0728123450218 0
5 400 42.9451449392237 0
5 500 35.0783106171892 0
5 700 35.5228418033178 0
5 1000 20.3070607110405 0
6 0 95.4925043980387 0
6 200 77.1624267562932 0
6 400 58.0420085123167 0
6 500 51.8477353446273 0
6 700 41.1732334613311 0
6 1000 39.1531982878354 0
7 0 107.692897728487 0
7 200 91.8990404079436 0
7 400 81.4472710033873 0
7 500 70.3578929274211 0
7 700 59.5628909036289 0
7 1000 35.0531156182608 0
8 0 106.206943291735 0
8 200 99.8962970320301 0
8 400 98.1752131464212 0
8 500 92.250752378444 0
8 700 78.6384819695276 0
8 1000 55.5574465009634 0
9 0 112.008779172471 0
9 200 93.7404243863025 0
9 400 69.3408882557563 0
9 500 70.7853365168897 0
9 700 53.4921735801848 0
9 1000 47.0218279575493 0
10 0 85.3112999523619 0
10 200 70.8999106124777 0
10 400 47.8124064825943 0
10 500 45.746753868149 0
10 700 45.5991937186893 0
10 1000 29.5461645259919 0
11 0 87.2155043298118 0
11 200 80.7951241591482 0
11 400 56.239949857049 0
11 500 57.2286062618386 0
11 700 51.1526059987133 0
11 1000 40.4004232713627 0
12 0 89.8415778992358 0
12 200 87.0753573831352 0
12 400 55.6366542684748 0
12 500 46.5728230423846 0
12 700 43.2012530814757 0
12 1000 39.6673848205461 0
13 0 106.642724482156 0
13 200 105.453606442874 0
13 400 93.5886620768956 0
13 500 80.2634175174831 0
13 700 65.8442546600041 0
13 1000 52.9642095918711 0
14 0 97.2521382895234 0
14 200 97.1880906472899 0
14 400 78.6804473149201 0
14 500 79.0305811748799 0
14 700 69.7983926923728 0
14 1000 56.6743993584434 0
15 0 93.1653676981059 0
15 200 77.260231869897 0
15 400 57.432711416985 0
15 500 53.6253067322379 0
15 700 45.5443736442816 0
15 1000 40.9994115571042 0
16 0 105.447122690623 0
16 200 90.6006090030094 0
16 400 87.8831695760133 0
16 500 68.9027300903463 0
16 700 68.6589582533661 0
16 1000 56.220910407269 0
17 0 105.48070522943 0
17 200 99.3551390354205 0
17 400 68.6239746902142 0
17 500 64.8349417388933 0
17 700 55.442536826779 0
17 1000 38.0401860426459 0
18 0 104.411434225751 0
18 200 61.6849665193001 0
18 400 47.4075552644814 0
18 500 40.3153473560417 0
18 700 28.5266308199285 0
18 1000 23.8993528902568 0
19 0 92.4304005191454 0
19 200 81.3160248115302 0
19 400 74.7535219073628 0
19 500 64.5583220533816 0
19 700 58.0171818625461 0
19 1000 43.4521884732418 0
20 0 92.8415859256836 0
20 200 93.5063888327591 0
20 400 75.8293544003079 0
20 500 60.22887721211 0
20 700 51.1385633284866 0
20 1000 43.5353763853771 0
21 0 95.3567732474954 0
21 200 75.4862434292377 0
21 400 66.7022235070086 0
21 500 49.1787579659839 0
21 700 42.4858534104848 0
21 1000 39.4176554713553 0
22 0 86.9861902637622 0
22 200 64.8960030227995 0
22 400 36.1626573646002 0
22 500 30.083515901601 0
22 700 39.6233797010425 0
22 1000 37.5789410279347 0
23 0 118.912732890274 0
23 200 119.636760211476 0
23 400 103.302431755452 0
23 500 89.5491767341783 0
23 700 80.8086265689789 0
23 1000 59.8069425408835 0
24 0 110.193809696394 0
24 200 101.361956138567 0
24 400 88.8661437020335 0
24 500 76.8306195172662 0
24 700 63.492023559278 0
24 1000 54.4838227980431 0
25 0 98.6981698260547 0
25 200 102.11079255997 0
25 400 71.0689496482827 0
25 500 75.6471468764339 0
25 700 61.6187329085141 0
25 1000 62.2425427378343 0
26 0 87.4376623409897 0
26 200 85.0303076080629 0
26 400 77.2216243712709 0
26 500 72.963171375744 0
26 700 65.1469896445897 0
26 1000 59.7989524665733 0
27 0 110.885773767394 0
27 200 99.6544407203712 0
27 400 70.1816963880827 0
27 500 75.2862129967116 0
27 700 59.0308465155786 0
27 1000 56.9773716930969 0
28 0 90.6068513437472 0
28 200 70.6494979706121 0
28 400 56.0885668068212 0
28 500 41.5479187194016 0
28 700 33.9999656467927 0
28 1000 26.8061272308214 0
29 0 93.1893988323716 0
29 200 81.7514415277463 0
29 400 57.5519190930128 0
29 500 56.0498988158398 0
29 700 49.6547627804079 0
29 1000 41.0407860157377 0
30 0 108.395285276429 0
30 200 91.8445214001282 0
30 400 77.4063422214268 0
30 500 72.6194746252752 0
30 700 68.1388686864174 0
30 1000 57.5505174625275 0
31 0 104.376487923854 0
31 200 88.5503423648509 0
31 400 72.4360945184394 0
31 500 61.0986788463745 0
31 700 51.2474972502931 0
31 1000 51.7329660943768 0
32 0 103.492283692945 0
32 200 93.2948981049131 0
32 400 69.0816290571409 0
32 500 67.3743841845999 0
32 700 59.3034409940078 0
32 1000 46.9367233186793 0
33 0 107.288088205444 0
33 200 94.4565344095875 0
33 400 87.3252317206301 0
33 500 73.9371920045031 0
33 700 64.1112201385094 0
33 1000 42.6636251696617 0
34 0 111.718772224643 0
34 200 102.469715094434 0
34 400 92.1190765376467 0
34 500 73.2025515846618 0
34 700 58.1783877667037 0
34 1000 57.0172770017664 0
35 0 99.0349302016075 0
35 200 98.0114308106156 0
35 400 84.330290720929 0
35 500 72.6492084003643 0
35 700 62.1538840622427 0
35 1000 51.6515411786484 0
36 0 87.6661158473919 0
36 200 87.1736182854882 0
36 400 80.1696694218448 0
36 500 64.3797030825041 0
36 700 57.5228603822192 0
36 1000 50.635209969729 0
37 0 109.136560010406 0
37 200 100.717648606197 0
37 400 88.6148634964738 0
37 500 69.7762434372948 0
37 700 59.3182545033087 0
37 1000 50.6585986094152 0
38 0 112.268046689867 0
38 200 97.6469870973058 0
38 400 76.341055393931 0
38 500 66.9407751856171 0
38 700 54.0187598196262 0
38 1000 44.1487742240292 0
39 0 98.8796975408455 0
39 200 83.3324290163669 0
39 400 82.8946936510121 0
39 500 67.8651575953572 0
39 700 69.4518612782367 0
39 1000 53.8396500374213 0
40 0 87.9254344920959 0
40 200 73.8391002081587 0
40 400 47.9367406327266 0
40 500 41.8333895168407 0
40 700 27.541172047926 0
40 1000 29.7228047988939 0
41 0 102.105758168834 0
41 200 99.6092756529071 0
41 400 87.454999990452 0
41 500 86.2959466280687 0
41 700 74.0000322529683 0
41 1000 60.2295484261308 0
42 0 103.546198200097 0
42 200 79.408442104146 0
42 400 68.2901862870896 0
42 500 45.958133257607 0
42 700 34.9669849808432 0
42 1000 32.4240449373378 0
43 0 84.734136421083 0
43 200 73.2100924345618 0
43 400 58.2382239252784 0
43 500 48.5085740528346 0
43 700 35.8109267720563 0
43 1000 41.0068176341733 0
44 0 107.415537987764 0
44 200 100.997884009792 0
44 400 87.3615487577417 0
44 500 75.5784015465047 0
44 700 77.8248027923499 0
44 1000 58.2586195896282 0
45 0 89.2158006053513 0
45 200 75.3887309140759 0
45 400 61.511430084206 0
45 500 50.0271609885668 0
45 700 45.1820866041588 0
45 1000 37.2454377282919 0
46 0 102.89774577696 0
46 200 99.4243716203438 0
46 400 73.1427897613333 0
46 500 62.1907939972735 0
46 700 64.1432329420108 0
46 1000 51.927577875858 0
47 0 105.464831236622 0
47 200 91.8471069306544 0
47 400 66.6654738816289 0
47 500 64.6156799590705 0
47 700 52.9254472274368 0
47 1000 39.0039472732324 0
48 0 108.741723947935 0
48 200 97.3818656072742 0
48 400 88.3336011464504 0
48 500 75.9996320219887 0
48 700 59.8109591416997 0
48 1000 62.1889756444236 0
49 0 114.117181801747 0
49 200 115.994033088675 0
49 400 100.183179938872 0
49 500 94.141509983403 0
49 700 77.3007211904872 0
49 1000 59.4634948516574 0
50 0 114.184440810387 0
50 200 95.3986648924062 0
50 400 80.676839389899 0
50 500 72.7008370312155 0
50 700 56.6974297606509 0
50 1000 49.1102295844771 0
51 0 111.700981462949 1
51 200 86.9584034926044 1
51 400 76.9681376719476 1
51 500 66.513170342618 1
51 700 55.3978482434239 1
51 1000 56.9467296981114 1
52 0 112.496813138373 1
52 200 80.0857520940673 1
52 400 62.8577153975635 1
52 500 58.3987492809518 1
52 700 49.5115743320156 1
52 1000 31.9079621545149 1
53 0 104.532610194552 1
53 200 89.0043748433522 1
53 400 64.1155303178992 1
53 500 61.1069620377105 1
53 700 49.1064897976031 1
53 1000 43.6273286303612 1
54 0 101.001002466642 1
54 200 76.3815674969344 1
54 400 60.8770443732128 1
54 500 45.8623797029504 1
54 700 32.1138023778978 1
54 1000 41.9239634559966 1
55 0 100.29864476636 1
55 200 66.9401815920669 1
55 400 44.9721293631894 1
55 500 41.4873336590254 1
55 700 33.0075896427151 1
55 1000 31.0484917906684 1
56 0 107.97067328775 1
56 200 82.4195678930617 1
56 400 57.1483133756378 1
56 500 58.8586594956521 1
56 700 39.8279080928832 1
56 1000 39.1541308432418 1
57 0 105.450110148088 1
57 200 84.7732021557311 1
57 400 50.1244036406851 1
57 500 53.436870313163 1
57 700 54.0009946866106 1
57 1000 32.7955396902812 1
58 0 103.533232377192 1
58 200 78.6473258122074 1
58 400 56.845899392423 1
58 500 53.2241682311563 1
58 700 46.9265562654995 1
58 1000 41.5209224708005 1
59 0 107.384793969376 1
59 200 82.9914392048387 1
59 400 48.4539252358569 1
59 500 43.9123152815785 1
59 700 35.3895710670096 1
59 1000 43.317988565247 1
60 0 96.570119683209 1
60 200 50.4693747616178 1
60 400 32.6126518026123 1
60 500 40.8536258474438 1
60 700 35.5495686044261 1
60 1000 16.7387292907722 1
61 0 90.0003325706696 1
61 200 63.2381950133419 1
61 400 52.0400065823598 1
61 500 36.1594973858196 1
61 700 38.9023995659628 1
61 1000 33.6009179562403 1
62 0 97.2975454742977 1
62 200 80.9188640929384 1
62 400 50.7550119600833 1
62 500 39.3039567092705 1
62 700 36.6291192151718 1
62 1000 29.1161096087399 1
63 0 96.2274279232843 1
63 200 77.8793624640603 1
63 400 48.9186354965017 1
63 500 47.2137927037663 1
63 700 29.5890737839701 1
63 1000 30.8797944141585 1
64 0 123.295589704857 1
64 200 67.3268929774466 1
64 400 31.8612448387583 1
64 500 54.6124996229179 1
64 700 33.6773968057157 1
64 1000 36.7829525107573 1
65 0 86.9529622930968 1
65 200 71.8335435812805 1
65 400 48.3916509773481 1
65 500 50.7541059694499 1
65 700 34.0608332009483 1
65 1000 33.2484057576643 1
66 0 73.7871771559788 1
66 200 61.2511321822376 1
66 400 37.334996497361 1
66 500 43.0968411841374 1
66 700 31.0873388960703 1
66 1000 41.4819485524497 1
67 0 108.770330243207 1
67 200 92.5525710183925 1
67 400 60.9946820631044 1
67 500 56.3969706524118 1
67 700 42.5960073808243 1
67 1000 43.2765889816184 1
68 0 86.2456763695487 1
68 200 60.6214319924707 1
68 400 42.4362999708313 1
68 500 36.8376457919612 1
68 700 37.3718848693265 1
68 1000 28.654530313126 1
69 0 81.4466208376158 1
69 200 69.3161007131288 1
69 400 49.7800070286058 1
69 500 37.6344205829027 1
69 700 38.8731748366338 1
69 1000 21.9626186303123 1
70 0 104.87403419718 1
70 200 89.9006632841285 1
70 400 62.6970013600336 1
70 500 49.0664029403648 1
70 700 40.230063068653 1
70 1000 37.2983176271168 1
71 0 97.6803488761529 1
71 200 74.8520999506818 1
71 400 61.4760798498017 1
71 500 51.8975465408309 1
71 700 43.2158741237426 1
71 1000 34.0764280713981 1
72 0 108.398054783363 1
72 200 90.682532942512 1
72 400 71.4450576752349 1
72 500 67.0064888891322 1
72 700 50.2371243402358 1
72 1000 52.4782067151564 1
73 0 107.013721411491 1
73 200 96.7596121456922 1
73 400 61.1045030104529 1
73 500 56.5466778956115 1
73 700 53.0794439238393 1
73 1000 42.4583263170457 1
74 0 108.721756813623 1
74 200 55.0909423650864 1
74 400 44.7955648262714 1
74 500 37.372923777161 1
74 700 27.9365483574817 1
74 1000 29.2650021899691 1
75 0 87.0106856397064 1
75 200 69.780925978554 1
75 400 48.7965208022186 1
75 500 39.4228216019387 1
75 700 40.18516126665 1
75 1000 27.8848143691832 1
76 0 95.4865439364006 1
76 200 68.6718287215574 1
76 400 51.1724368463375 1
76 500 50.8267520523582 1
76 700 34.7726343674131 1
76 1000 31.0762131889011 1
77 0 101.339108999714 1
77 200 69.8819479910034 1
77 400 43.2252816762087 1
77 500 48.3825850732906 1
77 700 37.831315719289 1
77 1000 35.2660227274948 1
78 0 89.5738979334418 1
78 200 69.2302128871284 1
78 400 40.5317292289784 1
78 500 41.0471497136479 1
78 700 37.5008415337786 1
78 1000 32.0565354150772 1
79 0 106.171116050253 1
79 200 88.9380909091021 1
79 400 68.4210166191284 1
79 500 57.794133468131 1
79 700 54.4037941504307 1
79 1000 42.3795420158029 1
80 0 92.8574211786406 1
80 200 68.04302919336 1
80 400 50.1049696920765 1
80 500 47.473288642635 1
80 700 47.9824783882572 1
80 1000 36.1427348697444 1
81 0 104.663655342812 1
81 200 81.3768445798267 1
81 400 60.1394175677199 1
81 500 47.8062520814476 1
81 700 38.2504052357054 1
81 1000 35.3777444002104 1
82 0 100.741298937682 1
82 200 90.0096264671091 1
82 400 67.557861578006 1
82 500 62.6707363485834 1
82 700 47.4264802077675 1
82 1000 47.9733298336187 1
83 0 75.2027835904866 1
83 200 62.5043282990686 1
83 400 50.8940315711446 1
83 500 45.9391102228605 1
83 700 36.0163378506593 1
83 1000 25.9084484518191 1
84 0 103.697073924218 1
84 200 78.1209971739218 1
84 400 61.2621016125909 1
84 500 48.9381233905666 1
84 700 49.1048014732336 1
84 1000 30.5213888117244 1
85 0 78.2150047651508 1
85 200 68.7860174719482 1
85 400 53.599080832038 1
85 500 39.0084517534806 1
85 700 34.2777048427437 1
85 1000 30.7546399214243 1
86 0 126.051658737941 1
86 200 94.6529943068284 1
86 400 66.1005117235628 1
86 500 64.5494033299939 1
86 700 52.5676106049988 1
86 1000 42.8103233007332 1
87 0 103.917672563914 1
87 200 65.7737011206953 1
87 400 53.9079417481167 1
87 500 53.2375895571078 1
87 700 40.557250270961 1
87 1000 32.0630304527531 1
88 0 98.8786437464364 1
88 200 54.4298172094629 1
88 400 39.9449803701148 1
88 500 40.8506523843073 1
88 700 32.4405459349197 1
88 1000 37.3299323794638 1
89 0 93.7246698781669 1
89 200 56.716805635499 1
89 400 34.1150866462264 1
89 500 43.592151122224 1
89 700 31.8316967986185 1
89 1000 18.1556207940176 1
90 0 109.180781939077 1
90 200 106.040743187969 1
90 400 76.0658289960891 1
90 500 62.8800356985071 1
90 700 54.2126775761521 1
90 1000 45.4708456439071 1
91 0 89.2055869658945 1
91 200 87.1095562598783 1
91 400 54.2795468982492 1
91 500 50.2736737715949 1
91 700 38.8046059715714 1
91 1000 35.5875290430786 1
92 0 111.751583871145 1
92 200 93.0880979370796 1
92 400 61.7805841036854 1
92 500 63.3575333199672 1
92 700 50.9125118871535 1
92 1000 41.4187396864411 1
93 0 87.9031331886755 1
93 200 79.8417036078488 1
93 400 65.1674626698286 1
93 500 63.2799052203756 1
93 700 49.5481976523252 1
93 1000 40.1341190973685 1
94 0 108.678526679977 1
94 200 63.4252279945637 1
94 400 39.1427028344448 1
94 500 37.3082286180343 1
94 700 41.019002957444 1
94 1000 40.5854559259199 1
95 0 92.1413750997702 1
95 200 69.7405165905249 1
95 400 45.2211450937417 1
95 500 50.6077068916605 1
95 700 35.5852376310157 1
95 1000 36.4353010153453 1
96 0 83.9857486408153 1
96 200 64.5648499152125 1
96 400 49.9705870178326 1
96 500 47.7564762260218 1
96 700 34.5177921116801 1
96 1000 27.1876232070147 1
97 0 89.6427538570034 1
97 200 73.9409477363088 1
97 400 42.5937056374238 1
97 500 45.9385414398818 1
97 700 44.4733647869833 1
97 1000 36.4289152374974 1
98 0 120.59361495714 1
98 200 120.659411754606 1
98 400 85.3525962759537 1
98 500 82.0355840526425 1
98 700 65.4489946841489 1
98 1000 59.2260557626061 1
99 0 88.9948002814624 1
99 200 43.8810838657544 1
99 400 25.3692301466775 1
99 500 35.1772542348044 1
99 700 18.9421659059356 1
99 1000 22.1624890983329 1
100 0 103.514152406425 1
100 200 84.2183391634416 1
100 400 71.2531797524952 1
100 500 56.9815253556411 1
100 700 45.5220669373556 1
100 1000 35.7317386750829 1
