id dose eff group
1 0 108.959547545578 0
1 200 93.4562479511745 0
1 400 82.8438670225778 0
1 500 76.5981497060394 0
1 700 52.9565320227036 0
1 1000 47.0256461243338 0
2 0 99.215227239223 0
2 200 104.55719905692 0
2 400 82.9271986670909 0
2 500 80.2513391795237 0
2 700 72.2317153848958 0
2 1000 51.3879697578869 0
3 0 92.5370109157548 0
3 200 86.4728487219712 0
3 400 66.4348296029016 0
3 500 70.6422756897049 0
3 700 58.3848157440296 0
3 1000 38.2883041095223 0
4 0 103.287062047759 0
4 200 81.2443402635662 0
4 400 61.9893353038907 0
4 500 64.1182287672078 0
4 700 48.7263332251127 0
4 1000 40.7126300970444 0
5 0 98.1602501178498 0
5 200 93.5290158155488 0
5 400 70.7204301257359 0
5 500 66.1452682400252 0
5 700 52.290791163082 0
5 1000 39.3417090310961 0
6 0 82.5591751582545 0
6 200 71.9188354316008 0
6 400 57.5772074957511 0
6 500 58.0834154523204 0
6 700 51.1603879444691 0
6 1000 36.9048307530899 0
7 0 110.397681590783 0
7 200 106.975852615306 0
7 400 85.2462048034844 0
7 500 68.714770029525 0
7 700 63.9393332267345 0
7 1000 43.5958742033629 0
8 0 103.63142282466 0
8 200 104.830405505812 0
8 400 85.5738908457927 0
8 500 79.5019966009876 0
8 700 68.355318360716 0
8 1000 49.0579051014672 0
9 0 99.7857033876547 0
9 200 104.894212093289 0
9 400 80.8799236035016 0
9 500 64.5182270847946 0
9 700 52.5238740089854 0
9 1000 49.5930750317328 0
10 0 91.1489375738013 0
10 200 80.5309090439974 0
10 400 69.1263090573847 0
10 500 53.9506686519589 0
10 700 47.8753171151073 0
10 1000 32.0913472373679 0
11 0 82.1347292603511 0
11 200 86.3195387103813 0
11 400 75.3574320299958 0
11 500 72.9326204260671 0
11 700 49.4338509962778 0
11 1000 49.1709812186095 0
12 0 95.4232766231699 0
12 200 74.9790873947651 0
12 400 54.4335196733352 0
12 500 54.5699100327992 0
12 700 43.7100236597758 0
12 1000 28.3812210346551 0
13 0 105.452756061736 0
13 200 101.014934518905 0
13 400 85.3163078623144 0
13 500 74.5242258515446 0
13 700 66.4793938536506 0
13 1000 44.1228823041237 0
14 0 121.691870301918 0
14 200 101.637770889896 0
14 400 91.2259509010657 0
14 500 83.2684426614947 0
14 700 70.691218256529 0
14 1000 59.8968188092972 0
15 0 76.0588127279581 0
15 200 72.6120702560396 0
15 400 57.715844076776 0
15 500 61.4472163651268 0
15 700 49.872971183192 0
15 1000 46.1836912356849 0
16 0 114.512672009537 0
16 200 119.491922424432 0
16 400 91.993469489378 0
16 500 90.4669419738327 0
16 700 64.2919463995845 0
16 1000 55.2625437800983 0
17 0 118.662590222929 0
17 200 104.365588122609 0
17 400 81.020022368263 0
17 500 72.8773835734703 0
17 700 56.5106295776282 0
17 1000 49.068346891904 0
18 0 96.8539326699262 0
18 200 94.4064445919507 0
18 400 67.6219874132864 0
18 500 57.4480888513699 0
18 700 43.6917778225238 0
18 1000 43.8616116177161 0
19 0 109.278015365037 0
19 200 79.5766244547534 0
19 400 52.9814134172286 0
19 500 49.5653282787607 0
19 700 42.2088512556086 0
19 1000 29.8560260478633 0
20 0 99.1499855128681 0
20 200 79.7961106706055 0
20 400 67.827534932357 0
20 500 57.4349814851328 0
20 700 45.7406756697391 0
20 1000 36.3719520772857 0
21 0 103.574038169413 0
21 200 112.213270775553 0
21 400 103.612466463814 0
21 500 79.3667220638501 0
21 700 79.143514574665 0
21 1000 68.2426799620253 0
22 0 116.250525778767 0
22 200 115.096858116057 0
22 400 82.8965364954473 0
22 500 69.9836412774665 0
22 700 61.6215952265888 0
22 1000 45.595761743308 0
23 0 92.0964027120009 0
23 200 92.3676121294338 0
23 400 55.2903218891872 0
23 500 59.0793143432175 0
23 700 41.4198663632869 0
23 1000 39.5805450550854 0
24 0 96.8703526737253 0
24 200 84.705911297423 0
24 400 81.020685529039 0
24 500 69.8809501348186 0
24 700 59.4081052733521 0
24 1000 37.6214667220978 0
25 0 119.221838990151 0
25 200 100.521898403381 0
25 400 97.5494574524724 0
25 500 85.6411057122666 0
25 700 67.098510734393 0
25 1000 61.3726599379521 0
26 0 85.8250331006398 0
26 200 81.9507808456171 0
26 400 61.3231750239153 0
26 500 54.3862951306021 0
26 700 56.8533167027764 0
26 1000 43.9844524808411 0
27 0 99.0799022078463 0
27 200 99.5650967675521 0
27 400 90.316851144299 0
27 500 84.9791751462997 0
27 700 71.1987310367329 0
27 1000 55.6784367781613 0
28 0 115.19423939573 0
28 200 115.59773467767 0
28 400 99.6871063723544 0
28 500 86.3691419570448 0
28 700 68.6592935695874 0
28 1000 66.1181055015482 0
29 0 132.067912885665 0
29 200 114.279730275962 0
29 400 87.4411011786982 0
29 500 84.1257140921238 0
29 700 72.2781906600791 0
29 1000 50.9002298917373 0
30 0 111.287520049194 0
30 200 97.0386761734802 0
30 400 72.6078955790881 0
30 500 73.4043757800788 0
30 700 54.125791783513 0
30 1000 44.3410840632839 0
31 0 121.456220696259 0
31 200 105.322256887242 0
31 400 106.61206758825 0
31 500 91.6066428095253 0
31 700 85.597652058395 0
31 1000 63.3379446023841 0
32 0 78.9216370842674 0
32 200 73.1387278652604 0
32 400 72.7651652388204 0
32 500 52.3437779433238 0
32 700 48.477295092478 0
32 1000 39.6775330407526 0
33 0 106.270683738617 0
33 200 71.3106013479722 0
33 400 51.6593262169093 0
33 500 44.1238930212465 0
33 700 40.7938390955239 0
33 1000 31.3478075360451 0
34 0 89.2436378045411 0
34 200 92.1591249058819 0
34 400 74.6515184501478 0
34 500 53.5349268415301 0
34 700 62.2179071980699 0
34 1000 40.3373532618323 0
35 0 102.990349006143 0
35 200 102.525495446621 0
35 400 76.7886669351974 0
35 500 76.7152610012539 0
35 700 63.4551790535793 0
35 1000 53.7235346022829 0
36 0 89.1530620035987 0
36 200 80.7147518919981 0
36 400 60.6341591151441 0
36 500 58.4231982663448 0
36 700 46.3521118988837 0
36 1000 32.9230764567421 0
37 0 91.9698286610852 0
37 200 75.8607364298024 0
37 400 70.9040695264843 0
37 500 64.0051977778558 0
37 700 51.2863479153911 0
37 1000 44.9571606420437 0
38 0 108.141881331296 0
38 200 98.702035021471 0
38 400 84.7233663448162 0
38 500 95.4081311821084 0
38 700 73.6063528430307 0
38 1000 56.0505953549136 0
39 0 85.0692688866554 0
39 200 99.1399998006355 0
39 400 77.0988506760235 0
39 500 66.4373828160265 0
39 700 59.7392508475667 0
39 1000 45.0292326450022 0
40 0 97.0509818621193 0
40 200 87.4090805219177 0
40 400 68.2497439818301 0
40 500 66.344471438183 0
40 700 47.8836936897547 0
40 1000 46.5531587765575 0
41 0 118.577229505158 0
41 200 119.773036886218 0
41 400 103.993149298981 0
41 500 86.892759682938 0
41 700 78.6247043001335 0
41 1000 67.0985516183476 0
42 0 96.5968999784004 0
42 200 86.1156681739549 0
42 400 63.2422275557553 0
42 500 54.0173197490641 0
42 700 49.3327205320653 0
42 1000 46.5249484148585 0
43 0 100.692299270492 0
43 200 105.301945866108 0
43 400 81.5784216899783 0
43 500 76.3649119974783 0
43 700 71.1924937049921 0
43 1000 54.8924185017316 0
44 0 116.51687391625 0
44 200 95.4573031420796 0
44 400 76.8356347666105 0
44 500 68.2780881108454 0
44 700 56.3486062441431 0
44 1000 45.5396744783247 0
45 0 88.286697013928 0
45 200 82.0825477415971 0
45 400 66.0578938599618 0
45 500 58.7395093829353 0
45 700 52.9484791108255 0
45 1000 36.567890049979 0
46 0 97.9100496972486 0
46 200 80.5513978745509 0
46 400 57.2490830189491 0
46 500 60.1544999909575 0
46 700 39.6141135723049 0
46 1000 41.085582460318 0
47 0 100.989650638593 0
47 200 96.818245546242 0
47 400 84.8237354120448 0
47 500 78.8989288603386 0
47 700 62.1151582914091 0
47 1000 54.7655788206692 0
48 0 108.746352904711 0
48 200 96.5334680798347 0
48 400 74.1878321341456 0
48 500 54.1688551094247 0
48 700 58.6834682408683 0
48 1000 44.1170233543451 0
49 0 118.265458609033 0
49 200 96.7466822865882 0
49 400 75.049223057022 0
49 500 63.132291883374 0
49 700 58.2161376841868 0
49 1000 48.7532479440152 0
50 0 92.879987223451 0
50 200 80.7092771903063 0
50 400 70.6203250080899 0
50 500 67.1512759843797 0
50 700 43.6753828253217 0
50 1000 40.0130680499693 0
51 0 110.247452129937 1
51 200 84.4291026340895 1
51 400 65.8564789878447 1
51 500 55.084058414161 1
51 700 40.0916476303475 1
51 1000 36.1857828289657 1
52 0 103.318371633879 1
52 200 74.8503587874368 1
52 400 60.9580378634329 1
52 500 36.1534787915787 1
52 700 36.6765802202752 1
52 1000 32.5503439558524 1
53 0 101.658087012234 1
53 200 76.5698106909655 1
53 400 51.5907576079269 1
53 500 46.144900367838 1
53 700 45.1661785702404 1
53 1000 37.2184053728559 1
54 0 129.258152507411 1
54 200 115.649502746666 1
54 400 91.6726294313921 1
54 500 94.1115428818364 1
54 700 76.0904096316964 1
54 1000 58.2419390980323 1
55 0 80.3505769618303 1
55 200 70.6582539238969 1
55 400 54.6607359396129 1
55 500 39.4911838030806 1
55 700 42.9981460247829 1
55 1000 29.6338508400828 1
56 0 128.780582000535 1
56 200 106.390427594179 1
56 400 67.0671224224356 1
56 500 55.7069395609813 1
56 700 52.3180522927306 1
56 1000 50.863517750096 1
57 0 88.1089630594469 1
57 200 72.4580501623024 1
57 400 43.3083788503525 1
57 500 47.9332141374149 1
57 700 37.0148336536565 1
57 1000 33.1155621677614 1
58 0 103.548971352816 1
58 200 83.981233450244 1
58 400 67.743809580728 1
58 500 61.6483912403096 1
58 700 41.7546246724849 1
58 1000 34.2058881974809 1
59 0 105.188657598216 1
59 200 63.3643967878285 1
59 400 46.1603239920723 1
59 500 40.4269489555919 1
59 700 32.6087146632425 1
59 1000 35.7894407104932 1
60 0 97.2383468538802 1
60 200 97.3712338028338 1
60 400 73.7555867668915 1
60 500 61.790787846433 1
60 700 42.8487969527551 1
60 1000 30.4344518563577 1
61 0 107.905860190004 1
61 200 87.5085281483679 1
61 400 58.8164449387941 1
61 500 51.0210731453195 1
61 700 42.6196926129627 1
61 1000 30.6571828357326 1
62 0 120.568468028893 1
62 200 82.1466769556182 1
62 400 54.9247870653556 1
62 500 55.9210059869924 1
62 700 50.8432082289641 1
62 1000 26.3038452630477 1
63 0 93.0010426707511 1
63 200 79.6319149683997 1
63 400 67.468776081333 1
63 500 61.6588208632626 1
63 700 46.4910180639899 1
63 1000 36.0583950066103 1
64 0 91.4219904220877 1
64 200 74.4313072277586 1
64 400 64.8797125158219 1
64 500 48.1461533308973 1
64 700 43.1695106845238 1
64 1000 34.3430766984553 1
65 0 105.828161381483 1
65 200 86.5526733508941 1
65 400 59.047383166234 1
65 500 52.1958818886927 1
65 700 44.7883220132921 1
65 1000 37.1778562384058 1
66 0 87.8598500209457 1
66 200 63.987481048793 1
66 400 52.6623922376868 1
66 500 48.5500431314807 1
66 700 44.7659952428716 1
66 1000 25.602130300033 1
67 0 107.206005340147 1
67 200 83.7845180939654 1
67 400 55.9683149465342 1
67 500 58.8612617097951 1
67 700 35.0013374177054 1
67 1000 36.2246428375342 1
68 0 101.858806894607 1
68 200 73.4429588305574 1
68 400 44.7905397369708 1
68 500 39.5171642035504 1
68 700 39.4224652641063 1
68 1000 34.7803511573764 1
69 0 95.9743785687713 1
69 200 68.1265951303873 1
69 400 50.8789334364104 1
69 500 48.435040479491 1
69 700 40.4564676900627 1
69 1000 29.8542458994839 1
70 0 99.1158174491796 1
70 200 83.9166364153784 1
70 400 64.0980361181342 1
70 500 53.5010995686181 1
70 700 44.6510195479731 1
70 1000 38.3909305299814 1
71 0 97.8930021468197 1
71 200 71.0694225203844 1
71 400 49.8200177877511 1
71 500 33.4871322082079 1
71 700 34.7278984748972 1
71 1000 34.7742128882414 1
72 0 90.590581666025 1
72 200 82.2000778740045 1
72 400 57.0455986311407 1
72 500 42.0464088126102 1
72 700 44.8623171766368 1
72 1000 33.0528963460808 1
73 0 114.235445882491 1
73 200 73.7297998015689 1
73 400 49.2389583444248 1
73 500 45.6988408462657 1
73 700 37.5931977356237 1
73 1000 44.0171329755678 1
74 0 118.819006242866 1
74 200 63.5981934393782 1
74 400 50.8162600032101 1
74 500 44.7731965417242 1
74 700 46.1454978101926 1
74 1000 41.4872879024214 1
75 0 109.61114791027 1
75 200 85.1460208373983 1
75 400 54.9556531116709 1
75 500 42.7407384266076 1
75 700 36.6038545679571 1
75 1000 36.1568422136267 1
76 0 99.6893746842896 1
76 200 72.5863163461036 1
76 400 47.2472761568697 1
76 500 46.1051356938933 1
76 700 36.1821595166956 1
76 1000 30.0982049892051 1
77 0 92.9113151861434 1
77 200 81.7784865268453 1
77 400 63.9714547095052 1
77 500 67.623241395075 1
77 700 44.5539692082471 1
77 1000 45.3980916202449 1
78 0 89.7547266333239 1
78 200 86.2031928545481 1
78 400 58.6406746289745 1
78 500 39.3765176633651 1
78 700 40.5955736328396 1
78 1000 30.0135092573727 1
79 0 110.086791252575 1
79 200 89.696615738545 1
79 400 71.9212134126663 1
79 500 60.5581324023099 1
79 700 50.8896424325784 1
79 1000 37.7652094007358 1
80 0 99.6747611181664 1
80 200 78.2480590943548 1
80 400 63.2056984898598 1
80 500 44.3314227004281 1
80 700 34.5354380143967 1
80 1000 39.7348095586408 1
81 0 85.9531691866237 1
81 200 69.448992615899 1
81 400 50.0984076817404 1
81 500 45.5569926644976 1
81 700 40.8656588014322 1
81 1000 28.0269182880639 1
82 0 106.041618066541 1
82 200 84.3345355950404 1
82 400 56.8784814767224 1
82 500 55.307509397967 1
82 700 43.347650812068 1
82 1000 38.8494287013149 1
83 0 82.7504454711821 1
83 200 71.2216978172922 1
83 400 38.422841034707 1
83 500 33.2085611199393 1
83 700 27.6831585103642 1
83 1000 20.6093648321663 1
84 0 86.2019702301411 1
84 200 70.5102094086527 1
84 400 59.0579219600915 1
84 500 54.9003168608616 1
84 700 45.0028922483936 1
84 1000 38.1151918746309 1
85 0 101.228101905271 1
85 200 64.308219574251 1
85 400 45.2031614725714 1
85 500 37.2292757599617 1
85 700 38.6690085803153 1
85 1000 28.1801626227238 1
86 0 139.842695929609 1
86 200 102.762130922966 1
86 400 62.666383411173 1
86 500 59.2352389252682 1
86 700 47.4531196247355 1
86 1000 45.3761911405429 1
87 0 126.312544856264 1
87 200 115.89283210555 1
87 400 93.2045552919928 1
87 500 79.7378404717397 1
87 700 64.4248707648124 1
87 1000 48.4794422028106 1
88 0 116.110664486857 1
88 200 83.4770865230522 1
88 400 48.0857032168498 1
88 500 45.4586546735176 1
88 700 40.2386013045566 1
88 1000 45.0752700437169 1
89 0 94.978366324968 1
89 200 70.246231793712 1
89 400 48.0726120564884 1
89 500 45.1805639766314 1
89 700 36.908021483905 1
89 1000 29.5524799386795 1
90 0 108.435354232591 1
90 200 87.8007177129418 1
90 400 58.4432818264563 1
90 500 52.7120525500905 1
90 700 48.1267141251518 1
90 1000 35.244206275247 1
91 0 89.1652899403367 1
91 200 68.4119899242368 1
91 400 45.7142535218303 1
91 500 37.692336929274 1
91 700 33.9808076131404 1
91 1000 28.4940700915784 1
92 0 92.9731408855266 1
92 200 79.7132507182821 1
92 400 51.6435572675399 1
92 500 60.5597708966631 1
92 700 39.4669679255689 1
92 1000 27.0490217843739 1
93 0 86.4074817465397 1
93 200 83.8523136281451 1
93 400 59.0849048933866 1
93 500 50.3482715069625 1
93 700 47.0396348628436 1
93 1000 34.3355984129136 1
94 0 86.2463375104471 1
94 200 66.8597561688771 1
94 400 39.6272301716082 1
94 500 30.8285987606445 1
94 700 27.3138630431763 1
94 1000 20.9078621224057 1
95 0 102.831779841925 1
95 200 81.8474496329348 1
95 400 53.0167914664979 1
95 500 45.7145813613719 1
95 700 36.274603890322 1
95 1000 31.5095210984259 1
96 0 116.522325778341 1
96 200 96.2615386191989 1
96 400 74.8166371346557 1
96 500 67.0277913110922 1
96 700 49.9283386398751 1
96 1000 49.5333864519653 1
97 0 106.663411947365 1
97 200 88.4870096282898 1
97 400 68.9219778314292 1
97 500 45.7154149618058 1
97 700 37.7179279722551 1
97 1000 32.9808279793774 1
98 0 82.4507904375475 1
98 200 73.2261180070295 1
98 400 45.736593944117 1
98 500 45.6848631115134 1
98 700 42.0573276161183 1
98 1000 38.7754888760062 1
99 0 86.8050660240945 1
99 200 63.0285524040031 1
99 400 45.4469545842847 1
99 500 40.1621519864977 1
99 700 35.1469170770852 1
99 1000 31.6050894112689 1
100 0 95.3882635016413 1
100 200 70.4156536315775 1
100 400 47.7070813327452 1
100 500 40.2251433697915 1
100 700 29.6908420185744 1
100 1000 39.9592725718044 1
