id dose eff group
1 0 103.773091398754 0
1 200 114.944724962101 0
1 400 86.5074538552579 0
1 500 87.923717549152 0
1 700 66.7372132179603 0
1 1000 57.4652515133253 0
2 0 101.053978375239 0
2 200 88.4452986600262 0
2 400 81.0639911583918 0
2 500 68.6380619151218 0
2 700 56.5001067894694 0
2 1000 47.5415289015095 0
3 0 109.67478944708 0
3 200 100.536007469884 0
3 400 82.7110857353728 0
3 500 75.2399025549837 0
3 700 58.1302673247909 0
3 1000 44.7288277838043 0
4 0 101.051631397366 0
4 200 88.9829090009082 0
4 400 72.7755635773584 0
4 500 63.4526608306281 0
4 700 62.6075142531872 0
4 1000 37.5736428462246 0
5 0 83.3376491206825 0
5 200 83.9279247538946 0
5 400 76.2151093585086 0
5 500 61.5242682338849 0
5 700 56.7165498877681 0
5 1000 46.7421177327009 0
6 0 105.369903469006 0
6 200 100.164926533195 0
6 400 87.4314356889941 0
6 500 82.7557737157701 0
6 700 75.0793771231197 0
6 1000 57.9787632716782 0
7 0 112.17327735647 0
7 200 104.608102082195 0
7 400 89.59759483046 0
7 500 77.8270061651796 0
7 700 55.2871682931941 0
7 1000 51.8852900419576 0
8 0 80.0940945661059 0
8 200 74.7037300841096 0
8 400 66.058680062627 0
8 500 66.9991639884735 0
8 700 50.9607953156883 0
8 1000 44.4994352061011 0
9 0 112.819098258889 0
9 200 105.030108749754 0
9 400 90.7826469283481 0
9 500 94.5386578835388 0
9 700 63.7543911863856 0
9 1000 55.8174029896433 0
10 0 107.21075502014 0
10 200 75.5873198878287 0
10 400 77.6680000143307 0
10 500 56.9999595057842 0
10 700 47.7923675010148 0
10 1000 42.6186977502377 0
11 0 99.5770568208242 0
11 200 101.007151901728 0
11 400 83.6097729744942 0
11 500 81.668853796891 0
11 700 66.8136923476238 0
11 1000 47.4102968362019 0
12 0 92.1662041864087 0
12 200 92.440856415429 0
12 400 84.2158534699496 0
12 500 75.8162934589681 0
12 700 75.7190724200325 0
12 1000 56.5207313588607 0
13 0 106.546066023959 0
13 200 100.64724955354 0
13 400 89.8133334035886 0
13 500 74.2520032515703 0
13 700 58.4283407066861 0
13 1000 55.2252364794837 0
14 0 106.531416423776 0
14 200 92.9770655010114 0
14 400 98.3691364874707 0
14 500 92.1925886478079 0
14 700 83.3277829347036 0
14 1000 66.0087507095224 0
15 0 113.02446447327 0
15 200 91.2088168607297 0
15 400 56.675111705683 0
15 500 53.773656963836 0
15 700 42.5338083169958 0
15 1000 42.888609649883 0
16 0 110.819978929207 0
16 200 96.3389876724697 0
16 400 75.8715422660163 0
16 500 70.0203882237187 0
16 700 66.5524603849661 0
16 1000 51.9823937185418 0
17 0 88.5788811779496 0
17 200 93.3279202948341 0
17 400 70.5961379711261 0
17 500 60.3255563010267 0
17 700 54.0563023869115 0
17 1000 43.0021004734032 0
18 0 107.392097720894 0
18 200 97.5022961035372 0
18 400 96.5365980380428 0
18 500 67.9816741949722 0
18 700 80.5137711566695 0
18 1000 55.2363275041109 0
19 0 98.8848874639488 0
19 200 99.5721606347151 0
19 400 99.7142732063569 0
19 500 74.6651129899334 0
19 700 71.0631898350164 0
19 1000 55.0067257839103 0
20 0 99.7163202673766 0
20 200 89.0526093216172 0
20 400 70.296435525838 0
20 500 70.567038901462 0
20 700 61.8621527435529 0
20 1000 49.3260449958335 0
21 0 91.6576272502396 0
21 200 92.2425259614018 0
21 400 73.2036925323905 0
21 500 72.385604412904 0
21 700 70.2705744609183 0
21 1000 49.1136524762176 0
22 0 79.1195572267234 0
22 200 64.1365336491488 0
22 400 43.8013264678865 0
22 500 38.3871859416278 0
22 700 30.5521648604695 0
22 1000 28.020561023187 0
23 0 110.281826212345 0
23 200 106.064094950172 0
23 400 81.7218315799677 0
23 500 80.1404643120558 0
23 700 63.1420456160681 0
23 1000 56.2104489856952 0
24 0 104.214710729933 0
24 200 103.02948458542 0
24 400 86.2558446278853 0
24 500 83.5397452239668 0
24 700 67.9694237590334 0
24 1000 62.9802956253269 0
25 0 84.3021778416554 0
25 200 72.3111897781322 0
25 400 69.5430583848826 0
25 500 66.9339594801701 0
25 700 48.3273834470083 0
25 1000 35.7304996343249 0
26 0 96.9761021115992 0
26 200 88.0696681739108 0
26 400 74.8144983638275 0
26 500 58.1324149945205 0
26 700 43.7369999712749 0
26 1000 36.9913701364934 0
27 0 94.2652345222073 0
27 200 90.7302199259146 0
27 400 78.9150066338158 0
27 500 61.1008783510071 0
27 700 47.7706574599408 0
27 1000 49.1050399488263 0
28 0 92.1429939917154 0
28 200 93.1052048964062 0
28 400 74.7688696995417 0
28 500 59.1247798704765 0
28 700 49.008441064084 0
28 1000 42.9484142883617 0
29 0 97.8798049546032 0
29 200 80.7131422372123 0
29 400 67.4002567350001 0
29 500 54.3538094433 0
29 700 48.822575335735 0
29 1000 38.1325682460458 0
30 0 93.1730807361862 0
30 200 90.4826495656315 0
30 400 64.8824143417473 0
30 500 56.4350183385067 0
30 700 49.0539604541925 0
30 1000 32.8588016741648 0
31 0 93.0713657838147 0
31 200 83.4973988534997 0
31 400 67.183969401253 0
31 500 66.041095690288 0
31 700 48.9720307663969 0
31 1000 38.3530868539658 0
32 0 87.8256504798818 0
32 200 70.2969916160872 0
32 400 44.3277111376737 0
32 500 42.9931154486285 0
32 700 45.0878537527329 0
32 1000 28.4422901566249 0
33 0 119.123389575216 0
33 200 101.021417467247 0
33 400 71.2912594873014 0
33 500 69.5145995353314 0
33 700 53.5877121717434 0
33 1000 45.1652262974358 0
34 0 117.230288980667 0
34 200 88.2881662659617 0
34 400 60.309667401711 0
34 500 58.0837409430696 0
34 700 38.272867110268 0
34 1000 43.1864520682442 0
35 0 95.2474722466387 0
35 200 95.1849182895781 0
35 400 64.6645956189372 0
35 500 54.0466919037416 0
35 700 42.5404925342467 0
35 1000 34.2082155237918 0
36 0 97.7793612675648 0
36 200 86.8654304663575 0
36 400 61.4667700370699 0
36 500 59.8446241293602 0
36 700 52.6310546261834 0
36 1000 34.5727534538685 0
37 0 84.8123735953074 0
37 200 81.2289313794613 0
37 400 63.8510030015478 0
37 500 59.385388074235 0
37 700 45.7182214381665 0
37 1000 41.036803965548 0
38 0 100.164357499113 0
38 200 95.5338108041149 0
38 400 83.2487257032077 0
38 500 66.4343423135491 0
38 700 59.5890070024318 0
38 1000 50.3968997590193 0
39 0 122.51248884721 0
39 200 104.77582986897 0
39 400 97.1829442319588 0
39 500 88.1471194259963 0
39 700 69.0189360850172 0
39 1000 64.5233337400368 0
40 0 85.6710487587811 0
40 200 86.2274347279019 0
40 400 72.3138270358861 0
40 500 73.2707481204389 0
40 700 65.6905988308363 0
40 1000 44.5731465534411 0
41 0 88.9172810815643 0
41 200 90.7311080838273 0
41 400 72.5770372567441 0
41 500 84.0091726259069 0
41 700 52.5736913348399 0
41 1000 44.3873089895218 0
42 0 87.2060884096168 0
42 200 80.947300129363 0
42 400 58.237899865228 0
42 500 54.6561415112937 0
42 700 47.1863157462092 0
42 1000 38.1165819322324 0
43 0 96.0166370574388 0
43 200 85.2021186971648 0
43 400 77.4446449378306 0
43 500 60.2499753506417 0
43 700 57.912600046641 0
43 1000 43.0346548373304 0
44 0 103.819772137051 0
44 200 105.770076475388 0
44 400 90.3612541372239 0
44 500 96.0793502031393 0
44 700 78.2551580121081 0
44 1000 83.7239480176959 0
45 0 102.028454884231 0
45 200 89.2631302215207 0
45 400 72.2377992431936 0
45 500 59.3776977334624 0
45 700 46.3461382357138 0
45 1000 42.6358331285261 0
46 0 102.520018874672 0
46 200 93.9428235006938 0
46 400 86.4421191913436 0
46 500 76.3272032649026 0
46 700 63.0769008841868 0
46 1000 44.7630779168788 0
47 0 91.9088932071528 0
47 200 91.8258111190191 0
47 400 75.5038928252462 0
47 500 73.7804447026152 0
47 700 54.3563793924918 0
47 1000 54.4781194666788 0
48 0 96.1665797960248 0
48 200 95.8869974345018 0
48 400 89.7570029057714 0
48 500 79.0821751763243 0
48 700 73.2735360602376 0
48 1000 51.6119824123724 0
49 0 93.3808491292435 0
49 200 85.8862649574445 0
49 400 68.5257831397554 0
49 500 65.6621412466278 0
49 700 52.0622237780978 0
49 1000 50.8094721159676 0
50 0 117.558465001606 0
50 200 83.7007839101098 0
50 400 70.2950984568729 0
50 500 63.1283484979338 0
50 700 61.6225414552842 0
50 1000 45.8397039509733 0
51 0 102.450198487993 1
51 200 101.84396961332 1
51 400 74.0385857693626 1
51 500 66.2173548217388 1
51 700 49.0301650734839 1
51 1000 49.6037279864684 1
52 0 101.2940409274 1
52 200 88.0446808526249 1
52 400 58.8761795668258 1
52 500 57.8308154669682 1
52 700 38.6898332074272 1
52 1000 29.9614853213529 1
53 0 95.5072499690967 1
53 200 67.1222098586878 1
53 400 45.6656168142221 1
53 500 37.7917143792376 1
53 700 37.5526684672507 1
53 1000 34.1535031758364 1
54 0 98.1798084312144 1
54 200 74.8682225593763 1
54 400 58.2298406686629 1
54 500 39.9171414927503 1
54 700 44.9411832556538 1
54 1000 35.0126707977226 1
55 0 105.401333883717 1
55 200 84.7630829099261 1
55 400 63.4453355141516 1
55 500 60.2231261122096 1
55 700 40.6111706408812 1
55 1000 40.2833610131695 1
56 0 102.556101054007 1
56 200 89.6616182515538 1
56 400 80.2565616130272 1
56 500 70.5625189017769 1
56 700 46.2922243166309 1
56 1000 44.7050175252108 1
57 0 94.6146456745081 1
57 200 63.0333433737166 1
57 400 64.0322229102053 1
57 500 48.3290533134118 1
57 700 31.486061153945 1
57 1000 32.7796256269881 1
58 0 113.014328015667 1
58 200 94.5931212942416 1
58 400 80.5279155225464 1
58 500 70.7395508172251 1
58 700 57.4545847268106 1
58 1000 46.0403122917864 1
59 0 106.386903957918 1
59 200 78.7497652253157 1
59 400 49.7756807149173 1
59 500 39.7352038617221 1
59 700 33.2911952452277 1
59 1000 36.0901886231816 1
60 0 96.7905321433768 1
60 200 79.1480659633553 1
60 400 57.8070749737961 1
60 500 33.6778674147095 1
60 700 42.0499411164322 1
60 1000 38.475467247461 1
61 0 84.4240670776196 1
61 200 75.3535763078027 1
61 400 66.0334468918053 1
61 500 51.8632831661733 1
61 700 55.9976858608456 1
61 1000 38.2571263236262 1
62 0 78.616195461381 1
62 200 65.7301291078481 1
62 400 45.4346471907639 1
62 500 37.9711528020763 1
62 700 43.1132955984155 1
62 1000 27.7844433014705 1
63 0 96.9870100058306 1
63 200 58.7576889229682 1
63 400 40.8961444973855 1
63 500 31.9575785977308 1
63 700 34.1822683090521 1
63 1000 46.6327631245394 1
64 0 104.223531075037 1
64 200 58.9834801540612 1
64 400 41.0039720096459 1
64 500 39.420093488669 1
64 700 41.79120424499 1
64 1000 38.0101834029791 1
65 0 91.2340818994521 1
65 200 63.0747129540882 1
65 400 41.1472196731782 1
65 500 38.6030835825193 1
65 700 28.1273023576949 1
65 1000 21.2947042700913 1
66 0 94.8082295054232 1
66 200 96.1934296996881 1
66 400 61.7205735793679 1
66 500 63.0384688752483 1
66 700 47.828017711218 1
66 1000 35.0007146880268 1
67 0 113.628246074581 1
67 200 73.1593303349898 1
67 400 38.8436321653773 1
67 500 38.3075247789412 1
67 700 35.3599795365598 1
67 1000 41.4591940522298 1
68 0 110.748822551591 1
68 200 91.6713159540229 1
68 400 59.4450503544058 1
68 500 42.0985249805762 1
68 700 39.4559821966779 1
68 1000 37.2955672167008 1
69 0 105.245252170961 1
69 200 86.5187517998275 1
69 400 61.6009252353483 1
69 500 50.4739219554259 1
69 700 53.3372937486758 1
69 1000 45.4537481993624 1
70 0 94.7801281516531 1
70 200 91.7755696844378 1
70 400 80.1406756798702 1
70 500 73.0201809596447 1
70 700 62.4778314949389 1
70 1000 52.5395594550002 1
71 0 90.0916319004018 1
71 200 72.056697939196 1
71 400 54.7870256888142 1
71 500 56.4043287366178 1
71 700 38.3929584362785 1
71 1000 36.0998168181635 1
72 0 104.648769240761 1
72 200 93.5922871889907 1
72 400 72.2058542689274 1
72 500 64.5117522906567 1
72 700 46.413952899824 1
72 1000 41.2734222009186 1
73 0 89.9694443386416 1
73 200 55.2168551312014 1
73 400 41.0663891050013 1
73 500 28.5537957879003 1
73 700 24.700188492186 1
73 1000 28.8912182116237 1
74 0 123.399962560314 1
74 200 80.9020667125209 1
74 400 48.6620575126738 1
74 500 49.467760505101 1
74 700 44.1595722749484 1
74 1000 39.1832954710956 1
75 0 111.439493103507 1
75 200 81.1027440672414 1
75 400 69.2161758091238 1
75 500 55.0190633201007 1
75 700 49.549505574825 1
75 1000 32.6863829566787 1
76 0 108.091145500973 1
76 200 80.6654206654053 1
76 400 45.7545289796369 1
76 500 47.7623368303652 1
76 700 40.0943146701618 1
76 1000 39.4224863547498 1
77 0 98.2978034415361 1
77 200 68.5054229861397 1
77 400 39.6115089752686 1
77 500 46.1181141465409 1
77 700 32.1381137013289 1
77 1000 42.1968919503535 1
78 0 95.7609969657014 1
78 200 76.5853948193586 1
78 400 49.77940355279 1
78 500 41.385965614861 1
78 700 43.1044252484938 1
78 1000 35.3946462928054 1
79 0 89.1949906417231 1
79 200 76.9505149863492 1
79 400 61.7866091483002 1
79 500 51.678095261419 1
79 700 46.4117084839947 1
79 1000 27.864098522025 1
80 0 110.081028336769 1
80 200 97.7013427160815 1
80 400 61.0199245222378 1
80 500 60.3223596868509 1
80 700 47.0954183681109 1
80 1000 37.8813209405409 1
81 0 96.9975269908985 1
81 200 75.8197671147409 1
81 400 48.866503969068 1
81 500 54.1632439485152 1
81 700 37.1945700430475 1
81 1000 30.1705731005908 1
82 0 95.1081531308625 1
82 200 81.5746620136191 1
82 400 65.0623815983236 1
82 500 50.1386384558126 1
82 700 38.6811967298577 1
82 1000 42.8585840454067 1
83 0 100.506956847219 1
83 200 93.4612960717118 1
83 400 63.2100381111862 1
83 500 56.1420541973241 1
83 700 45.3020254879116 1
83 1000 40.465801945662 1
84 0 89.0929844143159 1
84 200 70.4303630490473 1
84 400 56.2967270092272 1
84 500 44.7042763825689 1
84 700 49.0287401714919 1
84 1000 21.8430912844788 1
85 0 123.392542813021 1
85 200 93.0790361228437 1
85 400 59.6257393869135 1
85 500 53.7169877141078 1
85 700 47.2498246134009 1
85 1000 40.7218721343231 1
86 0 108.212596959709 1
86 200 69.6321665126069 1
86 400 41.1933028957338 1
86 500 42.6056601807039 1
86 700 37.6054453455571 1
86 1000 32.3743362861523 1
87 0 123.916067666008 1
87 200 84.5682678706947 1
87 400 41.443562806269 1
87 500 35.7015376568461 1
87 700 47.2263879080019 1
87 1000 33.5602130959962 1
88 0 103.374033972746 1
88 200 101.657843322374 1
88 400 82.755616544649 1
88 500 67.7415152157759 1
88 700 55.2621241933257 1
88 1000 38.6762653382736 1
89 0 121.138892779579 1
89 200 95.0791528625636 1
89 400 58.7230244043597 1
89 500 52.8490017638598 1
89 700 45.5950763851506 1
89 1000 39.8094560328201 1
90 0 81.3566863844677 1
90 200 79.2350200037509 1
90 400 61.002972458592 1
90 500 51.5150255193896 1
90 700 36.0169752840141 1
90 1000 31.8717924499918 1
91 0 98.696557211367 1
91 200 72.6846490103393 1
91 400 48.5077186639704 1
91 500 43.792903556729 1
91 700 37.6989148723179 1
91 1000 39.6301799681263 1
92 0 112.258055352699 1
92 200 76.4754678898625 1
92 400 48.5228040719148 1
92 500 55.3522093050296 1
92 700 31.7013694276624 1
92 1000 32.7274184274433 1
93 0 101.709900381423 1
93 200 93.4448867212919 1
93 400 70.3868902446024 1
93 500 62.5919337234695 1
93 700 48.364494428412 1
93 1000 48.8184563124183 1
94 0 101.499677534723 1
94 200 63.1217801668263 1
94 400 37.526769353649 1
94 500 41.8898414712923 1
94 700 33.0292140414057 1
94 1000 34.6754827125171 1
95 0 101.327476985159 1
95 200 72.7617191997911 1
95 400 55.4145373635447 1
95 500 47.3620302208581 1
95 700 36.0506865150145 1
95 1000 33.5392850875935 1
96 0 96.1133657477229 1
96 200 87.0073801532011 1
96 400 71.3618268625572 1
96 500 63.0511511770585 1
96 700 50.2601412728394 1
96 1000 46.4138340555768 1
97 0 97.1516690393752 1
97 200 71.8028433751371 1
97 400 53.8300891288345 1
97 500 47.4318536878845 1
97 700 32.920658490556 1
97 1000 35.4301405416465 1
98 0 92.2425349298234 1
98 200 61.8420633846261 1
98 400 48.4520602121147 1
98 500 43.4265184324784 1
98 700 39.3001127252691 1
98 1000 27.5898112113772 1
99 0 69.1928059732152 1
99 200 45.4045528816388 1
99 400 24.114997978031 1
99 500 25.2910843287003 1
99 700 18.7394166082439 1
99 1000 25.1610090541055 1
100 0 83.2268506524803 1
100 200 66.9535357389694 1
100 400 48.3627023830813 1
100 500 39.2596118985704 1
100 700 39.7409131369412 1
100 1000 24.2459528156003 1
