id dose eff group
1 0 93.1682930116065 0
1 200 91.6093669319106 0
1 400 78.2093436343106 0
1 500 68.825081364977 0
1 700 62.5783993390079 0
1 1000 47.3421719384782 0
2 0 100.327138086086 0
2 200 99.0139102239559 0
2 400 76.8104232755994 0
2 500 65.4149273658016 0
2 700 58.7761211198442 0
2 1000 39.9709876737909 0
3 0 89.0600390075414 0
3 200 81.2255642070278 0
3 400 63.9909598561518 0
3 500 63.3254716076475 0
3 700 57.9716728338932 0
3 1000 43.6385979993738 0
4 0 89.7561249560442 0
4 200 75.9195680307113 0
4 400 56.5141407223759 0
4 500 52.3824858999062 0
4 700 41.4991532109547 0
4 1000 32.9432156854227 0
5 0 104.000095832735 0
5 200 76.2174197675162 0
5 400 51.3614530330473 0
5 500 54.5560624931943 0
5 700 40.3160265575236 0
5 1000 40.9222730161871 0
6 0 104.229178631409 0
6 200 98.5197405040524 0
6 400 77.4980772647066 0
6 500 73.3697870219916 0
6 700 60.9841597533704 0
6 1000 53.754516420014 0
7 0 114.471127339589 0
7 200 104.795746889991 0
7 400 105.855622336248 0
7 500 90.6227119939169 0
7 700 66.2550309897524 0
7 1000 61.5262827903146 0
8 0 82.4718204463373 0
8 200 80.7392487011084 0
8 400 59.3381661063351 0
8 500 49.7878304044229 0
8 700 33.3443691821068 0
8 1000 29.8862789998552 0
9 0 91.2013270180552 0
9 200 95.0293627709288 0
9 400 75.7487082218519 0
9 500 63.1121673320857 0
9 700 54.4523940782319 0
9 1000 44.3417334711846 0
10 0 98.8015962645694 0
10 200 87.1032724353836 0
10 400 70.7951298266424 0
10 500 66.532720690671 0
10 700 64.3744547035307 0
10 1000 40.7199902654212 0
11 0 87.6154533410934 0
11 200 65.3615083403717 0
11 400 43.9530474410338 0
11 500 34.6541442798808 0
11 700 30.3450077122701 0
11 1000 28.8172996281629 0
12 0 93.7115420815411 0
12 200 84.9393598045287 0
12 400 72.8787721323046 0
12 500 65.4223892332268 0
12 700 59.4080863716755 0
12 1000 49.3927665151413 0
13 0 97.1027061052808 0
13 200 97.1955367118858 0
13 400 78.6752834473476 0
13 500 62.2388508866263 0
13 700 61.6668716356381 0
13 1000 49.2790282120864 0
14 0 91.4347031662555 0
14 200 83.5036531916253 0
14 400 76.5965210828951 0
14 500 56.5508444666912 0
14 700 44.397574727516 0
14 1000 43.294439918869 0
15 0 93.6123723602601 0
15 200 84.4494219212523 0
15 400 60.5279274812385 0
15 500 57.3470501982272 0
15 700 47.4351610562765 0
15 1000 34.2200963198486 0
16 0 89.3699084608837 0
16 200 69.6306263528848 0
16 400 53.0224027953026 0
16 500 37.5627718867182 0
16 700 32.9632718773406 0
16 1000 39.5103254198646 0
17 0 86.6242265682171 0
17 200 67.1456108286039 0
17 400 55.9749746315422 0
17 500 54.0716528732471 0
17 700 44.5695875266113 0
17 1000 31.9288891271013 0
18 0 113.754374609982 0
18 200 97.5777602691668 0
18 400 78.3290501932902 0
18 500 76.0456304610782 0
18 700 71.0525039813388 0
18 1000 47.401116219493 0
19 0 112.630360375197 0
19 200 93.2855449598729 0
19 400 83.4278710227007 0
19 500 63.5231560889622 0
19 700 55.0495747074917 0
19 1000 37.7457642605847 0
20 0 104.963784637423 0
20 200 100.005101138422 0
20 400 88.7516312983291 0
20 500 86.980840720198 0
20 700 71.4082595749059 0
20 1000 55.2561629267739 0
21 0 95.6838345563792 0
21 200 91.7470656466595 0
21 400 72.6329664483296 0
21 500 54.7320955812291 0
21 700 46.5889916969281 0
21 1000 46.9476103661117 0
22 0 102.799330073541 0
22 200 101.733630207461 0
22 400 83.8094084500007 0
22 500 81.5928952816332 0
22 700 68.6844410349292 0
22 1000 53.3051316342297 0
23 0 88.2499998586004 0
23 200 64.4527700424252 0
23 400 51.5451425865527 0
23 500 47.7915665598955 0
23 700 36.8130686372484 0
23 1000 29.9011346125052 0
24 0 91.649829382982 0
24 200 89.0872941109279 0
24 400 71.4902370624907 0
24 500 64.0990008351548 0
24 700 55.1017821950054 0
24 1000 40.7337276925302 0
25 0 124.758632811436 0
25 200 117.136116003666 0
25 400 100.899639482306 0
25 500 91.4240774016805 0
25 700 70.0946833560135 0
25 1000 64.2480416148809 0
26 0 99.310206353642 0
26 200 83.4381909291401 0
26 400 62.7832353141799 0
26 500 55.2626848618736 0
26 700 52.8500314848938 0
26 1000 29.9919034239629 0
27 0 112.474192738942 0
27 200 99.5485095159477 0
27 400 87.3875016889886 0
27 500 80.4965122731125 0
27 700 61.4169876618645 0
27 1000 53.687023201571 0
28 0 96.8671667777311 0
28 200 82.8187594498061 0
28 400 65.2817126133852 0
28 500 64.8254399191806 0
28 700 43.8940684701326 0
28 1000 35.3118678925306 0
29 0 102.725605617842 0
29 200 95.3489652219922 0
29 400 79.6730774246783 0
29 500 80.7989530204436 0
29 700 64.2546716536623 0
29 1000 48.7382955931061 0
30 0 114.10713667798 0
30 200 90.3167919272184 0
30 400 76.8435219064012 0
30 500 63.1442340168997 0
30 700 37.2476893269952 0
30 1000 43.3550640553854 0
31 0 98.4897398724928 0
31 200 93.7503267417914 0
31 400 86.2510265758182 0
31 500 80.6554025007551 0
31 700 63.3857736389058 0
31 1000 55.5036097736728 0
32 0 80.2806765792471 0
32 200 83.953354910285 0
32 400 65.3960824854168 0
32 500 53.9198571006537 0
32 700 41.5909043780317 0
32 1000 46.5579311962638 0
33 0 92.1202727451057 0
33 200 82.8826493561036 0
33 400 57.2265651094041 0
33 500 51.5351173262247 0
33 700 44.8073522141869 0
33 1000 31.0410965795921 0
34 0 116.811405859132 0
34 200 96.0327620008842 0
34 400 82.4754298092695 0
34 500 78.7078284963516 0
34 700 60.6158003211857 0
34 1000 51.3720733281331 0
35 0 86.7216879743345 0
35 200 72.2274539991463 0
35 400 68.3534529531441 0
35 500 61.6890131238438 0
35 700 54.0810771929335 0
35 1000 48.6858093988846 0
36 0 110.316223124268 0
36 200 100.294554192783 0
36 400 96.9165921317544 0
36 500 78.8974226376597 0
36 700 78.8020198376903 0
36 1000 59.8750842943166 0
37 0 126.44024755109 0
37 200 105.015894077979 0
37 400 90.2719237240014 0
37 500 87.4908622253009 0
37 700 73.6980456007016 0
37 1000 55.4748660358374 0
38 0 88.8085365578949 0
38 200 78.2688654001624 0
38 400 67.0960553441888 0
38 500 60.5732064922073 0
38 700 51.7969687832278 0
38 1000 35.5838257323544 0
39 0 93.1725266311843 0
39 200 91.8799328389181 0
39 400 83.2234904545203 0
39 500 67.5500694444268 0
39 700 62.2425750882524 0
39 1000 48.4251551740505 0
40 0 109.875384006259 0
40 200 98.3414607093699 0
40 400 78.721701355561 0
40 500 75.8800263120023 0
40 700 60.0531433690499 0
40 1000 44.8689099262023 0
41 0 85.6308855003242 0
41 200 80.7733329151563 0
41 400 65.7189555561527 0
41 500 56.2176727346031 0
41 700 46.8888599989974 0
41 1000 29.5150376672388 0
42 0 85.0168336574248 0
42 200 88.596642437747 0
42 400 67.678788073442 0
42 500 72.68206019164 0
42 700 56.4204416975078 0
42 1000 41.4015829313026 0
43 0 114.411036848441 0
43 200 98.2264516285395 0
43 400 83.2465747278713 0
43 500 60.9014341626741 0
43 700 53.0253308823217 0
43 1000 45.1903406354707 0
44 0 116.666852279884 0
44 200 106.647724514577 0
44 400 87.7928804593064 0
44 500 75.733203981803 0
44 700 69.749523449514 0
44 1000 49.0400310243599 0
45 0 103.991980553119 0
45 200 90.798448912812 0
45 400 72.2137458986921 0
45 500 59.0347282595232 0
45 700 53.1975765792701 0
45 1000 42.9801458942678 0
46 0 93.7975473060447 0
46 200 84.6760666596928 0
46 400 75.0934124800207 0
46 500 74.8563981242081 0
46 700 56.2523203901855 0
46 1000 51.5720474013558 0
47 0 101.453901547328 0
47 200 100.054894381342 0
47 400 67.5614674470201 0
47 500 63.5969192592865 0
47 700 49.8221390143517 0
47 1000 43.3301290240425 0
48 0 90.9552337529221 0
48 200 74.8389906918904 0
48 400 56.1038550810221 0
48 500 45.9326871520654 0
48 700 44.7210904953161 0
48 1000 35.4994770015964 0
49 0 106.58355108933 0
49 200 96.25420665236 0
49 400 85.1007015968644 0
49 500 67.1611851175553 0
49 700 52.5668277137749 0
49 1000 51.7348937057505 0
50 0 108.103137560127 0
50 200 94.27672338791 0
50 400 81.0879277231185 0
50 500 75.1279370833817 0
50 700 59.9059591160179 0
50 1000 53.4586020289059 0
51 0 107.983710835414 1
51 200 78.8232899538418 1
51 400 54.3197589837238 1
51 500 51.1973473128578 1
51 700 40.7564549297842 1
51 1000 37.7323836794577 1
52 0 108.181148366079 1
52 200 93.9514809750971 1
52 400 73.7062728300097 1
52 500 54.4923358429618 1
52 700 51.1803275323745 1
52 1000 31.7404870310076 1
53 0 111.376873820193 1
53 200 76.4956968273425 1
53 400 60.0610279563268 1
53 500 58.0175244690396 1
53 700 49.5049441810681 1
53 1000 37.5988898050762 1
54 0 91.3505964306597 1
54 200 62.0281692981965 1
54 400 41.4917433731858 1
54 500 50.0096306643369 1
54 700 34.9379037789358 1
54 1000 30.7435656798437 1
55 0 107.652591332492 1
55 200 97.8663649591215 1
55 400 74.3684693701839 1
55 500 56.4709970835648 1
55 700 48.4416227352471 1
55 1000 46.279142069135 1
56 0 108.466569978718 1
56 200 93.3322168815856 1
56 400 65.187161276106 1
56 500 46.9244796784309 1
56 700 40.4350167542169 1
56 1000 46.7129537246952 1
57 0 90.00808974579 1
57 200 81.4242811366684 1
57 400 56.3686622153845 1
57 500 45.9736929974245 1
57 700 28.5617242459159 1
57 1000 28.0429575198708 1
58 0 99.7789242670133 1
58 200 81.1256324847094 1
58 400 64.5966947742116 1
58 500 41.7260033010061 1
58 700 45.9470523921842 1
58 1000 46.432530972337 1
59 0 102.293560164422 1
59 200 53.6936341744527 1
59 400 38.7137172302758 1
59 500 44.7149496734277 1
59 700 29.4181810730606 1
59 1000 25.752596927587 1
60 0 89.0816750388443 1
60 200 58.3185813158397 1
60 400 50.353575988615 1
60 500 35.7907868232899 1
60 700 36.501833066186 1
60 1000 35.247965382199 1
61 0 127.470119092595 1
61 200 104.302492860028 1
61 400 92.0823439668524 1
61 500 87.1192924593344 1
61 700 74.2409341755691 1
61 1000 44.6691491181503 1
62 0 122.445222827261 1
62 200 92.1693809101975 1
62 400 65.7765566269519 1
62 500 66.6251102944884 1
62 700 50.7158956754627 1
62 1000 43.6094825229604 1
63 0 85.708758035364 1
63 200 66.7684589249533 1
63 400 40.4932899085806 1
63 500 39.3156512345309 1
63 700 29.8760858218919 1
63 1000 38.3922241083114 1
64 0 94.8820048864146 1
64 200 77.2215341010663 1
64 400 54.9866328665423 1
64 500 47.6941240666201 1
64 700 28.5292236348087 1
64 1000 34.3443520597683 1
65 0 99.5655549010632 1
65 200 76.3466789848442 1
65 400 52.6645125932055 1
65 500 57.733771173283 1
65 700 33.7170470291897 1
65 1000 42.1774168450958 1
66 0 107.077114152709 1
66 200 96.2297882127198 1
66 400 76.1940590133137 1
66 500 62.6527483871715 1
66 700 48.5841141716558 1
66 1000 40.0713579551715 1
67 0 117.444178052767 1
67 200 97.9096895320355 1
67 400 67.5197275713564 1
67 500 66.8327675629384 1
67 700 44.5982228376955 1
67 1000 46.6649919176662 1
68 0 91.5033328911365 1
68 200 71.7414423180602 1
68 400 49.5052534841603 1
68 500 50.7533381454625 1
68 700 28.0571308695176 1
68 1000 37.567053420124 1
69 0 88.8099530889518 1
69 200 75.8505674088939 1
69 400 69.2910200014417 1
69 500 51.4151745077353 1
69 700 47.9147074984058 1
69 1000 45.9111925747792 1
70 0 86.8450754174924 1
70 200 69.4644978974968 1
70 400 57.6690789364414 1
70 500 47.9266355809465 1
70 700 28.5655300272581 1
70 1000 39.5812012647776 1
71 0 94.6991997660327 1
71 200 85.8053699886493 1
71 400 65.0507410361184 1
71 500 48.2170077356603 1
71 700 40.6908124185682 1
71 1000 32.2385600558463 1
72 0 87.4218226433068 1
72 200 70.7527571040502 1
72 400 45.5307741000219 1
72 500 51.0653013491816 1
72 700 32.986211395002 1
72 1000 27.0652232699097 1
73 0 108.836991464662 1
73 200 90.0551354084472 1
73 400 66.5037286319297 1
73 500 52.9213425162492 1
73 700 45.9686127381999 1
73 1000 33.1027041057304 1
74 0 91.6585338396287 1
74 200 48.2902406514676 1
74 400 46.8184480154152 1
74 500 41.1210717475191 1
74 700 38.714456021221 1
74 1000 32.8747385531024 1
75 0 123.504801118748 1
75 200 73.0433999546328 1
75 400 47.4319187607528 1
75 500 45.7149934233386 1
75 700 40.9189017968423 1
75 1000 34.9101938197688 1
76 0 106.449790433113 1
76 200 79.9812835044749 1
76 400 64.7674462720639 1
76 500 64.2993356784649 1
76 700 37.3693655603842 1
76 1000 34.7619717628528 1
77 0 94.5177542204642 1
77 200 87.6327821399137 1
77 400 57.3524003928052 1
77 500 55.7599354908748 1
77 700 44.3599073256331 1
77 1000 31.1695992975918 1
78 0 125.658454852841 1
78 200 102.847945212213 1
78 400 59.7883117246197 1
78 500 58.136329568331 1
78 700 48.9611185799885 1
78 1000 42.4530795885557 1
79 0 91.9399056726518 1
79 200 70.0232017223876 1
79 400 37.395643164908 1
79 500 41.2020271429952 1
79 700 34.6881189694881 1
79 1000 27.3391239884394 1
80 0 117.030840773188 1
80 200 89.7222125557378 1
80 400 66.6030556923812 1
80 500 59.4362601004467 1
80 700 45.7048133705329 1
80 1000 50.2956416750977 1
81 0 106.689986478656 1
81 200 71.5356744223388 1
81 400 48.9055198408301 1
81 500 45.1651807851825 1
81 700 40.3589152206342 1
81 1000 31.5634304502466 1
82 0 94.9655038896509 1
82 200 67.3767929126502 1
82 400 40.5279339020833 1
82 500 46.0369724226326 1
82 700 33.9161343695306 1
82 1000 31.3930154424338 1
83 0 101.391426811359 1
83 200 67.8916825332076 1
83 400 40.4397640274774 1
83 500 48.6762453974596 1
83 700 26.4379338684273 1
83 1000 25.4346436912371 1
84 0 91.8624274321035 1
84 200 87.8868225167003 1
84 400 64.4042857092546 1
84 500 61.6391417068712 1
84 700 44.4445718740312 1
84 1000 34.1261636723199 1
85 0 102.504070434479 1
85 200 67.3551745643817 1
85 400 41.5942263506893 1
85 500 42.7505341176715 1
85 700 39.0344651487756 1
85 1000 28.0568952570561 1
86 0 96.1438244089325 1
86 200 88.1157779220031 1
86 400 58.9603415192538 1
86 500 47.8129663767776 1
86 700 50.5691236810303 1
86 1000 45.1076813148904 1
87 0 99.74582029971 1
87 200 74.5160157672558 1
87 400 51.1401077821693 1
87 500 41.7770101006567 1
87 700 41.5781835816836 1
87 1000 28.561249149077 1
88 0 109.697862299032 1
88 200 83.4287791738509 1
88 400 54.1375182029116 1
88 500 58.9313691481856 1
88 700 39.2741750353549 1
88 1000 34.9333261089771 1
89 0 88.0529915260553 1
89 200 67.0563303259531 1
89 400 50.929193282713 1
89 500 40.9793573415319 1
89 700 28.065001073019 1
89 1000 31.9538578749335 1
90 0 95.7544639278793 1
90 200 73.7643594211973 1
90 400 51.4561192857604 1
90 500 48.4570247054747 1
90 700 39.3976290009073 1
90 1000 27.826550095956 1
91 0 121.373095945924 1
91 200 92.8101257601496 1
91 400 66.8157195195522 1
91 500 61.5919308451928 1
91 700 45.8450608260463 1
91 1000 42.6465507996352 1
92 0 103.79835561876 1
92 200 90.5937697725421 1
92 400 65.02784712294 1
92 500 49.0905686427992 1
92 700 45.0831918174355 1
92 1000 48.4833208392506 1
93 0 93.5301226173858 1
93 200 80.7043571504789 1
93 400 59.5329909863903 1
93 500 52.6524116016224 1
93 700 40.7184020014449 1
93 1000 36.9134511967223 1
94 0 102.463123170784 1
94 200 75.5647904308396 1
94 400 56.560436671489 1
94 500 45.6325224880678 1
94 700 29.2890221006529 1
94 1000 37.4437956564212 1
95 0 112.734490029548 1
95 200 107.596146495396 1
95 400 96.7730212679041 1
95 500 81.8877437939932 1
95 700 61.7552597640155 1
95 1000 53.094678764215 1
96 0 104.670057722031 1
96 200 81.0993973496562 1
96 400 66.3882407342933 1
96 500 64.874385836376 1
96 700 49.694268795247 1
96 1000 38.9607961000711 1
97 0 104.666459958007 1
97 200 87.1209965110065 1
97 400 58.7436572090785 1
97 500 56.3057299743046 1
97 700 40.8562252405148 1
97 1000 32.5732116487332 1
98 0 99.3278240282186 1
98 200 77.2833044870451 1
98 400 52.7505830388919 1
98 500 41.7467332847806 1
98 700 53.4208876972835 1
98 1000 39.3015046244181 1
99 0 107.629546261516 1
99 200 82.7058099999363 1
99 400 49.7970927119745 1
99 500 46.8890919036378 1
99 700 37.7508331937068 1
99 1000 22.4853672247538 1
100 0 97.4297506697505 1
100 200 80.2716668781261 1
100 400 59.2528501402591 1
100 500 53.4308618926914 1
100 700 34.4304841056543 1
100 1000 40.741248178095 1
