id dose eff group
1 0 99.8386974493763 0
1 200 86.7812064583265 0
1 400 70.9065611518665 0
1 500 57.5830322432246 0
1 700 46.8229518138425 0
1 1000 44.9264022038193 0
2 0 100.835566911706 0
2 200 83.9803815269605 0
2 400 72.2929266272156 0
2 500 59.5175285858217 0
2 700 51.7864510687354 0
2 1000 36.9054671625304 0
3 0 115.859932762277 0
3 200 104.61676412103 0
3 400 80.5983801785026 0
3 500 67.0536584747448 0
3 700 49.3699684332564 0
3 1000 43.4197908653443 0
4 0 87.4185418744609 0
4 200 82.8004812470714 0
4 400 68.7531724756307 0
4 500 68.2072052221615 0
4 700 60.6081407963078 0
4 1000 45.5133485257824 0
5 0 119.639270144895 0
5 200 112.25064637732 0
5 400 93.2998568932808 0
5 500 85.0586358019823 0
5 700 61.9150667354095 0
5 1000 55.4773707949446 0
6 0 107.80007618818 0
6 200 95.3541354367368 0
6 400 79.4241147790647 0
6 500 64.4180456669027 0
6 700 55.6304913560846 0
6 1000 36.3315816753798 0
7 0 109.76730065284 0
7 200 91.1397931123788 0
7 400 85.3561196726842 0
7 500 82.456399935019 0
7 700 66.6238914860207 0
7 1000 54.1961111273905 0
8 0 97.1804168918782 0
8 200 86.3430814188167 0
8 400 58.8923469684078 0
8 500 53.1988282827455 0
8 700 48.4052452921729 0
8 1000 34.6933545701436 0
9 0 114.152796888476 0
9 200 103.063738247626 0
9 400 94.5696711676864 0
9 500 85.9695082681393 0
9 700 69.8857600162587 0
9 1000 65.0174655396198 0
10 0 100.055688487202 0
10 200 86.108245540481 0
10 400 62.0326768210885 0
10 500 45.8343857882067 0
10 700 52.3202038486783 0
10 1000 37.1336457159305 0
11 0 94.2193776756007 0
11 200 79.7862069115037 0
11 400 56.8176790673947 0
11 500 43.8528153036359 0
11 700 27.5578531601902 0
11 1000 27.5539152536858 0
12 0 117.337812788696 0
12 200 95.851096669258 0
12 400 68.9782738168965 0
12 500 62.7506183217388 0
12 700 51.000301703157 0
12 1000 40.4296043338138 0
13 0 112.038839481442 0
13 200 105.728241238898 0
13 400 77.4124447732255 0
13 500 59.796109653378 0
13 700 59.6088484731877 0
13 1000 37.9050859562261 0
14 0 105.219908918941 0
14 200 96.6819248873169 0
14 400 76.8204400120666 0
14 500 75.8266498964074 0
14 700 48.1045786552718 0
14 1000 46.7113772207061 0
15 0 97.4505114649862 0
15 200 81.2927594135614 0
15 400 71.8774519103407 0
15 500 66.1307185959767 0
15 700 59.1411935393276 0
15 1000 41.2472866749031 0
16 0 121.191878568097 0
16 200 108.614599231693 0
16 400 99.9747929466758 0
16 500 118.368513308902 0
16 700 97.915226168367 0
16 1000 81.9591442876073 0
17 0 96.9932328238748 0
17 200 85.7082093162718 0
17 400 62.6323483324764 0
17 500 42.471887511236 0
17 700 39.9938460968392 0
17 1000 32.149134645518 0
18 0 89.0872339754224 0
18 200 84.8045219525279 0
18 400 66.5711631796416 0
18 500 73.7700014625742 0
18 700 54.1702463038721 0
18 1000 52.5261805481234 0
19 0 99.9752019123755 0
19 200 97.2060524603189 0
19 400 87.8437746821954 0
19 500 75.1587183880195 0
19 700 64.9839652412523 0
19 1000 61.3029874099628 0
20 0 100.17599049949 0
20 200 89.7155469834107 0
20 400 72.9892419205258 0
20 500 73.5319928151139 0
20 700 54.1006459085611 0
20 1000 46.680034125394 0
21 0 89.6228112378374 0
21 200 83.3531646159672 0
21 400 79.9593430525378 0
21 500 76.7628192500098 0
21 700 62.0168975189755 0
21 1000 53.1778980348569 0
22 0 115.997325920324 0
22 200 102.499217822168 0
22 400 75.3049186363316 0
22 500 65.3597327835013 0
22 700 52.5153085001739 0
22 1000 39.5527821161761 0
23 0 111.335432301573 0
23 200 94.9856322873074 0
23 400 86.7867559873049 0
23 500 72.5037904546244 0
23 700 55.5671725263607 0
23 1000 49.2262913477056 0
24 0 111.912052746042 0
24 200 98.5058847068457 0
24 400 87.4300878052456 0
24 500 85.4987536827033 0
24 700 66.3459073320755 0
24 1000 66.4065151559848 0
25 0 108.055926260472 0
25 200 88.4148297325694 0
25 400 63.1109946302784 0
25 500 45.9654889733372 0
25 700 47.4196720479851 0
25 1000 43.0820253768578 0
26 0 99.5231555796867 0
26 200 86.7967576480999 0
26 400 63.9920342733977 0
26 500 56.0892729365115 0
26 700 44.4579564666686 0
26 1000 39.460776214634 0
27 0 88.9892920235798 0
27 200 78.4748999304923 0
27 400 56.3173048328986 0
27 500 49.0190898774829 0
27 700 35.4083639619711 0
27 1000 34.5054076638025 0
28 0 130.246123580487 0
28 200 106.796601388561 0
28 400 86.3900482309497 0
28 500 69.6500995747413 0
28 700 58.5334240387376 0
28 1000 51.670592647903 0
29 0 104.526546630125 0
29 200 96.1490949289387 0
29 400 85.6360592222218 0
29 500 80.7897854378533 0
29 700 78.6408197143019 0
29 1000 58.951059950738 0
30 0 102.608687444768 0
30 200 96.7441905317819 0
30 400 71.820217767656 0
30 500 72.8158289852205 0
30 700 59.4051943198523 0
30 1000 49.0365148081774 0
31 0 114.167927980832 0
31 200 99.4722079972553 0
31 400 76.2736009967334 0
31 500 81.1306725554917 0
31 700 56.3562610312838 0
31 1000 48.4481876944982 0
32 0 95.9137623193825 0
32 200 78.4103267319152 0
32 400 67.0740433424426 0
32 500 53.8474376234182 0
32 700 48.0055321256135 0
32 1000 40.0367807018502 0
33 0 88.8951826610504 0
33 200 79.7893433859701 0
33 400 59.5573688346785 0
33 500 59.8022710756282 0
33 700 52.6127248031452 0
33 1000 41.3211748699301 0
34 0 111.847235011477 0
34 200 98.2512224709603 0
34 400 83.1719353010257 0
34 500 83.3023725402069 0
34 700 75.4844770701557 0
34 1000 57.3007219174872 0
35 0 92.4678955046185 0
35 200 85.2717313968967 0
35 400 81.2793618503204 0
35 500 72.7536902683235 0
35 700 64.8470352547396 0
35 1000 41.1540041767502 0
36 0 101.943954954894 0
36 200 93.8521446478048 0
36 400 78.5441026028715 0
36 500 74.0671931689934 0
36 700 65.1778382191908 0
36 1000 49.950820801641 0
37 0 97.1289635517776 0
37 200 88.7935698265509 0
37 400 73.4270528819586 0
37 500 63.2361736271311 0
37 700 58.6428075138249 0
37 1000 37.1558723582872 0
38 0 101.775697132653 0
38 200 78.282739813555 0
38 400 84.1136416151934 0
38 500 78.2617397990976 0
38 700 62.3558544847375 0
38 1000 50.6131433909753 0
39 0 88.9682119963004 0
39 200 91.8884553866859 0
39 400 73.4025280249952 0
39 500 66.6272658378589 0
39 700 61.4233966016285 0
39 1000 52.9945639691213 0
40 0 108.27272469487 0
40 200 106.683501675181 0
40 400 75.6659375119923 0
40 500 65.7710697391485 0
40 700 42.9914324188551 0
40 1000 53.2030174552255 0
41 0 112.475549215884 0
41 200 104.626194285339 0
41 400 68.3231382449426 0
41 500 58.83904135624 0
41 700 47.4613255946092 0
41 1000 36.6069897303448 0
42 0 125.112147560518 0
42 200 109.426222634568 0
42 400 97.1783518770314 0
42 500 91.2418577390983 0
42 700 78.4889947505408 0
42 1000 58.7840167741528 0
43 0 97.9462197590904 0
43 200 82.488935635052 0
43 400 67.6092397798941 0
43 500 59.1760107738539 0
43 700 42.5706773911414 0
43 1000 45.3597159500674 0
44 0 90.3470645914297 0
44 200 77.0190881365816 0
44 400 60.7526681312273 0
44 500 61.3521280304086 0
44 700 45.6910659506208 0
44 1000 33.4705514036859 0
45 0 107.480517764674 0
45 200 90.9065249512638 0
45 400 66.4426469787515 0
45 500 56.5853812950496 0
45 700 49.4284019077647 0
45 1000 48.7466785095297 0
46 0 90.2032277385986 0
46 200 91.5307164741139 0
46 400 78.5842461131418 0
46 500 75.7811774241886 0
46 700 66.0208562763009 0
46 1000 44.9388193135464 0
47 0 105.368099632955 0
47 200 94.8781503605369 0
47 400 75.8995729766712 0
47 500 68.3907514789949 0
47 700 62.7105349179985 0
47 1000 47.3032451503392 0
48 0 107.452006851606 0
48 200 81.7861947136052 0
48 400 63.7606379860375 0
48 500 55.423604218259 0
48 700 53.4144200204418 0
48 1000 38.8401822464593 0
49 0 91.3417831321964 0
49 200 81.7302693042321 0
49 400 60.2620801758213 0
49 500 63.2363690289267 0
49 700 52.4240820926131 0
49 1000 38.8947652096978 0
50 0 118.280921491339 0
50 200 104.872197463137 0
50 400 82.3963047071807 0
50 500 74.0567689569587 0
50 700 59.7262629908079 0
50 1000 52.6257007529305 0
51 0 81.5734372544018 1
51 200 65.3694289129694 1
51 400 41.607249945758 1
51 500 37.0086157889836 1
51 700 41.8867200502688 1
51 1000 25.414032362123 1
52 0 103.05095582233 1
52 200 90.0290135608858 1
52 400 61.3528225277591 1
52 500 58.8614336779258 1
52 700 49.2672489092302 1
52 1000 37.6515602932876 1
53 0 88.0296009276835 1
53 200 80.439417110632 1
53 400 58.4583083225977 1
53 500 56.1335731956524 1
53 700 46.7350676777352 1
53 1000 36.9424202404548 1
54 0 94.6785739475671 1
54 200 83.7481480118542 1
54 400 71.2752985995541 1
54 500 54.9110201126904 1
54 700 46.4474899352352 1
54 1000 44.9245361493996 1
55 0 112.293696542079 1
55 200 82.5306027933532 1
55 400 51.2005614527461 1
55 500 63.2094125478773 1
55 700 50.7748287854577 1
55 1000 44.1632086110345 1
56 0 96.284836196571 1
56 200 52.2180359519573 1
56 400 46.5167163226748 1
56 500 26.7339284080974 1
56 700 35.3119208233578 1
56 1000 20.7575122509452 1
57 0 122.085567892932 1
57 200 84.6317397840036 1
57 400 63.6776625336284 1
57 500 55.7201142334995 1
57 700 47.8789783274155 1
57 1000 46.1733275724046 1
58 0 94.2964447661182 1
58 200 80.8505344866781 1
58 400 62.1767057726865 1
58 500 57.8060794229949 1
58 700 40.1657495571175 1
58 1000 39.5151966241539 1
59 0 108.646049641354 1
59 200 93.5456705863673 1
59 400 70.0956319564079 1
59 500 57.7573626937874 1
59 700 52.5551472737484 1
59 1000 37.5186844027727 1
60 0 99.6850634090068 1
60 200 87.780206821822 1
60 400 56.3741647551093 1
60 500 57.1804471435425 1
60 700 49.8380717018181 1
60 1000 39.6136237286825 1
61 0 119.52809817425 1
61 200 93.6976833309613 1
61 400 56.096800815541 1
61 500 54.8081996108569 1
61 700 51.6728087864847 1
61 1000 34.7351332233804 1
62 0 88.4328575545544 1
62 200 89.7954316775904 1
62 400 67.3671222390852 1
62 500 42.0402693562834 1
62 700 49.4983954205188 1
62 1000 38.1301309945433 1
63 0 101.245414361715 1
63 200 79.7331275698088 1
63 400 61.8819172081169 1
63 500 45.8038927412105 1
63 700 40.2060707153036 1
63 1000 40.2129674567363 1
64 0 106.683531029348 1
64 200 73.6703953646274 1
64 400 51.59768514802 1
64 500 45.6884297717022 1
64 700 42.3078457564016 1
64 1000 25.0116970854456 1
65 0 114.001417172576 1
65 200 91.1701698975966 1
65 400 53.3033974386882 1
65 500 58.978502003416 1
65 700 49.6000101240718 1
65 1000 34.4357436117249 1
66 0 114.5641700982 1
66 200 95.6160480509061 1
66 400 65.4986737650631 1
66 500 72.7424808749288 1
66 700 56.8314515799738 1
66 1000 51.442416404548 1
67 0 96.6170117341331 1
67 200 60.3228468307857 1
67 400 46.354164625624 1
67 500 39.3436762202806 1
67 700 33.2460417442399 1
67 1000 31.4623810277842 1
68 0 95.8208677507103 1
68 200 55.2618787219374 1
68 400 24.6501166008492 1
68 500 37.447026842785 1
68 700 32.5233240102968 1
68 1000 26.3849159880109 1
69 0 116.963999688521 1
69 200 80.7535465852266 1
69 400 61.7887084737888 1
69 500 64.523628324505 1
69 700 47.7226653262305 1
69 1000 41.014905450765 1
70 0 97.9188748382904 1
70 200 93.8395443974355 1
70 400 63.6385425292871 1
70 500 60.3000621950364 1
70 700 56.6620494752433 1
70 1000 44.4797590228867 1
71 0 123.906274481913 1
71 200 100.695806528575 1
71 400 68.0631746027712 1
71 500 66.7842968821806 1
71 700 47.7912948910208 1
71 1000 41.3980193838138 1
72 0 86.1408915250858 1
72 200 74.7833483434081 1
72 400 60.8283297051301 1
72 500 42.2887075665773 1
72 700 42.6935344305714 1
72 1000 33.0699844031706 1
73 0 90.3844846695383 1
73 200 74.148994710262 1
73 400 54.0906741852461 1
73 500 56.1203691657037 1
73 700 37.3868562041385 1
73 1000 43.4660253173579 1
74 0 90.6167255134122 1
74 200 63.2150023359244 1
74 400 46.067421202113 1
74 500 39.303659751238 1
74 700 29.3357577498754 1
74 1000 33.8510770618226 1
75 0 103.294043438527 1
75 200 84.6615901832718 1
75 400 65.7583169465417 1
75 500 55.1123757633539 1
75 700 36.9631461303027 1
75 1000 33.256208698636 1
76 0 107.681156983147 1
76 200 78.9402481835949 1
76 400 63.7408149715915 1
76 500 53.2144883842669 1
76 700 47.2028100409288 1
76 1000 33.1607883239739 1
77 0 105.741398742033 1
77 200 76.6853379641821 1
77 400 43.9420777654071 1
77 500 47.762148595773 1
77 700 45.9608977338393 1
77 1000 39.0474318869478 1
78 0 94.6719873204273 1
78 200 61.3346491251638 1
78 400 44.9119501755431 1
78 500 45.9141884070921 1
78 700 30.7138007485491 1
78 1000 33.3519931490777 1
79 0 83.6689920405378 1
79 200 66.1669578281998 1
79 400 56.8651664938159 1
79 500 41.0813250303943 1
79 700 34.2189263900868 1
79 1000 28.3635285062545 1
80 0 107.341947584162 1
80 200 84.8743474483642 1
80 400 61.4508891221379 1
80 500 61.5887741055616 1
80 700 47.2581147421304 1
80 1000 36.6858584927593 1
81 0 95.2044719157256 1
81 200 73.9256351189676 1
81 400 56.669355375181 1
81 500 48.370391560057 1
81 700 27.2257686413068 1
81 1000 32.9468078200859 1
82 0 98.8738869204902 1
82 200 62.9766137326411 1
82 400 39.9873305984794 1
82 500 38.3613340216505 1
82 700 27.5854827907366 1
82 1000 37.037366233425 1
83 0 95.6926639971749 1
83 200 66.9034489609863 1
83 400 51.0780306636971 1
83 500 38.7958244339983 1
83 700 37.9572947039771 1
83 1000 34.4224867865108 1
84 0 95.6342139859683 1
84 200 66.8731900212146 1
84 400 49.515995918335 1
84 500 35.0047612332683 1
84 700 40.0463906345154 1
84 1000 33.1738563892896 1
85 0 71.9991906000192 1
85 200 77.2190294502516 1
85 400 61.2489685439709 1
85 500 47.6669714227487 1
85 700 31.9846384575625 1
85 1000 29.5440042323416 1
86 0 90.6941874247338 1
86 200 80.4281881486967 1
86 400 69.9812160921989 1
86 500 51.4383022284014 1
86 700 43.9323823877531 1
86 1000 41.5617284939877 1
87 0 95.3064650441925 1
87 200 70.2587968024812 1
87 400 38.0048850291639 1
87 500 39.0265884819064 1
87 700 38.6595765057708 1
87 1000 37.9747099302147 1
88 0 89.1324630034536 1
88 200 85.7923888957229 1
88 400 54.5623224754739 1
88 500 48.9632290427941 1
88 700 43.8249331538874 1
88 1000 38.1657879765327 1
89 0 93.2625269899549 1
89 200 51.7349231780541 1
89 400 46.2372798636246 1
89 500 30.2434228732963 1
89 700 33.0944686695165 1
89 1000 26.8693672719724 1
90 0 90.4593353003455 1
90 200 66.5633728240201 1
90 400 52.87721972679 1
90 500 45.8304551817931 1
90 700 29.5642706735786 1
90 1000 44.4550860089504 1
91 0 96.9170675083511 1
91 200 86.6547269555133 1
91 400 58.5874590607266 1
91 500 65.2155995935328 1
91 700 46.8045326268176 1
91 1000 44.320001185963 1
92 0 89.5552980608916 1
92 200 78.0816389007364 1
92 400 57.9193234077722 1
92 500 49.2394195430807 1
92 700 39.9031080133606 1
92 1000 39.065999330071 1
93 0 90.6678281610149 1
93 200 82.3997467749263 1
93 400 59.9013370087394 1
93 500 49.2109866639087 1
93 700 34.0201583645545 1
93 1000 38.8373423595964 1
94 0 97.0636868305307 1
94 200 70.4102019720825 1
94 400 60.6966174256195 1
94 500 50.5944858170287 1
94 700 27.4005228322056 1
94 1000 26.7538759937893 1
95 0 106.686577679228 1
95 200 89.307420707484 1
95 400 53.3299663658741 1
95 500 54.0821649599726 1
95 700 52.3014589543012 1
95 1000 39.569697881486 1
96 0 97.6765800880576 1
96 200 81.7370547169773 1
96 400 54.8375331021098 1
96 500 49.0490879590464 1
96 700 43.7255555717542 1
96 1000 29.1982673737537 1
97 0 76.0676189519867 1
97 200 56.1436276434214 1
97 400 33.1405597513105 1
97 500 42.1687483355395 1
97 700 30.7853155040376 1
97 1000 24.4737903203002 1
98 0 107.868753052702 1
98 200 78.4844049059463 1
98 400 57.8968104920549 1
98 500 48.3961468873151 1
98 700 38.5977799424997 1
98 1000 39.5438700712458 1
99 0 83.6798025932859 1
99 200 82.1812371633482 1
99 400 50.6261412259075 1
99 500 48.7669564343751 1
99 700 41.6647302014621 1
99 1000 46.4753721206208 1
100 0 91.3521026832424 1
100 200 88.976877938251 1
100 400 72.2503935347908 1
100 500 53.518200752901 1
100 700 43.602756876069 1
100 1000 41.5764492398305 1
