id dose eff group
1 0 101.617813575147 0
1 200 62.5035726850023 0
1 400 50.9324945388581 0
1 500 39.4866236174349 0
1 700 48.4673218149807 0
1 1000 34.8434867670764 0
2 0 84.1316506196528 0
2 200 83.5591718223982 0
2 400 76.6607504726695 0
2 500 62.4020699709244 0
2 700 48.628844660657 0
2 1000 37.2026744046641 0
3 0 117.808409867771 0
3 200 110.213481439244 0
3 400 96.7789177309534 0
3 500 90.2693997978242 0
3 700 68.6690020125754 0
3 1000 60.1778343252298 0
4 0 84.5569394655545 0
4 200 87.1662956543518 0
4 400 58.5797099144961 0
4 500 60.4107822730783 0
4 700 40.3546442505457 0
4 1000 36.9770189066431 0
5 0 115.9942573633 0
5 200 101.473384193508 0
5 400 81.004925475768 0
5 500 78.7780269276127 0
5 700 68.4065237857963 0
5 1000 53.0633513214808 0
6 0 104.411897543269 0
6 200 94.2023312640304 0
6 400 94.432062522784 0
6 500 88.0394240313919 0
6 700 72.1892225851551 0
6 1000 71.5073976967601 0
7 0 96.364656037245 0
7 200 84.2177363219152 0
7 400 69.2725580888032 0
7 500 57.5872270159039 0
7 700 50.5994195757895 0
7 1000 43.86423057129 0
8 0 95.8166343632138 0
8 200 88.6084059235278 0
8 400 67.3428098262697 0
8 500 61.1136955574083 0
8 700 47.5422745967315 0
8 1000 43.1545699435795 0
9 0 108.026136785518 0
9 200 94.1345541190483 0
9 400 93.9197737196244 0
9 500 91.5742105697601 0
9 700 81.6162486699743 0
9 1000 66.0688594798533 0
10 0 95.4437415074816 0
10 200 84.7184606012243 0
10 400 50.8541545406226 0
10 500 53.2430929073985 0
10 700 35.9309448197821 0
10 1000 37.10593748529 0
11 0 116.498987810372 0
11 200 113.934027189784 0
11 400 85.0213014076013 0
11 500 77.0595127414138 0
11 700 66.1409184556186 0
11 1000 55.7880648176272 0
12 0 116.261604092067 0
12 200 90.8895867961404 0
12 400 61.6864555484096 0
12 500 51.1973284071708 0
12 700 50.8988647002513 0
12 1000 42.5424157436566 0
13 0 105.556253610143 0
13 200 99.8523510950043 0
13 400 82.2979817491243 0
13 500 78.4556740125917 0
13 700 57.6422625318182 0
13 1000 55.4228094307345 0
14 0 82.0156119418664 0
14 200 79.8952556224493 0
14 400 61.7385608372691 0
14 500 44.3615196103912 0
14 700 36.7781413420651 0
14 1000 29.8117279244036 0
15 0 84.8992368504657 0
15 200 89.9110366157878 0
15 400 63.8956228812415 0
15 500 54.0877419691426 0
15 700 46.7235683829308 0
15 1000 42.9319451357414 0
16 0 94.7815498482996 0
16 200 94.8091536146948 0
16 400 79.9756373820516 0
16 500 84.0983230259967 0
16 700 68.9707337631652 0
16 1000 70.8409445816605 0
17 0 90.558179727329 0
17 200 74.1787202314292 0
17 400 59.995141682793 0
17 500 58.6174881988264 0
17 700 48.7573182930454 0
17 1000 37.7489340228795 0
18 0 88.6335756763338 0
18 200 76.7634779508476 0
18 400 63.2919174060901 0
18 500 50.8701878252719 0
18 700 47.6532739290228 0
18 1000 29.4923486328311 0
19 0 84.4925577806257 0
19 200 89.7303337654501 0
19 400 81.4167924580436 0
19 500 76.2194057934949 0
19 700 63.6664725315578 0
19 1000 51.8859784076942 0
20 0 87.1054647388674 0
20 200 89.3116120152399 0
20 400 70.6080544618241 0
20 500 56.1316926636591 0
20 700 49.5085870073985 0
20 1000 40.6676380607667 0
21 0 96.7056421852421 0
21 200 94.8530164179955 0
21 400 82.9935774083152 0
21 500 66.2931025634725 0
21 700 61.2782521157703 0
21 1000 46.8362810020946 0
22 0 87.7322212860871 0
22 200 77.2101364067253 0
22 400 55.397723256589 0
22 500 57.1786742352099 0
22 700 47.4956108073987 0
22 1000 48.3442434239918 0
23 0 111.958438711099 0
23 200 104.145461108251 0
23 400 70.6594469125352 0
23 500 66.3223972706456 0
23 700 53.9636751571012 0
23 1000 47.4796199307333 0
24 0 86.1615663296966 0
24 200 84.4781002232495 0
24 400 70.6720188165809 0
24 500 56.804462400574 0
24 700 48.9940219566884 0
24 1000 46.8977746656782 0
25 0 91.2242280125822 0
25 200 75.4418141821243 0
25 400 68.2239985502587 0
25 500 63.3398455951651 0
25 700 45.0931068569892 0
25 1000 35.8841436650423 0
26 0 121.090076630456 0
26 200 116.899342588695 0
26 400 104.445624114493 0
26 500 89.5994305847529 0
26 700 86.3107143231734 0
26 1000 69.9208993873818 0
27 0 92.182030836559 0
27 200 62.7345193919511 0
27 400 66.3597084934209 0
27 500 50.0529169346251 0
27 700 46.8095917026173 0
27 1000 38.1506454878731 0
28 0 113.04502515858 0
28 200 104.694932259531 0
28 400 94.3910379465419 0
28 500 79.1407822856782 0
28 700 69.8901042083632 0
28 1000 57.8904037275059 0
29 0 99.4874984243141 0
29 200 77.1387219083157 0
29 400 59.4841536591605 0
29 500 42.0066006705264 0
29 700 51.4733238747489 0
29 1000 39.782408381076 0
30 0 130.80987124268 0
30 200 119.941002528458 0
30 400 107.402421856037 0
30 500 96.5002734690638 0
30 700 84.4109401674435 0
30 1000 73.070065567069 0
31 0 84.0095879764169 0
31 200 84.1754675073123 0
31 400 75.3283298474264 0
31 500 59.1440974838203 0
31 700 56.5099924555762 0
31 1000 39.5436041284485 0
32 0 113.63648090662 0
32 200 100.394726166842 0
32 400 85.1339694839827 0
32 500 83.167257576392 0
32 700 63.1573498844205 0
32 1000 55.805363553248 0
33 0 97.1188548991756 0
33 200 100.969089778053 0
33 400 92.3008248640462 0
33 500 77.7936899429357 0
33 700 63.4739714355269 0
33 1000 47.5070931351405 0
34 0 109.82135197593 0
34 200 99.5497357845003 0
34 400 81.2695798554625 0
34 500 71.0143239533379 0
34 700 56.2501558199791 0
34 1000 48.847264960952 0
35 0 91.2406452488796 0
35 200 70.1850850038835 0
35 400 48.0952989295073 0
35 500 42.2700357623666 0
35 700 39.3445813566806 0
35 1000 29.9781245468891 0
36 0 75.5012616733786 0
36 200 80.6663218635842 0
36 400 71.0938902964318 0
36 500 66.713240353597 0
36 700 55.358435390522 0
36 1000 46.2002453195928 0
37 0 94.8906683506493 0
37 200 89.2393667227273 0
37 400 82.5489275219569 0
37 500 85.0045828779816 0
37 700 69.1466115171756 0
37 1000 55.5343164735771 0
38 0 80.7949653122034 0
38 200 76.6001191228103 0
38 400 60.2196995524137 0
38 500 42.4531353356175 0
38 700 42.2054956104697 0
38 1000 40.3612953639113 0
39 0 109.297477226018 0
39 200 94.1621053879939 0
39 400 69.5032732819921 0
39 500 59.2786116253803 0
39 700 40.2803069556538 0
39 1000 41.2794301719618 0
40 0 93.7295786783382 0
40 200 89.4053402195814 0
40 400 63.6508119582783 0
40 500 45.9593957193531 0
40 700 48.5370018679834 0
40 1000 28.0910799200821 0
41 0 102.328489082203 0
41 200 89.5581832938568 0
41 400 68.6473926075827 0
41 500 65.3341964304422 0
41 700 41.5584100266148 0
41 1000 39.9818998258969 0
42 0 103.09837442797 0
42 200 95.9840211512681 0
42 400 82.7993469029966 0
42 500 61.8622666434084 0
42 700 58.452644213625 0
42 1000 37.7113433228188 0
43 0 134.862714261762 0
43 200 121.554294361052 0
43 400 95.6127440713035 0
43 500 92.2842276172894 0
43 700 78.915334164798 0
43 1000 61.1306332622731 0
44 0 93.5659323843305 0
44 200 88.1302603168516 0
44 400 76.271645076468 0
44 500 81.2573882360569 0
44 700 76.0076161398161 0
44 1000 51.3696553573132 0
45 0 102.211521390997 0
45 200 92.6634268454656 0
45 400 77.3904982331562 0
45 500 67.3273936606078 0
45 700 63.2591436038677 0
45 1000 45.738419809101 0
46 0 96.6111776865683 0
46 200 81.2800638519455 0
46 400 62.9679585464154 0
46 500 52.342241696963 0
46 700 45.3489805970577 0
46 1000 37.123623121582 0
47 0 107.163611631884 0
47 200 93.2339825825534 0
47 400 67.2969270282943 0
47 500 61.7554265808293 0
47 700 43.8075496382689 0
47 1000 39.7698169716711 0
48 0 100.484297022206 0
48 200 79.7843185039632 0
48 400 64.9554393537934 0
48 500 65.2270762888463 0
48 700 54.9096021658344 0
48 1000 36.0339743855069 0
49 0 119.597292830475 0
49 200 117.321891526987 0
49 400 103.496022884668 0
49 500 91.1574262927707 0
49 700 60.6856885740794 0
49 1000 67.2973426173327 0
50 0 106.240187666011 0
50 200 82.7683997759846 0
50 400 74.4414743141814 0
50 500 66.2489682461554 0
50 700 40.8633604701159 0
50 1000 40.029768566948 0
51 0 124.486041738283 1
51 200 76.3209912008268 1
51 400 52.1760586224387 1
51 500 44.1507115977879 1
51 700 37.2981992727544 1
51 1000 33.6457572503651 1
52 0 101.800060773579 1
52 200 95.003116001676 1
52 400 56.1037010308333 1
52 500 61.1922511309901 1
52 700 38.9783409250176 1
52 1000 44.193309663998 1
53 0 101.251857476909 1
53 200 75.4224232202019 1
53 400 56.2932743366097 1
53 500 49.1318623855704 1
53 700 43.1003094743456 1
53 1000 43.4402109612035 1
54 0 116.729121849988 1
54 200 102.484108351312 1
54 400 71.7178920579427 1
54 500 58.0969857995591 1
54 700 50.784204646683 1
54 1000 41.2622994071697 1
55 0 101.603681065836 1
55 200 67.6155014389444 1
55 400 51.6647465466331 1
55 500 45.6779855761852 1
55 700 46.5994401075396 1
55 1000 33.5988902423458 1
56 0 108.958777973622 1
56 200 76.6915857788995 1
56 400 49.7947285454231 1
56 500 50.0384521750473 1
56 700 42.3288501519364 1
56 1000 33.3940976658515 1
57 0 97.0042177034043 1
57 200 89.0806199734055 1
57 400 74.1555514992094 1
57 500 65.6895981416641 1
57 700 53.862207935804 1
57 1000 50.7288034404945 1
58 0 103.010299751089 1
58 200 90.6573817548114 1
58 400 69.6947086472428 1
58 500 63.2544271688227 1
58 700 60.3590814440096 1
58 1000 48.1393484717653 1
59 0 76.7758436490305 1
59 200 68.3438280641581 1
59 400 43.9984238635338 1
59 500 45.6908300531375 1
59 700 39.0586366475098 1
59 1000 32.4119359331536 1
60 0 91.8302379984856 1
60 200 74.3268331255731 1
60 400 41.7158816677342 1
60 500 31.8516059581863 1
60 700 34.0390461782707 1
60 1000 33.3434296963506 1
61 0 99.9956530026314 1
61 200 72.1437451704794 1
61 400 45.9728927204785 1
61 500 46.8173782487577 1
61 700 42.1080758068956 1
61 1000 32.3989643487527 1
62 0 116.482495386769 1
62 200 90.8018141323838 1
62 400 62.6743138660111 1
62 500 51.5752930287874 1
62 700 49.595145469601 1
62 1000 31.9867884283909 1
63 0 110.46669698008 1
63 200 101.392723254393 1
63 400 77.2047780405417 1
63 500 67.6493732870836 1
63 700 55.475181165422 1
63 1000 52.6117761217706 1
64 0 85.448018313117 1
64 200 67.2149983668614 1
64 400 44.3808196142861 1
64 500 52.3717566233333 1
64 700 32.4810266203304 1
64 1000 30.0850739265397 1
65 0 111.120292212688 1
65 200 81.4093086411816 1
65 400 65.2535169992902 1
65 500 55.9465606562067 1
65 700 42.0675097773492 1
65 1000 37.7159403416607 1
66 0 103.230757967696 1
66 200 87.8600851989225 1
66 400 62.3793412390653 1
66 500 53.098876796944 1
66 700 41.2178041721207 1
66 1000 43.9797605966339 1
67 0 138.577075355645 1
67 200 96.3566587781008 1
67 400 72.3339772282651 1
67 500 56.680807648021 1
67 700 60.6734943926277 1
67 1000 42.8236170182019 1
68 0 98.3205829452444 1
68 200 76.729298730047 1
68 400 68.544607142105 1
68 500 60.2099060408407 1
68 700 37.9181136772099 1
68 1000 38.4183611021776 1
69 0 101.291561488946 1
69 200 87.0928452800831 1
69 400 66.2158837198008 1
69 500 54.1302207630415 1
69 700 52.9464169533132 1
69 1000 33.3215636500742 1
70 0 88.0259311057626 1
70 200 79.7407963667968 1
70 400 63.2772601485094 1
70 500 55.4932738331433 1
70 700 41.0390795164384 1
70 1000 41.1265197961799 1
71 0 94.2009489789243 1
71 200 63.9233987879098 1
71 400 32.9603606462198 1
71 500 36.7289387721524 1
71 700 19.6267077818952 1
71 1000 26.1863825683066 1
72 0 96.9667435033204 1
72 200 71.4080308916428 1
72 400 50.813553137126 1
72 500 51.3509765629208 1
72 700 40.223708357757 1
72 1000 28.2682882987446 1
73 0 105.591888587884 1
73 200 73.1186945888011 1
73 400 40.9621464205405 1
73 500 55.4659373305296 1
73 700 35.1992214325206 1
73 1000 42.2638754562786 1
74 0 92.7148380286302 1
74 200 71.3272487020109 1
74 400 38.1981714887098 1
74 500 35.4759723686687 1
74 700 42.029311522027 1
74 1000 39.7793341529096 1
75 0 82.6849777045097 1
75 200 72.0815496823474 1
75 400 51.4886914465435 1
75 500 44.5741799200584 1
75 700 44.5552792545773 1
75 1000 43.5621485599633 1
76 0 116.473352411289 1
76 200 78.753774114876 1
76 400 60.7585220143409 1
76 500 44.1040750504598 1
76 700 39.3271445119557 1
76 1000 39.1198920060978 1
77 0 104.095323457031 1
77 200 102.453525129559 1
77 400 71.2020378542894 1
77 500 55.3739875717032 1
77 700 50.5813438911604 1
77 1000 37.9839667054565 1
78 0 123.755178247079 1
78 200 78.7385007614747 1
78 400 54.629666569452 1
78 500 53.0171603644899 1
78 700 36.8266279972911 1
78 1000 37.2172314006218 1
79 0 98.735770601277 1
79 200 82.2702568611225 1
79 400 45.4489793522625 1
79 500 53.629403916052 1
79 700 46.3865670703897 1
79 1000 37.2483476036382 1
80 0 107.879637038559 1
80 200 85.4664183110063 1
80 400 76.5788970188994 1
80 500 71.5724244860744 1
80 700 54.545732604007 1
80 1000 41.7491721685887 1
81 0 90.8170988300085 1
81 200 89.5039296691369 1
81 400 60.6090087850771 1
81 500 58.3166437756348 1
81 700 41.502247116758 1
81 1000 41.9902196737822 1
82 0 101.319610123356 1
82 200 72.2259733228434 1
82 400 57.4730886057944 1
82 500 44.1569253710208 1
82 700 44.2326873290459 1
82 1000 30.8103033439387 1
83 0 108.421485392721 1
83 200 79.8903432607152 1
83 400 48.7088984392416 1
83 500 39.5973478011965 1
83 700 34.1363902991872 1
83 1000 37.7195575555722 1
84 0 97.8946508504031 1
84 200 71.2029886320147 1
84 400 47.8659321503976 1
84 500 41.1770165124171 1
84 700 34.3878239912968 1
84 1000 40.6806338926467 1
85 0 108.037097094877 1
85 200 88.237943484811 1
85 400 61.6168811452263 1
85 500 50.9328287696902 1
85 700 52.971239191067 1
85 1000 33.1274610442789 1
86 0 115.746886114588 1
86 200 90.7996343284796 1
86 400 71.7388700608907 1
86 500 52.6175047309509 1
86 700 33.2008397003768 1
86 1000 39.3738049519637 1
87 0 89.200348101355 1
87 200 67.219687942866 1
87 400 47.3098355859781 1
87 500 39.941219467081 1
87 700 32.6651228722147 1
87 1000 33.2121219881923 1
88 0 88.5266911725615 1
88 200 71.9469297409218 1
88 400 40.4855279692713 1
88 500 41.696968784274 1
88 700 36.1916601423755 1
88 1000 32.2305893142651 1
89 0 87.4674301677065 1
89 200 81.7513225659152 1
89 400 69.3014715712549 1
89 500 56.9489748879994 1
89 700 57.2768731291442 1
89 1000 32.3705873796313 1
90 0 93.0180571793439 1
90 200 92.5306721064731 1
90 400 76.8776618760602 1
90 500 69.6573020022938 1
90 700 50.2307162409863 1
90 1000 44.7605259953525 1
91 0 101.125971759081 1
91 200 78.6015086266936 1
91 400 62.1763080464053 1
91 500 47.4046089820636 1
91 700 49.2842319794431 1
91 1000 32.5845413828133 1
92 0 111.330699068501 1
92 200 88.9246893035174 1
92 400 60.8017751043812 1
92 500 54.1312067712499 1
92 700 41.2537398640798 1
92 1000 36.3206896165015 1
93 0 113.156238745018 1
93 200 89.2362432361307 1
93 400 60.9157779479246 1
93 500 52.3093130335556 1
93 700 47.5126331667348 1
93 1000 45.0500212189983 1
94 0 113.819501920712 1
94 200 72.8709240073783 1
94 400 49.2902565974014 1
94 500 36.7875741342031 1
94 700 41.5955991967472 1
94 1000 32.3702730336191 1
95 0 111.581958728562 1
95 200 74.2685145562766 1
95 400 53.4431582813552 1
95 500 51.7652694393531 1
95 700 45.9420997082401 1
95 1000 37.5617867001156 1
96 0 117.360639119735 1
96 200 94.4263086768788 1
96 400 62.4223657777558 1
96 500 56.4127466165028 1
96 700 56.929719607821 1
96 1000 45.0524347157085 1
97 0 103.244797799847 1
97 200 79.4445327381182 1
97 400 45.2044615168002 1
97 500 52.9138286923613 1
97 700 37.488017697071 1
97 1000 31.1003352548724 1
98 0 92.6689265034677 1
98 200 78.7824984156627 1
98 400 61.5209965789468 1
98 500 49.881460438664 1
98 700 46.9749500710796 1
98 1000 37.275740682053 1
99 0 117.513804186135 1
99 200 106.050968068158 1
99 400 75.394205779408 1
99 500 78.8617785300574 1
99 700 68.9564924725592 1
99 1000 44.7393568944637 1
100 0 95.4177478903978 1
100 200 72.7250105250305 1
100 400 51.6875344815375 1
100 500 41.2320682015924 1
100 700 36.708325517122 1
100 1000 38.2308413130668 1
