id dose eff group
1 0 94.170442580712 0
1 200 81.0250506952072 0
1 400 72.005620625488 0
1 500 57.91011914614 0
1 700 44.1737930533193 0
1 1000 43.0623903297856 0
2 0 114.569913253381 0
2 200 96.9069113620198 0
2 400 81.1718344917849 0
2 500 74.775862894209 0
2 700 59.7166221315511 0
2 1000 53.1094738385707 0
3 0 99.877878352328 0
3 200 83.9201025819964 0
3 400 56.8486015886857 0
3 500 53.2027972958078 0
3 700 43.7295925307496 0
3 1000 33.1418555641797 0
4 0 101.800722769832 0
4 200 94.3519404880975 0
4 400 69.6780841682135 0
4 500 62.5130862187714 0
4 700 53.9837512372652 0
4 1000 39.0800585062681 0
5 0 123.789396066206 0
5 200 99.31442858923 0
5 400 82.6438756575026 0
5 500 80.0887803454724 0
5 700 51.8307670812541 0
5 1000 48.7482622351117 0
6 0 125.786527995443 0
6 200 86.4295250994147 0
6 400 67.2922921620036 0
6 500 59.6550090193927 0
6 700 40.2250086431136 0
6 1000 40.7612034218562 0
7 0 89.2925975174558 0
7 200 73.0592785350081 0
7 400 68.696064528845 0
7 500 75.2567601404539 0
7 700 54.9815552580147 0
7 1000 58.1958942684396 0
8 0 93.5281044111414 0
8 200 74.0265624481733 0
8 400 72.6223713925944 0
8 500 76.9172277368471 0
8 700 53.8920437033849 0
8 1000 43.9036627099494 0
9 0 95.2751821940714 0
9 200 88.3818235946016 0
9 400 71.7956287982721 0
9 500 63.5202617644168 0
9 700 58.8450241744675 0
9 1000 45.1238402199421 0
10 0 105.252407234697 0
10 200 95.5590031706902 0
10 400 69.7872790724182 0
10 500 65.6353804078749 0
10 700 50.1086274212578 0
10 1000 41.5277966253436 0
11 0 114.325190553139 0
11 200 96.9733542048422 0
11 400 94.4208936824067 0
11 500 84.8246596216085 0
11 700 73.5462631451157 0
11 1000 61.2182517379869 0
12 0 100.42013332771 0
12 200 81.5174420945149 0
12 400 74.8390771489269 0
12 500 61.7773337481981 0
12 700 49.7309808242267 0
12 1000 47.7139499356991 0
13 0 95.4709100998875 0
13 200 91.0934275960415 0
13 400 66.8173664670635 0
13 500 61.1594943147923 0
13 700 44.4831394800994 0
13 1000 36.629495980069 0
14 0 107.920083074688 0
14 200 46.0703031612342 0
14 400 41.8468979265562 0
14 500 40.1192673299548 0
14 700 44.4487439710809 0
14 1000 34.3305118192516 0
15 0 90.740869946116 0
15 200 85.4985196347699 0
15 400 71.7193233234053 0
15 500 60.1310013326394 0
15 700 50.1983230825419 0
15 1000 41.423223924575 0
16 0 96.2839478357733 0
16 200 79.360415296132 0
16 400 65.2260690768225 0
16 500 47.6092680224547 0
16 700 34.8203996070046 0
16 1000 37.9585905812859 0
17 0 95.868517739953 0
17 200 109.108124362949 0
17 400 86.4482979275053 0
17 500 75.1597385482869 0
17 700 64.1561853279917 0
17 1000 48.7111358959321 0
18 0 90.8913523788978 0
18 200 85.2306560198347 0
18 400 67.4986770980921 0
18 500 56.3326663399123 0
18 700 45.1602007914038 0
18 1000 47.2120050156193 0
19 0 108.216254034866 0
19 200 97.6292320789156 0
19 400 86.8845034477239 0
19 500 80.1297209225493 0
19 700 68.7638996755999 0
19 1000 51.1990683033264 0
20 0 93.858902256013 0
20 200 83.3156628042898 0
20 400 89.7557071752902 0
20 500 75.0337112968494 0
20 700 64.7252043774874 0
20 1000 51.6024737901865 0
21 0 93.8679686521749 0
21 200 84.2567986934819 0
21 400 67.369878985173 0
21 500 62.8723562982405 0
21 700 53.0839052698966 0
21 1000 36.1455982618692 0
22 0 98.924352919935 0
22 200 90.3640463462385 0
22 400 78.441652593258 0
22 500 77.8464130495337 0
22 700 61.3543959039322 0
22 1000 35.2604752237443 0
23 0 87.050825159145 0
23 200 92.2882748908162 0
23 400 82.6396025909158 0
23 500 74.8823193392482 0
23 700 60.8972834809601 0
23 1000 54.7563372888804 0
24 0 86.6438696819557 0
24 200 86.8185617269741 0
24 400 55.987616915878 0
24 500 59.2561845636746 0
24 700 50.4778824479153 0
24 1000 40.2923641527938 0
25 0 101.894995358399 0
25 200 81.1987574110346 0
25 400 63.1530571658005 0
25 500 64.3751043827053 0
25 700 44.0731581841784 0
25 1000 42.8316346985528 0
26 0 98.2531330454873 0
26 200 88.7963968769983 0
26 400 76.0455212823924 0
26 500 62.1637641026225 0
26 700 55.1902350196507 0
26 1000 44.342877585148 0
27 0 109.45413418493 0
27 200 103.795941273179 0
27 400 91.6960411628932 0
27 500 73.1238219389543 0
27 700 62.2516106039095 0
27 1000 57.2027740183669 0
28 0 98.0330246809731 0
28 200 89.8962533776231 0
28 400 74.655336728144 0
28 500 63.4099192027196 0
28 700 52.9658000002703 0
28 1000 49.5045300761304 0
29 0 137.546089511766 0
29 200 110.554560579567 0
29 400 96.42308447984 0
29 500 77.8165803334364 0
29 700 65.5333570298323 0
29 1000 51.8610072493508 0
30 0 90.1829818241109 0
30 200 80.7430101267768 0
30 400 46.1007884540044 0
30 500 45.3827625771607 0
30 700 43.2541553572509 0
30 1000 40.7012768090334 0
31 0 95.3708155659743 0
31 200 86.3461343326627 0
31 400 62.1721961793869 0
31 500 47.8352134831013 0
31 700 42.3926329774977 0
31 1000 36.2951493687388 0
32 0 93.6409506369999 0
32 200 87.3979817410454 0
32 400 62.5954903636464 0
32 500 62.2796173233088 0
32 700 52.2099770558615 0
32 1000 37.5076054691925 0
33 0 110.780878487363 0
33 200 100.820881398675 0
33 400 82.8859986275346 0
33 500 87.2787945739531 0
33 700 61.6622004662388 0
33 1000 50.987701424761 0
34 0 112.520406129058 0
34 200 110.398890799497 0
34 400 92.494611304847 0
34 500 86.2313270334602 0
34 700 76.8502863237676 0
34 1000 72.0085945349631 0
35 0 102.703747235657 0
35 200 95.1666301179901 0
35 400 79.8071337562664 0
35 500 77.3207342260258 0
35 700 56.5688126418698 0
35 1000 49.7136463114214 0
36 0 91.8111829443503 0
36 200 93.9973983737351 0
36 400 77.0466046140453 0
36 500 71.3045802712319 0
36 700 68.2890691568303 0
36 1000 54.1861651784989 0
37 0 100.469756931215 0
37 200 91.4913806818609 0
37 400 74.3614047479198 0
37 500 71.3082127400342 0
37 700 57.2114406686331 0
37 1000 48.2735002111096 0
38 0 113.685375652234 0
38 200 107.076873103455 0
38 400 85.9443606853979 0
38 500 83.7336143354638 0
38 700 71.6838584751746 0
38 1000 54.3182377402362 0
39 0 118.834232465284 0
39 200 112.558196782133 0
39 400 89.7044355564825 0
39 500 71.8459744962705 0
39 700 69.0515382009474 0
39 1000 53.9934628861557 0
40 0 109.939024334724 0
40 200 94.0457874972991 0
40 400 81.9051511397735 0
40 500 73.2711755663009 0
40 700 67.1876445741758 0
40 1000 60.5205038779245 0
41 0 121.692609477956 0
41 200 113.293660909571 0
41 400 76.2622112723771 0
41 500 82.0486234491731 0
41 700 57.4527685825851 0
41 1000 52.4037676165353 0
42 0 88.9079007686072 0
42 200 86.5684404537818 0
42 400 72.1545095722775 0
42 500 58.3944403490643 0
42 700 59.438892360044 0
42 1000 30.4643545987154 0
43 0 101.997413436523 0
43 200 91.9773545810828 0
43 400 77.8263919206861 0
43 500 60.2016495103004 0
43 700 59.3111438464988 0
43 1000 50.233722465272 0
44 0 97.1234345986891 0
44 200 81.046166405695 0
44 400 65.3784992514493 0
44 500 52.5022500197235 0
44 700 50.1316678545828 0
44 1000 39.002437809195 0
45 0 124.744632562549 0
45 200 97.0075482791404 0
45 400 64.9632120957174 0
45 500 59.5094910926895 0
45 700 42.613996881484 0
45 1000 42.4949472597796 0
46 0 124.122344466363 0
46 200 112.279372373478 0
46 400 90.8210017882574 0
46 500 84.124478870316 0
46 700 76.4838118697179 0
46 1000 48.5574852754929 0
47 0 129.436801284848 0
47 200 114.69568158866 0
47 400 103.785916372192 0
47 500 103.160783510783 0
47 700 88.3044684072886 0
47 1000 67.9786172204549 0
48 0 111.695023621824 0
48 200 97.1535123030764 0
48 400 79.9710334605008 0
48 500 68.0839408564851 0
48 700 49.7752742420214 0
48 1000 56.4991532579379 0
49 0 85.8502264610431 0
49 200 77.3092330312245 0
49 400 57.2954724949001 0
49 500 53.2848638195161 0
49 700 44.350218606706 0
49 1000 35.4262661783336 0
50 0 102.426870245651 0
50 200 105.408137866643 0
50 400 81.2393267772232 0
50 500 71.6919062041085 0
50 700 56.9041976521787 0
50 1000 47.2019172051036 0
51 0 99.6989762083442 1
51 200 82.7186847333633 1
51 400 61.5448290855357 1
51 500 57.4164596371044 1
51 700 47.9858532451015 1
51 1000 31.1718503155934 1
52 0 105.912216904388 1
52 200 67.9462248058724 1
52 400 45.9676352395738 1
52 500 37.6929010400037 1
52 700 35.5440574590677 1
52 1000 31.9673922095814 1
53 0 84.3482693413153 1
53 200 71.6115911388959 1
53 400 57.6106900515228 1
53 500 51.5514969311033 1
53 700 49.8186260561121 1
53 1000 36.0277938161798 1
54 0 105.743699829934 1
54 200 83.857060042856 1
54 400 55.676874921441 1
54 500 40.3615172948378 1
54 700 35.9266790335101 1
54 1000 27.7104777179556 1
55 0 100.764222562506 1
55 200 71.5522134545663 1
55 400 50.8582980544925 1
55 500 37.5369813282685 1
55 700 29.8845224189754 1
55 1000 29.571502034694 1
56 0 117.613197328205 1
56 200 115.589258376631 1
56 400 87.6442424590087 1
56 500 81.54785649356 1
56 700 56.4077536865303 1
56 1000 55.4802419694055 1
57 0 96.7801613838285 1
57 200 53.6540933155759 1
57 400 39.576983204635 1
57 500 34.1717119463593 1
57 700 28.0669974540738 1
57 1000 33.2811107716089 1
58 0 111.607695639085 1
58 200 74.2818463134308 1
58 400 56.4958925586035 1
58 500 37.2901289799881 1
58 700 36.2316233376987 1
58 1000 35.1791363940299 1
59 0 87.9793332980379 1
59 200 82.4363400612503 1
59 400 76.392572097723 1
59 500 65.5008574180318 1
59 700 40.857306323157 1
59 1000 51.9145822044804 1
60 0 81.6099119261992 1
60 200 70.8774617354481 1
60 400 40.435816917976 1
60 500 47.8052262929901 1
60 700 35.85384658334 1
60 1000 33.0346255806214 1
61 0 89.1944543956254 1
61 200 71.5691196818994 1
61 400 52.4272798146003 1
61 500 35.5199434778464 1
61 700 44.9338528216221 1
61 1000 32.1829094980935 1
62 0 97.0189890602595 1
62 200 81.1550943066971 1
62 400 54.1689814649912 1
62 500 53.6808805623376 1
62 700 39.6541607950934 1
62 1000 36.9584458665912 1
63 0 113.275522583437 1
63 200 60.7904648092491 1
63 400 48.3623617273893 1
63 500 42.2083762156547 1
63 700 35.2968353938814 1
63 1000 31.6633509378007 1
64 0 81.5587092240766 1
64 200 79.8835372517645 1
64 400 64.739090710074 1
64 500 52.5021955401223 1
64 700 37.3130755534707 1
64 1000 42.0130423327513 1
65 0 91.4041907712417 1
65 200 76.7401775380325 1
65 400 44.5952852482457 1
65 500 47.0070364147804 1
65 700 34.622689244111 1
65 1000 38.9119906596261 1
66 0 96.5548778345421 1
66 200 77.3420223008358 1
66 400 58.0878966339929 1
66 500 44.7692768462965 1
66 700 41.575162959415 1
66 1000 41.1916726677097 1
67 0 98.1757715764952 1
67 200 64.363952142038 1
67 400 47.232162947438 1
67 500 36.9206436924094 1
67 700 26.5587279276819 1
67 1000 33.5891135505449 1
68 0 106.65072333485 1
68 200 74.4491996957684 1
68 400 37.3605362736585 1
68 500 43.5970785622495 1
68 700 33.5838609967738 1
68 1000 38.970749912898 1
69 0 101.035107440236 1
69 200 75.5635772605221 1
69 400 52.2368680084656 1
69 500 43.3693989556717 1
69 700 39.923733273242 1
69 1000 39.23035277945 1
70 0 102.339655757825 1
70 200 68.1711870653848 1
70 400 50.2183677640082 1
70 500 40.0849521314286 1
70 700 36.5147955941817 1
70 1000 35.1404498896893 1
71 0 115.155496982925 1
71 200 102.418937210559 1
71 400 63.0884557194511 1
71 500 70.5359135667578 1
71 700 58.4486257460465 1
71 1000 46.2165404115003 1
72 0 96.0096279737723 1
72 200 77.6415932278207 1
72 400 66.2347785908088 1
72 500 53.8489994046811 1
72 700 43.6665151593366 1
72 1000 43.1507048041682 1
73 0 90.8698155980919 1
73 200 74.7177522832354 1
73 400 45.6734334241653 1
73 500 50.1498405609922 1
73 700 41.8407837638005 1
73 1000 36.3654860169463 1
74 0 104.680754017302 1
74 200 81.7950654848434 1
74 400 53.5966027973572 1
74 500 44.3047478454449 1
74 700 28.8303909118085 1
74 1000 33.7083627433814 1
75 0 80.6795324592167 1
75 200 80.1577427849393 1
75 400 44.3011219517198 1
75 500 46.9573717017695 1
75 700 43.416350506538 1
75 1000 35.2813664730176 1
76 0 105.254145062195 1
76 200 79.2885304818304 1
76 400 50.1478974000617 1
76 500 47.7936802853682 1
76 700 36.7925779901879 1
76 1000 30.8647308738259 1
77 0 95.4437037037333 1
77 200 81.7386930007823 1
77 400 54.2099210136821 1
77 500 44.7378139700037 1
77 700 41.3293307311726 1
77 1000 30.429427920564 1
78 0 95.8952192900369 1
78 200 80.7448101206984 1
78 400 69.7030464172157 1
78 500 49.8981276827892 1
78 700 53.1340683110094 1
78 1000 34.2178934766034 1
79 0 94.1368370906804 1
79 200 78.8530202886743 1
79 400 62.7234100573567 1
79 500 46.8272364867338 1
79 700 49.2518149743407 1
79 1000 43.0529830059477 1
80 0 88.0358438044938 1
80 200 51.0102336441578 1
80 400 34.1184766652206 1
80 500 15.5191406610504 1
80 700 30.7263013773359 1
80 1000 18.7173599641804 1
81 0 95.4959008128451 1
81 200 81.5598899954886 1
81 400 44.7810668206837 1
81 500 44.5931015389407 1
81 700 34.1690097114229 1
81 1000 41.863506208266 1
82 0 93.0408638038649 1
82 200 95.6179399742773 1
82 400 58.5724716333609 1
82 500 54.3475231933346 1
82 700 54.5155374294278 1
82 1000 48.3088639098911 1
83 0 110.609621311019 1
83 200 95.0169726424691 1
83 400 61.6153738913293 1
83 500 58.5444421420098 1
83 700 43.9846910714618 1
83 1000 50.7393874709661 1
84 0 110.604238399344 1
84 200 79.238435767708 1
84 400 47.9108280398486 1
84 500 50.2130160198379 1
84 700 35.5572641273435 1
84 1000 30.8724071244096 1
85 0 89.4886155766574 1
85 200 72.9223437221805 1
85 400 58.9870945405133 1
85 500 39.3605238745888 1
85 700 47.6204960785762 1
85 1000 47.4621670713186 1
86 0 112.596903178455 1
86 200 83.0149244240831 1
86 400 54.4791766354754 1
86 500 48.7210931631629 1
86 700 57.6990791117878 1
86 1000 43.7309199628637 1
87 0 90.103503924063 1
87 200 68.882067493784 1
87 400 43.3645480372349 1
87 500 43.9339948582318 1
87 700 34.7926985107925 1
87 1000 33.8694709097791 1
88 0 80.7127241775558 1
88 200 72.1483719684872 1
88 400 60.1427340569006 1
88 500 44.5773458622516 1
88 700 50.1729239445513 1
88 1000 33.0824638584246 1
89 0 95.5078301552559 1
89 200 71.3568565591444 1
89 400 52.7903386845898 1
89 500 51.022061707981 1
89 700 28.4604516644878 1
89 1000 33.4454655366223 1
90 0 92.5042684163671 1
90 200 69.0218664718902 1
90 400 50.7014026791544 1
90 500 54.9266484757215 1
90 700 42.4342828222408 1
90 1000 30.2016780702429 1
91 0 92.3276893909142 1
91 200 75.3000616160194 1
91 400 61.5836094033337 1
91 500 50.1973048855358 1
91 700 44.5645512820831 1
91 1000 29.8619228027839 1
92 0 77.8450310085398 1
92 200 62.7236842656787 1
92 400 42.8788918301257 1
92 500 51.3771410338927 1
92 700 38.1357219081885 1
92 1000 30.5939895553468 1
93 0 96.2345900615341 1
93 200 86.7876435928483 1
93 400 73.5955930859569 1
93 500 47.477282144127 1
93 700 47.2759066057507 1
93 1000 34.4258231565418 1
94 0 87.2039353225549 1
94 200 66.966764431692 1
94 400 39.9640336434537 1
94 500 47.3270911566032 1
94 700 39.622183413194 1
94 1000 33.5435425211217 1
95 0 99.2504268697456 1
95 200 66.6653874756947 1
95 400 43.9007733098842 1
95 500 41.9782588361097 1
95 700 28.679882396172 1
95 1000 45.1120399044052 1
96 0 119.217337043252 1
96 200 68.9807108185027 1
96 400 51.347283426851 1
96 500 51.330847459068 1
96 700 41.2507007271132 1
96 1000 34.673269763279 1
97 0 103.945684031469 1
97 200 92.3353984592584 1
97 400 62.8175717665896 1
97 500 63.1412764160689 1
97 700 38.3657724124182 1
97 1000 41.9271918815707 1
98 0 96.4750357894583 1
98 200 72.6931320522033 1
98 400 51.3231426593357 1
98 500 47.3530543797021 1
98 700 36.6942419818331 1
98 1000 32.7322525283764 1
99 0 98.3853473796094 1
99 200 63.4478386548141 1
99 400 41.8129482107447 1
99 500 38.3043825834342 1
99 700 32.891446881681 1
99 1000 29.5823392555964 1
100 0 88.2761389337759 1
100 200 78.3895036725998 1
100 400 54.6975824295775 1
100 500 57.8626111993049 1
100 700 50.9695437614309 1
100 1000 33.9345588269061 1
