id dose eff group
1 0 104.679306134924 0
1 200 97.3531253598754 0
1 400 81.0774136429535 0
1 500 71.2180993468478 0
1 700 57.7050033139036 0
1 1000 47.2447897389783 0
2 0 103.795848406842 0
2 200 87.5821573222462 0
2 400 71.4584067649395 0
2 500 57.9617542818904 0
2 700 47.4976472378889 0
2 1000 36.0173263346343 0
3 0 101.697717163358 0
3 200 96.176594370749 0
3 400 65.4699091301675 0
3 500 64.1590026499326 0
3 700 55.1027769250632 0
3 1000 47.548853450092 0
4 0 106.896411555606 0
4 200 98.6712346054188 0
4 400 62.9006498826177 0
4 500 53.9485189838329 0
4 700 42.3008181319952 0
4 1000 32.452271602188 0
5 0 100.251977285345 0
5 200 82.2118153597259 0
5 400 48.4581293399537 0
5 500 51.2214746904752 0
5 700 36.944414471613 0
5 1000 43.1243963871744 0
6 0 110.874747382549 0
6 200 89.3901371647583 0
6 400 68.5904038030114 0
6 500 64.7995365526233 0
6 700 55.6788397845979 0
6 1000 48.3225576688918 0
7 0 102.491554223975 0
7 200 85.5865237803065 0
7 400 54.2634837335741 0
7 500 48.5975422062099 0
7 700 39.1922058440242 0
7 1000 43.2104244546051 0
8 0 102.156170108798 0
8 200 73.5555699629156 0
8 400 50.2235571574482 0
8 500 42.5187373057693 0
8 700 37.2083962264413 0
8 1000 30.5529113777793 0
9 0 119.039545793951 0
9 200 102.109016704466 0
9 400 79.0479165980844 0
9 500 72.9122125101873 0
9 700 66.9062072534453 0
9 1000 56.5967565293046 0
10 0 90.1736746483739 0
10 200 97.0621001772576 0
10 400 77.0350677594786 0
10 500 75.8711023306772 0
10 700 57.2729963238332 0
10 1000 50.7751822322499 0
11 0 92.5624237882948 0
11 200 92.1054297483456 0
11 400 79.0333946928705 0
11 500 75.3947142623501 0
11 700 66.2528384021166 0
11 1000 56.7219269021337 0
12 0 110.696151875586 0
12 200 108.170263437957 0
12 400 99.7665029932589 0
12 500 95.481525501071 0
12 700 78.0112120106579 0
12 1000 66.9170775947489 0
13 0 98.3370722124872 0
13 200 84.3860767870848 0
13 400 71.928580400963 0
13 500 66.3055242815101 0
13 700 41.1801098352565 0
13 1000 37.55956032493 0
14 0 89.6202056437909 0
14 200 83.0106562534024 0
14 400 74.8936047488438 0
14 500 74.8460342670531 0
14 700 59.5579459333102 0
14 1000 39.6484704236645 0
15 0 130.022765730192 0
15 200 107.232271564809 0
15 400 81.5194390249258 0
15 500 70.2878266475001 0
15 700 47.8226069070957 0
15 1000 51.959927227513 0
16 0 103.664894030707 0
16 200 91.88866657411 0
16 400 82.9718094198421 0
16 500 60.2686550729656 0
16 700 51.3138885318215 0
16 1000 46.9447814562012 0
17 0 110.28735979992 0
17 200 91.5644293423351 0
17 400 72.0698012339135 0
17 500 62.2004826784766 0
17 700 55.7783604181846 0
17 1000 31.4800547175574 0
18 0 107.663572659049 0
18 200 92.0500528263814 0
18 400 78.0989224390669 0
18 500 56.5926341387438 0
18 700 50.506845047299 0
18 1000 37.2866546921833 0
19 0 116.095123779789 0
19 200 85.8062692627495 0
19 400 69.8409563564246 0
19 500 57.6645143588479 0
19 700 44.1670854592622 0
19 1000 32.4779511843138 0
20 0 105.2038801115 0
20 200 84.607320171017 0
20 400 70.3978160885245 0
20 500 72.6231242018804 0
20 700 59.2348022086698 0
20 1000 44.6771952096487 0
21 0 89.8897203370824 0
21 200 79.940462872152 0
21 400 64.0290991239474 0
21 500 59.7288662897456 0
21 700 54.5452355540763 0
21 1000 46.2096933428992 0
22 0 117.29100800445 0
22 200 103.812096268365 0
22 400 74.2656025574085 0
22 500 61.6368285605432 0
22 700 61.208804340623 0
22 1000 49.2941145726619 0
23 0 98.6086280227025 0
23 200 87.4380569825815 0
23 400 82.9083338937477 0
23 500 62.3930854148932 0
23 700 56.410926102876 0
23 1000 40.3880275108188 0
24 0 112.296207180001 0
24 200 103.176556948022 0
24 400 79.3140749075295 0
24 500 66.7268915683431 0
24 700 60.6118036667296 0
24 1000 40.6533259593717 0
25 0 95.2034850874406 0
25 200 97.0274368998217 0
25 400 78.8351523714203 0
25 500 76.3805595352367 0
25 700 66.198575400969 0
25 1000 53.5134864443124 0
26 0 119.295741701629 0
26 200 104.243967416118 0
26 400 86.5658759352338 0
26 500 85.1101588653434 0
26 700 69.7013772529457 0
26 1000 52.0190560238139 0
27 0 108.320358440839 0
27 200 89.778216360554 0
27 400 83.0248679546247 0
27 500 61.9305108460468 0
27 700 54.6966978279299 0
27 1000 47.1698885743081 0
28 0 92.7602604044874 0
28 200 66.9021638480785 0
28 400 56.8289454296008 0
28 500 46.9524263653677 0
28 700 41.3870460205925 0
28 1000 40.9679049633066 0
29 0 93.0047851678538 0
29 200 83.2225850490163 0
29 400 73.6807160666641 0
29 500 67.7570932158604 0
29 700 64.6464036132127 0
29 1000 39.9147190257755 0
30 0 101.97589237608 0
30 200 79.9795835847341 0
30 400 65.2526542901127 0
30 500 55.3745411883167 0
30 700 49.0703105683994 0
30 1000 37.8202872964566 0
31 0 108.50897475727 0
31 200 85.6307111703348 0
31 400 70.9877946413479 0
31 500 61.4930925013833 0
31 700 54.9036366262337 0
31 1000 46.3942579092524 0
32 0 98.4708578033153 0
32 200 86.6199899246548 0
32 400 65.3849960400158 0
32 500 60.8343647684958 0
32 700 48.0505736869214 0
32 1000 44.164815567505 0
33 0 89.4019076397488 0
33 200 79.5955464128602 0
33 400 55.8682664358735 0
33 500 51.961434030879 0
33 700 46.4738237075952 0
33 1000 25.9157965101457 0
34 0 92.6036124367372 0
34 200 76.0215958790508 0
34 400 66.5391283525335 0
34 500 60.0378638837213 0
34 700 50.4899708499589 0
34 1000 34.4817901904461 0
35 0 100.279359734211 0
35 200 84.7000484064898 0
35 400 75.9561698574416 0
35 500 64.5755267520728 0
35 700 55.8902150907576 0
35 1000 42.3557528321293 0
36 0 96.2933449444297 0
36 200 76.78594242797 0
36 400 63.6326321236727 0
36 500 51.2214098882813 0
36 700 49.5207410032841 0
36 1000 38.1975128272419 0
37 0 105.761027671358 0
37 200 105.092646893486 0
37 400 94.1130593281039 0
37 500 81.9664673668704 0
37 700 74.3219064526648 0
37 1000 56.9937839443226 0
38 0 83.5898039640684 0
38 200 93.2250058151024 0
38 400 97.1400514215056 0
38 500 83.8927029147827 0
38 700 72.009089821056 0
38 1000 55.2714757084765 0
39 0 90.1301211138059 0
39 200 84.7387755008668 0
39 400 55.0964944842867 0
39 500 51.2041063488099 0
39 700 41.8016946539652 0
39 1000 44.3397899125044 0
40 0 97.136834843379 0
40 200 105.622141253369 0
40 400 76.7344857206971 0
40 500 72.5214817833547 0
40 700 62.5498617753869 0
40 1000 41.182942051216 0
41 0 112.996571079985 0
41 200 109.375326871078 0
41 400 78.1728530297576 0
41 500 86.579578881127 0
41 700 61.2817350828923 0
41 1000 45.7890824215378 0
42 0 118.135289792045 0
42 200 98.5055662944129 0
42 400 84.0550425538315 0
42 500 69.9244470954991 0
42 700 65.6258764989182 0
42 1000 48.0820470747135 0
43 0 78.4472809406511 0
43 200 69.9514947345345 0
43 400 65.6708977559933 0
43 500 50.2120262830496 0
43 700 37.9068876355876 0
43 1000 36.9345790576323 0
44 0 105.723396359269 0
44 200 109.089349350488 0
44 400 83.1314179149849 0
44 500 74.9951227219576 0
44 700 58.6880214002625 0
44 1000 45.9956898278232 0
45 0 101.775360902747 0
45 200 107.20256858421 0
45 400 87.8712362901379 0
45 500 87.1904482099475 0
45 700 83.8729163389762 0
45 1000 52.8691873785636 0
46 0 97.4419179007788 0
46 200 89.3438708071144 0
46 400 81.2227750002106 0
46 500 69.991337823596 0
46 700 54.7505122310367 0
46 1000 50.4161007621212 0
47 0 115.309903090332 0
47 200 109.415070814574 0
47 400 72.5681702894073 0
47 500 71.0418470104372 0
47 700 55.4293754913147 0
47 1000 41.9971440498907 0
48 0 114.050351967927 0
48 200 92.2677480472778 0
48 400 77.7980358576078 0
48 500 79.3122481386794 0
48 700 48.6635175267785 0
48 1000 44.4192528702273 0
49 0 103.876732415095 0
49 200 90.6338551742111 0
49 400 82.7523139797513 0
49 500 71.333291789557 0
49 700 54.1486764054844 0
49 1000 53.3224618769503 0
50 0 103.54900236024 0
50 200 77.5734311319802 0
50 400 47.6548595494985 0
50 500 42.410033156446 0
50 700 29.684109850871 0
50 1000 35.4730991061176 0
51 0 109.024824919311 1
51 200 72.5555688174125 1
51 400 42.9942080095854 1
51 500 37.5221692793422 1
51 700 34.2545092391938 1
51 1000 28.5636996282074 1
52 0 94.0211802382621 1
52 200 71.8639588780583 1
52 400 52.4171223513502 1
52 500 50.1500061635365 1
52 700 42.5398402666648 1
52 1000 28.852690824788 1
53 0 101.867060181527 1
53 200 75.7399546843205 1
53 400 55.3251865109815 1
53 500 47.0021825605023 1
53 700 37.9911113863797 1
53 1000 39.7645592668665 1
54 0 117.014541843701 1
54 200 101.146223562842 1
54 400 71.2539687965538 1
54 500 59.2230795864939 1
54 700 52.9776815679996 1
54 1000 56.1660360467323 1
55 0 98.1615210640366 1
55 200 67.5781631198735 1
55 400 54.7532667731099 1
55 500 48.9860660402767 1
55 700 43.6562824991977 1
55 1000 39.6450469376286 1
56 0 83.6944978155239 1
56 200 73.1819463427973 1
56 400 62.8624113282455 1
56 500 46.356093927254 1
56 700 37.4715736717104 1
56 1000 40.7652691572541 1
57 0 117.581483598356 1
57 200 80.2577768156884 1
57 400 50.8483113945324 1
57 500 53.2204359090034 1
57 700 52.2676924107328 1
57 1000 38.455803319607 1
58 0 122.023221972268 1
58 200 92.8535153582838 1
58 400 59.187818814958 1
58 500 56.3821208824052 1
58 700 51.777385373157 1
58 1000 33.698134852379 1
59 0 100.90919841109 1
59 200 77.3997610019894 1
59 400 51.5721348835384 1
59 500 52.941682976289 1
59 700 47.4982630992766 1
59 1000 37.7227924046979 1
60 0 106.620347515501 1
60 200 89.9099874398105 1
60 400 63.0674894374982 1
60 500 63.1801274816803 1
60 700 54.5790403358181 1
60 1000 42.1534212610914 1
61 0 98.6827685962429 1
61 200 74.4427535371367 1
61 400 49.5075675517263 1
61 500 44.7087620677587 1
61 700 45.0434166707814 1
61 1000 40.4342318526786 1
62 0 116.202994969933 1
62 200 108.594434751246 1
62 400 69.8939524375905 1
62 500 83.2884910010608 1
62 700 58.4582119012332 1
62 1000 46.2296359446449 1
63 0 88.9343305834529 1
63 200 59.3837282741102 1
63 400 49.4108412308642 1
63 500 40.5523582017569 1
63 700 39.8148315278165 1
63 1000 31.3156968774409 1
64 0 107.055675680299 1
64 200 92.3001522270707 1
64 400 65.4151234707458 1
64 500 62.6323576312235 1
64 700 58.4987286063446 1
64 1000 47.5093371212581 1
65 0 92.9999192763932 1
65 200 70.770593922692 1
65 400 39.1753509054932 1
65 500 48.9135637126131 1
65 700 34.5931177130477 1
65 1000 39.6869834608269 1
66 0 105.412669183334 1
66 200 70.3916731717206 1
66 400 38.5514585183942 1
66 500 39.7475383256788 1
66 700 35.9142872210745 1
66 1000 34.0498155933451 1
67 0 96.7953459345396 1
67 200 69.5767901043223 1
67 400 48.4903724446279 1
67 500 45.245736071245 1
67 700 39.6674679944232 1
67 1000 34.1953562253812 1
68 0 87.4639893339343 1
68 200 87.2406392750581 1
68 400 67.166825777616 1
68 500 63.8072838334957 1
68 700 47.9685586291324 1
68 1000 36.5391264889462 1
69 0 101.039408606723 1
69 200 98.3715015445071 1
69 400 68.3815230132033 1
69 500 51.8634380679986 1
69 700 59.1914777902517 1
69 1000 41.2174981705078 1
70 0 117.03688411318 1
70 200 94.9322776079377 1
70 400 75.9745115910866 1
70 500 61.1095351643316 1
70 700 63.6400265065019 1
70 1000 50.4005214132334 1
71 0 97.7552206186883 1
71 200 66.8928358423272 1
71 400 43.9986097791792 1
71 500 46.148667274925 1
71 700 33.479108339923 1
71 1000 29.4823151758927 1
72 0 97.4652501759031 1
72 200 88.687415051258 1
72 400 67.6192395512609 1
72 500 60.467628161278 1
72 700 44.2430224012413 1
72 1000 41.8086508924837 1
73 0 96.303031013905 1
73 200 81.5983357578899 1
73 400 63.3523552402749 1
73 500 49.0186145783499 1
73 700 52.3425335246086 1
73 1000 41.7843179723878 1
74 0 79.3660886745119 1
74 200 65.8184226473255 1
74 400 45.3279319127327 1
74 500 40.5119239064577 1
74 700 29.4656000144291 1
74 1000 29.0757980834576 1
75 0 116.186109254583 1
75 200 99.7718514611054 1
75 400 72.34674267332 1
75 500 68.3327516048683 1
75 700 65.3979079020512 1
75 1000 47.2886549665678 1
76 0 95.8763047522541 1
76 200 63.4058797497764 1
76 400 41.0242652839654 1
76 500 36.9090832814315 1
76 700 36.0959015580476 1
76 1000 42.442042593043 1
77 0 80.8565195215664 1
77 200 69.3823292255615 1
77 400 47.2363468874111 1
77 500 42.6653650815496 1
77 700 32.6829496108317 1
77 1000 21.9650313482867 1
78 0 95.9911692169178 1
78 200 81.4818941756225 1
78 400 54.6830451895486 1
78 500 49.9130514277782 1
78 700 36.4446759575666 1
78 1000 28.457703063436 1
79 0 102.049716063352 1
79 200 84.6509483219182 1
79 400 46.4420513132085 1
79 500 38.5554471097692 1
79 700 37.1155191251741 1
79 1000 37.4351777256177 1
80 0 102.147728083011 1
80 200 73.2518983293119 1
80 400 57.2634261132623 1
80 500 37.1033261232452 1
80 700 36.0636809189311 1
80 1000 41.2559134940098 1
81 0 89.1381031942282 1
81 200 56.0728192914507 1
81 400 45.8979513169423 1
81 500 40.8576113412136 1
81 700 39.9765755940305 1
81 1000 31.3910284601814 1
82 0 103.414514820004 1
82 200 82.6636246162169 1
82 400 49.0902295604801 1
82 500 45.53417076393 1
82 700 39.8656459407475 1
82 1000 33.7662538371392 1
83 0 107.056053034575 1
83 200 96.5517924296414 1
83 400 70.2367982948964 1
83 500 55.7087422970881 1
83 700 56.5767893687458 1
83 1000 42.7310508370794 1
84 0 95.9906521047509 1
84 200 81.5067529463362 1
84 400 67.5234190921791 1
84 500 53.7740059236682 1
84 700 49.1744044250582 1
84 1000 41.5370757000894 1
85 0 72.6210722228157 1
85 200 55.5457617567553 1
85 400 37.526092441554 1
85 500 37.7335916579432 1
85 700 22.496451814877 1
85 1000 28.4823692106914 1
86 0 97.4810605953939 1
86 200 68.1429972115938 1
86 400 53.045715822167 1
86 500 42.4140727401672 1
86 700 34.0035136449735 1
86 1000 27.9138202837338 1
87 0 106.99838457083 1
87 200 94.0984602228711 1
87 400 75.951615653345 1
87 500 67.9592068281364 1
87 700 57.3818310496868 1
87 1000 38.6280093726935 1
88 0 85.0966195192434 1
88 200 66.6646163275614 1
88 400 58.0223536202067 1
88 500 54.0923951370367 1
88 700 42.4040560419886 1
88 1000 34.3742118175691 1
89 0 101.553951606843 1
89 200 105.280580493629 1
89 400 84.4659435253463 1
89 500 76.4573593144723 1
89 700 46.4404543214026 1
89 1000 44.7469900350072 1
90 0 115.523618675781 1
90 200 85.1088666310119 1
90 400 63.8742768831509 1
90 500 54.7773385802055 1
90 700 47.9599375737046 1
90 1000 48.1485522305208 1
91 0 98.5476786687936 1
91 200 64.2969041033289 1
91 400 39.0619315659522 1
91 500 38.3901188098672 1
91 700 41.9767016528406 1
91 1000 30.220513673657 1
92 0 97.109771976899 1
92 200 72.0015427136666 1
92 400 57.1266735985744 1
92 500 41.4190404588764 1
92 700 38.8114843677166 1
92 1000 27.904635509113 1
93 0 101.027772000728 1
93 200 92.6227834296958 1
93 400 60.7284973636046 1
93 500 53.8267856845887 1
93 700 51.355068083747 1
93 1000 41.4776860332924 1
94 0 86.1701733866278 1
94 200 69.9855898354097 1
94 400 51.4246905270206 1
94 500 43.8159877041365 1
94 700 35.0331623608529 1
94 1000 27.5702103900286 1
95 0 93.8270279386052 1
95 200 73.7901221070111 1
95 400 47.9656569624182 1
95 500 45.1017765674054 1
95 700 35.9635427208458 1
95 1000 30.5730234385194 1
96 0 94.5517252924928 1
96 200 67.3504677645875 1
96 400 45.672497603967 1
96 500 47.1349589955245 1
96 700 40.4755384763949 1
96 1000 25.9774725035754 1
97 0 87.5719825584328 1
97 200 56.4706259024636 1
97 400 44.5289534136423 1
97 500 34.2295253763924 1
97 700 33.4769627777719 1
97 1000 17.2696306758296 1
98 0 112.644174508955 1
98 200 79.9569121176989 1
98 400 59.6881037188019 1
98 500 54.9284188085676 1
98 700 33.9475915690334 1
98 1000 41.996618955306 1
99 0 88.5860607568469 1
99 200 71.0468576601752 1
99 400 46.0985868342771 1
99 500 36.5954496265734 1
99 700 38.8841764547018 1
99 1000 36.9150110608283 1
100 0 93.6025376145202 1
100 200 77.2201213338198 1
100 400 60.4283645244543 1
100 500 58.4775054701777 1
100 700 45.796092476324 1
100 1000 35.659883395648 1
