id dose eff group
1 0 98.3229089104029 0
1 200 68.8372482476382 0
1 400 61.6136208746375 0
1 500 54.7676569315942 0
1 700 29.4924721974019 0
1 1000 34.4218276398447 0
2 0 91.2196119999016 0
2 200 81.6422379670625 0
2 400 51.6727414366346 0
2 500 45.1851202570095 0
2 700 42.5542453792091 0
2 1000 37.6254110090964 0
3 0 101.833902546974 0
3 200 84.7943595368471 0
3 400 75.6628463419613 0
3 500 69.3949172049268 0
3 700 64.7338345427153 0
3 1000 42.0036188925818 0
4 0 103.227599758275 0
4 200 95.8081391871937 0
4 400 80.7458611603209 0
4 500 71.7876763801404 0
4 700 52.7349452157105 0
4 1000 46.0678543255265 0
5 0 100.40946855705 0
5 200 87.922179114563 0
5 400 81.3252943633333 0
5 500 81.8182328996389 0
5 700 55.600700950747 0
5 1000 49.3169681168832 0
6 0 109.293194314045 0
6 200 102.787313127152 0
6 400 97.1059708603535 0
6 500 102.354397735253 0
6 700 92.5816305617425 0
6 1000 77.6396111344124 0
7 0 108.199399111153 0
7 200 100.713759632359 0
7 400 85.7921158761699 0
7 500 69.9394369628485 0
7 700 58.3943742973825 0
7 1000 47.084101696958 0
8 0 91.2106313842463 0
8 200 72.997678177477 0
8 400 56.7057176539668 0
8 500 40.9606480864689 0
8 700 40.8719405548472 0
8 1000 37.637174526189 0
9 0 95.0064127195335 0
9 200 81.7732929695088 0
9 400 48.9539285086156 0
9 500 53.4433367623451 0
9 700 40.834703185988 0
9 1000 37.8824812693715 0
10 0 122.940971650854 0
10 200 115.519033834944 0
10 400 95.9762691186145 0
10 500 84.9077366237006 0
10 700 71.7882499318122 0
10 1000 53.2737394295249 0
11 0 97.9655754065382 0
11 200 91.0974329917853 0
11 400 76.1241773582017 0
11 500 71.7198652545339 0
11 700 52.0947056206952 0
11 1000 39.212584426731 0
12 0 116.605794931855 0
12 200 119.837376840423 0
12 400 101.349240728167 0
12 500 91.0063779834171 0
12 700 74.2350262385063 0
12 1000 62.7831527729186 0
13 0 92.3529116115171 0
13 200 93.1627488326005 0
13 400 76.6265297635143 0
13 500 67.7532764191668 0
13 700 55.8442772524036 0
13 1000 39.7504285051901 0
14 0 130.266005347399 0
14 200 115.838388173265 0
14 400 101.518289560907 0
14 500 104.285294153568 0
14 700 79.603693302631 0
14 1000 71.3520097857379 0
15 0 110.191980657237 0
15 200 101.142818058209 0
15 400 77.2778497682216 0
15 500 81.7581110532999 0
15 700 59.2440290769149 0
15 1000 57.0045690897635 0
16 0 102.863766163807 0
16 200 94.3547242471086 0
16 400 68.6200364136586 0
16 500 65.4045229990018 0
16 700 42.8181587492475 0
16 1000 36.8182575373303 0
17 0 113.065672973932 0
17 200 81.1349025884207 0
17 400 44.6399508295295 0
17 500 45.9202562799795 0
17 700 49.5949658559976 0
17 1000 35.9591433498998 0
18 0 105.356641117369 0
18 200 104.877443121703 0
18 400 95.7508010520711 0
18 500 90.7338882144625 0
18 700 75.4835689603548 0
18 1000 69.5143864576266 0
19 0 127.556903931833 0
19 200 118.359007761938 0
19 400 100.720381575451 0
19 500 90.559510780401 0
19 700 88.0758455470825 0
19 1000 63.8598584039013 0
20 0 100.634167736546 0
20 200 84.7233068143431 0
20 400 57.3867030911026 0
20 500 52.8594551808764 0
20 700 44.2183732273357 0
20 1000 32.3044562719342 0
21 0 95.9228692163284 0
21 200 93.0230433367804 0
21 400 83.9655491725321 0
21 500 74.7367262441825 0
21 700 85.0318128450373 0
21 1000 65.1143027070377 0
22 0 96.6905250611684 0
22 200 81.9920739570783 0
22 400 62.5966372571366 0
22 500 46.2863988085292 0
22 700 43.8967231309505 0
22 1000 34.2733817955609 0
23 0 108.321583916864 0
23 200 102.253312449696 0
23 400 69.9229073320723 0
23 500 57.7352674850813 0
23 700 48.4237988023279 0
23 1000 36.4655301172486 0
24 0 108.772207182268 0
24 200 99.5201184714156 0
24 400 84.1461179319755 0
24 500 86.1348681074465 0
24 700 61.650157988701 0
24 1000 54.8329879483743 0
25 0 102.555871748636 0
25 200 89.2093903520742 0
25 400 74.3766188700708 0
25 500 64.35587908172 0
25 700 54.1021020963359 0
25 1000 39.3841093254916 0
26 0 94.8889065853037 0
26 200 95.923873882049 0
26 400 64.8988419062335 0
26 500 53.3866539781279 0
26 700 39.806177797893 0
26 1000 43.2341494610933 0
27 0 115.335652829342 0
27 200 103.873490074114 0
27 400 91.7363994990882 0
27 500 82.8425410534419 0
27 700 72.0434630506957 0
27 1000 59.4917218199319 0
28 0 106.118679125158 0
28 200 106.705676108401 0
28 400 90.1400423475786 0
28 500 88.7050224780373 0
28 700 88.879826623497 0
28 1000 74.1908419971772 0
29 0 111.192444005204 0
29 200 93.5447960566447 0
29 400 68.3574274295763 0
29 500 69.5991318316754 0
29 700 56.4083627319407 0
29 1000 45.5926742632595 0
30 0 122.807933063165 0
30 200 97.8560777254211 0
30 400 87.4154403031391 0
30 500 80.2101070867346 0
30 700 72.1197138597204 0
30 1000 49.8509823948143 0
31 0 99.6569661254445 0
31 200 76.8153934222776 0
31 400 59.5877110261173 0
31 500 55.0755158514997 0
31 700 40.7058017508905 0
31 1000 38.026294451864 0
32 0 91.1963110924085 0
32 200 70.1900615163183 0
32 400 50.0494454849944 0
32 500 60.6519646228008 0
32 700 45.4509166169415 0
32 1000 35.1963031007915 0
33 0 107.570855143492 0
33 200 103.046645167787 0
33 400 91.3412321241671 0
33 500 83.2061425019606 0
33 700 73.8452939641328 0
33 1000 55.5360492865217 0
34 0 103.557003696103 0
34 200 108.599093034498 0
34 400 94.4149050510234 0
34 500 86.05974607166 0
34 700 69.6104371885557 0
34 1000 59.3013293489242 0
35 0 115.59536275797 0
35 200 75.9200734237162 0
35 400 64.9853729597249 0
35 500 65.5578456099202 0
35 700 45.5050277611326 0
35 1000 31.9178573785799 0
36 0 118.020223785752 0
36 200 114.71600601635 0
36 400 79.9724214099857 0
36 500 69.2676995744178 0
36 700 61.7558786292897 0
36 1000 52.6883198053535 0
37 0 95.4747829295652 0
37 200 90.5905669960713 0
37 400 79.5536030410658 0
37 500 67.7152374387092 0
37 700 61.3979425380317 0
37 1000 45.9261811569058 0
38 0 78.4197149936975 0
38 200 78.236798872459 0
38 400 61.4364150534107 0
38 500 51.9890488931339 0
38 700 48.4108092070099 0
38 1000 33.3047012606443 0
39 0 97.8356198695675 0
39 200 91.7095696864123 0
39 400 79.7284954072608 0
39 500 71.4516706131561 0
39 700 55.9437221226279 0
39 1000 51.9223984198837 0
40 0 99.0762028832656 0
40 200 80.6793535884022 0
40 400 73.2701453726495 0
40 500 61.5058711632938 0
40 700 40.7509694947363 0
40 1000 33.5905710125271 0
41 0 106.658161941511 0
41 200 87.8472359715414 0
41 400 88.129507130216 0
41 500 68.973604309158 0
41 700 58.9208663252891 0
41 1000 58.5358683782837 0
42 0 107.791875634868 0
42 200 99.0124331248244 0
42 400 82.1895840600048 0
42 500 81.3677804923455 0
42 700 70.5472999276092 0
42 1000 51.1492506287995 0
43 0 89.8239946053241 0
43 200 60.921313467729 0
43 400 51.7280298950946 0
43 500 40.6939431769636 0
43 700 32.1435319831538 0
43 1000 30.9909876257672 0
44 0 117.543355842962 0
44 200 94.4627495973118 0
44 400 63.0978804343402 0
44 500 62.0901184568437 0
44 700 58.6659411963446 0
44 1000 43.0614086496551 0
45 0 106.309819763695 0
45 200 102.780459346932 0
45 400 85.6500060594999 0
45 500 75.4410048012812 0
45 700 64.0833979151869 0
45 1000 53.3319733617193 0
46 0 107.117162715933 0
46 200 80.4313949627561 0
46 400 58.8859761203821 0
46 500 38.6629876270591 0
46 700 27.4491629551694 0
46 1000 35.1731247695221 0
47 0 91.0092021320852 0
47 200 78.2030987965392 0
47 400 59.7621713079342 0
47 500 55.9818177844453 0
47 700 42.7545799790018 0
47 1000 28.7740957982387 0
48 0 106.874358327975 0
48 200 97.1941728229954 0
48 400 87.4432287577831 0
48 500 79.7359279670942 0
48 700 63.9323372995344 0
48 1000 60.9992870451658 0
49 0 101.127461366772 0
49 200 98.3752232951106 0
49 400 81.0402522564926 0
49 500 76.6566014219238 0
49 700 61.5288224182512 0
49 1000 48.8224092816761 0
50 0 111.500388995359 0
50 200 90.8328560554577 0
50 400 58.2649712028776 0
50 500 52.7869555095872 0
50 700 37.8295147177142 0
50 1000 45.6905147612622 0
51 0 106.488598964183 1
51 200 76.5822348573614 1
51 400 58.5587440571706 1
51 500 52.3144896390685 1
51 700 47.6484780247258 1
51 1000 32.3455638270661 1
52 0 94.8588705714727 1
52 200 78.4458305051759 1
52 400 62.2752132901151 1
52 500 52.7626565498092 1
52 700 39.1707169641863 1
52 1000 40.4397726725864 1
53 0 109.748609093983 1
53 200 86.724948195132 1
53 400 55.152041667936 1
53 500 51.8849156738421 1
53 700 38.9365970725379 1
53 1000 37.1947541723017 1
54 0 105.783401410977 1
54 200 82.8747702214816 1
54 400 65.7948766626116 1
54 500 49.6393320976232 1
54 700 45.3548130174804 1
54 1000 35.4968348983415 1
55 0 100.379600309974 1
55 200 66.9917253673182 1
55 400 37.9961593044011 1
55 500 43.4192524331524 1
55 700 24.8645871421673 1
55 1000 33.5375109236485 1
56 0 115.367107339895 1
56 200 90.3986906597547 1
56 400 61.2506441211107 1
56 500 58.3828411122954 1
56 700 41.979078673898 1
56 1000 48.8068530740583 1
57 0 102.85816360801 1
57 200 67.1635169115578 1
57 400 42.9767837528745 1
57 500 37.1997260185646 1
57 700 34.0466054671771 1
57 1000 22.9468804865633 1
58 0 94.5636076923635 1
58 200 75.4409148728063 1
58 400 52.2241625273911 1
58 500 48.8825569423448 1
58 700 38.7173412003506 1
58 1000 30.4491563554453 1
59 0 100.913939885071 1
59 200 74.0638229348829 1
59 400 41.9909619376114 1
59 500 41.3032037394629 1
59 700 39.1971604916466 1
59 1000 35.0492478198463 1
60 0 110.525067995118 1
60 200 72.0801398514074 1
60 400 58.6881954686787 1
60 500 38.7139472151917 1
60 700 28.6731542272565 1
60 1000 35.2871920599272 1
61 0 117.323924078899 1
61 200 76.1387098707493 1
61 400 60.463414652901 1
61 500 47.1354336851979 1
61 700 46.5112366131057 1
61 1000 38.5384023406321 1
62 0 119.914448781097 1
62 200 73.1027654647131 1
62 400 58.7390674438751 1
62 500 54.0066510273423 1
62 700 43.1584998855017 1
62 1000 33.639257550274 1
63 0 104.03889753821 1
63 200 74.9803114975027 1
63 400 60.1288893992493 1
63 500 53.7739341046763 1
63 700 45.9346022537915 1
63 1000 36.6392945039087 1
64 0 108.995718680479 1
64 200 79.438540060816 1
64 400 51.2303822664549 1
64 500 41.1864396467226 1
64 700 41.0664008443546 1
64 1000 36.047901795897 1
65 0 103.132653539336 1
65 200 65.3164103454421 1
65 400 44.3792727409033 1
65 500 33.6733240004033 1
65 700 33.7696929000473 1
65 1000 30.8145625422633 1
66 0 108.691635206357 1
66 200 74.8413811533727 1
66 400 47.6041903406392 1
66 500 38.9314064390701 1
66 700 46.3968531333911 1
66 1000 44.377403269269 1
67 0 96.9431170771251 1
67 200 90.5743645713134 1
67 400 60.4505425124389 1
67 500 46.6437889202293 1
67 700 42.9058518208407 1
67 1000 40.0478917338726 1
68 0 105.028925797148 1
68 200 70.8284007211478 1
68 400 55.6333085853547 1
68 500 42.1333203312811 1
68 700 31.8930913296675 1
68 1000 39.5482585967932 1
69 0 91.0170975955727 1
69 200 76.5034829782019 1
69 400 48.4398784010356 1
69 500 44.9787348353977 1
69 700 30.9237747705216 1
69 1000 38.3981410494334 1
70 0 93.9749100609662 1
70 200 43.900244313706 1
70 400 36.2102926331391 1
70 500 42.4766907508697 1
70 700 31.1253811868391 1
70 1000 22.6942072215976 1
71 0 85.3757617584126 1
71 200 80.9412918310633 1
71 400 62.654413362892 1
71 500 41.4745161167808 1
71 700 32.3573344556356 1
71 1000 36.9262339732524 1
72 0 107.527834199448 1
72 200 76.198697041621 1
72 400 61.1854741086078 1
72 500 44.5449620331218 1
72 700 46.3410790345059 1
72 1000 40.4982191178736 1
73 0 91.0381851109976 1
73 200 76.205641200821 1
73 400 47.9052141655692 1
73 500 52.6240410968498 1
73 700 47.9770596421559 1
73 1000 41.6922109126748 1
74 0 79.8413254663152 1
74 200 55.7970390213716 1
74 400 42.3535633234551 1
74 500 42.4734481755368 1
74 700 28.925002515854 1
74 1000 25.3941289804963 1
75 0 100.800020198989 1
75 200 73.6310606368683 1
75 400 58.8767080201092 1
75 500 50.0391026309042 1
75 700 35.6230688494361 1
75 1000 34.2940867441906 1
76 0 91.8722712736729 1
76 200 70.4134421763482 1
76 400 48.7955047043482 1
76 500 46.4611798259333 1
76 700 43.4172797487774 1
76 1000 36.9173036965989 1
77 0 89.7903189297188 1
77 200 61.8400939392341 1
77 400 42.2516481913477 1
77 500 36.0174879834128 1
77 700 26.8822657022369 1
77 1000 29.0922730209032 1
78 0 118.006038762447 1
78 200 80.1722480267453 1
78 400 64.8479166735828 1
78 500 62.2263864754972 1
78 700 50.9511171729851 1
78 1000 35.8475134419853 1
79 0 106.003981817351 1
79 200 85.408475781214 1
79 400 52.2247017358645 1
79 500 45.8845312202094 1
79 700 38.0014793015869 1
79 1000 42.32762670674 1
80 0 95.9542577470905 1
80 200 71.7418594025705 1
80 400 47.2471559989885 1
80 500 37.2167592008091 1
80 700 32.9411931410485 1
80 1000 33.112605810857 1
81 0 105.210752990787 1
81 200 89.6562213785404 1
81 400 54.5312275306804 1
81 500 53.252380809315 1
81 700 46.1443478479601 1
81 1000 45.0794347751201 1
82 0 88.8212071437049 1
82 200 67.7482955079372 1
82 400 49.9942495792651 1
82 500 28.4865146984815 1
82 700 24.721239665363 1
82 1000 33.1657179480773 1
83 0 112.375984738474 1
83 200 71.753641876072 1
83 400 52.6425632950521 1
83 500 44.6467892716784 1
83 700 29.6007966532064 1
83 1000 30.7400578990441 1
84 0 110.828316496165 1
84 200 79.3205956500023 1
84 400 57.0698426970029 1
84 500 50.0971527388627 1
84 700 47.0910440436427 1
84 1000 42.8905540711538 1
85 0 100.579378880159 1
85 200 69.1206543422141 1
85 400 55.0980290347745 1
85 500 40.9306752213788 1
85 700 43.0444169403293 1
85 1000 31.2215027590646 1
86 0 93.7143013092156 1
86 200 74.781468495632 1
86 400 46.5025474127537 1
86 500 36.5086409821553 1
86 700 34.9885557405862 1
86 1000 38.2264765301068 1
87 0 114.908440714312 1
87 200 81.1406143156503 1
87 400 60.9255789586011 1
87 500 52.8845113969467 1
87 700 45.5217143531879 1
87 1000 34.0763314139094 1
88 0 108.560281247234 1
88 200 84.0105371533556 1
88 400 70.5976077993472 1
88 500 60.177880241139 1
88 700 40.9277227229361 1
88 1000 42.835299535565 1
89 0 124.006456023794 1
89 200 83.2454256200426 1
89 400 62.8974252063298 1
89 500 60.0891693852887 1
89 700 42.7293075425642 1
89 1000 34.7184640630748 1
90 0 95.7789680626485 1
90 200 89.0577628511482 1
90 400 74.5225029110976 1
90 500 63.4950951143272 1
90 700 56.9236486198897 1
90 1000 36.1776627181873 1
91 0 102.901397590452 1
91 200 98.1058332638653 1
91 400 83.6019802490791 1
91 500 71.5781516595711 1
91 700 54.9300599153561 1
91 1000 52.7250251771392 1
92 0 96.6003377345308 1
92 200 58.9957462171988 1
92 400 49.0207888769957 1
92 500 37.0679600968606 1
92 700 26.5497063608039 1
92 1000 32.8813279601242 1
93 0 90.0547330079907 1
93 200 83.0572283530067 1
93 400 52.1495551140413 1
93 500 44.3556905649484 1
93 700 43.8759133036313 1
93 1000 39.7254909923954 1
94 0 85.3287690211512 1
94 200 62.8346856467435 1
94 400 34.660814078226 1
94 500 32.2915953368194 1
94 700 31.3313919288934 1
94 1000 27.6446396206893 1
95 0 110.101680353321 1
95 200 102.567507960294 1
95 400 76.0933931929135 1
95 500 78.786235732603 1
95 700 61.1954814686107 1
95 1000 44.7777862838563 1
96 0 83.0653930435346 1
96 200 73.4831405503606 1
96 400 55.7543015460293 1
96 500 58.3088628060889 1
96 700 39.1819661600796 1
96 1000 35.814306019312 1
97 0 81.9302219236322 1
97 200 52.1775591142133 1
97 400 42.56657027974 1
97 500 33.3738091250801 1
97 700 36.8278863945027 1
97 1000 23.0343834609343 1
98 0 87.8656225551827 1
98 200 67.533635098389 1
98 400 48.2860078815492 1
98 500 46.306124315173 1
98 700 41.3721286157909 1
98 1000 35.8293716683378 1
99 0 113.328418323217 1
99 200 96.1884711536066 1
99 400 70.9634723819444 1
99 500 69.2292323764397 1
99 700 50.6333566119817 1
99 1000 46.9167368474649 1
100 0 105.651055236011 1
100 200 83.1082068567195 1
100 400 55.3070164181879 1
100 500 47.8345474642476 1
100 700 37.5602728122964 1
100 1000 43.0782429023817 1
