id dose eff group
1 0 95.1567357523189 0
1 200 85.8448406894202 0
1 400 60.0411449951112 0
1 500 55.1145022271936 0
1 700 57.2892158369346 0
1 1000 37.6762072222996 0
2 0 98.5243677836342 0
2 200 77.6992996291878 0
2 400 78.7540205593986 0
2 500 68.348614315558 0
2 700 59.3681519981397 0
2 1000 40.7967729474029 0
3 0 102.635648863348 0
3 200 100.799116481971 0
3 400 91.995366691348 0
3 500 74.1831633066016 0
3 700 74.2934563281183 0
3 1000 63.3763115739641 0
4 0 99.3962902853108 0
4 200 74.4213550578052 0
4 400 68.4539345264939 0
4 500 52.6307269666577 0
4 700 53.9763984874076 0
4 1000 40.9378210140102 0
5 0 103.619917615217 0
5 200 87.1361177707231 0
5 400 60.8261737934994 0
5 500 52.2855315467831 0
5 700 43.6796966167499 0
5 1000 30.0914635722625 0
6 0 99.8795539675939 0
6 200 88.7488541665762 0
6 400 72.8961025606165 0
6 500 51.5566466443712 0
6 700 44.6095361342069 0
6 1000 39.3840385407167 0
7 0 95.8026417789206 0
7 200 93.2985141862155 0
7 400 68.9243796414345 0
7 500 73.5751526927674 0
7 700 52.9450731983324 0
7 1000 34.3077576903966 0
8 0 132.491705900399 0
8 200 116.491241044927 0
8 400 89.225769742758 0
8 500 82.887947106263 0
8 700 59.7008028821166 0
8 1000 62.9947836133317 0
9 0 81.2307024502528 0
9 200 65.5784448741759 0
9 400 55.5543469990993 0
9 500 54.6303099140878 0
9 700 43.5456996094271 0
9 1000 35.3884903718981 0
10 0 86.5270984041562 0
10 200 87.567664841238 0
10 400 69.2791763383942 0
10 500 66.7446289536385 0
10 700 57.4735288400008 0
10 1000 56.2483376283516 0
11 0 121.554053514781 0
11 200 96.8575727498139 0
11 400 89.0529834717435 0
11 500 68.6629245633928 0
11 700 61.0338349039861 0
11 1000 46.2683802152629 0
12 0 96.7148573625729 0
12 200 78.9890894852917 0
12 400 57.1388166808436 0
12 500 62.748267629836 0
12 700 53.0167312161387 0
12 1000 35.1952635967542 0
13 0 95.9153427567969 0
13 200 99.0773172383918 0
13 400 80.2496212514167 0
13 500 60.5284872691763 0
13 700 55.8113038877362 0
13 1000 43.5682234460329 0
14 0 105.235621427439 0
14 200 96.4369488456104 0
14 400 87.9869578417994 0
14 500 78.0554666453348 0
14 700 63.6183861191563 0
14 1000 51.530979433089 0
15 0 87.2682472588063 0
15 200 87.247172652837 0
15 400 74.7716232777846 0
15 500 74.8859231436021 0
15 700 61.9520654610749 0
15 1000 48.8355188593197 0
16 0 106.852844717648 0
16 200 98.5065094649138 0
16 400 102.977916892546 0
16 500 90.5301448525157 0
16 700 72.4572404193468 0
16 1000 59.529314491341 0
17 0 89.8273677723783 0
17 200 73.961078908378 0
17 400 59.5132589843675 0
17 500 55.2290975974847 0
17 700 53.4144539070359 0
17 1000 43.6653474463357 0
18 0 104.833965290558 0
18 200 93.7986261331415 0
18 400 62.5400367213921 0
18 500 54.4562875892472 0
18 700 46.0889408543624 0
18 1000 31.7459563226554 0
19 0 90.4612823384827 0
19 200 74.1224718788512 0
19 400 57.4176134303401 0
19 500 51.7021890709024 0
19 700 52.6013050310123 0
19 1000 41.7036962814363 0
20 0 112.949912959933 0
20 200 98.5547441467782 0
20 400 72.8846132277577 0
20 500 60.3673228040257 0
20 700 48.1503682949214 0
20 1000 50.1941402046396 0
21 0 96.5609891109056 0
21 200 89.6267583648409 0
21 400 84.1962975083972 0
21 500 74.629339922164 0
21 700 62.9737988035387 0
21 1000 55.0979809235685 0
22 0 77.1574119054176 0
22 200 68.7735594657875 0
22 400 40.1231223150721 0
22 500 39.9943632984319 0
22 700 36.2112486588674 0
22 1000 22.7699240007516 0
23 0 90.8380698788244 0
23 200 82.3461804767508 0
23 400 61.4263750689396 0
23 500 56.1819422629818 0
23 700 47.362794263948 0
23 1000 40.2793950590259 0
24 0 97.8672786899101 0
24 200 96.7275184798329 0
24 400 77.3588991415369 0
24 500 82.0904158406355 0
24 700 54.0910973182171 0
24 1000 44.9217428734622 0
25 0 84.0715637811855 0
25 200 77.7564320803301 0
25 400 62.1833838868822 0
25 500 67.3629650460689 0
25 700 52.9768100887409 0
25 1000 36.485302136543 0
26 0 111.466312841646 0
26 200 101.52155695555 0
26 400 74.4794472599926 0
26 500 73.4543592019473 0
26 700 60.5205030061719 0
26 1000 48.9369567747535 0
27 0 104.978565889809 0
27 200 88.1923498049151 0
27 400 66.7312512991355 0
27 500 67.3935533686794 0
27 700 55.2761330665021 0
27 1000 48.9912466015294 0
28 0 105.735860264885 0
28 200 95.9195303772326 0
28 400 69.190236855862 0
28 500 52.0420590530432 0
28 700 41.1799569869383 0
28 1000 54.4043824138637 0
29 0 112.903477663708 0
29 200 95.9350662341642 0
29 400 77.1288407644044 0
29 500 58.9126777828147 0
29 700 47.4618346456163 0
29 1000 40.8419277193343 0
30 0 96.7535247798627 0
30 200 83.8995075676565 0
30 400 73.9410334859207 0
30 500 55.1315264209869 0
30 700 57.2613381859268 0
30 1000 44.3788440031575 0
31 0 108.008172293963 0
31 200 107.311967553785 0
31 400 86.2120961171899 0
31 500 75.1395942785323 0
31 700 66.5215907787705 0
31 1000 60.8140823840363 0
32 0 77.9806900645383 0
32 200 72.8997408432103 0
32 400 54.2293142713208 0
32 500 55.7721066296784 0
32 700 36.8662363569675 0
32 1000 32.3266910628736 0
33 0 105.391351640303 0
33 200 90.3502667097183 0
33 400 83.9073948044883 0
33 500 71.6466612120264 0
33 700 52.9714627959606 0
33 1000 50.6108101161763 0
34 0 87.4984500049513 0
34 200 78.7203633341032 0
34 400 47.1316271524134 0
34 500 45.8705034952144 0
34 700 39.6136334239282 0
34 1000 28.9903694095382 0
35 0 79.5659443739974 0
35 200 84.3790514651421 0
35 400 64.1757271600628 0
35 500 55.5542982570647 0
35 700 47.5672128037422 0
35 1000 38.5634016735575 0
36 0 91.2421335489337 0
36 200 87.2302618549007 0
36 400 85.7636942286265 0
36 500 60.6715180297758 0
36 700 50.3074870346737 0
36 1000 39.6042989780236 0
37 0 101.922730209908 0
37 200 92.3687791961788 0
37 400 74.6378527247088 0
37 500 60.0377087519432 0
37 700 50.6961968217338 0
37 1000 49.5758745610035 0
38 0 96.9963735647365 0
38 200 75.5537745661874 0
38 400 52.1764450852937 0
38 500 42.5545663597582 0
38 700 41.6842139652265 0
38 1000 31.8185815401146 0
39 0 94.5866666896871 0
39 200 97.4367423374115 0
39 400 73.4366040244218 0
39 500 66.5990539330971 0
39 700 55.1657723503725 0
39 1000 38.2184313130586 0
40 0 97.9261277899805 0
40 200 80.1664366743186 0
40 400 60.0252328651065 0
40 500 46.5371527350456 0
40 700 49.927684192462 0
40 1000 27.6662149749808 0
41 0 86.1410431403522 0
41 200 83.1509894037123 0
41 400 73.6774674284767 0
41 500 57.4083772072714 0
41 700 43.527589703905 0
41 1000 26.401263337461 0
42 0 95.0402124497505 0
42 200 87.7182884788182 0
42 400 79.9844444448787 0
42 500 62.7213525329535 0
42 700 61.6592626447066 0
42 1000 45.3774100781234 0
43 0 99.6633761294054 0
43 200 91.4479732149205 0
43 400 81.9087403489384 0
43 500 85.6680933451924 0
43 700 62.0480241158096 0
43 1000 55.8050901943853 0
44 0 101.128772770358 0
44 200 96.7084004152217 0
44 400 78.2217591937611 0
44 500 64.9244175620654 0
44 700 63.6456946808973 0
44 1000 53.0719171660939 0
45 0 112.347325134564 0
45 200 98.692175358276 0
45 400 79.6442685134892 0
45 500 62.1391778336444 0
45 700 53.462558124127 0
45 1000 44.9497301414176 0
46 0 95.6296725388825 0
46 200 94.8612792405188 0
46 400 76.0646575030048 0
46 500 65.4566447724843 0
46 700 41.7282341793814 0
46 1000 44.245225705214 0
47 0 82.4968909189343 0
47 200 79.4304465655213 0
47 400 63.8947817178346 0
47 500 57.6914073658096 0
47 700 36.8624326577666 0
47 1000 35.1992250177949 0
48 0 107.367566197467 0
48 200 98.4164659158359 0
48 400 71.4123302949789 0
48 500 68.261803363178 0
48 700 57.3183896407094 0
48 1000 46.3545821071566 0
49 0 105.326872995842 0
49 200 96.1765273063714 0
49 400 88.1867364037419 0
49 500 77.590740124428 0
49 700 77.1589475607257 0
49 1000 51.4761086977582 0
50 0 111.757583996363 0
50 200 89.2924019058105 0
50 400 61.1862639152071 0
50 500 52.9145556286342 0
50 700 45.4862451356506 0
50 1000 42.2221654140097 0
51 0 81.4056107031137 1
51 200 65.1560272279124 1
51 400 48.2411940708776 1
51 500 35.0982681369086 1
51 700 25.1755411695407 1
51 1000 39.6060333104728 1
52 0 92.7861120069106 1
52 200 69.0214334679162 1
52 400 46.6701546137586 1
52 500 39.9435440093772 1
52 700 34.952522847568 1
52 1000 41.5301990606842 1
53 0 104.832642779185 1
53 200 67.2523736071223 1
53 400 51.6853840346325 1
53 500 45.2495427469769 1
53 700 29.0352359281449 1
53 1000 36.2870309741951 1
54 0 105.989706012522 1
54 200 63.6922632144291 1
54 400 38.8207946920166 1
54 500 42.9008495423616 1
54 700 26.9652168714499 1
54 1000 23.7176629128365 1
55 0 94.2272147147111 1
55 200 62.9807643908275 1
55 400 51.7416163600237 1
55 500 38.0825425356376 1
55 700 43.6307038393316 1
55 1000 24.6771066162374 1
56 0 89.1579916307053 1
56 200 58.5217527621877 1
56 400 30.2190072809057 1
56 500 31.95845772517 1
56 700 34.0310648658398 1
56 1000 36.7594765762618 1
57 0 110.002694658724 1
57 200 85.3450652884001 1
57 400 61.6830747600106 1
57 500 62.7059043783239 1
57 700 61.4097006196524 1
57 1000 43.315171793975 1
58 0 87.3717731750404 1
58 200 76.0283956411243 1
58 400 56.2963848549875 1
58 500 54.0757719274693 1
58 700 40.2154462169838 1
58 1000 35.6118318643693 1
59 0 101.82437048228 1
59 200 92.4262006480202 1
59 400 86.8408558973792 1
59 500 60.4780299848151 1
59 700 69.6693327664181 1
59 1000 45.8230310562275 1
60 0 116.066158275637 1
60 200 74.5864308328198 1
60 400 61.5997245935945 1
60 500 42.4016300671944 1
60 700 45.7771106309253 1
60 1000 41.4927484252544 1
61 0 100.162547486904 1
61 200 90.3977187137013 1
61 400 60.1687270927644 1
61 500 71.2813261745656 1
61 700 52.0836278505698 1
61 1000 42.4620358176407 1
62 0 100.249377118962 1
62 200 66.9195796907328 1
62 400 39.4501392031922 1
62 500 40.7911939850887 1
62 700 21.4492765563036 1
62 1000 27.498648988266 1
63 0 110.368911067804 1
63 200 87.6891615897152 1
63 400 71.4798871030752 1
63 500 60.3272132325985 1
63 700 51.5836316983662 1
63 1000 46.2836350153734 1
64 0 105.929351718327 1
64 200 80.8238851632464 1
64 400 55.0619240519593 1
64 500 47.7246325464809 1
64 700 43.2850612433279 1
64 1000 32.7200342015112 1
65 0 109.263572968133 1
65 200 98.011785550693 1
65 400 75.7104941274225 1
65 500 62.6998137002322 1
65 700 49.9386644612061 1
65 1000 42.5476245678052 1
66 0 84.476965929756 1
66 200 72.5524190175294 1
66 400 59.801480048057 1
66 500 49.2877581368194 1
66 700 43.0243247203147 1
66 1000 24.3262620906259 1
67 0 81.6472309173722 1
67 200 65.8503418972179 1
67 400 49.757458330133 1
67 500 41.2874783357285 1
67 700 32.3121149649233 1
67 1000 37.1133328919296 1
68 0 85.3111701087269 1
68 200 49.3181621883535 1
68 400 35.2023556953433 1
68 500 29.5528770181392 1
68 700 34.4727592252329 1
68 1000 26.7302054069647 1
69 0 111.297367272302 1
69 200 76.6054451789799 1
69 400 61.9385105405281 1
69 500 48.3446277484216 1
69 700 38.741268671494 1
69 1000 48.4287958100078 1
70 0 92.0622617791558 1
70 200 70.2819214728144 1
70 400 58.3528687655845 1
70 500 47.17704060025 1
70 700 39.6629922654892 1
70 1000 39.026544817089 1
71 0 97.6548985264788 1
71 200 46.3194063568667 1
71 400 34.8391375711252 1
71 500 31.1882615147504 1
71 700 35.4006513719413 1
71 1000 26.9543268436392 1
72 0 93.0197475488737 1
72 200 79.0140050481649 1
72 400 48.6961676442997 1
72 500 55.6454554294897 1
72 700 38.3414705572754 1
72 1000 34.5219346527048 1
73 0 97.5594292502075 1
73 200 82.2643570840443 1
73 400 47.9174188376188 1
73 500 53.4878540353693 1
73 700 46.5766483543799 1
73 1000 33.7577830877809 1
74 0 110.520112123358 1
74 200 93.0394756762916 1
74 400 69.1858288261501 1
74 500 64.5876061079787 1
74 700 46.524583196924 1
74 1000 38.9846363314389 1
75 0 138.360340007467 1
75 200 89.6876522728219 1
75 400 62.2864341736409 1
75 500 53.3880234070037 1
75 700 58.4395033306496 1
75 1000 48.4179042636014 1
76 0 110.603045733952 1
76 200 77.6824446817244 1
76 400 52.5748501458018 1
76 500 38.5069435275604 1
76 700 31.7485396401597 1
76 1000 37.2174999781753 1
77 0 105.413556118203 1
77 200 73.7323491588758 1
77 400 64.3951305539274 1
77 500 50.076166379292 1
77 700 43.4868392659164 1
77 1000 35.6970896522321 1
78 0 93.2223138674169 1
78 200 64.9588703678712 1
78 400 45.5860454094641 1
78 500 37.3155755795131 1
78 700 40.4613753448039 1
78 1000 31.0057373466957 1
79 0 105.102645114483 1
79 200 80.112533468533 1
79 400 68.1140083841279 1
79 500 59.0642414229041 1
79 700 41.1323673733646 1
79 1000 36.6507139771378 1
80 0 94.3677926858729 1
80 200 53.9671681974454 1
80 400 43.2421746342332 1
80 500 36.7145589031379 1
80 700 35.0851764800426 1
80 1000 31.6288004326361 1
81 0 98.3855669093758 1
81 200 60.0049584969568 1
81 400 37.132665960985 1
81 500 29.7031821486501 1
81 700 29.6281889550197 1
81 1000 20.2213383308498 1
82 0 99.9917404444849 1
82 200 70.1837109647966 1
82 400 50.7584850126271 1
82 500 38.6135659439114 1
82 700 41.7806538088142 1
82 1000 39.9924495971511 1
83 0 115.250526689596 1
83 200 98.619620952853 1
83 400 71.266710860143 1
83 500 67.1489860991437 1
83 700 67.9327311398564 1
83 1000 45.3623270662482 1
84 0 94.7608374286894 1
84 200 64.6986518336903 1
84 400 48.7132999274292 1
84 500 34.9434793372321 1
84 700 38.7015907596609 1
84 1000 34.2331026940356 1
85 0 117.878603580252 1
85 200 100.467453853665 1
85 400 69.9441586561679 1
85 500 50.5890545639869 1
85 700 50.1076316571039 1
85 1000 31.4509437491578 1
86 0 113.834869457786 1
86 200 98.9856441711206 1
86 400 68.3762626097624 1
86 500 73.8038955658333 1
86 700 59.3670695661912 1
86 1000 47.7755386798738 1
87 0 138.796730343463 1
87 200 110.133520582207 1
87 400 93.784707507918 1
87 500 73.0841605989269 1
87 700 68.6705242253389 1
87 1000 54.8243734970859 1
88 0 105.094441309018 1
88 200 90.7688231073472 1
88 400 63.7705907915889 1
88 500 54.771825152112 1
88 700 40.2714252622168 1
88 1000 38.8559046123534 1
89 0 98.0494548380427 1
89 200 79.9040824491688 1
89 400 52.9915426596672 1
89 500 42.5063800922947 1
89 700 38.450787677352 1
89 1000 30.8526506260031 1
90 0 94.978722884289 1
90 200 71.3470785880007 1
90 400 57.4455812715123 1
90 500 42.3581428857216 1
90 700 48.4789657068073 1
90 1000 30.7737851740001 1
91 0 100.116485477333 1
91 200 76.6702379283861 1
91 400 44.3203987954449 1
91 500 47.0600240345918 1
91 700 29.7603807962642 1
91 1000 37.9705774389088 1
92 0 115.061090645565 1
92 200 73.4316620145535 1
92 400 64.1005476844869 1
92 500 54.5345714956923 1
92 700 34.0904507777092 1
92 1000 44.3174737005288 1
93 0 100.437883905138 1
93 200 72.4074475471973 1
93 400 55.8638608156181 1
93 500 47.6982557298238 1
93 700 38.57523241916 1
93 1000 38.2071055902368 1
94 0 121.117888775923 1
94 200 104.960260572206 1
94 400 91.1871261872103 1
94 500 74.1107633802953 1
94 700 65.3965674064055 1
94 1000 52.427216685718 1
95 0 86.7100503519358 1
95 200 67.7066713848787 1
95 400 51.0033175678716 1
95 500 35.8892405877987 1
95 700 35.8299335513789 1
95 1000 26.6836778264713 1
96 0 86.7693282974671 1
96 200 68.5493649125928 1
96 400 51.9914889504477 1
96 500 47.6751154998963 1
96 700 38.8744385595908 1
96 1000 37.661340215577 1
97 0 114.402350548859 1
97 200 71.7295051664089 1
97 400 47.6238883793732 1
97 500 47.565547815393 1
97 700 47.6171821939053 1
97 1000 25.691531702223 1
98 0 100.20085802416 1
98 200 82.0373047639346 1
98 400 57.8596913958662 1
98 500 47.5281886134606 1
98 700 43.467106917876 1
98 1000 43.9859211622678 1
99 0 98.3484810741957 1
99 200 81.8295099707048 1
99 400 58.8389288695679 1
99 500 56.5135868253316 1
99 700 49.0109060787069 1
99 1000 36.623294373711 1
100 0 107.395190025456 1
100 200 83.8807108906864 1
100 400 64.7391129199302 1
100 500 47.1330569393096 1
100 700 43.9485502356638 1
100 1000 40.3956207214549 1
