id dose eff group
1 0 101.558571216021 0
1 200 96.5925277451293 0
1 400 81.1731790853369 0
1 500 70.8617350183649 0
1 700 59.4056614583816 0
1 1000 45.1872231840822 0
2 0 105.592489466003 0
2 200 90.0392637344965 0
2 400 62.1490760803648 0
2 500 52.285949788197 0
2 700 46.0041825491649 0
2 1000 44.6124854253165 0
3 0 105.703407714272 0
3 200 85.7667367906236 0
3 400 52.2226331760831 0
3 500 60.5414515293139 0
3 700 42.6099149981921 0
3 1000 37.230155668748 0
4 0 84.4567713884225 0
4 200 74.9385205605046 0
4 400 53.8338780420274 0
4 500 44.1317934795767 0
4 700 27.0125509218201 0
4 1000 28.9291785224777 0
5 0 97.8661119488536 0
5 200 89.3971722925925 0
5 400 71.6608070970823 0
5 500 68.5681418740543 0
5 700 60.385186003056 0
5 1000 46.6105352549964 0
6 0 121.569716729329 0
6 200 115.617271388912 0
6 400 88.6068654705532 0
6 500 78.81835647267 0
6 700 59.2602902894726 0
6 1000 60.9223362953271 0
7 0 98.0131428207921 0
7 200 77.7189476723495 0
7 400 55.8266719485371 0
7 500 48.8858810202848 0
7 700 40.5028983041525 0
7 1000 42.695805093138 0
8 0 116.136176175182 0
8 200 104.385424700684 0
8 400 77.4527686525498 0
8 500 72.3884020621284 0
8 700 56.8346000415637 0
8 1000 50.7762950874671 0
9 0 120.036918353485 0
9 200 114.247421076648 0
9 400 88.7931729729934 0
9 500 73.4611303658364 0
9 700 60.7621867409914 0
9 1000 46.9670404631659 0
10 0 99.2871530636316 0
10 200 87.24402255724 0
10 400 64.0880253066257 0
10 500 65.4401312201421 0
10 700 47.7346612107575 0
10 1000 52.5976589603441 0
11 0 93.9928205280721 0
11 200 78.3271203417331 0
11 400 63.4273107863871 0
11 500 63.2618483161717 0
11 700 52.185881138023 0
11 1000 40.7090310207 0
12 0 104.745159709302 0
12 200 108.798652291261 0
12 400 96.633697954503 0
12 500 83.1261996912179 0
12 700 78.4969186358645 0
12 1000 52.6662674218526 0
13 0 97.4897161128193 0
13 200 73.5677910809419 0
13 400 62.5557020107454 0
13 500 45.3393325322839 0
13 700 50.1959478401433 0
13 1000 34.5559943074148 0
14 0 96.2750133222122 0
14 200 92.4442112205573 0
14 400 87.9074799360222 0
14 500 81.5106302726727 0
14 700 77.1518480008366 0
14 1000 53.3266783465714 0
15 0 94.8149230405547 0
15 200 81.4042224524598 0
15 400 68.8434561484839 0
15 500 56.8847339353511 0
15 700 56.0043091004298 0
15 1000 44.3489964673543 0
16 0 114.423427960379 0
16 200 91.099700555134 0
16 400 70.3296620827596 0
16 500 61.2785169201881 0
16 700 52.8973697777382 0
16 1000 41.6990142051045 0
17 0 124.773265795626 0
17 200 106.069009222972 0
17 400 93.1094564058965 0
17 500 83.9473681786184 0
17 700 60.0717415917867 0
17 1000 60.5770792410871 0
18 0 97.0999102561217 0
18 200 85.4957003130305 0
18 400 66.5972299800153 0
18 500 57.0386062230852 0
18 700 55.7882660347295 0
18 1000 46.2484242333098 0
19 0 86.4700635526358 0
19 200 76.4884946936359 0
19 400 65.2956441736645 0
19 500 71.6815229953428 0
19 700 46.5844306453998 0
19 1000 47.226561547338 0
20 0 105.519616384352 0
20 200 88.437874622497 0
20 400 77.5785982373863 0
20 500 74.0062393745815 0
20 700 63.8081076526329 0
20 1000 31.445515936807 0
21 0 102.072849586688 0
21 200 87.6615467972772 0
21 400 66.9235586793906 0
21 500 57.3016461443855 0
21 700 48.6331329988389 0
21 1000 43.1793501918486 0
22 0 96.1835929563663 0
22 200 88.4231444004904 0
22 400 71.5457139376037 0
22 500 63.4586653442119 0
22 700 50.9759716957285 0
22 1000 36.3588219091466 0
23 0 117.542402184033 0
23 200 102.033269380781 0
23 400 77.4094211588949 0
23 500 69.2278344145829 0
23 700 70.2695229504976 0
23 1000 53.3764100618152 0
24 0 121.228175326605 0
24 200 96.8832749004059 0
24 400 65.8869782690107 0
24 500 58.8701607302127 0
24 700 54.9244578363958 0
24 1000 51.0050130727431 0
25 0 79.5345917919184 0
25 200 94.1289131094633 0
25 400 70.946506953552 0
25 500 69.842356989155 0
25 700 65.5756978116336 0
25 1000 48.0293548559709 0
26 0 97.4817545815295 0
26 200 91.9217032311228 0
26 400 77.665769781577 0
26 500 63.356219068798 0
26 700 53.5418721425126 0
26 1000 51.2556234529165 0
27 0 102.062146799835 0
27 200 98.5140166458534 0
27 400 83.8781336669538 0
27 500 74.8088204565632 0
27 700 62.1525916623913 0
27 1000 58.2397828182777 0
28 0 78.1180712633059 0
28 200 63.6052316768677 0
28 400 58.4888561197109 0
28 500 39.6375093085822 0
28 700 48.3833473126008 0
28 1000 27.6399035894806 0
29 0 96.4932242959948 0
29 200 93.9583576849357 0
29 400 82.55263183253 0
29 500 56.7298746925583 0
29 700 60.6505570841761 0
29 1000 49.616935299071 0
30 0 103.463599625846 0
30 200 83.4338283086463 0
30 400 55.4847805352582 0
30 500 51.8184271011365 0
30 700 45.1416172258177 0
30 1000 35.4436290586613 0
31 0 78.2598079927043 0
31 200 67.510132044435 0
31 400 59.5856392012367 0
31 500 55.9173629258021 0
31 700 40.4675013317022 0
31 1000 38.1358925348483 0
32 0 92.4598301682612 0
32 200 83.43832568737 0
32 400 60.5655521591959 0
32 500 64.7525255527066 0
32 700 57.0758225931197 0
32 1000 39.8059992113876 0
33 0 71.9918862371323 0
33 200 68.6853355142912 0
33 400 54.2376932791403 0
33 500 44.0286166266644 0
33 700 43.6128579244269 0
33 1000 33.0216750948586 0
34 0 92.5263106182808 0
34 200 92.9737857158292 0
34 400 77.744000921068 0
34 500 66.3252747036555 0
34 700 56.1008556820492 0
34 1000 43.8865020974732 0
35 0 77.4094071948278 0
35 200 70.8738744035083 0
35 400 56.7597396802469 0
35 500 45.8620208274502 0
35 700 29.8580304443925 0
35 1000 37.754912699127 0
36 0 89.4537288495387 0
36 200 89.6198170182162 0
36 400 75.4099405819846 0
36 500 81.5374479483431 0
36 700 71.5461730167946 0
36 1000 49.7574495735072 0
37 0 92.456431369961 0
37 200 78.2350443979555 0
37 400 51.5345576316594 0
37 500 44.5475172036844 0
37 700 34.8000160446966 0
37 1000 41.480705346061 0
38 0 103.657792993114 0
38 200 94.8445200291039 0
38 400 76.1973334961019 0
38 500 78.9913997638905 0
38 700 58.9334164588882 0
38 1000 62.3098623709982 0
39 0 101.009368664978 0
39 200 92.8012463430936 0
39 400 75.9317864206251 0
39 500 68.143369419433 0
39 700 55.1198265501464 0
39 1000 42.1001469180895 0
40 0 97.5371605784632 0
40 200 81.8658449830174 0
40 400 59.9633104877876 0
40 500 52.815397414749 0
40 700 49.3949474800934 0
40 1000 39.3652091307345 0
41 0 105.074534376233 0
41 200 75.2551194564551 0
41 400 71.9899785226204 0
41 500 54.5733191031956 0
41 700 40.1311035544147 0
41 1000 32.0723075380494 0
42 0 109.984959100845 0
42 200 111.613488299702 0
42 400 85.0471145534204 0
42 500 78.911925851969 0
42 700 71.8915028265844 0
42 1000 59.1728442216211 0
43 0 98.4710984960918 0
43 200 99.8542335437589 0
43 400 84.6688609095878 0
43 500 76.4870908855298 0
43 700 57.8674093627277 0
43 1000 52.5776692722785 0
44 0 84.0773093490763 0
44 200 66.0199391172597 0
44 400 72.8245357792142 0
44 500 54.9085822942469 0
44 700 47.5739932137383 0
44 1000 36.8943635755918 0
45 0 94.4415616751404 0
45 200 86.8266058380431 0
45 400 77.936613491452 0
45 500 63.7803383879403 0
45 700 49.8645764794828 0
45 1000 45.6430634645292 0
46 0 86.0186995256956 0
46 200 57.0974878491446 0
46 400 54.5184582225221 0
46 500 37.7794718215697 0
46 700 39.2828113580769 0
46 1000 27.3922104945156 0
47 0 85.6082870053067 0
47 200 92.7965331965929 0
47 400 80.3778962395471 0
47 500 69.5196339293503 0
47 700 66.4914331718726 0
47 1000 55.7622252073598 0
48 0 105.465231140628 0
48 200 100.57122197882 0
48 400 95.9080694335334 0
48 500 81.0677140673842 0
48 700 69.5415206962374 0
48 1000 53.4339212356125 0
49 0 92.5409409059077 0
49 200 83.1615152165814 0
49 400 78.5628078450998 0
49 500 69.8900482692125 0
49 700 44.4312579722616 0
49 1000 38.9270894905991 0
50 0 81.845868300082 0
50 200 80.9923757999684 0
50 400 69.7901858578342 0
50 500 71.2290128598399 0
50 700 53.2917672043743 0
50 1000 40.3775922870158 0
51 0 76.8383850584536 1
51 200 77.4498682799566 1
51 400 52.1316115254907 1
51 500 53.2419067967231 1
51 700 45.2373982825551 1
51 1000 32.5926194088602 1
52 0 108.205810691279 1
52 200 80.3009097975684 1
52 400 62.4277795241326 1
52 500 41.2993622526566 1
52 700 55.5571138330795 1
52 1000 36.5596720069271 1
53 0 99.3612532555135 1
53 200 66.0937719798501 1
53 400 37.6721731858612 1
53 500 38.9694781415386 1
53 700 31.936159709691 1
53 1000 39.9996125586385 1
54 0 95.721361509379 1
54 200 98.7042993464132 1
54 400 67.0944181082943 1
54 500 53.3416760561189 1
54 700 49.0872635625595 1
54 1000 38.576596864099 1
55 0 108.091366080067 1
55 200 87.5644854842381 1
55 400 57.6234186194689 1
55 500 52.9703082316996 1
55 700 31.6128560158134 1
55 1000 36.2107016777891 1
56 0 96.951293586821 1
56 200 81.76589893319 1
56 400 45.914451263457 1
56 500 51.7304520625558 1
56 700 40.5902701994823 1
56 1000 29.0024505857015 1
57 0 113.808155190316 1
57 200 83.1967744021967 1
57 400 49.1200496942535 1
57 500 55.875941885749 1
57 700 34.9574432576544 1
57 1000 29.0718938849662 1
58 0 101.452461100792 1
58 200 66.1514483007808 1
58 400 50.7611778864667 1
58 500 48.2494990204361 1
58 700 35.2997985364945 1
58 1000 34.8828040509141 1
59 0 90.1868427518443 1
59 200 86.2492161385806 1
59 400 58.9295123563998 1
59 500 49.4299162330628 1
59 700 43.0390895038525 1
59 1000 46.9579956771755 1
60 0 83.8638609937062 1
60 200 76.4035459099499 1
60 400 58.3621392734135 1
60 500 48.3756033688394 1
60 700 48.9670969567873 1
60 1000 42.2186972314068 1
61 0 103.471048845128 1
61 200 64.0526757171963 1
61 400 47.1494159834362 1
61 500 42.6151225060237 1
61 700 37.6022186678568 1
61 1000 35.7338496392044 1
62 0 97.9457166284288 1
62 200 73.0894126622875 1
62 400 56.9133728242408 1
62 500 52.08168252616 1
62 700 38.4424423690537 1
62 1000 32.6061544408641 1
63 0 105.745437182654 1
63 200 73.9112833231505 1
63 400 55.069454267765 1
63 500 50.8992018712507 1
63 700 33.8858839849762 1
63 1000 32.5300025228711 1
64 0 106.585804976683 1
64 200 78.9967408136507 1
64 400 46.5480478598498 1
64 500 52.3743018081275 1
64 700 41.0051347465761 1
64 1000 28.4683545045959 1
65 0 93.0308239075561 1
65 200 69.5550125638133 1
65 400 49.215431648701 1
65 500 55.7953168416581 1
65 700 34.3296918043409 1
65 1000 40.5503600288385 1
66 0 107.751986069174 1
66 200 71.0830946950897 1
66 400 52.6398052283801 1
66 500 40.9034548010222 1
66 700 38.9079581607855 1
66 1000 39.5852198340619 1
67 0 119.134803029296 1
67 200 93.640884109917 1
67 400 71.4330787968655 1
67 500 71.5839943573908 1
67 700 66.5883020272114 1
67 1000 47.431079343538 1
68 0 93.5415218347617 1
68 200 61.9145901557126 1
68 400 46.4545677704802 1
68 500 40.177760393936 1
68 700 30.8502741495039 1
68 1000 33.1101864786656 1
69 0 83.3174128324068 1
69 200 68.8232748035404 1
69 400 37.0117786517852 1
69 500 47.2568682920708 1
69 700 34.4739685290079 1
69 1000 38.5600057418773 1
70 0 101.816224713768 1
70 200 96.8943042873352 1
70 400 60.8492346648337 1
70 500 57.9079771730347 1
70 700 45.1584163374526 1
70 1000 40.602043651869 1
71 0 111.734403318336 1
71 200 74.9004782074658 1
71 400 43.7616461012988 1
71 500 44.0266968904585 1
71 700 39.1543171350409 1
71 1000 36.1532349258366 1
72 0 82.8053052782934 1
72 200 68.8444828645308 1
72 400 57.9431674256472 1
72 500 52.3972616312707 1
72 700 43.3465653273776 1
72 1000 34.2911714978399 1
73 0 105.733836416588 1
73 200 88.9540460208978 1
73 400 73.200502050683 1
73 500 54.4663362143136 1
73 700 44.5612613825304 1
73 1000 46.9951727272807 1
74 0 86.6111505615961 1
74 200 62.3119927650931 1
74 400 25.7604578399304 1
74 500 32.8789420320968 1
74 700 40.0865156720206 1
74 1000 20.2157377885555 1
75 0 94.0066421559273 1
75 200 52.4880220749916 1
75 400 42.2143218195097 1
75 500 31.1757721695637 1
75 700 41.1860827549111 1
75 1000 22.1143208598506 1
76 0 86.9364647880449 1
76 200 54.2202241902727 1
76 400 31.9093511452995 1
76 500 28.8634370506511 1
76 700 29.2670818580827 1
76 1000 22.3007685125882 1
77 0 89.7099702711162 1
77 200 74.152877003083 1
77 400 54.4031812397268 1
77 500 49.0543759426174 1
77 700 33.91964122868 1
77 1000 31.3227889795971 1
78 0 85.1121109052189 1
78 200 62.7506130602346 1
78 400 30.5665997463294 1
78 500 34.7636062816502 1
78 700 19.9661239713927 1
78 1000 23.7518845375273 1
79 0 91.1900236973507 1
79 200 72.6541774032337 1
79 400 54.8982228141351 1
79 500 52.5563312182533 1
79 700 35.6254435594574 1
79 1000 32.0753862387734 1
80 0 97.2526762987999 1
80 200 88.7575536173451 1
80 400 68.4150824822919 1
80 500 50.0310978391909 1
80 700 49.7235873778941 1
80 1000 33.7837299500633 1
81 0 100.089479724547 1
81 200 81.2369086565006 1
81 400 52.5727388331311 1
81 500 50.5113139381696 1
81 700 45.7642650303734 1
81 1000 29.8420808672709 1
82 0 124.478446322484 1
82 200 84.1509492690752 1
82 400 66.5820209731088 1
82 500 53.9339876506229 1
82 700 43.4463353980851 1
82 1000 54.8056907287969 1
83 0 117.871735272414 1
83 200 100.396222297019 1
83 400 86.7551236305156 1
83 500 65.707805805555 1
83 700 55.2079438685817 1
83 1000 48.4425422390609 1
84 0 116.091949793917 1
84 200 108.001929018161 1
84 400 80.7708915339354 1
84 500 79.8738683531146 1
84 700 67.2807560971497 1
84 1000 41.9579341794119 1
85 0 100.059270780797 1
85 200 96.5622936123996 1
85 400 64.230054802608 1
85 500 63.0458111107396 1
85 700 53.3927349653615 1
85 1000 41.2867391639478 1
86 0 84.1905213463952 1
86 200 60.1011736221091 1
86 400 39.2548460742347 1
86 500 35.8688343272126 1
86 700 37.9972878437296 1
86 1000 40.1184820592393 1
87 0 106.096507100731 1
87 200 76.0782022008952 1
87 400 48.2202023542192 1
87 500 42.4477780990618 1
87 700 30.0648062872392 1
87 1000 32.8859844235484 1
88 0 105.515337026415 1
88 200 93.3399480718691 1
88 400 59.203836077342 1
88 500 54.5473062029534 1
88 700 44.9894205621061 1
88 1000 34.1118993813164 1
89 0 91.6890199270498 1
89 200 79.2210605138139 1
89 400 49.836191240092 1
89 500 50.4863730079285 1
89 700 50.6811510910762 1
89 1000 42.2962053037466 1
90 0 83.7305024884844 1
90 200 77.1056943585964 1
90 400 46.0007337874468 1
90 500 44.4726295467442 1
90 700 30.3725938472642 1
90 1000 24.4983783375689 1
91 0 97.2019260735075 1
91 200 64.6912376174521 1
91 400 41.0331697221998 1
91 500 39.3422782251475 1
91 700 27.7511801484849 1
91 1000 39.1264478987959 1
92 0 103.112578810067 1
92 200 64.7165813847597 1
92 400 51.9893891337394 1
92 500 40.290956524011 1
92 700 32.7000498352069 1
92 1000 41.071763875696 1
93 0 107.626205086259 1
93 200 78.1949394839345 1
93 400 62.4305687458759 1
93 500 51.4304268816245 1
93 700 41.6028350410935 1
93 1000 35.5272690864111 1
94 0 102.246553691506 1
94 200 103.683616759288 1
94 400 79.6904739542599 1
94 500 65.8142960947242 1
94 700 52.062548102182 1
94 1000 54.2731904942678 1
95 0 87.1736136639122 1
95 200 64.6352032302212 1
95 400 40.6157780174597 1
95 500 43.4957797276088 1
95 700 28.0367231427608 1
95 1000 28.8037314204789 1
96 0 102.186494949443 1
96 200 95.0593979145593 1
96 400 82.1438696178623 1
96 500 83.2334006739332 1
96 700 66.9918606355858 1
96 1000 50.7372172595214 1
97 0 131.532674761943 1
97 200 92.7189155285391 1
97 400 59.2978495525982 1
97 500 54.6659306501535 1
97 700 52.0164449945657 1
97 1000 48.744951374443 1
98 0 92.8878517241778 1
98 200 71.3142671543249 1
98 400 41.7133705010253 1
98 500 39.6532493135148 1
98 700 36.2734004228476 1
98 1000 35.9826877459045 1
99 0 104.050666602389 1
99 200 76.5452793611631 1
99 400 45.1792176310144 1
99 500 41.4888478436416 1
99 700 35.6215826871706 1
99 1000 27.762244871626 1
100 0 103.383050355683 1
100 200 91.5898196784865 1
100 400 61.7281528011896 1
100 500 48.1668497874315 1
100 700 51.0056665041945 1
100 1000 33.11537484648 1
