id dose eff group
1 0 126.289767699288 0
1 200 78.2233724162287 0
1 400 51.4960373416342 0
1 500 48.6533525006256 0
1 700 38.7115373843028 0
1 1000 39.0825852474418 0
2 0 101.905034790485 0
2 200 86.2232946847272 0
2 400 56.4281941840797 0
2 500 59.4927281168836 0
2 700 48.1821538347915 0
2 1000 37.9904748819543 0
3 0 99.1513017026168 0
3 200 79.1887203901648 0
3 400 71.1343999376039 0
3 500 68.9002504329097 0
3 700 66.0923283415206 0
3 1000 56.5932272727073 0
4 0 106.856763630434 0
4 200 84.0621336273709 0
4 400 72.2191891909119 0
4 500 60.2751700983239 0
4 700 57.8929016516496 0
4 1000 36.2163103758345 0
5 0 97.4670406695285 0
5 200 86.1447579107023 0
5 400 83.3938002329035 0
5 500 88.3794687287754 0
5 700 73.4915175419509 0
5 1000 59.9491832015605 0
6 0 98.7388090376885 0
6 200 96.2057147964672 0
6 400 80.4499657028291 0
6 500 79.5240534666796 0
6 700 80.4863889727438 0
6 1000 57.2778541141846 0
7 0 122.902497582218 0
7 200 112.3527819936 0
7 400 81.6232889069647 0
7 500 83.6942527400817 0
7 700 69.8012767276401 0
7 1000 48.7373102554851 0
8 0 89.3726227344488 0
8 200 93.2640660533043 0
8 400 80.4834831535278 0
8 500 66.7704647260347 0
8 700 66.7796636415967 0
8 1000 45.4928956724264 0
9 0 118.681429879448 0
9 200 102.678952947005 0
9 400 89.7333591489489 0
9 500 78.7137650249771 0
9 700 76.1668048328983 0
9 1000 58.2450525343162 0
10 0 107.745223891633 0
10 200 81.9668638393854 0
10 400 67.3616713449589 0
10 500 64.3251605352823 0
10 700 56.8752678191871 0
10 1000 49.8804830892512 0
11 0 90.03951689452 0
11 200 91.034399939461 0
11 400 74.5291917605535 0
11 500 65.0679524717235 0
11 700 58.916950801354 0
11 1000 45.6649741952381 0
12 0 103.592713564737 0
12 200 89.3286875056208 0
12 400 77.4382833991733 0
12 500 77.5051728096466 0
12 700 64.7245535309279 0
12 1000 48.9578511385749 0
13 0 94.06798697994 0
13 200 85.6786804223676 0
13 400 68.1440589935803 0
13 500 66.1839003557908 0
13 700 51.6690828664675 0
13 1000 36.7218735560642 0
14 0 98.402386501534 0
14 200 94.9479587148579 0
14 400 91.4488822821522 0
14 500 78.9623539818054 0
14 700 73.0633376229798 0
14 1000 58.8387949732166 0
15 0 99.1558891485826 0
15 200 103.642792245235 0
15 400 74.1643276134053 0
15 500 67.8802033978735 0
15 700 56.5415616840867 0
15 1000 34.7713299670966 0
16 0 100.131701885311 0
16 200 96.7902727696556 0
16 400 84.9729570953876 0
16 500 67.67581477391 0
16 700 49.2239521915756 0
16 1000 41.6339611956282 0
17 0 125.29890127015 0
17 200 98.4983591780012 0
17 400 75.2234617013842 0
17 500 64.3598575664957 0
17 700 52.2146376462968 0
17 1000 46.0693406863695 0
18 0 111.053150525487 0
18 200 102.323534855867 0
18 400 76.0439706196852 0
18 500 67.7440632897938 0
18 700 53.5597119491118 0
18 1000 48.2032651804164 0
19 0 97.7289722764708 0
19 200 86.258321950841 0
19 400 68.1396202144231 0
19 500 58.6247254557727 0
19 700 44.1160693733902 0
19 1000 35.0070984013611 0
20 0 100.658906957717 0
20 200 69.014780318542 0
20 400 50.8394032533746 0
20 500 35.5554138429031 0
20 700 40.0061064956241 0
20 1000 31.0005519154667 0
21 0 100.112965748806 0
21 200 78.4775377063184 0
21 400 57.3315420011858 0
21 500 60.2181875586251 0
21 700 44.6678086435837 0
21 1000 44.5884232775145 0
22 0 97.1638558099275 0
22 200 77.327218652514 0
22 400 52.438526277622 0
22 500 46.1142230680008 0
22 700 43.0236515835081 0
22 1000 39.4654251285058 0
23 0 106.16543926812 0
23 200 89.4699563628108 0
23 400 59.1454425314459 0
23 500 49.7904132084691 0
23 700 38.9332981039572 0
23 1000 35.8080775787954 0
24 0 92.1502312008206 0
24 200 104.646033209993 0
24 400 91.1512751069794 0
24 500 75.2405460106158 0
24 700 67.7368696748142 0
24 1000 62.6585348732451 0
25 0 92.2330398293106 0
25 200 93.6369034832806 0
25 400 90.6828301132931 0
25 500 89.4978324088449 0
25 700 63.9175252339634 0
25 1000 52.5454236559739 0
26 0 104.812894063958 0
26 200 75.5662911288639 0
26 400 55.1798589794153 0
26 500 56.6469984220374 0
26 700 49.7137501484426 0
26 1000 40.5275463554599 0
27 0 92.9456259554567 0
27 200 96.4947306068288 0
27 400 73.0202106220726 0
27 500 53.3506042365655 0
27 700 51.9766478469256 0
27 1000 40.1257991756695 0
28 0 102.536819375845 0
28 200 90.5397500356054 0
28 400 74.6598532409842 0
28 500 75.9766938849397 0
28 700 59.664859784062 0
28 1000 54.3365903031942 0
29 0 106.951390056671 0
29 200 90.6165019482458 0
29 400 71.9588680650657 0
29 500 68.6603279843789 0
29 700 60.3541331996199 0
29 1000 42.0072424405183 0
30 0 98.8735203005752 0
30 200 94.825127580227 0
30 400 77.3743556146391 0
30 500 72.3602172381589 0
30 700 58.9118477030651 0
30 1000 50.4989135945991 0
31 0 100.422565098917 0
31 200 96.298677340484 0
31 400 82.3430648213437 0
31 500 79.7507471121233 0
31 700 59.4745674228372 0
31 1000 42.7494699763554 0
32 0 105.661418022566 0
32 200 97.4803863009384 0
32 400 84.1723495830956 0
32 500 84.7108619752569 0
32 700 69.5189438846922 0
32 1000 50.7194770908612 0
33 0 98.3665747502689 0
33 200 98.9256860925676 0
33 400 85.6159729623856 0
33 500 82.0611443414426 0
33 700 75.4335478188421 0
33 1000 58.8302121761618 0
34 0 94.7981474974114 0
34 200 85.5741085583474 0
34 400 62.097764077592 0
34 500 67.9797196408723 0
34 700 42.499177739118 0
34 1000 47.7099407004474 0
35 0 92.7743090909871 0
35 200 94.7468279842646 0
35 400 66.212107488699 0
35 500 83.903030132027 0
35 700 64.1433606763407 0
35 1000 38.7760685576617 0
36 0 112.476040144033 0
36 200 97.4552429510972 0
36 400 76.0568532968819 0
36 500 55.4716324975081 0
36 700 45.7687402905251 0
36 1000 48.1788407264355 0
37 0 115.417106524315 0
37 200 105.990290521181 0
37 400 80.4233082200545 0
37 500 71.8390502596675 0
37 700 57.8509514303433 0
37 1000 46.1472905099699 0
38 0 108.57810469352 0
38 200 102.079494693431 0
38 400 80.0772804003893 0
38 500 68.5660920075197 0
38 700 47.6711436260547 0
38 1000 55.5709197869719 0
39 0 90.8945240247384 0
39 200 83.5463322612716 0
39 400 78.4252705698079 0
39 500 68.8675856830632 0
39 700 59.6236923008838 0
39 1000 60.7422176214168 0
40 0 76.3274630285134 0
40 200 68.0797444723802 0
40 400 53.0918045320434 0
40 500 39.9951961544476 0
40 700 42.1116477955243 0
40 1000 26.9610880875246 0
41 0 134.609222053505 0
41 200 127.996828011042 0
41 400 105.687711234998 0
41 500 98.1147613717079 0
41 700 87.5877131309836 0
41 1000 69.6867018072597 0
42 0 82.1098796917096 0
42 200 68.5480953540068 0
42 400 55.4972379923096 0
42 500 50.9340487434975 0
42 700 39.5424580123513 0
42 1000 38.1388327791358 0
43 0 92.4689891561685 0
43 200 89.643788949332 0
43 400 62.0316311625609 0
43 500 52.106641866363 0
43 700 39.6095681718533 0
43 1000 41.5285130845378 0
44 0 88.6156025014747 0
44 200 93.9828951917724 0
44 400 84.5619883301646 0
44 500 81.5820533869511 0
44 700 80.5623116024246 0
44 1000 74.7890728510901 0
45 0 109.142794413724 0
45 200 92.8262170806306 0
45 400 74.7720271861777 0
45 500 65.9931254953146 0
45 700 47.2887268212251 0
45 1000 49.6090488167675 0
46 0 96.2775698900305 0
46 200 95.3113715905306 0
46 400 64.5173352000253 0
46 500 52.2701319129676 0
46 700 48.9042818076729 0
46 1000 44.5538484528131 0
47 0 107.452649241114 0
47 200 91.2239215274974 0
47 400 66.9415974560612 0
47 500 62.5583863413427 0
47 700 54.3012102523921 0
47 1000 38.6751163111937 0
48 0 87.7210265292602 0
48 200 66.3092016972582 0
48 400 46.8687049779947 0
48 500 38.8055139237673 0
48 700 32.3993521463139 0
48 1000 26.6237662963167 0
49 0 93.5145400034925 0
49 200 65.837516039676 0
49 400 37.9033251063136 0
49 500 41.9824635050505 0
49 700 37.5919425520066 0
49 1000 38.2365003237965 0
50 0 88.8154230905305 0
50 200 76.9943886356051 0
50 400 72.9699672885003 0
50 500 68.402693685999 0
50 700 54.2499605426487 0
50 1000 35.6908755696316 0
51 0 98.6319827385837 1
51 200 77.2720425742784 1
51 400 59.0129201043979 1
51 500 42.0636384822739 1
51 700 42.7246454674154 1
51 1000 30.9681117761097 1
52 0 90.1907001823878 1
52 200 73.1827536261194 1
52 400 50.7186042808503 1
52 500 41.3197638162676 1
52 700 34.7853963855923 1
52 1000 26.7445364237502 1
53 0 131.802808427166 1
53 200 122.947101273349 1
53 400 105.708353464515 1
53 500 89.8608344548047 1
53 700 89.0376960239051 1
53 1000 59.436069371343 1
54 0 113.916087136811 1
54 200 90.3748379237775 1
54 400 61.2532811328646 1
54 500 50.062132630442 1
54 700 45.8981334398806 1
54 1000 43.5668607543791 1
55 0 79.2997359173629 1
55 200 67.2358819594173 1
55 400 45.3552362619766 1
55 500 35.6459723724117 1
55 700 37.1474199325127 1
55 1000 30.6734029070806 1
56 0 99.2226312142944 1
56 200 97.5674525615078 1
56 400 70.075137135734 1
56 500 63.4763635485462 1
56 700 51.9361567539743 1
56 1000 38.7975771012413 1
57 0 87.8747645930677 1
57 200 75.4848572769558 1
57 400 60.0362175183146 1
57 500 51.3883497939338 1
57 700 39.6218312617076 1
57 1000 34.5356905967796 1
58 0 101.571201852593 1
58 200 80.8507964692944 1
58 400 70.4072492190854 1
58 500 60.2213416546527 1
58 700 51.7157354298139 1
58 1000 45.8720268505682 1
59 0 104.207922994288 1
59 200 69.8482489616414 1
59 400 47.3675489806643 1
59 500 57.6987431727826 1
59 700 42.7717501042993 1
59 1000 26.0077706122757 1
60 0 98.0645454191034 1
60 200 58.8145550812756 1
60 400 44.7422223330947 1
60 500 33.3245485954218 1
60 700 39.5717993267257 1
60 1000 22.9648240743582 1
61 0 86.3595533100748 1
61 200 77.0344458654623 1
61 400 61.5191383904266 1
61 500 61.6866270988115 1
61 700 44.2907498267028 1
61 1000 37.641876786554 1
62 0 81.0494785017966 1
62 200 75.1281784171977 1
62 400 50.9876254235267 1
62 500 44.4327046170213 1
62 700 34.2945386438724 1
62 1000 32.7762758376411 1
63 0 113.752279515887 1
63 200 82.1651274363732 1
63 400 53.0248508280479 1
63 500 43.0132307736756 1
63 700 42.123282684271 1
63 1000 39.3671884391836 1
64 0 107.239144531173 1
64 200 71.8372033400025 1
64 400 52.8570761477048 1
64 500 38.6144551783837 1
64 700 43.4215588280504 1
64 1000 40.403397598809 1
65 0 92.6666377462072 1
65 200 81.5734136563931 1
65 400 60.1266217010858 1
65 500 47.4585519501769 1
65 700 43.0017902386812 1
65 1000 48.888752704705 1
66 0 90.1863812271976 1
66 200 66.7180796176774 1
66 400 50.8134913985156 1
66 500 41.4667561751844 1
66 700 35.1218429376085 1
66 1000 23.6736068016007 1
67 0 97.5276766230999 1
67 200 76.7292999844232 1
67 400 56.9695696011574 1
67 500 44.7708028926328 1
67 700 39.1585057144233 1
67 1000 39.8441430994431 1
68 0 102.695035070659 1
68 200 72.8959848639848 1
68 400 45.1314308521708 1
68 500 45.9130985053648 1
68 700 34.9544898930046 1
68 1000 37.8919562962932 1
69 0 109.659263112904 1
69 200 74.6310437240976 1
69 400 50.1031201441257 1
69 500 48.9793465485609 1
69 700 43.7176390151282 1
69 1000 38.8044243328143 1
70 0 87.5919848833129 1
70 200 65.5780066905021 1
70 400 36.6486992828783 1
70 500 30.5577089921435 1
70 700 29.6670689467263 1
70 1000 30.5424038034758 1
71 0 92.181628054736 1
71 200 80.7739513148213 1
71 400 59.9969338009911 1
71 500 43.3815695289535 1
71 700 41.081920736207 1
71 1000 38.1258961615236 1
72 0 108.961938735605 1
72 200 84.7239201625223 1
72 400 67.2312324704712 1
72 500 52.0680953260108 1
72 700 49.9169147969895 1
72 1000 41.8552144093038 1
73 0 99.204307228927 1
73 200 87.9129493486172 1
73 400 64.8935241063348 1
73 500 53.1559320075304 1
73 700 50.5128020296812 1
73 1000 43.1735542740073 1
74 0 113.616555774915 1
74 200 74.4854478958497 1
74 400 52.9006624800912 1
74 500 44.1222639398756 1
74 700 32.2047700485563 1
74 1000 37.7215445839068 1
75 0 94.0090182380291 1
75 200 72.1292195146849 1
75 400 49.8768473146725 1
75 500 52.8776914702112 1
75 700 43.5443466695662 1
75 1000 33.3766203544752 1
76 0 97.0857351453432 1
76 200 89.6227010428566 1
76 400 57.9051945817124 1
76 500 60.5686309930844 1
76 700 49.4084897235089 1
76 1000 38.7527454528836 1
77 0 101.184758859304 1
77 200 76.3098394133533 1
77 400 55.2068060222952 1
77 500 45.3836113492284 1
77 700 44.1410961000414 1
77 1000 41.866050290631 1
78 0 79.0841759770806 1
78 200 74.7126979637313 1
78 400 53.1482474086748 1
78 500 48.4295497201259 1
78 700 36.7230505850092 1
78 1000 33.649064982829 1
79 0 86.5393293440159 1
79 200 60.2241411693414 1
79 400 42.0954342878369 1
79 500 46.4604248963607 1
79 700 30.9968318511355 1
79 1000 38.3428074467291 1
80 0 125.866748444087 1
80 200 93.3236144669805 1
80 400 60.4585593672727 1
80 500 55.3309922190944 1
80 700 45.8525510670304 1
80 1000 37.8324933033314 1
81 0 111.368257802298 1
81 200 68.0708084576104 1
81 400 54.5136089135649 1
81 500 39.8871904155933 1
81 700 38.8028948059985 1
81 1000 36.0372918632807 1
82 0 90.1813813477727 1
82 200 78.2708084888757 1
82 400 51.0012516882487 1
82 500 50.6598081083997 1
82 700 39.6824678295445 1
82 1000 28.6580092978096 1
83 0 109.98928283297 1
83 200 88.1779276286519 1
83 400 64.864372583446 1
83 500 60.7529382594822 1
83 700 49.164839416741 1
83 1000 44.895797900183 1
84 0 100.319560762337 1
84 200 84.8633207798227 1
84 400 72.4192992295181 1
84 500 54.3972862790801 1
84 700 50.7390714190574 1
84 1000 45.1440057025205 1
85 0 114.516294414745 1
85 200 103.655516927649 1
85 400 67.0694370389402 1
85 500 67.6906219146486 1
85 700 44.6567296730868 1
85 1000 50.6643635056624 1
86 0 133.844696794844 1
86 200 116.114109193305 1
86 400 76.9985782227868 1
86 500 79.2942371393859 1
86 700 59.1025285134598 1
86 1000 64.389596122288 1
87 0 112.564539273428 1
87 200 84.0082506600834 1
87 400 55.9253575291541 1
87 500 63.2940953240795 1
87 700 50.2257994784982 1
87 1000 35.0843641744696 1
88 0 103.031981284163 1
88 200 81.6495805911415 1
88 400 65.3285331395325 1
88 500 57.4716892205476 1
88 700 45.8258945618737 1
88 1000 46.5509032540941 1
89 0 105.794397604456 1
89 200 71.9217258521007 1
89 400 48.6478572721278 1
89 500 46.1050152133942 1
89 700 40.0029166244911 1
89 1000 30.3448145899289 1
90 0 105.890015552631 1
90 200 85.4774862941212 1
90 400 55.2751209548293 1
90 500 47.6547798229272 1
90 700 45.3773394796421 1
90 1000 36.9869352399427 1
91 0 100.030954572519 1
91 200 78.5944542021582 1
91 400 70.1245386768784 1
91 500 57.2873945490043 1
91 700 43.9981976896609 1
91 1000 40.1847265656536 1
92 0 108.543890463744 1
92 200 71.3494732352188 1
92 400 63.3685449663068 1
92 500 49.428002306165 1
92 700 49.4881712758072 1
92 1000 31.4883907882262 1
93 0 101.711693986887 1
93 200 69.6615220912253 1
93 400 49.1346287205641 1
93 500 36.9368500335177 1
93 700 42.9130595602457 1
93 1000 33.5376469495519 1
94 0 94.3946625423995 1
94 200 70.8006163578557 1
94 400 42.6193784485261 1
94 500 42.2163047247098 1
94 700 43.9307639616074 1
94 1000 25.6435573639198 1
95 0 114.623554897973 1
95 200 93.0157070140761 1
95 400 65.6055058394094 1
95 500 66.7561786100725 1
95 700 50.7513482014831 1
95 1000 45.3582817815589 1
96 0 106.104610923326 1
96 200 66.3634855654973 1
96 400 43.6501841151435 1
96 500 42.3245677619436 1
96 700 30.9579133432268 1
96 1000 29.6278337653165 1
97 0 96.3957339061966 1
97 200 82.8276347995895 1
97 400 64.0812984064991 1
97 500 46.4663651868724 1
97 700 39.2986977698391 1
97 1000 40.8449956303184 1
98 0 75.363098315893 1
98 200 59.6154927972306 1
98 400 30.6148272515169 1
98 500 34.6386374570578 1
98 700 23.7618612122071 1
98 1000 27.597562184393 1
99 0 88.522722883761 1
99 200 68.5765212961154 1
99 400 47.3192524978856 1
99 500 47.7663080914402 1
99 700 43.2394788416068 1
99 1000 37.7764604508373 1
100 0 110.209003748599 1
100 200 88.2167927952758 1
100 400 56.5145021341423 1
100 500 51.932142783987 1
100 700 44.5208189207545 1
100 1000 39.8692353124455 1
