id dose eff group
1 0 119.066364345992 0
1 200 115.904984922288 0
1 400 96.6482746024357 0
1 500 77.6861835256005 0
1 700 72.8820620305926 0
1 1000 63.4692035855095 0
2 0 85.1231839676318 0
2 200 89.810638483477 0
2 400 68.6489865506139 0
2 500 59.3860824178168 0
2 700 55.8635348554907 0
2 1000 49.2574984349336 0
3 0 91.6373173351239 0
3 200 94.6334364444937 0
3 400 65.8341928991882 0
3 500 72.3687563634579 0
3 700 61.2948731355513 0
3 1000 43.6608493574971 0
4 0 83.3762673905693 0
4 200 75.6850029780095 0
4 400 56.8310445446267 0
4 500 47.7548613214376 0
4 700 51.5477179408921 0
4 1000 35.7922834268198 0
5 0 110.93227599587 0
5 200 79.8624111513189 0
5 400 67.5799650140031 0
5 500 65.3715181767144 0
5 700 53.7948455800213 0
5 1000 39.6824196446273 0
6 0 92.1216365714473 0
6 200 79.4548625491041 0
6 400 68.1169576432637 0
6 500 50.3036094418616 0
6 700 46.1586613030858 0
6 1000 33.8262114615294 0
7 0 116.993020760953 0
7 200 106.358850510195 0
7 400 98.5187434979171 0
7 500 86.5613843678679 0
7 700 81.5029990173883 0
7 1000 70.3572568311354 0
8 0 99.8466527625473 0
8 200 83.8378163407344 0
8 400 60.3573860999862 0
8 500 55.8128582399659 0
8 700 49.0691577349963 0
8 1000 37.0080513214034 0
9 0 106.384479140928 0
9 200 95.5068810705953 0
9 400 70.8452551621752 0
9 500 63.4850727573299 0
9 700 48.0651363670444 0
9 1000 41.4852109777999 0
10 0 96.6149579144126 0
10 200 87.8058789723405 0
10 400 63.4152263330551 0
10 500 51.9301195592018 0
10 700 46.4125270301124 0
10 1000 38.4244489716966 0
11 0 101.802922372378 0
11 200 83.6768685789234 0
11 400 72.3606162207169 0
11 500 59.3047995394643 0
11 700 56.0949145050124 0
11 1000 47.6690204883726 0
12 0 76.8558815936844 0
12 200 73.244139707435 0
12 400 61.6839263283113 0
12 500 56.4825882212761 0
12 700 41.0020508317196 0
12 1000 33.6325825437161 0
13 0 95.1424360707737 0
13 200 96.4826219491251 0
13 400 92.1830754833629 0
13 500 72.2961930210762 0
13 700 71.4176831392238 0
13 1000 56.8584454795569 0
14 0 98.9794745119563 0
14 200 78.6133291532244 0
14 400 68.4917729058745 0
14 500 54.3983068282921 0
14 700 43.4938639967268 0
14 1000 50.1127712466606 0
15 0 113.762859906142 0
15 200 104.114717160853 0
15 400 68.7604918590817 0
15 500 52.1220528912432 0
15 700 52.242317898084 0
15 1000 41.2386070699041 0
16 0 134.317168350082 0
16 200 102.899014530124 0
16 400 69.0148890681947 0
16 500 59.8766327405597 0
16 700 47.3431808107547 0
16 1000 40.9609618106016 0
17 0 95.1055051529954 0
17 200 76.9375319864893 0
17 400 60.7685310918519 0
17 500 50.779171797782 0
17 700 53.5201037572549 0
17 1000 40.0684032666198 0
18 0 122.482877518453 0
18 200 112.046866196891 0
18 400 74.6342119128391 0
18 500 70.1135622262984 0
18 700 56.731734779103 0
18 1000 48.3956349771914 0
19 0 103.925072664667 0
19 200 102.280952512759 0
19 400 87.4231107247165 0
19 500 77.6668839739694 0
19 700 74.7300591535646 0
19 1000 62.5441407380603 0
20 0 99.9717229337675 0
20 200 83.7499198556606 0
20 400 71.5121038383512 0
20 500 69.0434730294455 0
20 700 55.2983629214398 0
20 1000 35.3468186675953 0
21 0 102.719991513117 0
21 200 93.6401128935861 0
21 400 71.3388437069478 0
21 500 77.1618516064638 0
21 700 60.0496916020362 0
21 1000 36.0274175177058 0
22 0 91.8815022766904 0
22 200 74.141788122186 0
22 400 62.612844770779 0
22 500 58.110715160633 0
22 700 44.2178274720532 0
22 1000 35.1172456609913 0
23 0 101.00595005556 0
23 200 105.036271046247 0
23 400 79.5125854788223 0
23 500 59.4059993862496 0
23 700 57.8220330631707 0
23 1000 51.0828194248942 0
24 0 104.398264686654 0
24 200 87.881846740421 0
24 400 65.5564109993587 0
24 500 58.4310240435121 0
24 700 53.805629073616 0
24 1000 53.0390403434691 0
25 0 109.626107208876 0
25 200 89.7060589000831 0
25 400 66.186031959845 0
25 500 62.3513470854739 0
25 700 48.1174442609616 0
25 1000 39.1843024368747 0
26 0 107.497214936611 0
26 200 100.105272887115 0
26 400 58.12387495897 0
26 500 66.1519612601517 0
26 700 42.429815150866 0
26 1000 37.8975284518118 0
27 0 94.874018084192 0
27 200 87.7870883307832 0
27 400 72.1336361789788 0
27 500 63.5071038349244 0
27 700 54.1604659605809 0
27 1000 40.7907530110052 0
28 0 107.366018978179 0
28 200 108.909270776802 0
28 400 84.4228266779164 0
28 500 75.8308735280022 0
28 700 49.8640973511371 0
28 1000 37.6175026775301 0
29 0 112.278997058419 0
29 200 85.6296868117175 0
29 400 68.7229565245733 0
29 500 60.7696019940956 0
29 700 46.835321307619 0
29 1000 36.2338472019887 0
30 0 79.5750100367216 0
30 200 75.502707759073 0
30 400 61.1380874799757 0
30 500 49.7126684144369 0
30 700 45.2577837929424 0
30 1000 45.9500683529684 0
31 0 104.471565649001 0
31 200 88.5421647494837 0
31 400 85.9476815986849 0
31 500 61.394679360628 0
31 700 49.2370833116406 0
31 1000 40.5254488453583 0
32 0 97.0323562916094 0
32 200 78.4767394374885 0
32 400 65.4259239224819 0
32 500 56.7415155353955 0
32 700 42.884068855804 0
32 1000 40.3609886344833 0
33 0 87.5014474863504 0
33 200 76.9501183950738 0
33 400 57.4855530857572 0
33 500 40.4380259788851 0
33 700 38.4032061419205 0
33 1000 34.2694729916564 0
34 0 105.995642633509 0
34 200 95.4853815045744 0
34 400 88.888932396804 0
34 500 77.3746002924543 0
34 700 61.6512090747807 0
34 1000 49.6372698828102 0
35 0 103.386739203676 0
35 200 88.7660177352232 0
35 400 85.3642669364368 0
35 500 81.4332757845412 0
35 700 68.0532028418943 0
35 1000 54.538729902097 0
36 0 91.9729181747447 0
36 200 82.2700623881793 0
36 400 71.2661892500799 0
36 500 66.548483667021 0
36 700 44.4538169214921 0
36 1000 42.7810250832099 0
37 0 97.9091663899934 0
37 200 76.5236427199132 0
37 400 53.1261024485307 0
37 500 47.417116619094 0
37 700 48.1691527159476 0
37 1000 35.6912685819574 0
38 0 84.6442376836841 0
38 200 72.4691844598266 0
38 400 61.2655818738238 0
38 500 45.4222229014607 0
38 700 36.642225045275 0
38 1000 38.4858321258239 0
39 0 100.035679260294 0
39 200 90.7333665245324 0
39 400 80.0885954237639 0
39 500 78.5538700409625 0
39 700 69.7822641435166 0
39 1000 48.946350445057 0
40 0 86.9022870103417 0
40 200 92.1520936936287 0
40 400 64.7958537596468 0
40 500 59.2718146525338 0
40 700 53.5233891077523 0
40 1000 46.6424280671688 0
41 0 108.392522610517 0
41 200 102.710032800732 0
41 400 86.4056206147887 0
41 500 89.6717488376896 0
41 700 71.1060541809325 0
41 1000 57.208401028133 0
42 0 116.817143837783 0
42 200 99.919807292099 0
42 400 84.8860545291035 0
42 500 71.323471575091 0
42 700 65.6114689720884 0
42 1000 52.583094965434 0
43 0 122.413129426545 0
43 200 97.6784143101153 0
43 400 78.9613803097566 0
43 500 61.0027303089095 0
43 700 56.8589372239864 0
43 1000 46.5362974000605 0
44 0 83.3232070643436 0
44 200 71.2354439850387 0
44 400 52.3605229710129 0
44 500 33.522510354583 0
44 700 27.7671742860542 0
44 1000 28.3327746914781 0
45 0 106.794939409866 0
45 200 93.5804529007719 0
45 400 91.0266424035107 0
45 500 84.4857048383461 0
45 700 74.0149744935333 0
45 1000 60.3033892652932 0
46 0 91.7255755044265 0
46 200 86.0326263926006 0
46 400 72.4261653524315 0
46 500 71.9152508411674 0
46 700 52.4350222580934 0
46 1000 42.8920325062962 0
47 0 90.0691049512712 0
47 200 75.6227203638939 0
47 400 67.7125616374186 0
47 500 53.9528044924301 0
47 700 37.6637097550211 0
47 1000 39.5503323506309 0
48 0 98.0746642068329 0
48 200 95.3887835237745 0
48 400 66.5234046065077 0
48 500 65.609721686465 0
48 700 58.8190615447354 0
48 1000 42.2697760420427 0
49 0 122.864546882901 0
49 200 96.2312871479503 0
49 400 78.6569142484147 0
49 500 73.0887910997655 0
49 700 61.5189678484867 0
49 1000 55.6104384481381 0
50 0 119.571627170203 0
50 200 112.375809126284 0
50 400 100.42684309841 0
50 500 85.6245907338995 0
50 700 65.0041992389159 0
50 1000 61.0122662745596 0
51 0 109.523276212145 1
51 200 92.0463668167326 1
51 400 68.728688065385 1
51 500 58.7664382800638 1
51 700 41.4508430279841 1
51 1000 34.519643336055 1
52 0 104.832167870558 1
52 200 59.9782839923038 1
52 400 45.7687560697043 1
52 500 40.507811196767 1
52 700 36.2464438258126 1
52 1000 42.6913654337555 1
53 0 87.1996634956547 1
53 200 60.3684078606976 1
53 400 42.4666868438679 1
53 500 40.6097448050817 1
53 700 29.423631600708 1
53 1000 27.1085613346797 1
54 0 110.007490698139 1
54 200 74.3445817150675 1
54 400 54.9810669305092 1
54 500 43.8760587255797 1
54 700 49.6936903416941 1
54 1000 34.0744672611665 1
55 0 113.446647458995 1
55 200 86.3899740092088 1
55 400 64.5864220737903 1
55 500 58.9286396618466 1
55 700 59.4929270043236 1
55 1000 40.765299852214 1
56 0 95.0702312877749 1
56 200 54.3069261359458 1
56 400 44.6661312063685 1
56 500 40.22026476104 1
56 700 32.1403965711484 1
56 1000 38.6346398399876 1
57 0 115.667318049478 1
57 200 104.438929901803 1
57 400 84.2080799407963 1
57 500 75.9638152495706 1
57 700 56.2209378379553 1
57 1000 54.5532161467443 1
58 0 106.223605299501 1
58 200 90.293644098885 1
58 400 64.7538899516633 1
58 500 51.1329220450771 1
58 700 46.4296529008706 1
58 1000 37.4807039254829 1
59 0 99.5467394730163 1
59 200 64.6488170078481 1
59 400 47.9866875051012 1
59 500 35.6429854787958 1
59 700 34.3615726426915 1
59 1000 25.4109817863965 1
60 0 101.252764552639 1
60 200 67.3645108987721 1
60 400 56.6633761900474 1
60 500 47.1225921219966 1
60 700 36.6552750515474 1
60 1000 41.6191409612452 1
61 0 103.538013937631 1
61 200 74.0859042951439 1
61 400 60.201485730437 1
61 500 42.7299422940775 1
61 700 41.7595339108206 1
61 1000 35.3061494383543 1
62 0 87.077167405524 1
62 200 64.8752793029176 1
62 400 47.8094249343825 1
62 500 40.8715917366579 1
62 700 35.2006889066347 1
62 1000 36.6051526122269 1
63 0 90.9529859157994 1
63 200 52.4198752755391 1
63 400 44.2562203339604 1
63 500 35.9870428827203 1
63 700 33.5578719601741 1
63 1000 35.8548765361496 1
64 0 89.6801502205156 1
64 200 73.9350508895764 1
64 400 53.8112691593325 1
64 500 51.3562888015565 1
64 700 38.4016425974332 1
64 1000 44.4747612739557 1
65 0 94.6553302255867 1
65 200 78.4044836459418 1
65 400 56.3146189727463 1
65 500 52.7374069811747 1
65 700 48.118191310906 1
65 1000 47.162452383424 1
66 0 120.776653888351 1
66 200 99.3507775068352 1
66 400 70.8345336264646 1
66 500 51.382625226568 1
66 700 45.0743107747186 1
66 1000 52.9999083596944 1
67 0 99.336287634502 1
67 200 67.1361315749214 1
67 400 51.7575098052003 1
67 500 37.5229440988242 1
67 700 37.1792203471881 1
67 1000 38.1676592356836 1
68 0 125.945639485517 1
68 200 100.99342737649 1
68 400 71.6767049433545 1
68 500 64.4200719210653 1
68 700 48.9247710877534 1
68 1000 44.8119889861001 1
69 0 89.6880754868767 1
69 200 66.1485942080671 1
69 400 55.9157097611686 1
69 500 41.9794443115104 1
69 700 28.9499157037003 1
69 1000 26.0833938566668 1
70 0 100.857279977532 1
70 200 101.111665111854 1
70 400 64.7686315371547 1
70 500 57.1867179375953 1
70 700 49.0094724857565 1
70 1000 30.9468046045025 1
71 0 95.5690305807756 1
71 200 80.4906125250115 1
71 400 57.061186342411 1
71 500 48.7765545729448 1
71 700 40.3389048332031 1
71 1000 28.6522995137482 1
72 0 106.211603275416 1
72 200 78.902009056076 1
72 400 56.0094713316044 1
72 500 47.6804734285734 1
72 700 51.1735009036819 1
72 1000 33.2261158836098 1
73 0 101.54796035613 1
73 200 67.7496438886415 1
73 400 52.1077940359762 1
73 500 49.4298002269972 1
73 700 41.2807738968784 1
73 1000 27.9083455611212 1
74 0 111.99825916793 1
74 200 87.5100904260572 1
74 400 62.5657235581363 1
74 500 54.811930052845 1
74 700 54.2572615045195 1
74 1000 45.8882913675101 1
75 0 97.3270909817154 1
75 200 92.814198781783 1
75 400 66.7577699924721 1
75 500 62.0001352202549 1
75 700 47.4594257578106 1
75 1000 38.2654084320342 1
76 0 101.777119886447 1
76 200 74.7384952650942 1
76 400 57.7317309475278 1
76 500 48.6880431718756 1
76 700 44.8453661642044 1
76 1000 32.2191569413011 1
77 0 92.8489329335258 1
77 200 82.2668209668483 1
77 400 63.2594135684462 1
77 500 46.4527885132184 1
77 700 42.0351369247983 1
77 1000 36.9311912810656 1
78 0 101.488345393199 1
78 200 73.5121373906064 1
78 400 55.9412300566873 1
78 500 50.1581242945239 1
78 700 37.0622750401497 1
78 1000 32.7836122409283 1
79 0 98.8315107379899 1
79 200 72.6443021106076 1
79 400 46.487667913937 1
79 500 47.4812660289627 1
79 700 31.2103209205668 1
79 1000 28.9006787779315 1
80 0 117.548318133803 1
80 200 98.9893570017229 1
80 400 76.6616650313028 1
80 500 69.9727520787792 1
80 700 53.7049495682411 1
80 1000 40.0635721017763 1
81 0 102.326047647157 1
81 200 78.388116605637 1
81 400 46.5981062931085 1
81 500 49.9440523797316 1
81 700 33.5992495940944 1
81 1000 43.5852989855488 1
82 0 94.7835624762544 1
82 200 72.6232290858874 1
82 400 51.4319192007842 1
82 500 58.8897850408563 1
82 700 37.6748687402043 1
82 1000 29.661251955653 1
83 0 105.69965571164 1
83 200 62.8077989183383 1
83 400 48.9888440794631 1
83 500 40.5330326591181 1
83 700 38.713797531806 1
83 1000 42.9023411862809 1
84 0 87.9788107056795 1
84 200 83.6978575306588 1
84 400 68.8009191219353 1
84 500 56.3398237606246 1
84 700 53.4006565820699 1
84 1000 40.38236669696 1
85 0 94.7191324836356 1
85 200 74.833799641934 1
85 400 37.3425100054067 1
85 500 37.0986410098834 1
85 700 35.6062549477856 1
85 1000 28.4107771859509 1
86 0 94.3699255441102 1
86 200 58.0939550925129 1
86 400 37.0435683093697 1
86 500 41.2713964703251 1
86 700 36.4326784250592 1
86 1000 27.9142371270886 1
87 0 101.838611078838 1
87 200 78.3090485085256 1
87 400 54.5328738219966 1
87 500 45.5945771800138 1
87 700 31.3082943057896 1
87 1000 39.5564626738978 1
88 0 110.179529522954 1
88 200 66.3756199375756 1
88 400 33.5012494371493 1
88 500 49.5116414445553 1
88 700 33.6511633825371 1
88 1000 32.123547494798 1
89 0 101.590332785255 1
89 200 71.9749339169652 1
89 400 61.3026903565163 1
89 500 48.6867084985863 1
89 700 41.0556588543267 1
89 1000 37.5572550314911 1
90 0 89.5307805118249 1
90 200 78.781202327365 1
90 400 55.4857964944157 1
90 500 55.5979599502357 1
90 700 45.5281343856478 1
90 1000 39.2806633923488 1
91 0 114.018432955887 1
91 200 98.1897099488127 1
91 400 68.3204427974275 1
91 500 53.5818160056123 1
91 700 55.7656625516016 1
91 1000 42.7308787489278 1
92 0 126.080585051708 1
92 200 87.9344397063375 1
92 400 61.7016743205091 1
92 500 56.8885144505917 1
92 700 44.3750561494327 1
92 1000 33.5757536886208 1
93 0 89.1807399772993 1
93 200 65.7621625353124 1
93 400 42.985887729295 1
93 500 40.9313348508343 1
93 700 27.7677207826558 1
93 1000 35.4822797513652 1
94 0 68.2003175993581 1
94 200 43.8383241421575 1
94 400 44.2163789808406 1
94 500 26.119256971797 1
94 700 28.3401718565034 1
94 1000 22.5297304680441 1
95 0 104.633071215839 1
95 200 104.470973667503 1
95 400 87.7759180682773 1
95 500 73.7991515643699 1
95 700 60.9219715976997 1
95 1000 50.3008255040465 1
96 0 92.334858844867 1
96 200 71.2074467487928 1
96 400 52.0850493552582 1
96 500 39.4083017266544 1
96 700 29.7845623893362 1
96 1000 29.8292361894549 1
97 0 112.584777149125 1
97 200 89.4215286900024 1
97 400 56.4621482429426 1
97 500 48.8990406068332 1
97 700 41.4510813301333 1
97 1000 45.0521750151758 1
98 0 85.1855320536433 1
98 200 81.0897082373823 1
98 400 65.9915787259085 1
98 500 41.6762901106977 1
98 700 30.7375615408018 1
98 1000 42.8883092278171 1
99 0 100.626359947202 1
99 200 78.5867364720851 1
99 400 39.6062584054521 1
99 500 47.3557687161204 1
99 700 39.1792399627846 1
99 1000 37.7004470895856 1
100 0 82.8021407345149 1
100 200 75.6414617637533 1
100 400 56.4782975208699 1
100 500 50.1776871170069 1
100 700 37.8234780181344 1
100 1000 24.63755431415 1
