id dose eff group
1 0 93.634646726059 0
1 200 90.3089611502701 0
1 400 84.1872457848025 0
1 500 70.3177865891806 0
1 700 62.2334121679678 0
1 1000 56.5929195404813 0
2 0 90.6331009369724 0
2 200 69.4486591031703 0
2 400 44.7857667252469 0
2 500 47.3840000249484 0
2 700 48.4474607616797 0
2 1000 37.3255341966889 0
3 0 112.913426679188 0
3 200 79.3352683096335 0
3 400 58.0560187398559 0
3 500 56.763594362767 0
3 700 43.9561264055799 0
3 1000 30.4683118201681 0
4 0 90.5437224595173 0
4 200 80.6422671657319 0
4 400 69.471327182986 0
4 500 65.6891633931401 0
4 700 46.9101050010544 0
4 1000 47.5985889508632 0
5 0 97.9609192075192 0
5 200 88.9609477013347 0
5 400 95.5817579088066 0
5 500 73.7215017181505 0
5 700 70.8588365961634 0
5 1000 58.4706802213781 0
6 0 101.4714850484 0
6 200 85.5343295312753 0
6 400 74.5937595820695 0
6 500 44.1719226740304 0
6 700 45.2267951215914 0
6 1000 41.389343976055 0
7 0 91.0068546064728 0
7 200 78.4814866001089 0
7 400 65.6224308948389 0
7 500 53.9038748298164 0
7 700 46.9820527796631 0
7 1000 33.9400061086637 0
8 0 104.693962264731 0
8 200 83.3536470088533 0
8 400 57.2022790904402 0
8 500 56.9791524264737 0
8 700 46.4356760711573 0
8 1000 44.3844542488299 0
9 0 92.2025788273773 0
9 200 74.4507816506279 0
9 400 70.0236420064192 0
9 500 56.9546022353762 0
9 700 49.7508999664195 0
9 1000 31.5534570919018 0
10 0 101.748081909783 0
10 200 96.8392543242225 0
10 400 89.6268203139979 0
10 500 82.1290577067707 0
10 700 69.6116182753536 0
10 1000 51.8871005255034 0
11 0 110.26619119216 0
11 200 108.155719112588 0
11 400 95.1800001542948 0
11 500 87.8504093228592 0
11 700 76.4289318996885 0
11 1000 55.8522200325889 0
12 0 91.3167966800255 0
12 200 69.733680633352 0
12 400 64.115877465227 0
12 500 63.3483668663038 0
12 700 44.5213052138672 0
12 1000 31.0292285979028 0
13 0 89.9356128781597 0
13 200 83.5229526140151 0
13 400 67.9066489873969 0
13 500 61.7221701698607 0
13 700 50.3019686209161 0
13 1000 33.506038839752 0
14 0 86.1878615876162 0
14 200 86.0885369676428 0
14 400 73.7738540469986 0
14 500 83.3823193394726 0
14 700 59.7986098796869 0
14 1000 49.8770090677617 0
15 0 104.780342752353 0
15 200 107.704193663353 0
15 400 87.3344065999521 0
15 500 72.8319402191483 0
15 700 63.1989210688667 0
15 1000 39.277094434044 0
16 0 111.888214889589 0
16 200 94.4580057588991 0
16 400 65.3089539079651 0
16 500 52.6247961559256 0
16 700 50.09740941078 0
16 1000 37.0805688237431 0
17 0 76.5654395710767 0
17 200 78.8552488906317 0
17 400 59.4609560769132 0
17 500 52.8673391359793 0
17 700 43.2905159106312 0
17 1000 37.9636947917017 0
18 0 134.258020665683 0
18 200 114.878155695792 0
18 400 93.7774180956959 0
18 500 88.4333046490372 0
18 700 74.3452743899713 0
18 1000 62.8334909787236 0
19 0 106.350674698802 0
19 200 82.1608289860638 0
19 400 66.6154310752183 0
19 500 50.9959549861243 0
19 700 49.7449093680671 0
19 1000 40.0308709412885 0
20 0 89.7834952537843 0
20 200 76.194022831007 0
20 400 61.5905595317337 0
20 500 60.5341414354967 0
20 700 50.0709500981499 0
20 1000 33.3266708790951 0
21 0 97.943091832568 0
21 200 94.8856562226155 0
21 400 80.9890763313739 0
21 500 69.3442529125066 0
21 700 48.4186500242635 0
21 1000 46.2111078624117 0
22 0 111.986327683849 0
22 200 84.7681658725389 0
22 400 67.8413049400435 0
22 500 62.4635057320749 0
22 700 55.2050338817611 0
22 1000 54.0042453406491 0
23 0 85.2758050449987 0
23 200 75.9765336435553 0
23 400 63.193681162455 0
23 500 54.9348540772621 0
23 700 51.7869212169124 0
23 1000 39.817204303222 0
24 0 126.284630871554 0
24 200 118.747161826842 0
24 400 92.1422994195704 0
24 500 89.8333900983119 0
24 700 72.3637398055633 0
24 1000 54.3092567308777 0
25 0 96.8193510336109 0
25 200 81.2863297964868 0
25 400 74.8178577391922 0
25 500 68.3250654907247 0
25 700 48.2859708842691 0
25 1000 28.7209670881414 0
26 0 99.3211646739902 0
26 200 88.9336470170907 0
26 400 71.180275352746 0
26 500 59.2693270790491 0
26 700 55.8276222570075 0
26 1000 41.45837993455 0
27 0 90.2027200775892 0
27 200 81.2788327224296 0
27 400 60.881448574071 0
27 500 56.5149170843786 0
27 700 46.8021288096991 0
27 1000 32.4087405453055 0
28 0 98.7380550610582 0
28 200 84.0144520702547 0
28 400 66.7523249490889 0
28 500 52.2769796151588 0
28 700 54.5950503252615 0
28 1000 43.9039881174735 0
29 0 79.8474805030457 0
29 200 71.0065066635804 0
29 400 83.1109239197321 0
29 500 67.364868090816 0
29 700 55.4650299616142 0
29 1000 43.1409563992675 0
30 0 104.373930159571 0
30 200 94.3265065896337 0
30 400 79.212811986528 0
30 500 91.7678842129674 0
30 700 78.1786697992007 0
30 1000 58.8096041363276 0
31 0 95.9484276665676 0
31 200 92.0138967180553 0
31 400 90.1230530666109 0
31 500 73.2303495131695 0
31 700 57.5838759633089 0
31 1000 47.1198405572893 0
32 0 105.37751337602 0
32 200 97.4512332481204 0
32 400 82.4715130089126 0
32 500 76.5599915673402 0
32 700 51.8924149957703 0
32 1000 57.7237537039668 0
33 0 103.086468007314 0
33 200 101.278496577497 0
33 400 82.7157538457799 0
33 500 75.8120343523064 0
33 700 64.6480631074375 0
33 1000 58.9898612641628 0
34 0 93.8521720279965 0
34 200 94.7390634412641 0
34 400 74.4238598318456 0
34 500 67.2382800112685 0
34 700 51.7883851865754 0
34 1000 43.3581573336902 0
35 0 110.482890513375 0
35 200 96.7362646195215 0
35 400 83.9895042639338 0
35 500 78.8483451408068 0
35 700 64.5360930534413 0
35 1000 55.7681520856303 0
36 0 104.315458171967 0
36 200 83.9923789221625 0
36 400 71.5187712098796 0
36 500 64.9530507358259 0
36 700 47.4634096027654 0
36 1000 34.1831321419224 0
37 0 101.648476474421 0
37 200 104.355355234587 0
37 400 90.7871682057013 0
37 500 76.0951998186761 0
37 700 72.0632927002365 0
37 1000 62.2004359041536 0
38 0 93.7567951193822 0
38 200 91.0657756178709 0
38 400 89.8656190015104 0
38 500 74.9347750023727 0
38 700 70.1202866727573 0
38 1000 54.9788557624416 0
39 0 104.434850631461 0
39 200 87.2265931904541 0
39 400 60.7227642998024 0
39 500 58.0312152251091 0
39 700 44.4155786967613 0
39 1000 36.9904279301508 0
40 0 107.708812668073 0
40 200 104.509777080519 0
40 400 92.5121531278484 0
40 500 90.6957571308134 0
40 700 73.0398079490245 0
40 1000 51.0443847235176 0
41 0 74.2018582888721 0
41 200 75.7052450758507 0
41 400 74.3921509263928 0
41 500 52.8329756392874 0
41 700 54.821089926338 0
41 1000 34.7424116203835 0
42 0 103.456188419778 0
42 200 90.6104421888732 0
42 400 59.0219953516913 0
42 500 52.7758065432853 0
42 700 52.4613421703358 0
42 1000 47.0662199481693 0
43 0 109.685235460622 0
43 200 82.4604451201171 0
43 400 59.7275794897701 0
43 500 60.2657677457297 0
43 700 47.4102486624701 0
43 1000 37.536805081507 0
44 0 104.422482085903 0
44 200 78.6701335515433 0
44 400 60.0041583049041 0
44 500 64.1876054636049 0
44 700 48.9027656329585 0
44 1000 41.6100805358432 0
45 0 99.3108819766306 0
45 200 80.0761157642917 0
45 400 74.3091233413809 0
45 500 62.6365741126737 0
45 700 47.9738461355486 0
45 1000 38.1308324987307 0
46 0 99.2074058151369 0
46 200 92.1521405494682 0
46 400 53.0528273844752 0
46 500 50.7423459254594 0
46 700 43.2167311685633 0
46 1000 37.839808596167 0
47 0 102.074787487506 0
47 200 89.4148269154693 0
47 400 79.9557304478664 0
47 500 64.9149020492769 0
47 700 50.5095435978243 0
47 1000 46.5579797547737 0
48 0 93.6503779411058 0
48 200 67.882036117179 0
48 400 52.181805545219 0
48 500 43.5251265432414 0
48 700 37.5667571443499 0
48 1000 39.0885738167745 0
49 0 97.2227830079668 0
49 200 87.3877922754751 0
49 400 69.9890162365205 0
49 500 68.6210932950932 0
49 700 69.2660009604245 0
49 1000 50.0311649870852 0
50 0 112.806465804888 0
50 200 85.2398973155648 0
50 400 83.1780019502148 0
50 500 70.3352318026938 0
50 700 57.2919185965455 0
50 1000 48.7399507322101 0
51 0 93.8600609291644 1
51 200 59.2196552689718 1
51 400 29.3130638201528 1
51 500 33.7319590358828 1
51 700 38.8175448975608 1
51 1000 33.7988886910991 1
52 0 97.8466932893992 1
52 200 90.3998561277852 1
52 400 76.2005149538518 1
52 500 65.4386330611734 1
52 700 46.7799725611447 1
52 1000 42.3874744916764 1
53 0 98.4808465224966 1
53 200 71.4363224912052 1
53 400 40.7940660180156 1
53 500 38.2887356464385 1
53 700 30.9253224496791 1
53 1000 23.9710032021474 1
54 0 106.497364492944 1
54 200 83.5765539881651 1
54 400 42.8502215232956 1
54 500 43.1725343264072 1
54 700 33.2761523928277 1
54 1000 41.968361054908 1
55 0 102.996980840596 1
55 200 82.3593508876379 1
55 400 71.6755207520409 1
55 500 55.4472544132672 1
55 700 49.4806999228182 1
55 1000 41.6671464658813 1
56 0 100.478471647087 1
56 200 97.6949030185677 1
56 400 65.8116147136358 1
56 500 52.4222507362879 1
56 700 40.155742128569 1
56 1000 40.6671118947245 1
57 0 101.434020275328 1
57 200 85.2894892493688 1
57 400 57.0653738749532 1
57 500 45.4743216844331 1
57 700 38.1861983180372 1
57 1000 43.0851139478019 1
58 0 91.4116976700393 1
58 200 70.4517721874678 1
58 400 48.6690442133085 1
58 500 41.0708438108074 1
58 700 43.5365111550635 1
58 1000 29.2956860480353 1
59 0 108.830306644475 1
59 200 87.2388229126357 1
59 400 63.7915640418456 1
59 500 62.4006359182168 1
59 700 48.6582378013357 1
59 1000 37.279548072756 1
60 0 102.980007413651 1
60 200 61.198177657449 1
60 400 43.2705698834625 1
60 500 44.8352353924137 1
60 700 35.0792392112557 1
60 1000 22.6115505089107 1
61 0 104.367380794599 1
61 200 87.8806901316382 1
61 400 64.4952623713626 1
61 500 57.0323214187487 1
61 700 55.6080080106799 1
61 1000 48.9698626806954 1
62 0 104.168981193277 1
62 200 85.0358094551387 1
62 400 60.5101995468412 1
62 500 56.2534039279282 1
62 700 45.0287748415909 1
62 1000 33.2515700065962 1
63 0 111.02566240932 1
63 200 93.5985359460676 1
63 400 79.0789114208714 1
63 500 60.780360423382 1
63 700 51.1110440065054 1
63 1000 38.289132720078 1
64 0 91.9232565964293 1
64 200 77.3398279390192 1
64 400 48.3045537676807 1
64 500 47.7141034375001 1
64 700 36.5392940948739 1
64 1000 41.1184192139487 1
65 0 110.371171174441 1
65 200 85.097908855753 1
65 400 59.9883533111208 1
65 500 47.8056075732523 1
65 700 48.6004492821722 1
65 1000 38.099449440374 1
66 0 111.314432887664 1
66 200 93.8935084678908 1
66 400 76.3241668297238 1
66 500 53.8334656509568 1
66 700 47.5382654646718 1
66 1000 35.4288961618109 1
67 0 111.373249434854 1
67 200 75.128811877622 1
67 400 39.5269206066718 1
67 500 50.4025138188935 1
67 700 43.9082645964322 1
67 1000 34.6271139194732 1
68 0 94.1149242398584 1
68 200 84.5942243025079 1
68 400 57.1031639608405 1
68 500 54.5252226866673 1
68 700 40.1312409539926 1
68 1000 37.5926161019499 1
69 0 100.815256226051 1
69 200 75.025327423374 1
69 400 49.1911426029233 1
69 500 41.8796899274769 1
69 700 33.8023273434391 1
69 1000 33.5639346238004 1
70 0 101.181944017935 1
70 200 77.0700550547719 1
70 400 52.9829494079826 1
70 500 43.7069030287131 1
70 700 35.0928454501644 1
70 1000 41.7079361143185 1
71 0 108.004574203668 1
71 200 98.4230795103863 1
71 400 72.1001740748954 1
71 500 70.8816704240927 1
71 700 50.7331525242579 1
71 1000 47.6888290974916 1
72 0 117.495876802811 1
72 200 80.0074005844509 1
72 400 50.4442453481287 1
72 500 52.4581439986131 1
72 700 48.7579075429665 1
72 1000 32.410906129655 1
73 0 110.329907159067 1
73 200 78.9693812530294 1
73 400 51.0492637968227 1
73 500 48.6601721179249 1
73 700 38.5547408705923 1
73 1000 38.2625927966131 1
74 0 97.3401977934353 1
74 200 71.8476053613636 1
74 400 53.9147146234617 1
74 500 36.2193867364415 1
74 700 43.0482768631772 1
74 1000 24.7380302651248 1
75 0 99.5859368198567 1
75 200 90.3686729635765 1
75 400 56.6882381346929 1
75 500 57.1638523066673 1
75 700 42.3519082530834 1
75 1000 41.1738497503215 1
76 0 93.6470175244248 1
76 200 90.479077330341 1
76 400 63.1898986170921 1
76 500 57.1710334075783 1
76 700 52.2917482955509 1
76 1000 38.2173925939273 1
77 0 97.8002748058411 1
77 200 56.8547433369782 1
77 400 48.4519301768392 1
77 500 44.2748079102912 1
77 700 38.3626426803245 1
77 1000 31.2787082635563 1
78 0 92.5380026400587 1
78 200 75.5740209793101 1
78 400 69.9465709084687 1
78 500 48.9743328346127 1
78 700 51.6684074450958 1
78 1000 39.0557601763734 1
79 0 96.9385955329072 1
79 200 85.1126129703158 1
79 400 53.0463039298845 1
79 500 48.5805290780322 1
79 700 48.5759814306669 1
79 1000 43.2603677654702 1
80 0 112.986198313154 1
80 200 79.0130299069157 1
80 400 57.2286061653642 1
80 500 59.6279140287679 1
80 700 40.5057699945094 1
80 1000 37.3980635213301 1
81 0 93.0373289390602 1
81 200 92.4660275108709 1
81 400 57.8080958164371 1
81 500 54.61848088145 1
81 700 36.1277386727748 1
81 1000 27.1628286179268 1
82 0 93.7135995904006 1
82 200 73.9293367352265 1
82 400 46.185704066364 1
82 500 54.1183731473999 1
82 700 38.6099930700548 1
82 1000 32.6792035431648 1
83 0 102.661646256989 1
83 200 74.5679689177806 1
83 400 56.7897916820846 1
83 500 52.3699134464452 1
83 700 39.5561843148491 1
83 1000 34.0307258247206 1
84 0 121.502893582469 1
84 200 104.615969214858 1
84 400 78.9907038505429 1
84 500 65.6203772471716 1
84 700 47.2497236956659 1
84 1000 53.2731051715627 1
85 0 100.38864320795 1
85 200 74.5197659369815 1
85 400 61.1675386276326 1
85 500 59.0064002273498 1
85 700 38.0482963042671 1
85 1000 36.894431229578 1
86 0 118.604820051392 1
86 200 98.3997924987044 1
86 400 73.9018782354256 1
86 500 53.6094528846508 1
86 700 52.8986409579109 1
86 1000 44.456158123475 1
87 0 105.009389812323 1
87 200 90.3652590605498 1
87 400 73.6977914712605 1
87 500 57.7763063680633 1
87 700 41.8214547796908 1
87 1000 44.3909577002735 1
88 0 126.510067751473 1
88 200 86.9018133997089 1
88 400 59.5019813575739 1
88 500 49.9168815008486 1
88 700 40.7085365290442 1
88 1000 38.4931833193269 1
89 0 109.401642359396 1
89 200 87.219783821691 1
89 400 58.3026200697391 1
89 500 48.7629837985201 1
89 700 51.6323659104477 1
89 1000 38.3651614721906 1
90 0 86.1215223116639 1
90 200 76.9802993453521 1
90 400 60.772862152495 1
90 500 49.3712465077076 1
90 700 36.187472131993 1
90 1000 34.7316673806198 1
91 0 103.003568328647 1
91 200 61.735388829923 1
91 400 47.9955357282242 1
91 500 46.7709116027975 1
91 700 35.8976576803488 1
91 1000 30.6695078657244 1
92 0 81.7223996965354 1
92 200 64.7470103851289 1
92 400 55.9864902465279 1
92 500 37.639267798692 1
92 700 35.3889193904105 1
92 1000 19.886484996622 1
93 0 115.639624020209 1
93 200 105.708596449903 1
93 400 72.1477299901954 1
93 500 61.1749911953291 1
93 700 55.8610793585833 1
93 1000 39.7002886925337 1
94 0 101.764768457674 1
94 200 66.026381843424 1
94 400 45.263468999229 1
94 500 43.7062885807395 1
94 700 34.9665644804117 1
94 1000 26.3031739305623 1
95 0 97.2943412582821 1
95 200 71.1522676857605 1
95 400 43.2398259730001 1
95 500 34.164335070626 1
95 700 30.1379515234801 1
95 1000 32.3586187781526 1
96 0 80.116906284121 1
96 200 72.7345570819504 1
96 400 51.9626067823373 1
96 500 45.3897371120357 1
96 700 47.618921831466 1
96 1000 31.0890864610833 1
97 0 98.1098873102487 1
97 200 65.6794120508413 1
97 400 48.1106643528024 1
97 500 39.9410018705739 1
97 700 34.8382022319635 1
97 1000 24.007161826307 1
98 0 98.4186550479704 1
98 200 71.2480943936061 1
98 400 54.5449456573373 1
98 500 43.0592487282653 1
98 700 30.5340748941973 1
98 1000 28.6454426063424 1
99 0 90.9940669319682 1
99 200 75.8734442839986 1
99 400 53.6417076124835 1
99 500 38.7299275774037 1
99 700 38.5881754163306 1
99 1000 29.7113331381843 1
100 0 85.7907272335291 1
100 200 50.9719248033009 1
100 400 48.2176485538255 1
100 500 31.8862150702427 1
100 700 44.0823260332786 1
100 1000 24.2824323353019 1
