id dose eff group
1 0 93.9302397697932 0
1 200 81.3685353096519 0
1 400 78.6819095780072 0
1 500 75.2957017892668 0
1 700 58.9149500451827 0
1 1000 54.3911431648219 0
2 0 83.7721032253197 0
2 200 89.2750615864114 0
2 400 68.9672190473609 0
2 500 69.2060420618227 0
2 700 61.0792236281673 0
2 1000 50.0940549866507 0
3 0 83.9013837444607 0
3 200 81.9395871977828 0
3 400 74.0324486440988 0
3 500 74.4636056963476 0
3 700 45.1501126235446 0
3 1000 49.1492668386696 0
4 0 102.468423316041 0
4 200 96.5509629333952 0
4 400 71.7216850441908 0
4 500 72.75596704139 0
4 700 51.2067202858889 0
4 1000 44.0963487144395 0
5 0 95.8655994682533 0
5 200 91.4151532267245 0
5 400 72.6305435786673 0
5 500 64.6020720196543 0
5 700 62.2474016741438 0
5 1000 49.7099139631645 0
6 0 99.5432094933904 0
6 200 88.8215651803797 0
6 400 50.5276766786111 0
6 500 49.0192028875516 0
6 700 47.1305931997876 0
6 1000 25.4664026057502 0
7 0 107.060319712781 0
7 200 84.8035554642551 0
7 400 79.5851627427965 0
7 500 56.8048366905489 0
7 700 47.7163085138611 0
7 1000 52.215550856164 0
8 0 97.7125928229701 0
8 200 86.3743806507842 0
8 400 62.3388018454329 0
8 500 62.9813239063319 0
8 700 45.8487990004259 0
8 1000 40.1169619922865 0
9 0 100.087433705741 0
9 200 83.0124369321682 0
9 400 73.711395909938 0
9 500 61.0290866978763 0
9 700 55.1738133228913 0
9 1000 37.7993075675933 0
10 0 96.5354931110992 0
10 200 74.0972104703126 0
10 400 47.7570851626087 0
10 500 52.9555286960481 0
10 700 36.7934286427186 0
10 1000 37.5180674970623 0
11 0 103.755660677329 0
11 200 95.2096385604956 0
11 400 77.8750507823998 0
11 500 68.7111031464084 0
11 700 60.8023814698423 0
11 1000 48.4642189410021 0
12 0 97.4317245221361 0
12 200 87.4209756526335 0
12 400 72.7016635689832 0
12 500 76.3368849871472 0
12 700 68.948676415766 0
12 1000 51.0026980659809 0
13 0 121.753656501618 0
13 200 95.5238210575537 0
13 400 73.2980421292161 0
13 500 44.9001036949572 0
13 700 37.1769200819929 0
13 1000 41.5661426700713 0
14 0 97.8871997890513 0
14 200 96.0517338727511 0
14 400 81.7914101798821 0
14 500 69.2363522482138 0
14 700 63.5718465673969 0
14 1000 48.0628948433818 0
15 0 119.553285252941 0
15 200 114.277224189426 0
15 400 98.1917358419935 0
15 500 90.2468997337103 0
15 700 70.6895875276512 0
15 1000 50.3203798213657 0
16 0 108.458547165975 0
16 200 95.0415129198826 0
16 400 86.4139653270557 0
16 500 73.8055891572918 0
16 700 75.1728272260122 0
16 1000 56.0269408267877 0
17 0 99.1300202424349 0
17 200 77.042932976494 0
17 400 51.2447779318476 0
17 500 47.5272873551534 0
17 700 42.4466270899176 0
17 1000 35.3912047230692 0
18 0 97.2454357609979 0
18 200 91.5494963145007 0
18 400 76.5649354231095 0
18 500 62.0521058937735 0
18 700 51.6288744583602 0
18 1000 45.1643842262063 0
19 0 77.1194825447008 0
19 200 73.4371746113025 0
19 400 47.6094531923009 0
19 500 49.0954760425409 0
19 700 28.5698633669776 0
19 1000 38.5915101366695 0
20 0 100.605702313449 0
20 200 80.8205293073969 0
20 400 60.967614272055 0
20 500 54.246368028868 0
20 700 42.0817574450674 0
20 1000 36.4425088420416 0
21 0 103.678401202752 0
21 200 85.1368244523097 0
21 400 78.4628183955144 0
21 500 66.1596935553592 0
21 700 60.7954935202131 0
21 1000 49.1548852962287 0
22 0 132.505121654613 0
22 200 86.4650152413388 0
22 400 62.3588307963319 0
22 500 58.6800199702527 0
22 700 42.2494565238122 0
22 1000 40.5611765943237 0
23 0 108.398071419874 0
23 200 92.4021040431922 0
23 400 77.7695214507947 0
23 500 57.9874111988663 0
23 700 54.9324742155781 0
23 1000 44.1631318967096 0
24 0 95.1388550728788 0
24 200 89.2845114222179 0
24 400 75.0273040705994 0
24 500 71.697233539754 0
24 700 42.9493330960689 0
24 1000 43.906104575366 0
25 0 107.574806175581 0
25 200 94.5032738398086 0
25 400 80.3450244964869 0
25 500 71.6961984891155 0
25 700 54.5969760680055 0
25 1000 41.2066713553752 0
26 0 96.4999555882092 0
26 200 97.9070575297776 0
26 400 70.3186358041864 0
26 500 66.5593714706332 0
26 700 58.504240916337 0
26 1000 42.9455344569399 0
27 0 91.6933479361645 0
27 200 84.5931413124037 0
27 400 78.4188923461988 0
27 500 66.9509152425045 0
27 700 61.2609865183947 0
27 1000 57.896633607838 0
28 0 101.563170547928 0
28 200 83.4844700295015 0
28 400 60.9451856139412 0
28 500 59.1869182901071 0
28 700 46.3399715644378 0
28 1000 34.2048034708929 0
29 0 95.1591878580674 0
29 200 75.3113592203026 0
29 400 64.8435205535817 0
29 500 61.9126373749598 0
29 700 46.7796315953838 0
29 1000 43.9902113566596 0
30 0 99.0661652571552 0
30 200 95.447855215373 0
30 400 75.6617005790287 0
30 500 75.2037486789061 0
30 700 61.2231888211991 0
30 1000 46.4045425872681 0
31 0 106.456932968763 0
31 200 82.8241789385506 0
31 400 56.4222046374805 0
31 500 64.5535364312649 0
31 700 51.0818495279053 0
31 1000 34.6080328204769 0
32 0 111.580937378763 0
32 200 97.6590223655825 0
32 400 89.1402818239576 0
32 500 82.6464302839642 0
32 700 66.3382968341423 0
32 1000 52.8459680640369 0
33 0 90.7372330433776 0
33 200 85.1161077478211 0
33 400 69.2227589013499 0
33 500 68.3531519760301 0
33 700 57.3269393358642 0
33 1000 43.6537610645386 0
34 0 104.231704482681 0
34 200 83.8866365878271 0
34 400 56.8601878349377 0
34 500 46.9113473791568 0
34 700 38.1085930311681 0
34 1000 32.4436492346573 0
35 0 107.367408480597 0
35 200 83.6937507224607 0
35 400 72.8731579450948 0
35 500 59.4898125591923 0
35 700 64.9824767557921 0
35 1000 48.779306587219 0
36 0 102.323362664578 0
36 200 86.7162167999813 0
36 400 62.6661761800198 0
36 500 56.7441167385216 0
36 700 52.0188468943591 0
36 1000 34.3817286415654 0
37 0 110.457399109311 0
37 200 97.8069129936957 0
37 400 85.5485059331273 0
37 500 76.5961623854593 0
37 700 59.7537138422504 0
37 1000 45.0758402879174 0
38 0 100.578316034708 0
38 200 95.344069456519 0
38 400 99.3054551098415 0
38 500 74.5590012705381 0
38 700 67.4913753947169 0
38 1000 60.256728312025 0
39 0 85.1684745066063 0
39 200 81.0701685227354 0
39 400 64.3915043136522 0
39 500 54.5482477375093 0
39 700 47.0933045134718 0
39 1000 36.3496963165828 0
40 0 84.8410056415318 0
40 200 65.6256292702664 0
40 400 58.4016405054217 0
40 500 54.3163909127967 0
40 700 33.4639325670957 0
40 1000 37.4090879335986 0
41 0 113.513541017116 0
41 200 99.4414992167502 0
41 400 85.71021428769 0
41 500 74.933531280019 0
41 700 60.9199073117692 0
41 1000 48.4580340820436 0
42 0 118.183810458345 0
42 200 89.5141567080443 0
42 400 89.3663855858032 0
42 500 74.9748742947419 0
42 700 66.6405495847621 0
42 1000 50.7360369508095 0
43 0 99.8258988514932 0
43 200 90.0598145947102 0
43 400 75.3310624473656 0
43 500 69.408705666966 0
43 700 49.7856367483435 0
43 1000 38.1740909666327 0
44 0 104.877272046362 0
44 200 102.803405622803 0
44 400 99.1219030092932 0
44 500 87.339220387825 0
44 700 73.1155360509871 0
44 1000 67.5804528575741 0
45 0 107.189838441219 0
45 200 106.906562036011 0
45 400 78.8074455726939 0
45 500 59.8195699878818 0
45 700 56.0505955512407 0
45 1000 46.4889887830135 0
46 0 84.5993564663961 0
46 200 85.8736253587143 0
46 400 64.3679887325574 0
46 500 66.4221796321951 0
46 700 48.4615081252721 0
46 1000 36.2079089917111 0
47 0 95.4149575796026 0
47 200 82.3852006190777 0
47 400 65.2159490748806 0
47 500 58.1893574709381 0
47 700 41.6909190778559 0
47 1000 45.5276603363924 0
48 0 96.9922315513252 0
48 200 84.9366445857324 0
48 400 74.8191655186136 0
48 500 59.7187266128867 0
48 700 54.3204646700481 0
48 1000 40.1929974276493 0
49 0 95.522625954896 0
49 200 95.4279286431139 0
49 400 72.7404312473053 0
49 500 70.7585728181492 0
49 700 51.298769842762 0
49 1000 45.3172979230453 0
50 0 116.73429286111 0
50 200 100.060852354136 0
50 400 84.4079987297117 0
50 500 63.4533355061124 0
50 700 63.5201210105293 0
50 1000 46.2622340172952 0
51 0 106.480273166245 1
51 200 83.4575134905151 1
51 400 60.2616889200965 1
51 500 51.7247470961852 1
51 700 48.5089105730553 1
51 1000 38.1096375948768 1
52 0 103.150725366317 1
52 200 72.2849619541518 1
52 400 54.7021493216474 1
52 500 52.7218607691873 1
52 700 50.7392945801181 1
52 1000 28.7112175682702 1
53 0 96.298151531259 1
53 200 77.0059784289509 1
53 400 63.663996268302 1
53 500 52.4680072762559 1
53 700 44.6741493941483 1
53 1000 40.7007515477406 1
54 0 100.533507722593 1
54 200 72.0686005051801 1
54 400 56.4887443996486 1
54 500 51.0031926766296 1
54 700 32.1695979485308 1
54 1000 30.5180063516952 1
55 0 110.789362667389 1
55 200 69.4587623737373 1
55 400 54.7515751678105 1
55 500 55.3451025980732 1
55 700 35.5913189327811 1
55 1000 42.5981861920205 1
56 0 100.721376785258 1
56 200 72.0270759109163 1
56 400 49.2502135909429 1
56 500 38.4550230175051 1
56 700 35.3862397637528 1
56 1000 31.9044605788381 1
57 0 86.366029188779 1
57 200 73.2897146826852 1
57 400 50.7121430212538 1
57 500 46.711965006523 1
57 700 43.1073002413567 1
57 1000 33.1541197669385 1
58 0 101.984750237545 1
58 200 90.3726794529928 1
58 400 66.4993887213472 1
58 500 51.5561936284447 1
58 700 47.9786537734965 1
58 1000 42.3170495350039 1
59 0 85.3557832892972 1
59 200 59.9303296313918 1
59 400 47.8036381966384 1
59 500 25.4650043932388 1
59 700 30.7067671384624 1
59 1000 32.0215915228466 1
60 0 106.414358020603 1
60 200 83.6156008852195 1
60 400 61.8982144705462 1
60 500 41.0537238541993 1
60 700 36.3922754049347 1
60 1000 19.8362417593962 1
61 0 107.50400180402 1
61 200 77.9073334528248 1
61 400 48.6207461061439 1
61 500 42.2468826358653 1
61 700 37.2779610846669 1
61 1000 38.3491271608162 1
62 0 99.7833757615166 1
62 200 72.8265668510963 1
62 400 58.2890832269891 1
62 500 49.7079623969845 1
62 700 42.7158588817868 1
62 1000 30.4898331751999 1
63 0 94.6814509967039 1
63 200 82.0190617091547 1
63 400 57.9027366894437 1
63 500 50.7487586174207 1
63 700 41.2120443285757 1
63 1000 30.7223421951534 1
64 0 102.722328215085 1
64 200 92.0738977354118 1
64 400 76.4021375327172 1
64 500 77.9938018187253 1
64 700 67.4850403380979 1
64 1000 57.3499586235067 1
65 0 99.6342752277686 1
65 200 78.1027028344826 1
65 400 41.9413726989993 1
65 500 41.5321101462177 1
65 700 42.2506284604671 1
65 1000 38.0589159192183 1
66 0 100.36077513761 1
66 200 87.7954111341081 1
66 400 72.5758231125407 1
66 500 59.0207758546026 1
66 700 50.8152686865363 1
66 1000 49.8092699307159 1
67 0 96.4272146020064 1
67 200 92.6143498845071 1
67 400 76.1391116763509 1
67 500 68.3242912034134 1
67 700 56.4497471921202 1
67 1000 47.4965064553617 1
68 0 95.8551228676755 1
68 200 83.1344822820293 1
68 400 56.531849863454 1
68 500 48.7744628475842 1
68 700 40.3266523917246 1
68 1000 37.259826486529 1
69 0 101.490174911924 1
69 200 94.7971057130191 1
69 400 83.9371797049686 1
69 500 73.1181501059151 1
69 700 69.402773295222 1
69 1000 47.6509177542431 1
70 0 110.607344413857 1
70 200 92.74873540062 1
70 400 55.713561692052 1
70 500 56.551164844893 1
70 700 57.4248093227318 1
70 1000 45.0601782687784 1
71 0 78.2593729580126 1
71 200 68.7179504616218 1
71 400 40.304883265993 1
71 500 38.6025741218024 1
71 700 32.5684516164283 1
71 1000 25.6663748793686 1
72 0 90.1221356988242 1
72 200 65.1125461871518 1
72 400 50.8700346016027 1
72 500 38.1215224356732 1
72 700 31.2421533465478 1
72 1000 29.7972273477007 1
73 0 108.815605175407 1
73 200 66.1761830743196 1
73 400 51.9574566341129 1
73 500 43.8658274050827 1
73 700 38.4161254951807 1
73 1000 25.7201649547381 1
74 0 78.1627007880264 1
74 200 68.6132982491758 1
74 400 45.5839873321228 1
74 500 43.8550575767575 1
74 700 34.9333672039517 1
74 1000 31.036328601144 1
75 0 116.607824422008 1
75 200 71.7987518198151 1
75 400 42.6847933981599 1
75 500 37.9843926135325 1
75 700 36.832889905776 1
75 1000 38.7360191766523 1
76 0 98.6608852319561 1
76 200 83.4589781396528 1
76 400 59.4906762612729 1
76 500 46.6306285101447 1
76 700 44.2479168562556 1
76 1000 44.8468836268301 1
77 0 92.5188531964627 1
77 200 78.6880785211998 1
77 400 52.650131990558 1
77 500 45.4151346802091 1
77 700 43.9796888426023 1
77 1000 33.390089818678 1
78 0 108.805612812085 1
78 200 84.286180761129 1
78 400 63.190712146903 1
78 500 54.1032274603306 1
78 700 43.144655423831 1
78 1000 35.6856768216085 1
79 0 106.694372112414 1
79 200 71.8120060012582 1
79 400 46.4407153741392 1
79 500 45.3047939372763 1
79 700 37.0453557515475 1
79 1000 39.3862905070703 1
80 0 96.1977801729081 1
80 200 71.4260682237529 1
80 400 43.3230375906797 1
80 500 46.1413941176655 1
80 700 39.2310766046327 1
80 1000 27.5416398695338 1
81 0 101.264599010455 1
81 200 60.673056965588 1
81 400 42.3683915295471 1
81 500 44.3217431508126 1
81 700 33.0649591099415 1
81 1000 21.6644206444237 1
82 0 107.362858753798 1
82 200 98.330302317035 1
82 400 84.7147907152354 1
82 500 74.4382396257569 1
82 700 55.2479451557763 1
82 1000 42.5657160585217 1
83 0 104.052152306905 1
83 200 84.7690812871224 1
83 400 59.6726455710574 1
83 500 43.2018847716719 1
83 700 35.8393678937852 1
83 1000 33.5247893549444 1
84 0 112.495264689648 1
84 200 97.8022625227942 1
84 400 90.3473192555349 1
84 500 74.3098515619528 1
84 700 64.9554018081451 1
84 1000 54.9838472398168 1
85 0 85.7433561538199 1
85 200 76.1295333543277 1
85 400 56.5545631498946 1
85 500 53.5205423516926 1
85 700 42.2680965569175 1
85 1000 38.0784334831493 1
86 0 113.06790256037 1
86 200 96.9264242991466 1
86 400 72.0302094153227 1
86 500 72.1691735796276 1
86 700 51.2318829980676 1
86 1000 44.6128896316915 1
87 0 109.522558145525 1
87 200 57.5495875328103 1
87 400 36.8095800809464 1
87 500 34.1743936317484 1
87 700 33.4234775719639 1
87 1000 37.3980991170747 1
88 0 103.633852920266 1
88 200 57.9023946222003 1
88 400 29.164815954604 1
88 500 42.3625746439521 1
88 700 29.1752581321819 1
88 1000 33.9137654318175 1
89 0 91.1566156694443 1
89 200 82.4591122045623 1
89 400 63.9350245802392 1
89 500 62.6160655831601 1
89 700 52.1992170016179 1
89 1000 39.1167650132334 1
90 0 92.4690009475984 1
90 200 72.4833542974705 1
90 400 62.6012973459776 1
90 500 50.3222172513167 1
90 700 49.7031769494949 1
90 1000 41.8404131391437 1
91 0 96.3484357736129 1
91 200 85.6924068218708 1
91 400 60.2417839071616 1
91 500 58.9943879365202 1
91 700 52.1857960983948 1
91 1000 49.6314833985984 1
92 0 87.8774028428528 1
92 200 55.903294211315 1
92 400 48.6888700087664 1
92 500 33.0008156423996 1
92 700 28.7789410153987 1
92 1000 26.2210208319822 1
93 0 107.553799079547 1
93 200 94.6555703915979 1
93 400 65.7052043922491 1
93 500 54.5513380765912 1
93 700 50.0303644602832 1
93 1000 44.9292944532901 1
94 0 111.052707231745 1
94 200 103.531905656559 1
94 400 67.2598717327814 1
94 500 63.9427868308383 1
94 700 51.8538617789092 1
94 1000 44.8858681738012 1
95 0 80.8584645600472 1
95 200 66.9336707352953 1
95 400 57.4045395299697 1
95 500 37.5023987202736 1
95 700 34.0081220022866 1
95 1000 29.3947514257869 1
96 0 96.7730733247607 1
96 200 84.809961376924 1
96 400 54.0591138099138 1
96 500 51.8166937526601 1
96 700 44.4662965335439 1
96 1000 36.0919579039552 1
97 0 110.678677980548 1
97 200 106.250551718205 1
97 400 85.8435957497143 1
97 500 70.8647864859556 1
97 700 53.0214924637017 1
97 1000 51.8729421200951 1
98 0 88.9092065921451 1
98 200 73.0248239815853 1
98 400 59.1273076377151 1
98 500 46.7952208817107 1
98 700 31.6852532752435 1
98 1000 31.8023174251027 1
99 0 114.055959059591 1
99 200 92.3701771120667 1
99 400 73.1152374225053 1
99 500 60.852190915533 1
99 700 56.2377831963368 1
99 1000 50.2280794457728 1
100 0 105.536767094967 1
100 200 68.6243810231144 1
100 400 51.1420528628802 1
100 500 42.4720345742779 1
100 700 35.1618466938084 1
100 1000 22.6673301383623 1
