id dose eff group
1 0 77.0140545487155 0
1 200 79.7971764433827 0
1 400 54.2982342959061 0
1 500 46.2009650567602 0
1 700 46.2698187998169 0
1 1000 38.7026635025262 0
2 0 98.959490502297 0
2 200 90.4404411932478 0
2 400 73.7385294678781 0
2 500 76.6885396763886 0
2 700 50.262701212659 0
2 1000 50.9145666189049 0
3 0 91.0093419641926 0
3 200 85.6699505848679 0
3 400 62.5878957555372 0
3 500 61.0294040383388 0
3 700 56.2536315077586 0
3 1000 54.6312209069747 0
4 0 83.3346692441297 0
4 200 86.3582594080429 0
4 400 73.1397315503936 0
4 500 66.4128036422973 0
4 700 52.1349672035444 0
4 1000 38.8464529700357 0
5 0 96.171431568268 0
5 200 98.9632820952015 0
5 400 84.2130399214776 0
5 500 85.8130815487262 0
5 700 81.0810818791109 0
5 1000 62.1841291037483 0
6 0 91.425330949229 0
6 200 76.3296813520627 0
6 400 66.7507780386261 0
6 500 45.3748667640677 0
6 700 48.7884043398557 0
6 1000 28.5933465274828 0
7 0 89.2522513293516 0
7 200 84.5648771629698 0
7 400 91.8079071013157 0
7 500 72.940431483485 0
7 700 57.9967930838001 0
7 1000 51.7508936570079 0
8 0 88.0118893159581 0
8 200 79.71330969885 0
8 400 64.0952583901391 0
8 500 46.3899334588217 0
8 700 46.65658020856 0
8 1000 41.0261649443372 0
9 0 86.1793521148358 0
9 200 71.4956118619898 0
9 400 72.3870761088504 0
9 500 63.9645015007597 0
9 700 35.4021590994878 0
9 1000 37.6526992813768 0
10 0 103.384407100301 0
10 200 97.1210658924605 0
10 400 77.2002995540229 0
10 500 76.1479171318394 0
10 700 63.227235647759 0
10 1000 43.3861780578297 0
11 0 94.1654297505229 0
11 200 87.4665400653848 0
11 400 60.8206168697252 0
11 500 61.292968037427 0
11 700 57.9266279006536 0
11 1000 52.6813404773142 0
12 0 109.021545269281 0
12 200 114.057334754665 0
12 400 85.2481186754444 0
12 500 80.598693470749 0
12 700 65.164673830807 0
12 1000 61.5946475352812 0
13 0 92.0663750331384 0
13 200 77.0729874713128 0
13 400 60.6976712605 0
13 500 42.8605854598163 0
13 700 48.3241905398153 0
13 1000 44.3421160461188 0
14 0 97.965276006338 0
14 200 90.7752508592687 0
14 400 65.8420655140048 0
14 500 64.7318760979526 0
14 700 51.3744121203672 0
14 1000 36.2130803367656 0
15 0 87.1827995342118 0
15 200 79.8514748159763 0
15 400 59.3363875028458 0
15 500 46.7509155916883 0
15 700 46.0352284792457 0
15 1000 40.1125924849338 0
16 0 93.6885083281627 0
16 200 84.8424615124368 0
16 400 79.4591929853065 0
16 500 71.8484831953455 0
16 700 70.267104981143 0
16 1000 40.6706397770618 0
17 0 100.364600119997 0
17 200 95.8562533174056 0
17 400 79.8774382245183 0
17 500 67.8437415447116 0
17 700 51.7701170344577 0
17 1000 48.1797579462204 0
18 0 106.476105321148 0
18 200 101.729245702828 0
18 400 80.3662102042852 0
18 500 66.029354892421 0
18 700 46.4153331889202 0
18 1000 46.0659729918259 0
19 0 98.714719344705 0
19 200 78.8089014434482 0
19 400 67.8678329630551 0
19 500 53.9149446030049 0
19 700 35.3049501312198 0
19 1000 45.2749602776364 0
20 0 89.1649935816724 0
20 200 92.7161679740883 0
20 400 73.0658020249934 0
20 500 62.3334701126594 0
20 700 49.7076871549822 0
20 1000 45.9114428627406 0
21 0 92.9193796929177 0
21 200 94.3484355703984 0
21 400 73.5682133959272 0
21 500 71.4009256802147 0
21 700 52.2434968015427 0
21 1000 43.4261035383537 0
22 0 96.1264111047096 0
22 200 73.1795124458845 0
22 400 51.3921375180076 0
22 500 36.6609131967354 0
22 700 37.103024291884 0
22 1000 31.8248061824199 0
23 0 98.4411985087206 0
23 200 91.2632069556355 0
23 400 79.100755203166 0
23 500 65.4808072478343 0
23 700 48.7092865719625 0
23 1000 49.812496922679 0
24 0 128.374718088324 0
24 200 110.10311077672 0
24 400 92.6244359860074 0
24 500 73.1984495061314 0
24 700 61.5433371252821 0
24 1000 50.1965254890521 0
25 0 99.9714137593933 0
25 200 87.663945177939 0
25 400 84.2682798737297 0
25 500 71.4441443269834 0
25 700 54.3926527911363 0
25 1000 44.9786687006092 0
26 0 87.1118339663944 0
26 200 75.54781622577 0
26 400 52.4803528442243 0
26 500 49.1939982894349 0
26 700 33.2770790158777 0
26 1000 36.6633839012986 0
27 0 84.5369633972491 0
27 200 92.5848278654825 0
27 400 73.3346259984915 0
27 500 66.6393522979799 0
27 700 46.5920784504874 0
27 1000 44.4713129707252 0
28 0 118.324885989122 0
28 200 99.7295664004571 0
28 400 85.2827489131256 0
28 500 82.0014032993508 0
28 700 64.7284093491594 0
28 1000 49.4339430493609 0
29 0 109.212724015643 0
29 200 95.164035426489 0
29 400 97.0305852664173 0
29 500 89.2311907873151 0
29 700 63.4100683595269 0
29 1000 62.2753996608229 0
30 0 107.235123895459 0
30 200 85.8093255247421 0
30 400 65.4144829236741 0
30 500 59.4661432857895 0
30 700 42.7642763734492 0
30 1000 42.9154292996642 0
31 0 125.191636748307 0
31 200 97.3097613777673 0
31 400 76.6589602329856 0
31 500 73.2057186149733 0
31 700 44.5185399210222 0
31 1000 44.5949405602222 0
32 0 105.307701122029 0
32 200 102.569120951289 0
32 400 68.2824101609725 0
32 500 75.7691797384218 0
32 700 70.811985056466 0
32 1000 57.1660390527473 0
33 0 117.85269325427 0
33 200 106.141477928673 0
33 400 94.3253394385684 0
33 500 74.3599095020794 0
33 700 67.0603654556684 0
33 1000 57.6266729756222 0
34 0 107.518425247882 0
34 200 88.6974628253596 0
34 400 58.5533515616977 0
34 500 56.5364619554283 0
34 700 45.853927954461 0
34 1000 35.7933214774224 0
35 0 88.403783446282 0
35 200 97.799255427653 0
35 400 75.721883616153 0
35 500 73.6048252774435 0
35 700 65.4650732511035 0
35 1000 47.8742487850113 0
36 0 89.96822672897 0
36 200 79.3098953381755 0
36 400 59.5095323279675 0
36 500 65.6118092725489 0
36 700 45.3004715998907 0
36 1000 35.4120284950659 0
37 0 104.203935059696 0
37 200 95.4959211323076 0
37 400 70.0849335264584 0
37 500 65.5287546515114 0
37 700 64.0129027838316 0
37 1000 42.3984192304853 0
38 0 96.2988536958031 0
38 200 83.3742646359819 0
38 400 58.8418465984817 0
38 500 51.2811287682615 0
38 700 48.3227230315222 0
38 1000 36.5490945654867 0
39 0 88.9597425240901 0
39 200 80.7239163710583 0
39 400 72.2111715183043 0
39 500 67.0736825418381 0
39 700 57.5263596539309 0
39 1000 43.1804542115127 0
40 0 122.984413633109 0
40 200 110.867755065511 0
40 400 94.7672466942013 0
40 500 93.048555817466 0
40 700 65.9607712882406 0
40 1000 57.7528821051036 0
41 0 122.611230772605 0
41 200 109.097042068285 0
41 400 82.9729786768231 0
41 500 75.8976247775862 0
41 700 44.7756502440943 0
41 1000 46.525298656766 0
42 0 138.320807449375 0
42 200 122.710863724358 0
42 400 113.898493000834 0
42 500 108.341457689171 0
42 700 99.8454659409298 0
42 1000 80.1681454149286 0
43 0 118.384890202145 0
43 200 111.399522103352 0
43 400 96.7390582768441 0
43 500 83.7660618055001 0
43 700 76.6518679003689 0
43 1000 56.1466610062464 0
44 0 90.2534439099873 0
44 200 60.1184018753509 0
44 400 44.1149488612159 0
44 500 46.6944348351522 0
44 700 39.5915954369986 0
44 1000 37.7967894289273 0
45 0 91.3627980718022 0
45 200 81.4390124852009 0
45 400 58.8281585782972 0
45 500 48.0510294192715 0
45 700 38.2861635103145 0
45 1000 36.3496286759537 0
46 0 91.9930318342844 0
46 200 68.1946902711547 0
46 400 46.5067602996233 0
46 500 31.5063502737458 0
46 700 44.7108933987548 0
46 1000 29.4309400412853 0
47 0 103.905614450896 0
47 200 99.0367035836944 0
47 400 81.2588874266713 0
47 500 69.6198478416131 0
47 700 66.6854065616426 0
47 1000 51.8156031093253 0
48 0 113.242460192802 0
48 200 80.8797619477243 0
48 400 62.9022400301515 0
48 500 54.5335983405525 0
48 700 40.3255411662359 0
48 1000 50.0023059079736 0
49 0 102.889793951931 0
49 200 90.0670893038041 0
49 400 85.3468930369472 0
49 500 80.1333397913899 0
49 700 63.8863644797096 0
49 1000 51.7649309615186 0
50 0 111.620354232415 0
50 200 94.7742749442816 0
50 400 77.5503285346832 0
50 500 52.9007482086229 0
50 700 50.3997839673315 0
50 1000 42.0311117823533 0
51 0 101.344482049971 1
51 200 93.9915725325902 1
51 400 76.8982187872699 1
51 500 75.1561974730851 1
51 700 59.8638747302926 1
51 1000 45.3159703878617 1
52 0 100.701911525596 1
52 200 79.4528528990494 1
52 400 57.0383651266571 1
52 500 48.916882801489 1
52 700 42.370997141203 1
52 1000 45.4260114989532 1
53 0 91.8859635687939 1
53 200 75.6309391011571 1
53 400 58.6159367024082 1
53 500 51.0251240495297 1
53 700 43.4870153286837 1
53 1000 39.3776871091868 1
54 0 103.389673609955 1
54 200 85.6646275044454 1
54 400 55.6037296987904 1
54 500 47.2480116209926 1
54 700 37.6010152492995 1
54 1000 45.0342849196901 1
55 0 94.0768947004726 1
55 200 69.0575634971212 1
55 400 59.2479450453106 1
55 500 42.8090364327632 1
55 700 32.002345125754 1
55 1000 27.8963162408589 1
56 0 88.0772862856006 1
56 200 63.9520536277264 1
56 400 47.4142466445501 1
56 500 31.9595633944088 1
56 700 41.1358463656817 1
56 1000 33.2099664081928 1
57 0 93.879214362865 1
57 200 85.6853157167781 1
57 400 59.0099564226011 1
57 500 58.9451834383193 1
57 700 41.8897035432982 1
57 1000 51.2172689291488 1
58 0 106.49126768254 1
58 200 91.897228121046 1
58 400 67.4115420294839 1
58 500 56.4105886128102 1
58 700 42.9974932929311 1
58 1000 31.4932778125837 1
59 0 92.6223214699274 1
59 200 79.4328420958626 1
59 400 51.2993936041516 1
59 500 40.2307604667552 1
59 700 37.3452354178199 1
59 1000 29.4659551309382 1
60 0 88.297926397892 1
60 200 67.5759282052035 1
60 400 42.7774093168838 1
60 500 33.4964122042278 1
60 700 31.1956589045115 1
60 1000 24.9432142371551 1
61 0 104.235450542451 1
61 200 78.5258374325839 1
61 400 52.24438289913 1
61 500 46.7820647232415 1
61 700 36.5141040021944 1
61 1000 42.7258131127737 1
62 0 99.9571975551853 1
62 200 72.5593824374493 1
62 400 38.6425734742507 1
62 500 52.8802399896554 1
62 700 35.8202315909574 1
62 1000 34.5531610935881 1
63 0 104.663554821093 1
63 200 76.5510509075627 1
63 400 56.5800753586112 1
63 500 50.9476014346333 1
63 700 43.7272677342731 1
63 1000 34.1729057942309 1
64 0 103.20954817316 1
64 200 86.2418656883118 1
64 400 68.1213556494668 1
64 500 48.0132441390903 1
64 700 52.1256196559105 1
64 1000 37.173189324537 1
65 0 120.348544713724 1
65 200 80.1126209318224 1
65 400 58.871479222462 1
65 500 52.8682291002365 1
65 700 42.843910443832 1
65 1000 40.4758387553877 1
66 0 88.6401450772721 1
66 200 87.2530910354345 1
66 400 67.2048121829772 1
66 500 61.5642950127478 1
66 700 42.5757630469362 1
66 1000 45.3127509219168 1
67 0 118.469939213721 1
67 200 82.0823801358571 1
67 400 54.9178589828457 1
67 500 46.0509150837806 1
67 700 49.7944039888583 1
67 1000 39.5838679727762 1
68 0 91.4256906734417 1
68 200 69.1280317728722 1
68 400 54.8313988642095 1
68 500 50.2356388800239 1
68 700 41.4696159296922 1
68 1000 26.9350580123303 1
69 0 97.5185385515488 1
69 200 58.8326189693443 1
69 400 45.7630387735507 1
69 500 41.8198697026045 1
69 700 40.3029667553522 1
69 1000 33.3384683421807 1
70 0 109.563972989292 1
70 200 81.5597421787853 1
70 400 65.1304720411096 1
70 500 48.8142993376597 1
70 700 49.704629226886 1
70 1000 42.5351659934217 1
71 0 123.131047321454 1
71 200 94.267135050435 1
71 400 77.4494885978256 1
71 500 66.632417109553 1
71 700 55.5305268331347 1
71 1000 40.3440342799529 1
72 0 100.900708669245 1
72 200 82.9354624846151 1
72 400 59.3293161896319 1
72 500 51.5180387334412 1
72 700 45.8362475063175 1
72 1000 28.1551276320237 1
73 0 90.939009039109 1
73 200 53.7343264161695 1
73 400 36.8946301929224 1
73 500 36.6031927844204 1
73 700 31.4281733878771 1
73 1000 27.7113268047512 1
74 0 117.132166124532 1
74 200 93.3180013534936 1
74 400 70.3675810010819 1
74 500 59.3682045097045 1
74 700 47.6782837111615 1
74 1000 37.6061813011034 1
75 0 93.4768802795806 1
75 200 49.3036816233653 1
75 400 33.0653909359348 1
75 500 28.6776956825328 1
75 700 36.448039518067 1
75 1000 37.6768157084441 1
76 0 89.1515508437336 1
76 200 78.1503752365207 1
76 400 47.975213702091 1
76 500 40.3868790984423 1
76 700 32.4413316616804 1
76 1000 31.8185127094358 1
77 0 113.182077409145 1
77 200 92.4721248456204 1
77 400 68.7434406377977 1
77 500 62.9669511985767 1
77 700 48.5570433671925 1
77 1000 44.1290557757633 1
78 0 90.6287011250883 1
78 200 76.5925547787929 1
78 400 47.8550929726411 1
78 500 35.8248255615481 1
78 700 40.3607349506868 1
78 1000 35.988274977347 1
79 0 122.874782831541 1
79 200 96.6952270533454 1
79 400 85.2133096379947 1
79 500 75.6878919184763 1
79 700 63.5359321449 1
79 1000 43.0553903544288 1
80 0 119.026702133607 1
80 200 82.3633102774189 1
80 400 67.9762730999963 1
80 500 51.1419516678955 1
80 700 52.5550049344698 1
80 1000 42.4606022032609 1
81 0 91.7413560042353 1
81 200 62.1234255152932 1
81 400 53.4813622398451 1
81 500 46.8838279408523 1
81 700 42.643647631772 1
81 1000 32.8808316548264 1
82 0 92.5037371013605 1
82 200 56.0853132327573 1
82 400 38.744358948151 1
82 500 43.0875451338785 1
82 700 34.9662026489818 1
82 1000 27.9179272103707 1
83 0 101.884552066447 1
83 200 83.981722149446 1
83 400 63.4238533118354 1
83 500 54.4353188485953 1
83 700 51.5591509558208 1
83 1000 43.2290816457985 1
84 0 96.1661277352069 1
84 200 85.1720383922182 1
84 400 61.4374922318195 1
84 500 62.6190768288642 1
84 700 42.0922498735738 1
84 1000 39.2642527403221 1
85 0 103.783171173524 1
85 200 81.617275547071 1
85 400 61.2770285331128 1
85 500 48.4121853066504 1
85 700 48.4464302532683 1
85 1000 28.399548275481 1
86 0 113.897805243655 1
86 200 76.2238390584413 1
86 400 50.1554374380502 1
86 500 49.0677787804205 1
86 700 45.4510537084855 1
86 1000 30.7149353144339 1
87 0 129.217141320987 1
87 200 79.5771006463254 1
87 400 59.4909051078824 1
87 500 62.9811508880058 1
87 700 51.546811646201 1
87 1000 43.2511108650594 1
88 0 92.3336098265282 1
88 200 78.5962120249401 1
88 400 52.6810521904807 1
88 500 36.0865742192932 1
88 700 34.2543424090818 1
88 1000 28.9064780161226 1
89 0 107.24805299842 1
89 200 86.6113119624026 1
89 400 63.9057285760591 1
89 500 41.8301315888297 1
89 700 36.713746411575 1
89 1000 32.0769341781044 1
90 0 91.8701297156408 1
90 200 80.4190275721071 1
90 400 54.7904214421094 1
90 500 39.643445475941 1
90 700 39.1025709063838 1
90 1000 43.0188487317677 1
91 0 112.240125958867 1
91 200 97.3301431034794 1
91 400 71.7524459865316 1
91 500 64.8580440248159 1
91 700 49.2622124351068 1
91 1000 46.8289201825894 1
92 0 99.8777646106229 1
92 200 95.6297645257819 1
92 400 80.3828415918387 1
92 500 76.3139091228346 1
92 700 68.0180352538222 1
92 1000 52.1096253815876 1
93 0 97.4364436296802 1
93 200 63.6774375511757 1
93 400 40.3172681409961 1
93 500 45.4618957817561 1
93 700 31.8983466289321 1
93 1000 46.8804325888602 1
94 0 91.3889996140045 1
94 200 70.6652434325682 1
94 400 53.3534700718763 1
94 500 44.4363985519781 1
94 700 30.378373426285 1
94 1000 31.7545083176635 1
95 0 98.8348402536586 1
95 200 74.7202103598055 1
95 400 52.7132380387425 1
95 500 46.8843867507835 1
95 700 39.5716518932661 1
95 1000 35.5096849762191 1
96 0 94.1352808514091 1
96 200 92.4145381772182 1
96 400 69.4495240621086 1
96 500 59.7626874230868 1
96 700 45.5926831378195 1
96 1000 39.0295322065759 1
97 0 113.439873445524 1
97 200 84.7231725826459 1
97 400 57.4803350369879 1
97 500 44.167428470882 1
97 700 46.8012095699319 1
97 1000 39.755216891955 1
98 0 99.5999828404316 1
98 200 77.0129399626486 1
98 400 53.177379541907 1
98 500 55.3487628482619 1
98 700 45.1611459041459 1
98 1000 28.7037728500664 1
99 0 102.069776912236 1
99 200 85.3609952615385 1
99 400 66.8877614797953 1
99 500 56.9951017131099 1
99 700 36.4447787834 1
99 1000 40.3512484172132 1
100 0 121.99493169635 1
100 200 53.7356720268217 1
100 400 42.5481140838156 1
100 500 41.9024981403141 1
100 700 24.9459850213283 1
100 1000 29.9432310063111 1
