id dose eff group
1 0 117.963701769063 0
1 200 99.1048512246218 0
1 400 66.3751387754324 0
1 500 67.7137433269777 0
1 700 54.386655545305 0
1 1000 36.0970684024203 0
2 0 95.4084466804401 0
2 200 87.4558136709249 0
2 400 61.3717945401759 0
2 500 59.3187050435095 0
2 700 50.1403575031945 0
2 1000 41.0426452220402 0
3 0 98.3300171987789 0
3 200 78.2586275339485 0
3 400 60.3010562769946 0
3 500 44.9437594967378 0
3 700 45.6499789680599 0
3 1000 36.3262358072759 0
4 0 93.9335996073301 0
4 200 82.0475297238376 0
4 400 60.5648567649488 0
4 500 53.4673991235146 0
4 700 40.6111415597073 0
4 1000 38.4237503716703 0
5 0 88.8375655206291 0
5 200 72.7678629234376 0
5 400 64.2651425588181 0
5 500 61.3864375242653 0
5 700 38.1700898764337 0
5 1000 32.5329108928172 0
6 0 115.303982636113 0
6 200 113.646041866961 0
6 400 101.939115295186 0
6 500 102.039229984888 0
6 700 73.8902130955907 0
6 1000 69.0147160280393 0
7 0 101.588676368613 0
7 200 88.233046534647 0
7 400 72.0218204418125 0
7 500 61.7909945199326 0
7 700 61.984205824542 0
7 1000 36.6470997006921 0
8 0 114.716997302743 0
8 200 94.5772261240358 0
8 400 62.4651192607438 0
8 500 51.411426295953 0
8 700 52.7591540969423 0
8 1000 41.7070846817432 0
9 0 82.0424208431073 0
9 200 74.3488671415451 0
9 400 41.0165286740653 0
9 500 47.872333058339 0
9 700 40.9365280048728 0
9 1000 32.9828170516504 0
10 0 97.6315504955882 0
10 200 88.4143001947646 0
10 400 70.2109003424932 0
10 500 65.8834875813203 0
10 700 49.7883867146481 0
10 1000 45.7053484228469 0
11 0 90.0507282430024 0
11 200 77.3800297943264 0
11 400 64.573967330857 0
11 500 57.1575428253911 0
11 700 39.7084079730662 0
11 1000 32.5081703092932 0
12 0 91.3288734522174 0
12 200 87.6422968347676 0
12 400 73.5969184317485 0
12 500 70.7865148694848 0
12 700 52.0209754085243 0
12 1000 50.4951384705702 0
13 0 104.532252463516 0
13 200 85.5521971169027 0
13 400 63.2836216689843 0
13 500 59.4038063657044 0
13 700 62.3223264893013 0
13 1000 40.6510304326189 0
14 0 99.1147370965317 0
14 200 87.8235294502756 0
14 400 74.002177305903 0
14 500 77.5852681912053 0
14 700 54.1871291127134 0
14 1000 42.6344480542095 0
15 0 97.7535186932275 0
15 200 79.7130215045454 0
15 400 70.8692021202165 0
15 500 50.0720901346141 0
15 700 38.9397322458924 0
15 1000 41.3720337440398 0
16 0 116.876992008996 0
16 200 96.1713804053641 0
16 400 93.6581626702206 0
16 500 65.5741504887809 0
16 700 71.0031383073221 0
16 1000 50.6365517863829 0
17 0 98.9132611143693 0
17 200 79.0480933847407 0
17 400 42.3761221617431 0
17 500 40.9016182969365 0
17 700 24.9711266971124 0
17 1000 30.5478755856401 0
18 0 109.083384858707 0
18 200 97.5859665555964 0
18 400 75.9270080261003 0
18 500 74.5536222527149 0
18 700 57.5991070154186 0
18 1000 50.7974605550016 0
19 0 91.2328647882083 0
19 200 95.5674234935011 0
19 400 85.7677514535478 0
19 500 78.6930809072181 0
19 700 65.1837795017499 0
19 1000 64.1261989505307 0
20 0 114.245373647171 0
20 200 91.8257524985223 0
20 400 71.8380086273995 0
20 500 69.7844471296791 0
20 700 62.6090964140357 0
20 1000 40.37337518834 0
21 0 106.930679580973 0
21 200 96.6349164279752 0
21 400 77.0657561192292 0
21 500 52.8240203617772 0
21 700 54.1836041719808 0
21 1000 39.013056170919 0
22 0 87.7811616000524 0
22 200 94.2022858401271 0
22 400 58.3031389019902 0
22 500 52.914527342749 0
22 700 56.2049331140631 0
22 1000 42.1132432505399 0
23 0 104.909077172282 0
23 200 81.9462552347781 0
23 400 74.7748483614886 0
23 500 66.7786017595782 0
23 700 51.4075638844551 0
23 1000 35.0052566417412 0
24 0 124.835287218277 0
24 200 91.4023734330102 0
24 400 58.9561752023631 0
24 500 62.1261966903902 0
24 700 45.5035819525315 0
24 1000 40.9969220504239 0
25 0 97.7223296392429 0
25 200 94.1189100954217 0
25 400 87.822057261434 0
25 500 72.8657836904951 0
25 700 65.3566148246612 0
25 1000 54.1412840347351 0
26 0 91.1766002440933 0
26 200 71.7105749405858 0
26 400 62.3503832449113 0
26 500 53.5200581565032 0
26 700 57.5216611600783 0
26 1000 39.7932274414674 0
27 0 93.0665040539474 0
27 200 89.364260974171 0
27 400 76.3259823835556 0
27 500 71.8499757607473 0
27 700 58.2839813619306 0
27 1000 43.0893562655379 0
28 0 105.490895972 0
28 200 92.5148668244739 0
28 400 65.6613773283377 0
28 500 61.1299704337924 0
28 700 59.8990226779703 0
28 1000 36.7936235484698 0
29 0 82.8354231263036 0
29 200 74.2496553623834 0
29 400 69.5482140179029 0
29 500 60.5690472162664 0
29 700 49.5982372657381 0
29 1000 43.4482931220277 0
30 0 113.277100230756 0
30 200 101.288199646283 0
30 400 82.4438696222119 0
30 500 65.0479273524922 0
30 700 55.5311015635318 0
30 1000 52.5010288500466 0
31 0 81.9200314102144 0
31 200 76.125729087889 0
31 400 61.2272850020703 0
31 500 46.6373857260501 0
31 700 46.7018670716942 0
31 1000 31.4243213471064 0
32 0 92.9758689761395 0
32 200 80.2048494899382 0
32 400 59.7510548760472 0
32 500 43.8140269542951 0
32 700 49.1072765535537 0
32 1000 36.9601695461704 0
33 0 98.6283835202676 0
33 200 100.348991056496 0
33 400 91.4425560096859 0
33 500 85.5857916658671 0
33 700 72.5203670591139 0
33 1000 66.4370911524706 0
34 0 90.492476552342 0
34 200 78.9785296624493 0
34 400 56.121381460965 0
34 500 57.6755739249279 0
34 700 44.3543376805338 0
34 1000 35.2886074868362 0
35 0 104.254764482781 0
35 200 96.8227233828469 0
35 400 68.0287386582257 0
35 500 60.3970558095795 0
35 700 52.9503244243044 0
35 1000 39.2069306429435 0
36 0 101.68629294103 0
36 200 95.0660478571117 0
36 400 79.6277455921846 0
36 500 66.4269982973337 0
36 700 57.8209954381141 0
36 1000 36.3792922726474 0
37 0 85.1756166898621 0
37 200 75.0789583031537 0
37 400 52.130473659528 0
37 500 54.6163915888422 0
37 700 32.4944558908148 0
37 1000 31.1535626886774 0
38 0 99.1037041422043 0
38 200 78.5448827697601 0
38 400 50.2958088249019 0
38 500 64.0885529333819 0
38 700 41.2000445604304 0
38 1000 42.4052297572602 0
39 0 107.034054340437 0
39 200 95.6247907448278 0
39 400 69.7131617625559 0
39 500 66.536041166944 0
39 700 56.3555481675896 0
39 1000 34.2476609631403 0
40 0 95.8424991818532 0
40 200 81.2373575117974 0
40 400 82.2814670525247 0
40 500 64.9090998452565 0
40 700 51.0673883851785 0
40 1000 46.2385448713779 0
41 0 73.2922951566021 0
41 200 70.1657546333746 0
41 400 60.5811470907703 0
41 500 41.7183184435423 0
41 700 31.4064732264269 0
41 1000 37.1414194150704 0
42 0 99.367143264115 0
42 200 98.4758189549925 0
42 400 84.8349963183966 0
42 500 87.5163777850059 0
42 700 55.4976853265496 0
42 1000 57.3565197629069 0
43 0 88.6755354021668 0
43 200 71.3520688044451 0
43 400 53.992046588864 0
43 500 51.4740391546401 0
43 700 41.2566501170032 0
43 1000 41.144864165205 0
44 0 104.072664918554 0
44 200 90.1508887820259 0
44 400 67.1318401834438 0
44 500 65.2691760680212 0
44 700 42.55867693277 0
44 1000 44.6714310669846 0
45 0 95.6128735537868 0
45 200 77.2640113891594 0
45 400 73.6726447090411 0
45 500 55.0629580600227 0
45 700 48.2991080934752 0
45 1000 42.383872622855 0
46 0 118.566206186137 0
46 200 92.39711061469 0
46 400 66.6719765411198 0
46 500 64.7366906176205 0
46 700 49.8872797484533 0
46 1000 50.2215936140021 0
47 0 101.595432797312 0
47 200 86.7806124022167 0
47 400 77.628500909312 0
47 500 63.598577965512 0
47 700 53.1546413344564 0
47 1000 49.2408712075909 0
48 0 99.7032526182699 0
48 200 88.9717889788865 0
48 400 85.4433294144417 0
48 500 64.3150054902461 0
48 700 50.7246002473286 0
48 1000 56.7683365544919 0
49 0 103.680816695398 0
49 200 90.5733216830734 0
49 400 81.971495747587 0
49 500 77.3488983628307 0
49 700 68.9030816448399 0
49 1000 54.7033102081417 0
50 0 95.2531435937139 0
50 200 72.0363591025046 0
50 400 67.8703476395162 0
50 500 58.0000761228578 0
50 700 53.3255667535494 0
50 1000 44.8392656398529 0
51 0 86.0555810445825 1
51 200 68.4758027212579 1
51 400 50.0257964212804 1
51 500 45.0365222311154 1
51 700 30.6163197807535 1
51 1000 27.2678740199177 1
52 0 106.732787031039 1
52 200 96.3550504281919 1
52 400 71.2770164274677 1
52 500 51.5578385022714 1
52 700 51.322203604736 1
52 1000 44.5551846829032 1
53 0 98.6386518338027 1
53 200 77.2518713279889 1
53 400 52.1678307143475 1
53 500 47.2345494963696 1
53 700 34.1439899806449 1
53 1000 36.2570942672765 1
54 0 92.8363158779583 1
54 200 68.6521083806885 1
54 400 56.4375859452774 1
54 500 31.0029695219961 1
54 700 30.6652290822402 1
54 1000 39.6963847004577 1
55 0 102.967386150222 1
55 200 82.3959959945124 1
55 400 68.0743039096825 1
55 500 50.2302238592787 1
55 700 55.8599805871244 1
55 1000 33.9817095308828 1
56 0 87.6334569501735 1
56 200 60.3448739392378 1
56 400 44.9098028762905 1
56 500 38.0665749049754 1
56 700 38.4994296547318 1
56 1000 39.7884313267295 1
57 0 97.1843451072679 1
57 200 87.9105326484637 1
57 400 62.1216879214821 1
57 500 64.8357086431697 1
57 700 46.1842150357093 1
57 1000 41.2272972690765 1
58 0 88.4245661799489 1
58 200 70.6646515409293 1
58 400 42.959986499252 1
58 500 46.2999340367059 1
58 700 37.8008146690837 1
58 1000 27.3471186236786 1
59 0 109.489566869594 1
59 200 91.0946126853192 1
59 400 62.952504440983 1
59 500 63.0582679983505 1
59 700 49.7984397510701 1
59 1000 36.7757027079724 1
60 0 97.9445879632163 1
60 200 65.1296151026961 1
60 400 36.6684710305143 1
60 500 34.6929730154207 1
60 700 29.4337244896764 1
60 1000 36.7649476806527 1
61 0 85.5387008920054 1
61 200 67.0236564349664 1
61 400 45.9928374473221 1
61 500 34.4254417951081 1
61 700 29.9866236764401 1
61 1000 24.0000073856258 1
62 0 111.819600494335 1
62 200 97.760438143784 1
62 400 82.492533810401 1
62 500 70.0629325123379 1
62 700 65.8517692294694 1
62 1000 55.1499909326339 1
63 0 77.7102724325907 1
63 200 68.7498228510803 1
63 400 39.7437628063424 1
63 500 35.4400520349758 1
63 700 34.2211384393844 1
63 1000 28.5600888400667 1
64 0 110.702879489589 1
64 200 87.4479860576542 1
64 400 67.3314042017481 1
64 500 64.8782426542758 1
64 700 56.5513000888837 1
64 1000 36.0426320881025 1
65 0 86.2706933858657 1
65 200 54.9188080503914 1
65 400 35.4816807501877 1
65 500 29.4302145129489 1
65 700 23.5997379443053 1
65 1000 25.7440223445637 1
66 0 118.46199149315 1
66 200 83.1489565819601 1
66 400 57.0169133005756 1
66 500 61.6388911351642 1
66 700 30.9977137686262 1
66 1000 32.2727743347752 1
67 0 95.4856779970483 1
67 200 73.5868052751119 1
67 400 44.3409715651756 1
67 500 42.99854162777 1
67 700 39.471564250372 1
67 1000 35.7950810472892 1
68 0 102.732707224225 1
68 200 84.6584487955958 1
68 400 63.1952047507923 1
68 500 57.4612424282812 1
68 700 44.8315494540716 1
68 1000 35.5585300808083 1
69 0 86.9380054964315 1
69 200 74.6366636461498 1
69 400 54.2735805966764 1
69 500 44.6254442225011 1
69 700 34.1594688208387 1
69 1000 25.1483941072172 1
70 0 116.175462807139 1
70 200 85.5203200299055 1
70 400 57.0125079609486 1
70 500 59.9772076268162 1
70 700 52.0564465964695 1
70 1000 45.9319143297299 1
71 0 85.0236395252213 1
71 200 81.544212770062 1
71 400 63.295698223987 1
71 500 60.1861612276635 1
71 700 38.8841075153157 1
71 1000 38.0450018216395 1
72 0 99.8695950450577 1
72 200 83.4612127117371 1
72 400 58.8495474437834 1
72 500 57.2815909895904 1
72 700 38.8370141443063 1
72 1000 42.4168601129324 1
73 0 106.841876015723 1
73 200 87.9273089496149 1
73 400 64.7047432573698 1
73 500 62.4756036239939 1
73 700 36.7845659890449 1
73 1000 47.8947805050274 1
74 0 104.642511078647 1
74 200 77.3934465894579 1
74 400 54.4026394198379 1
74 500 53.7920260211734 1
74 700 35.4216208398776 1
74 1000 34.0016009617667 1
75 0 82.5721593893839 1
75 200 52.5039773938733 1
75 400 52.1912918349999 1
75 500 29.2607369040689 1
75 700 25.8473362553414 1
75 1000 23.4368308633401 1
76 0 99.8195059191165 1
76 200 88.2491037524616 1
76 400 64.5776320187053 1
76 500 61.2767100164813 1
76 700 54.5938619493008 1
76 1000 30.2703845771967 1
77 0 97.969814239021 1
77 200 85.7279972535766 1
77 400 62.8061465055306 1
77 500 72.7337506646259 1
77 700 50.8592524635089 1
77 1000 43.5560555690333 1
78 0 103.369031224333 1
78 200 96.1535696589405 1
78 400 50.8312170605977 1
78 500 54.7192026910124 1
78 700 55.014406543736 1
78 1000 39.5996756531371 1
79 0 104.284215147447 1
79 200 79.7327499409956 1
79 400 48.9456596176699 1
79 500 46.0292730539089 1
79 700 37.6756262007353 1
79 1000 36.0242007171381 1
80 0 93.2918274469076 1
80 200 68.3073190746869 1
80 400 49.9856409377165 1
80 500 42.5601947965012 1
80 700 42.4064887318475 1
80 1000 30.8834626513717 1
81 0 99.054812312587 1
81 200 67.4366270523935 1
81 400 52.0750974937676 1
81 500 45.083701777278 1
81 700 42.3280479774338 1
81 1000 36.4847328898955 1
82 0 101.968649092047 1
82 200 98.1900117483757 1
82 400 65.0610275402418 1
82 500 74.3236788132333 1
82 700 57.2535450828701 1
82 1000 48.5973482738773 1
83 0 107.410740787518 1
83 200 76.1221800758325 1
83 400 57.1742616159319 1
83 500 50.4324636425329 1
83 700 35.7917925016491 1
83 1000 32.6719558261542 1
84 0 96.4312458697433 1
84 200 70.422785950755 1
84 400 39.6382046184412 1
84 500 35.952064457373 1
84 700 31.8399046328043 1
84 1000 38.0477431196856 1
85 0 99.8906860024142 1
85 200 76.1142766895028 1
85 400 40.661765535664 1
85 500 40.6013651159403 1
85 700 38.8647671620284 1
85 1000 30.091740540548 1
86 0 114.631380952523 1
86 200 87.877656752498 1
86 400 56.6499046919595 1
86 500 54.2185375228125 1
86 700 54.3797062548286 1
86 1000 39.5935108802282 1
87 0 101.630141451758 1
87 200 53.2057135390254 1
87 400 37.6819129763236 1
87 500 33.090373149198 1
87 700 42.0731494439765 1
87 1000 31.7946319354829 1
88 0 83.7081212342745 1
88 200 70.2485024118247 1
88 400 46.878897679075 1
88 500 40.4211790795028 1
88 700 35.1310587789339 1
88 1000 27.8759097229624 1
89 0 101.899775208297 1
89 200 72.2171286148551 1
89 400 49.3776974585232 1
89 500 46.8296384276783 1
89 700 36.7318229685527 1
89 1000 37.1216699756122 1
90 0 103.397719915122 1
90 200 85.5790104063556 1
90 400 64.4566797643781 1
90 500 54.8827088906543 1
90 700 38.0415205424346 1
90 1000 31.4545236021471 1
91 0 93.9827972086197 1
91 200 90.8079625577668 1
91 400 69.8057334594977 1
91 500 65.5732578414852 1
91 700 52.9391765197057 1
91 1000 41.9849055187317 1
92 0 105.305892284291 1
92 200 82.4515286338545 1
92 400 51.515138140994 1
92 500 53.4163983601653 1
92 700 46.9013790962576 1
92 1000 26.52726918216 1
93 0 104.198889703636 1
93 200 94.7698866321081 1
93 400 74.8393930499075 1
93 500 66.6949545595967 1
93 700 48.007270155444 1
93 1000 46.7306962700028 1
94 0 99.8166495212928 1
94 200 72.773514828673 1
94 400 52.8833894547336 1
94 500 43.0683607383374 1
94 700 49.758703396004 1
94 1000 29.0358483846011 1
95 0 93.5930754273087 1
95 200 82.835673523296 1
95 400 55.2172947020129 1
95 500 50.1936650054587 1
95 700 38.0145005353339 1
95 1000 35.502199943321 1
96 0 108.892522665226 1
96 200 80.9426987087092 1
96 400 57.4554871878111 1
96 500 51.4928503829712 1
96 700 34.3561339941735 1
96 1000 38.8450913494116 1
97 0 101.191319656609 1
97 200 75.174997087171 1
97 400 48.6734134728841 1
97 500 48.4484629866862 1
97 700 45.9545863026565 1
97 1000 40.2054646917487 1
98 0 92.5720630861901 1
98 200 61.2964668804805 1
98 400 36.7170114721181 1
98 500 30.9584041911584 1
98 700 31.7466765395139 1
98 1000 34.212241066842 1
99 0 93.6067506049173 1
99 200 54.502585839174 1
99 400 31.9083859612933 1
99 500 44.2522427102702 1
99 700 41.0338083072707 1
99 1000 24.4440632668299 1
100 0 90.51734619495 1
100 200 48.5312793956579 1
100 400 36.1455863887147 1
100 500 44.517221029191 1
100 700 35.6264608806638 1
100 1000 32.8026227072481 1
