id dose eff group
1 0 103.827973901228 0
1 200 93.3883608024578 0
1 400 75.1955251545328 0
1 500 70.655726394243 0
1 700 50.9321184745161 0
1 1000 45.6900179630682 0
2 0 78.7085652127414 0
2 200 71.3235026237149 0
2 400 71.7006242098059 0
2 500 69.0146490649188 0
2 700 57.3618049632871 0
2 1000 48.5081834360304 0
3 0 104.384082353343 0
3 200 98.3175909997383 0
3 400 76.8190954764389 0
3 500 72.10641368814 0
3 700 53.5824415835914 0
3 1000 48.1093475488938 0
4 0 100.671109630382 0
4 200 92.2014731488611 0
4 400 71.3430824389585 0
4 500 61.086450515092 0
4 700 48.7346491081875 0
4 1000 50.0002073371845 0
5 0 102.468841029855 0
5 200 85.9143462531964 0
5 400 72.1947276438785 0
5 500 56.2998923861907 0
5 700 50.200098878437 0
5 1000 43.4449840373258 0
6 0 114.878846982713 0
6 200 110.372780965229 0
6 400 96.0168421575612 0
6 500 78.8481636169457 0
6 700 60.2375721961131 0
6 1000 55.9324935646142 0
7 0 92.3626214310091 0
7 200 102.438239848111 0
7 400 85.5102405024675 0
7 500 86.8670124646629 0
7 700 75.4144444673626 0
7 1000 65.1764634684666 0
8 0 102.153377083521 0
8 200 95.6384332004045 0
8 400 64.605122521503 0
8 500 60.0184773377059 0
8 700 45.8929615671006 0
8 1000 38.7145459501129 0
9 0 100.436223934259 0
9 200 97.8247746298002 0
9 400 69.6477765056005 0
9 500 70.4134750613209 0
9 700 61.5445112573431 0
9 1000 37.9086458528948 0
10 0 97.2625522208206 0
10 200 95.151861440744 0
10 400 71.4111487953139 0
10 500 68.5106698582412 0
10 700 57.56046069381 0
10 1000 48.0801594352616 0
11 0 111.190021249634 0
11 200 92.0034417856187 0
11 400 70.4809209064938 0
11 500 62.1749485890135 0
11 700 64.1484593539592 0
11 1000 39.1787404622726 0
12 0 118.277140673953 0
12 200 93.716732835206 0
12 400 70.0221017270124 0
12 500 46.8975132602304 0
12 700 44.4136841430681 0
12 1000 38.3061427127848 0
13 0 85.2266379327304 0
13 200 73.9160068949334 0
13 400 50.1432148584275 0
13 500 45.2144510183686 0
13 700 41.069062862788 0
13 1000 42.3163819623026 0
14 0 99.7225710058888 0
14 200 84.8986777400013 0
14 400 79.1302195057031 0
14 500 58.2050770751783 0
14 700 45.4463507198506 0
14 1000 40.0668284375763 0
15 0 105.536384971084 0
15 200 78.1155599545444 0
15 400 54.2318381146356 0
15 500 46.2091451399974 0
15 700 37.5245702095648 0
15 1000 30.5039402839375 0
16 0 103.126091708801 0
16 200 95.4112282116613 0
16 400 82.374844990552 0
16 500 61.5430778267208 0
16 700 61.0771308021803 0
16 1000 46.5140323406507 0
17 0 115.864806515015 0
17 200 106.420756144441 0
17 400 84.9110031837531 0
17 500 70.3496936775116 0
17 700 74.2146229148495 0
17 1000 44.5613379068558 0
18 0 117.598753836527 0
18 200 102.11506833626 0
18 400 81.1649212848193 0
18 500 72.1421750552008 0
18 700 62.7257161851248 0
18 1000 51.4867426091185 0
19 0 94.8844942401789 0
19 200 77.5354013585546 0
19 400 51.9547434958589 0
19 500 62.8828261427887 0
19 700 47.8476465907442 0
19 1000 32.6309147601102 0
20 0 115.884676233667 0
20 200 95.4395382947486 0
20 400 71.8919056298547 0
20 500 71.8428229871733 0
20 700 61.1140899050099 0
20 1000 52.8520289632717 0
21 0 106.560597748644 0
21 200 101.321049154827 0
21 400 81.1716558655354 0
21 500 73.2101389390656 0
21 700 58.7037036726785 0
21 1000 41.2513308772351 0
22 0 113.069846584421 0
22 200 79.7134065059077 0
22 400 50.1487998027566 0
22 500 52.2542172257891 0
22 700 44.4292921746841 0
22 1000 36.1342465550743 0
23 0 108.737714423578 0
23 200 85.618432274651 0
23 400 65.7287116577266 0
23 500 58.9109940023232 0
23 700 46.8890539959477 0
23 1000 49.2615735757053 0
24 0 96.2242770567443 0
24 200 99.2298216347641 0
24 400 79.5512655293801 0
24 500 73.834578810835 0
24 700 70.5982637551886 0
24 1000 52.5414670128448 0
25 0 95.4308833839097 0
25 200 72.8995313363949 0
25 400 54.3166408568548 0
25 500 54.5358706926316 0
25 700 38.0067764719901 0
25 1000 34.6766036920785 0
26 0 102.229193889424 0
26 200 92.6214958102538 0
26 400 88.5475838576934 0
26 500 79.0163126091863 0
26 700 63.8156252064494 0
26 1000 57.7323349841504 0
27 0 74.4474316530184 0
27 200 65.2207790133534 0
27 400 46.0962966004007 0
27 500 47.6910269917383 0
27 700 31.7572407403464 0
27 1000 30.7654029274679 0
28 0 93.4750948950064 0
28 200 83.4880389196961 0
28 400 62.0557381189068 0
28 500 54.0291683221855 0
28 700 48.7022936049648 0
28 1000 35.0205701474889 0
29 0 95.271642748128 0
29 200 81.6505022973734 0
29 400 66.9932795142124 0
29 500 55.7526058166043 0
29 700 42.9618737151367 0
29 1000 37.311923265678 0
30 0 134.896642802616 0
30 200 111.171631258384 0
30 400 93.9854444341579 0
30 500 80.1920040631027 0
30 700 62.3137542998866 0
30 1000 47.8599631297949 0
31 0 85.9893388119622 0
31 200 71.0902167367884 0
31 400 66.7998831164653 0
31 500 45.3255248550297 0
31 700 42.3955582896449 0
31 1000 33.0794267563478 0
32 0 82.7074908862516 0
32 200 75.4232603697659 0
32 400 69.9670876765804 0
32 500 61.1772479725672 0
32 700 50.903109680058 0
32 1000 44.8342025179395 0
33 0 116.904906470276 0
33 200 101.669879246283 0
33 400 83.5091950504953 0
33 500 76.1862678683738 0
33 700 69.7548460001982 0
33 1000 39.9134640965082 0
34 0 94.1705417842948 0
34 200 84.0969080159267 0
34 400 78.2617491625432 0
34 500 62.6479361524882 0
34 700 64.3050785115803 0
34 1000 52.5627438324355 0
35 0 101.616957228183 0
35 200 94.2197021656728 0
35 400 82.6666500123497 0
35 500 70.9166074077191 0
35 700 61.7424565551763 0
35 1000 53.5029176837845 0
36 0 90.1354418087318 0
36 200 84.4149916728641 0
36 400 74.6024384208868 0
36 500 65.2873572713431 0
36 700 53.8690970403779 0
36 1000 32.4223931793066 0
37 0 91.3591316266682 0
37 200 96.2839991459968 0
37 400 82.5820531079657 0
37 500 82.5508803535365 0
37 700 68.3809691240145 0
37 1000 53.8645723854626 0
38 0 83.577508096032 0
38 200 79.597088673533 0
38 400 68.0479417995782 0
38 500 56.5467545861869 0
38 700 54.3099290410108 0
38 1000 45.6473481254525 0
39 0 100.074588713393 0
39 200 86.4951405674978 0
39 400 45.8069804548144 0
39 500 47.8616640866633 0
39 700 37.4730274846318 0
39 1000 34.064402827335 0
40 0 99.1602142791457 0
40 200 84.4546834877875 0
40 400 74.8098818529282 0
40 500 74.2633955406811 0
40 700 51.5365886192452 0
40 1000 46.7982482940168 0
41 0 104.543304894226 0
41 200 99.7134913477183 0
41 400 82.0800177287789 0
41 500 61.7209453280012 0
41 700 62.198878251753 0
41 1000 50.3858808623558 0
42 0 78.8972405258016 0
42 200 85.9907583719177 0
42 400 62.1749090102358 0
42 500 58.8591830849298 0
42 700 51.8891297812472 0
42 1000 47.3156671065679 0
43 0 108.809612768671 0
43 200 109.455687121015 0
43 400 91.5290032763234 0
43 500 85.3665076216771 0
43 700 75.0047175637117 0
43 1000 57.0166421960637 0
44 0 99.6800484526806 0
44 200 78.6091808323671 0
44 400 73.5731752290547 0
44 500 55.8539035554887 0
44 700 47.7560071923391 0
44 1000 38.7034349432092 0
45 0 95.8133691950449 0
45 200 99.6831647852679 0
45 400 76.7961963002132 0
45 500 83.3103808642201 0
45 700 64.2714918692571 0
45 1000 54.8725296241074 0
46 0 86.561952621293 0
46 200 79.0915062331093 0
46 400 53.3030956935214 0
46 500 41.4362162861828 0
46 700 37.9321013307074 0
46 1000 34.2810360777727 0
47 0 100.378362354861 0
47 200 89.3759042226111 0
47 400 73.6969244249239 0
47 500 65.3068242639015 0
47 700 51.549020613915 0
47 1000 42.8620571745113 0
48 0 102.36902317706 0
48 200 89.6018177583539 0
48 400 59.2037006576532 0
48 500 58.6044895344329 0
48 700 41.4763105914921 0
48 1000 36.1096929603787 0
49 0 85.433964513328 0
49 200 66.0201495611557 0
49 400 44.4101890337051 0
49 500 40.2667090800675 0
49 700 39.0807735990005 0
49 1000 25.321394267375 0
50 0 100.645435699772 0
50 200 110.138194087757 0
50 400 86.0025969281805 0
50 500 88.2254538405468 0
50 700 72.0471015281212 0
50 1000 61.6353201989415 0
51 0 104.514986789338 1
51 200 82.6663988883103 1
51 400 66.9750274420021 1
51 500 51.657918156369 1
51 700 43.1641039265434 1
51 1000 29.7048690265599 1
52 0 100.460768517071 1
52 200 91.7945803101463 1
52 400 65.0113139008454 1
52 500 53.0520715036617 1
52 700 41.1014415787974 1
52 1000 36.2207732288657 1
53 0 91.6796455425864 1
53 200 50.5578637325997 1
53 400 44.0753483288085 1
53 500 27.2788797147347 1
53 700 31.7739660118142 1
53 1000 24.4934216820398 1
54 0 99.6960215647425 1
54 200 86.8526493673641 1
54 400 53.9269769363029 1
54 500 52.3317994601073 1
54 700 41.5191359173958 1
54 1000 44.226257890441 1
55 0 101.133985010887 1
55 200 79.4106680689633 1
55 400 52.6038499096735 1
55 500 60.4564925123557 1
55 700 46.6762797524679 1
55 1000 37.237040713657 1
56 0 103.93060996348 1
56 200 72.185218387576 1
56 400 47.8631799786667 1
56 500 46.3093046347111 1
56 700 28.4590543384972 1
56 1000 25.6057718375079 1
57 0 86.0460495255938 1
57 200 54.8026906046896 1
57 400 34.7220901711963 1
57 500 37.4541323143496 1
57 700 19.1826593133491 1
57 1000 25.2439573756823 1
58 0 83.9270001783477 1
58 200 59.6006518129143 1
58 400 45.1450804622681 1
58 500 37.3651251051232 1
58 700 36.2342253384667 1
58 1000 26.0444780225058 1
59 0 110.482223341277 1
59 200 55.7856166417403 1
59 400 43.7024568961543 1
59 500 40.9281494898163 1
59 700 36.1954174013946 1
59 1000 25.2360175510735 1
60 0 104.082614261567 1
60 200 91.0818498411855 1
60 400 63.6101765696674 1
60 500 61.7853243651976 1
60 700 47.6409647797904 1
60 1000 42.4318209560888 1
61 0 103.306993052683 1
61 200 80.4841775480796 1
61 400 55.5137564100548 1
61 500 47.6793105824602 1
61 700 36.6176960209011 1
61 1000 34.9634623491138 1
62 0 87.8730699460188 1
62 200 57.4846388861287 1
62 400 50.4947334527359 1
62 500 36.8338077742425 1
62 700 39.6323626098833 1
62 1000 35.2773862391044 1
63 0 91.8021960376831 1
63 200 81.1119255661551 1
63 400 69.4594357556213 1
63 500 58.1425182945837 1
63 700 46.0749964466614 1
63 1000 33.1520601355693 1
64 0 105.193058626304 1
64 200 93.1036762200105 1
64 400 65.0772641927934 1
64 500 64.245444163177 1
64 700 52.3660032321273 1
64 1000 43.8294033241805 1
65 0 91.1299680607626 1
65 200 60.9653846697057 1
65 400 43.8091984123767 1
65 500 31.9153367059778 1
65 700 32.1979318782937 1
65 1000 29.3387259696358 1
66 0 100.366321557414 1
66 200 72.722262449151 1
66 400 43.0791815442803 1
66 500 40.1196473171666 1
66 700 35.7520504386181 1
66 1000 34.5706248252646 1
67 0 92.1446879030872 1
67 200 82.316552892591 1
67 400 55.1991133566801 1
67 500 47.6608988070657 1
67 700 34.2156456323948 1
67 1000 36.6272904186346 1
68 0 100.419152667166 1
68 200 87.1829250555572 1
68 400 65.4085866783003 1
68 500 62.0615992451252 1
68 700 56.8221100756684 1
68 1000 48.5179815000558 1
69 0 95.1597741075256 1
69 200 84.8930639597878 1
69 400 55.7604629431864 1
69 500 48.6082387468592 1
69 700 41.0909577548656 1
69 1000 44.0666112512368 1
70 0 92.7373564914794 1
70 200 52.5849048228262 1
70 400 33.9979237195588 1
70 500 45.3239299839442 1
70 700 39.7184990348366 1
70 1000 33.6026228093811 1
71 0 102.497043385589 1
71 200 96.5253839889464 1
71 400 72.6851575842164 1
71 500 72.4376311029641 1
71 700 57.6826859507136 1
71 1000 52.5555133889519 1
72 0 98.92750620802 1
72 200 93.9406537048003 1
72 400 91.3505257395517 1
72 500 72.1699779466613 1
72 700 61.8422504778328 1
72 1000 49.7785794124937 1
73 0 96.1774361065863 1
73 200 71.4309759404293 1
73 400 44.708679446111 1
73 500 43.507402894168 1
73 700 33.2428338727868 1
73 1000 28.2512955305114 1
74 0 104.641148885146 1
74 200 76.5189382477235 1
74 400 64.6036733917138 1
74 500 64.0178037360151 1
74 700 49.3682769911571 1
74 1000 39.8071054943408 1
75 0 93.351512383649 1
75 200 70.4174149134642 1
75 400 59.3822397036697 1
75 500 44.4004018597616 1
75 700 42.7044858599252 1
75 1000 36.5361202545082 1
76 0 80.0350421016826 1
76 200 64.035526383599 1
76 400 54.6211887013425 1
76 500 51.9054151753227 1
76 700 47.2026891122743 1
76 1000 41.4661319245029 1
77 0 96.4973862105251 1
77 200 86.2008475380819 1
77 400 59.8407860598444 1
77 500 63.8405387408956 1
77 700 44.4163391953047 1
77 1000 39.368869787528 1
78 0 82.6113746864078 1
78 200 54.6527630409722 1
78 400 38.7524654227018 1
78 500 41.0370701812016 1
78 700 29.9312279598232 1
78 1000 29.5194420019007 1
79 0 88.1277653296637 1
79 200 72.617855932946 1
79 400 51.3914279989444 1
79 500 44.4086763855679 1
79 700 23.7692616945982 1
79 1000 29.2768257029684 1
80 0 103.652440512288 1
80 200 82.0172305212921 1
80 400 54.5865911631924 1
80 500 53.844237444524 1
80 700 51.281709872651 1
80 1000 32.6542021616431 1
81 0 97.4513034486616 1
81 200 68.7426388712549 1
81 400 41.6205602299866 1
81 500 38.0386130687414 1
81 700 38.0471336462109 1
81 1000 32.6471425567342 1
82 0 89.0150901804144 1
82 200 63.4231357696837 1
82 400 29.8966922670363 1
82 500 43.4961952364051 1
82 700 39.0818561413935 1
82 1000 33.3545607162133 1
83 0 95.0768470733155 1
83 200 59.3246232816538 1
83 400 43.2452281380668 1
83 500 38.574929278281 1
83 700 16.0063379235979 1
83 1000 25.4829725181693 1
84 0 107.555519210772 1
84 200 85.0988325343904 1
84 400 51.3512215088315 1
84 500 46.9555947500491 1
84 700 46.2786839640291 1
84 1000 35.624914282997 1
85 0 113.619015737186 1
85 200 78.6716434524526 1
85 400 47.0223627514066 1
85 500 49.7412985261068 1
85 700 40.1010349073261 1
85 1000 38.9929157085861 1
86 0 98.6886074594267 1
86 200 67.7865618088769 1
86 400 49.56600701714 1
86 500 43.3033385973427 1
86 700 42.8256287649484 1
86 1000 35.2721807318152 1
87 0 103.927399883877 1
87 200 83.3457084190733 1
87 400 57.7371321233229 1
87 500 50.1251317108852 1
87 700 34.8989040768888 1
87 1000 40.8135881935859 1
88 0 85.8022908102841 1
88 200 70.6038214965562 1
88 400 46.7493785976921 1
88 500 42.6811201786624 1
88 700 40.2231378001143 1
88 1000 30.7572003531344 1
89 0 99.6550262682214 1
89 200 54.1546086203511 1
89 400 42.1252867274745 1
89 500 35.4927351343934 1
89 700 43.4734783265574 1
89 1000 29.3712900360069 1
90 0 108.177676700058 1
90 200 95.8157039962738 1
90 400 72.7304329715081 1
90 500 71.2964433376924 1
90 700 54.5360324134527 1
90 1000 48.7410564016571 1
91 0 96.3608519641854 1
91 200 79.8280755613749 1
91 400 66.329229333556 1
91 500 58.8475257250417 1
91 700 47.8589119274119 1
91 1000 40.7220072263486 1
92 0 109.78524914859 1
92 200 87.1644452566044 1
92 400 81.2366256809109 1
92 500 62.1729123340991 1
92 700 51.4347025510248 1
92 1000 42.8605704983978 1
93 0 88.7994078406758 1
93 200 73.2369439074769 1
93 400 58.457518743551 1
93 500 45.4068398336179 1
93 700 39.7165875538493 1
93 1000 36.4716468733147 1
94 0 92.9058585745392 1
94 200 81.0875135703764 1
94 400 56.2218597432283 1
94 500 51.2465683696437 1
94 700 46.5196610802852 1
94 1000 37.7535146372699 1
95 0 91.6745180132056 1
95 200 76.5182057761776 1
95 400 41.2733938680867 1
95 500 43.8973659600326 1
95 700 36.8923612776146 1
95 1000 31.9047908425638 1
96 0 96.7213138671064 1
96 200 83.5871401840277 1
96 400 59.7525292727725 1
96 500 56.2171165210414 1
96 700 46.097231229885 1
96 1000 41.2249445495962 1
97 0 100.138262739661 1
97 200 88.216874576391 1
97 400 55.3649450413796 1
97 500 52.9562161761202 1
97 700 35.3827987366799 1
97 1000 36.2817716339572 1
98 0 111.414967774744 1
98 200 86.4695005021815 1
98 400 67.9023655931619 1
98 500 60.7613319721459 1
98 700 44.4928269927698 1
98 1000 43.3071150604514 1
99 0 89.4429640809892 1
99 200 61.2520632320791 1
99 400 35.4473571232045 1
99 500 34.411265384961 1
99 700 31.7386110441444 1
99 1000 30.6420328088569 1
100 0 91.8364519614803 1
100 200 63.1577615273514 1
100 400 42.9198710557133 1
100 500 33.2456794866157 1
100 700 36.9333278104336 1
100 1000 36.9219390173951 1
