id dose y
1 0 5.16455524075468
1 1000 81.5012874059093
2 0 3.2132184282177
2 1000 11.0030143084839
3 0 4.12161717038016
3 1000 24.2353506950735
4 0 5.01761399153611
4 1000 15.4097082965005
5 0 8.5944478030503
5 1000 34.0918796164577
6 0 5.23597405970834
6 1000 26.4245347974057
7 0 4.42508166151014
7 1000 26.5404105917181
8 0 3.33486580958637
8 1000 20.9935749454459
9 0 4.09298429124353
9 1000 28.2567760019851
10 0 5.11924653057039
10 1000 20.1912986129205
11 0 3.39560905155441
11 1000 17.9657188743458
12 0 5.64940144985135
12 1000 55.0769657210368
13 0 5.80716819189403
13 1000 37.6466024715683
14 0 4.46879763156801
14 1000 30.1906271451669
15 0 8.7138157670516
15 1000 46.5893620304697
16 0 4.02700910125292
16 1000 46.1767658103134
17 0 3.74345589509147
17 1000 15.6655507720065
18 0 4.3739109928708
18 1000 29.9002526341596
19 0 4.10263608376347
19 1000 13.6266836273315
20 0 6.56421815930339
20 1000 68.0435288476146
21 0 5.45304907731204
21 1000 14.1984182015888
22 0 4.25572490879771
22 1000 56.401125443801
23 0 3.90469146872337
23 1000 84.4955972729543
24 0 4.04542882579848
24 1000 29.0552682740051
25 0 7.3351718067949
25 1000 37.9483219810038
26 0 3.92674158007523
26 1000 27.8727162943105
27 0 10.5762548387156
27 1000 52.9854650695297
28 0 8.89291223906712
28 1000 31.4758093218754
29 0 5.72789716798734
29 1000 23.2097670524388
30 0 8.01610883582619
30 1000 23.3904944543325
31 0 4.61593714853105
31 1000 16.4453953054302
32 0 4.89665421480182
32 1000 39.7857895899442
33 0 5.50643032662639
33 1000 46.2238376305923
34 0 4.31027179183739
34 1000 23.5030488338118
35 0 4.07242766991308
35 1000 8.8212444604695
36 0 8.34144095772447
36 1000 24.2197349313536
37 0 4.71780119521059
37 1000 24.1539164888168
38 0 5.16096431197696
38 1000 57.3356968494408
39 0 5.61824355108682
39 1000 17.3997716353939
40 0 5.191530651346
40 1000 21.3745887715222
41 0 5.0260630851101
41 1000 30.9756434956611
42 0 4.56855032471943
42 1000 23.6332731073765
43 0 5.32476150768429
43 1000 16.3456734101756
44 0 4.5086913386961
44 1000 68.9901913754377
45 0 7.19442547365114
45 1000 23.3091195690061
46 0 5.81691642894389
46 1000 15.8225014272908
47 0 3.91702366035744
47 1000 33.6131316111519
48 0 11.0002461037031
48 1000 20.0280268878455
49 0 3.70548009766929
49 1000 21.0864908565727
50 0 4.76432465625064
50 1000 27.2399201723708
51 100 3.46608584714846
51 1000 9.81273618664469
52 100 6.29596854845163
52 1000 14.5310287477999
53 100 5.30685634128518
53 1000 24.4714397201792
54 100 3.20180958179918
54 1000 17.1318405886785
55 100 7.13157934642137
55 1000 41.4908131278486
56 100 5.73999993199985
56 1000 48.5162312426519
57 100 9.12603823905171
57 1000 25.2079246284758
58 100 4.33119720062138
58 1000 22.4481777429988
59 100 13.8170438584571
59 1000 13.8422933902546
60 100 4.21746164986404
60 1000 34.912404393312
61 100 6.53042574335965
61 1000 26.9912433844283
62 100 4.56090356523605
62 1000 30.1245961600557
63 100 8.74683561211707
63 1000 39.2709214430336
64 100 12.457691648502
64 1000 52.9094119901059
65 100 4.6307722505419
65 1000 17.464848933219
66 100 3.6527442806975
66 1000 15.4833459243976
67 100 7.51086450057849
67 1000 33.6407931075388
68 100 4.15575269366953
68 1000 56.4684449869554
69 100 6.62787257084819
69 1000 24.7447728250969
70 100 8.01511726834871
70 1000 42.3489501453507
71 100 3.67630496060136
71 1000 8.36602998848654
72 100 6.99405199769603
72 1000 18.7177114036724
73 100 5.31240704544155
73 1000 24.7226550003411
74 100 6.6349078792414
74 1000 35.6210704361807
75 100 7.45887753701936
75 1000 36.979634514425
76 100 6.58047693825998
76 1000 23.2633826273349
77 100 4.50243189118873
77 1000 45.488799345364
78 100 10.5957124133304
78 1000 23.5199789821331
79 100 10.4982676817659
79 1000 40.2506099778659
80 100 4.71187982150464
80 1000 28.0613102378361
81 100 4.3073794724205
81 1000 12.8823983275077
82 100 4.60120340875512
82 1000 78.8082638729555
83 100 6.87866707195871
83 1000 57.5434860965591
84 100 6.15241661194572
84 1000 30.7501294652835
85 100 5.19795094294434
85 1000 37.6490631451046
86 100 4.92440297619949
86 1000 21.5521714416417
87 100 6.75011068398397
87 1000 64.2167660315462
88 100 6.59605952437937
88 1000 27.6800824931839
89 100 3.87589154176341
89 1000 16.6795679273833
90 100 3.46754263323421
90 1000 13.6435827428248
91 100 5.89328747627854
91 1000 25.9107935275315
92 100 9.08782374246616
92 1000 29.6916578971839
93 100 6.17075437448305
93 1000 23.0511584668044
94 100 2.90846438232942
94 1000 22.7089500575204
95 100 6.19863816079156
95 1000 41.0469404855087
96 100 16.3887900498894
96 1000 25.8722413768442
97 100 5.08498997432396
97 1000 24.4378765050788
98 100 2.88132171190778
98 1000 37.6770274571071
99 100 5.852603389932
99 1000 31.5680416319799
100 100 9.47390583798266
100 1000 25.7120727034315
101 0 3.08812673705529
101 300 6.53015392023645
102 0 3.35930287458101
102 300 19.856827143238
103 0 5.36026731434987
103 300 13.9867192790745
104 0 3.28160570031274
104 300 7.6121186056663
105 0 6.17992470897377
105 300 19.7623377687001
106 0 7.33507277784056
106 300 7.57427586930679
107 0 3.59772679637356
107 300 5.2413279040264
108 0 6.44375239674411
108 300 10.7836687826882
109 0 3.36838122419514
109 300 4.0300365123461
110 0 6.44501840634623
110 300 10.6753956214113
111 0 6.2081930991511
111 300 7.22511036046715
112 0 10.7736675330184
112 300 13.5318031896461
113 0 4.82720262551042
113 300 6.11963218372531
114 0 5.83774490202048
114 300 14.8265698357979
115 0 4.75421850456687
115 300 15.8372319526742
116 0 10.3000591104444
116 300 20.0763173395924
117 0 3.23470134609491
117 300 5.32775098480597
118 0 5.29944996576713
118 300 11.1315962857922
119 0 2.28090996569517
119 300 3.7861691737513
120 0 4.61990652348936
120 300 8.2290816087912
121 0 4.97772409001326
121 300 8.45139075146399
122 0 7.33955212580145
122 300 11.7821501034405
123 0 5.51102762951349
123 300 14.9879223444352
124 0 5.37469094788518
124 300 23.8145272055559
125 0 3.24885514030653
125 300 6.32877352447266
126 0 5.02299980638866
126 300 7.66148847739435
127 0 3.55770420754008
127 300 5.69629370654422
128 0 7.84546728134228
128 300 10.8604294395337
129 0 5.58256408419999
129 300 6.43225683513982
130 0 4.2383349621521
130 300 9.01881049472367
131 0 5.90056213948424
131 300 24.8445755617095
132 0 4.07830763628837
132 300 33.0715356597825
133 0 4.80223472603056
133 300 16.4618126156316
134 0 5.30575718015609
134 300 10.9387724399479
135 0 7.1708331715791
135 300 25.4805321313248
136 0 4.64624664608212
136 300 25.2081262969477
137 0 4.88357386162949
137 300 5.70290912563125
138 0 6.43288867738038
138 300 13.653037057942
139 0 5.29622495701917
139 300 5.51313022638799
140 0 4.29444867317901
140 300 15.6274325481267
141 0 4.3476843895014
141 300 4.22919236853628
142 0 5.09300418433395
142 300 32.9193116751556
143 0 6.16923264249541
143 300 10.5098501660111
144 0 4.34443731648103
144 300 21.8315767793729
145 0 5.20178472698587
145 300 6.79050818569594
146 0 3.6971763243598
146 300 45.4371669443931
147 0 6.16215797896744
147 300 8.05493081960989
148 0 9.11726987188755
148 300 22.0257011358867
149 0 6.46713427852071
149 300 7.64105725903192
150 0 2.75683258612181
150 300 4.73086486134056
151 100 4.70189300489329
151 300 5.25175247007272
152 100 9.47448591082669
152 300 17.790015146845
153 100 5.09734289606002
153 300 10.6228690269921
154 100 9.84130337943441
154 300 14.0268585778053
155 100 5.11034135151628
155 300 16.2506851737553
156 100 8.31213117458802
156 300 14.3199157492229
157 100 6.6489389022322
157 300 13.8209087497628
158 100 10.3545116987061
158 300 10.1189178596413
159 100 5.90618463093461
159 300 9.63312661866315
160 100 4.59441262519233
160 300 6.73182839560024
161 100 7.15746845490109
161 300 21.9777407314445
162 100 12.795446403684
162 300 30.7131826404463
163 100 4.45969653586417
163 300 10.7891995847278
164 100 4.11029501921787
164 300 9.19643769495461
165 100 6.86300747347734
165 300 18.071949375502
166 100 4.18321592213551
166 300 10.4126500629691
167 100 6.56202393710182
167 300 8.46254032638953
168 100 5.23441805184425
168 300 12.1474600989381
169 100 4.23422387259662
169 300 13.6682181376363
170 100 4.39995228611309
170 300 17.6469477693863
171 100 4.76399298772078
171 300 8.93324680801856
172 100 4.8697778543195
172 300 19.9565644185639
173 100 6.46035227603194
173 300 15.7463953282059
174 100 9.97375041495993
174 300 21.2645947142837
175 100 5.56638583680958
175 300 13.2721204216489
176 100 4.11798741295121
176 300 13.9057386816486
177 100 3.07323601968852
177 300 3.79525347944974
178 100 7.17705181982716
178 300 10.1989719154695
179 100 3.53214744271676
179 300 5.80521753363041
180 100 6.32306268560241
180 300 6.97603031155633
181 100 4.66229981310452
181 300 19.1877406615401
182 100 5.22198118801792
182 300 10.675488273142
183 100 4.86750334529255
183 300 15.6611896228742
184 100 7.23833044543171
184 300 22.0828638469398
185 100 4.81307694278375
185 300 11.7775407816378
186 100 7.97561532965149
186 300 23.7902498976592
187 100 4.63977164191887
187 300 9.95132941574731
188 100 6.75573851481033
188 300 18.3950784245848
189 100 11.1496054241845
189 300 13.3145065895961
190 100 10.6658872410209
190 300 22.7202271360072
191 100 6.66391460554968
191 300 18.5241674372734
192 100 3.41054414522774
192 300 6.52379797907312
193 100 5.58065738905639
193 300 6.98128490571064
194 100 5.06697906234778
194 300 10.9535019337686
195 100 4.73953562929242
195 300 21.1223760263669
196 100 5.78491580183509
196 300 11.079604790786
197 100 8.09230983677499
197 300 14.4758733048426
198 100 4.71095194374494
198 300 14.8810190008643
199 100 7.35127248045772
199 300 11.8669749017835
200 100 9.21953669304251
200 300 14.2400097489357
