id dose y
1 0 5.61655843177013
1 1000 21.212314249735
2 0 5.76928215708842
2 1000 16.6100862956188
3 0 2.14073967882987
3 1000 14.6676646447295
4 0 4.45284879425341
4 1000 22.2946002989116
5 0 5.50974198175312
5 1000 12.0243897316678
6 0 5.34002039972712
6 1000 22.0529629525084
7 0 5.48364616011569
7 1000 14.1655087058087
8 0 3.73180040152922
8 1000 28.1461991704721
9 0 6.55985367315756
9 1000 18.2547173273501
10 0 3.13702069666367
10 1000 39.0915498776434
11 0 3.78001923278257
11 1000 6.44537223726562
12 0 5.15513838561323
12 1000 28.6645238148536
13 0 8.3459691064728
13 1000 43.8472363416962
14 0 7.6102170334692
14 1000 81.7085706223645
15 0 5.12539534703924
15 1000 13.3936457175116
16 0 5.60827974336933
16 1000 31.8087991524244
17 0 5.97275262473329
17 1000 25.8972469143448
18 0 4.25453260056393
18 1000 17.8225126025692
19 0 3.05750538953586
19 1000 70.0298140559048
20 0 3.18605887684828
20 1000 35.9651254498386
21 0 6.05352183098507
21 1000 14.6081060908948
22 0 6.93349225553533
22 1000 30.3901746197398
23 0 5.74228133675843
23 1000 31.4239585612999
24 0 6.05706610195424
24 1000 48.1736800357014
25 0 3.81387921531956
25 1000 11.4264092570651
26 0 7.51561733524841
26 1000 58.9682897065232
27 0 3.04630938037743
27 1000 43.8086270557037
28 0 8.09658723962091
28 1000 16.469155843042
29 0 3.72581279474447
29 1000 25.6558528490289
30 0 7.8424742949788
30 1000 34.1829667665833
31 0 5.62674614939161
31 1000 20.3302637175241
32 0 4.15213155626084
32 1000 15.6750485755553
33 0 5.0475207760016
33 1000 32.5786791470925
34 0 6.41052176074917
34 1000 46.3560695011502
35 0 5.16461833838465
35 1000 181.764226149611
36 0 5.07052761723605
36 1000 23.3481863593097
37 0 11.3318168662043
37 1000 61.457617969372
38 0 6.08601199164804
38 1000 15.8011797533216
39 0 4.56213141329293
39 1000 33.1872142240488
40 0 6.36107067455772
40 1000 32.1372330857821
41 0 5.99793503571798
41 1000 23.8880175960289
42 0 5.24366855210543
42 1000 9.57331034115134
43 0 4.08049696864913
43 1000 28.8569581828834
44 0 10.4650528562419
44 1000 14.5594901920576
45 0 9.90133962618376
45 1000 50.6865782717914
46 0 5.02162640619522
46 1000 14.7696637784473
47 0 3.56052798312851
47 1000 16.0108787651537
48 0 3.52414688053499
48 1000 11.2749495724847
49 0 4.67145242929391
49 1000 29.2630556975018
50 0 6.07696181768805
50 1000 10.6708668631569
51 100 6.35131376002705
51 1000 18.408924786268
52 100 3.81757828560638
52 1000 34.6408846622558
53 100 3.68305618944697
53 1000 22.6439609857227
54 100 6.80780546795092
54 1000 16.4977956778807
55 100 3.85258530932671
55 1000 54.9787229135864
56 100 5.20479008153194
56 1000 18.2154785832049
57 100 4.85828992868954
57 1000 28.1778863761259
58 100 6.71790979171609
58 1000 17.0323488734611
59 100 4.74128606474361
59 1000 22.6198254229771
60 100 8.08923346235799
60 1000 28.5298300109901
61 100 6.01362614324206
61 1000 32.8684957770966
62 100 2.7691042817188
62 1000 44.3467380815115
63 100 7.63054107607956
63 1000 50.4064249024458
64 100 6.60268806908795
64 1000 17.509594406932
65 100 6.33650726496703
65 1000 21.4718505319085
66 100 3.92615456936799
66 1000 38.5773637317213
67 100 4.28949085758276
67 1000 28.630719758602
68 100 5.05942643025636
68 1000 20.3060017258392
69 100 6.59656605674323
69 1000 59.7209515815961
70 100 8.44438956108481
70 1000 27.2111586160449
71 100 9.63461758363395
71 1000 24.816729824881
72 100 7.81975726355474
72 1000 22.9432876593928
73 100 5.88599064688537
73 1000 13.6525815597121
74 100 2.69798312242977
74 1000 21.4842942022061
75 100 8.73318347916588
75 1000 30.8129132625792
76 100 4.62705295453532
76 1000 36.6338498924267
77 100 8.55687391825972
77 1000 14.1824969371357
78 100 3.7840834074148
78 1000 43.7367240196856
79 100 3.10269042000559
79 1000 46.1728740151947
80 100 8.53080141152712
80 1000 28.5893152552315
81 100 5.71932096972593
81 1000 14.9108805420346
82 100 4.83892834951979
82 1000 15.6286880557629
83 100 4.63224535812033
83 1000 17.8040953902138
84 100 6.50764296243611
84 1000 25.5751060406656
85 100 3.73433314629216
85 1000 20.9854521729596
86 100 2.11901137782221
86 1000 29.7546757831096
87 100 8.90441523277103
87 1000 26.451065959589
88 100 3.52643220733131
88 1000 25.2219790896123
89 100 5.93750863562911
89 1000 36.7102966417773
90 100 4.93649993020902
90 1000 28.4328759188775
91 100 3.83520409137186
91 1000 38.9788701793255
92 100 4.27788196560574
92 1000 19.2307308377794
93 100 4.11942290645824
93 1000 44.4394558610089
94 100 4.87820272017985
94 1000 16.8380933020103
95 100 6.28742085499727
95 1000 38.5801272011797
96 100 11.625418311465
96 1000 17.946988095519
97 100 5.32268978994055
97 1000 72.1496719116556
98 100 7.7834034961503
98 1000 29.2662597421801
99 100 6.29279448778995
99 1000 12.1583231191112
100 100 5.74051176858229
100 1000 29.7767807456145
101 0 4.86403980605664
101 300 19.6632202193755
102 0 2.7305679939463
102 300 15.0448899729853
103 0 4.15619943114917
103 300 10.6181380930465
104 0 6.24906617764094
104 300 14.2813601094434
105 0 4.01136183710165
105 300 4.81695657023163
106 0 3.97551784960255
106 300 5.77202168448789
107 0 4.92971500744274
107 300 20.9159372948403
108 0 4.21953014782304
108 300 4.27069941072511
109 0 5.64908932735768
109 300 6.19743759246444
110 0 3.2943354244314
110 300 9.68347820512933
111 0 3.77018707014244
111 300 24.7572101402205
112 0 6.860438273395
112 300 14.8562200508065
113 0 7.13244856225329
113 300 15.9730901702826
114 0 3.89653428710361
114 300 7.3800093465516
115 0 5.73417403145894
115 300 7.06794216548819
116 0 6.56834646405684
116 300 9.67960344164378
117 0 5.11291527323761
117 300 9.3062149251706
118 0 3.59604857126401
118 300 14.3313538170729
119 0 6.23102830949051
119 300 24.6653203504485
120 0 6.81538830071926
120 300 17.2756039781849
121 0 4.11603316434962
121 300 4.42646717455044
122 0 3.745118644876
122 300 7.39964504685043
123 0 3.90631898913888
123 300 24.5900496912764
124 0 3.33178954825125
124 300 5.51436924631927
125 0 3.79713814072762
125 300 5.01330683921869
126 0 4.23197432500382
126 300 35.3274784022276
127 0 3.98522467179596
127 300 39.2460013420458
128 0 3.41351223204967
128 300 9.27757514698612
129 0 8.06967638071166
129 300 9.0050349067275
130 0 7.80400654424658
130 300 7.4382865210817
131 0 5.00711611077823
131 300 7.24248728372877
132 0 4.91449238369189
132 300 19.8890396466488
133 0 3.17752038312031
133 300 16.9770784572068
134 0 7.98337665755308
134 300 27.7971617641227
135 0 5.72211151164775
135 300 9.47192615815447
136 0 5.66719783417145
136 300 13.8194994463198
137 0 3.77171185157059
137 300 7.24102122394429
138 0 3.16869920621295
138 300 21.3122997858047
139 0 4.41018307651627
139 300 13.9755336872064
140 0 3.76398775926655
140 300 5.58651369738851
141 0 4.73326853206789
141 300 15.4705218067978
142 0 4.40740546903545
142 300 35.0197577080341
143 0 3.97709455718694
143 300 10.65373547748
144 0 5.03490519989061
144 300 6.42769552336433
145 0 3.4615261401226
145 300 11.5562180893328
146 0 6.50209503006673
146 300 16.7953844366882
147 0 4.13550931456264
147 300 5.69744355092447
148 0 2.88832028328794
148 300 3.69037847718511
149 0 3.24193374727597
149 300 9.67800049660416
150 0 6.34444445943172
150 300 17.5938239411413
151 100 4.72360794984559
151 300 3.83500458660277
152 100 4.09195579973648
152 300 8.87735049038391
153 100 5.13052525072251
153 300 21.1878826628121
154 100 6.18417566681457
154 300 13.094837525233
155 100 10.1679301395982
155 300 10.2054856716271
156 100 9.52707131849716
156 300 13.4567292123276
157 100 3.91437536897969
157 300 6.34469831481766
158 100 4.87841493315642
158 300 5.97426772516103
159 100 7.48649935818354
159 300 9.25063942059479
160 100 4.90365856730208
160 300 14.1764651627065
161 100 8.03148949073233
161 300 18.3278609207932
162 100 3.17426225668766
162 300 4.12065707978561
163 100 4.54342289584763
163 300 4.98697384813801
164 100 5.08601942724014
164 300 12.6362538723228
165 100 6.90640972715352
165 300 12.4589512985012
166 100 4.02660687002969
166 300 8.30352618239723
167 100 3.76454721784179
167 300 7.21959741565357
168 100 5.60083942399648
168 300 14.3405857757216
169 100 4.36372614770907
169 300 15.2259700648189
170 100 9.26927218071068
170 300 25.0472373498091
171 100 5.95014641542513
171 300 11.2032051301277
172 100 7.28399791738295
172 300 22.8724444964322
173 100 5.37259020777333
173 300 14.2163289088711
174 100 5.51500558641986
174 300 5.10283415552201
175 100 7.60158586840142
175 300 14.5928650263055
176 100 5.60689809729001
176 300 7.42754458014516
177 100 5.27385076828927
177 300 6.47530745089638
178 100 3.86652540663937
178 300 7.95997804103131
179 100 3.9614859125172
179 300 5.75942236438207
180 100 5.2091468456673
180 300 8.31099637039135
181 100 5.45451654978182
181 300 8.78365615517081
182 100 3.14444694577744
182 300 5.9774016367402
183 100 4.68724950755103
183 300 15.1253292634156
184 100 4.89647245339657
184 300 5.15196546518251
185 100 6.66048733659286
185 300 10.4783247396383
186 100 10.2263029956606
186 300 18.4411152224009
187 100 6.74483278546857
187 300 18.9818243523624
188 100 5.52812835595133
188 300 10.4011730044219
189 100 4.03396226710464
189 300 10.0361050388703
190 100 6.96655949447522
190 300 19.7769631010547
191 100 4.3387871777281
191 300 4.72418031152158
192 100 3.56433387368927
192 300 3.75121931585262
193 100 9.82339420312326
193 300 28.1149553709299
194 100 5.09091696404046
194 300 5.11911277136035
195 100 5.08274091733234
195 300 6.51061504578986
196 100 4.5053922050073
196 300 4.78763131574798
197 100 5.42722429543629
197 300 8.64076580924301
198 100 7.28517730059016
198 300 8.36762677868422
199 100 4.7766290383946
199 300 6.5816391941918
200 100 4.00307672333826
200 300 3.94819737396233
