id dose y
1 0 4.90921141687303
1 1000 12.1748035066505
2 0 6.18510304765852
2 1000 30.0757142180224
3 0 3.30682815154976
3 1000 18.3776204126081
4 0 6.31739992161926
4 1000 49.4530048223062
5 0 2.31811829420517
5 1000 24.1455341904984
6 0 7.29777120207722
6 1000 34.5579879352185
7 0 3.89347374758945
7 1000 14.4140488950838
8 0 6.28242879380195
8 1000 58.1835190263129
9 0 4.13668764457467
9 1000 32.4343349710727
10 0 2.20994089205477
10 1000 52.1592140477935
11 0 4.78767251251378
11 1000 43.3603256758113
12 0 3.11942198575237
12 1000 9.90575880400835
13 0 6.59637267834882
13 1000 45.3108956416537
14 0 3.27417162488908
14 1000 19.3767432873942
15 0 3.20751036608847
15 1000 32.5686079812852
16 0 3.06152827063113
16 1000 29.0770243481069
17 0 4.24792171562121
17 1000 30.7493353091567
18 0 2.45074250087104
18 1000 16.9228761441027
19 0 6.33784692041083
19 1000 12.1480654306161
20 0 9.15960148198072
20 1000 17.9836173036375
21 0 4.38177371193424
21 1000 55.576795172683
22 0 8.01544907598909
22 1000 16.7448365560306
23 0 5.28957297477138
23 1000 68.9735346810658
24 0 3.3956916764073
24 1000 26.3097445856336
25 0 6.22237200127504
25 1000 9.57177084054036
26 0 4.81632821142632
26 1000 56.9095622168594
27 0 8.19410311136962
27 1000 26.1230601006936
28 0 3.6587509957978
28 1000 11.8468936885613
29 0 6.77365520385867
29 1000 18.6162944553295
30 0 5.27457593087746
30 1000 44.1031798644369
31 0 3.87094243127554
31 1000 21.357919009921
32 0 5.9192272965438
32 1000 26.1933290485573
33 0 4.68729285785178
33 1000 30.3355989594688
34 0 8.48156339896275
34 1000 16.0802189672741
35 0 5.01605195713508
35 1000 25.5414658622654
36 0 4.73531646737365
36 1000 19.1346218096987
37 0 3.08062906391621
37 1000 44.2274635066808
38 0 4.64403112992372
38 1000 59.7426154918007
39 0 4.88499465990746
39 1000 15.5354294109958
40 0 4.15128602683717
40 1000 20.5957224524432
41 0 4.67314804369594
41 1000 23.1425262185114
42 0 5.31768581319879
42 1000 37.7579290059644
43 0 3.48394710900853
43 1000 19.1581667237573
44 0 5.24323735748668
44 1000 15.5850967582175
45 0 9.59342379520944
45 1000 29.7658405319697
46 0 3.64541464331184
46 1000 21.7779542600855
47 0 3.71793913105203
47 1000 47.0573024691137
48 0 6.10561789451794
48 1000 12.1700658629092
49 0 4.84290687694242
49 1000 16.3639530408448
50 0 10.597179020544
50 1000 45.4556791086617
51 100 6.57018491733933
51 1000 34.5364812869078
52 100 8.13962460384532
52 1000 32.369260636325
53 100 4.22237249595676
53 1000 29.7671487195867
54 100 8.02056159580641
54 1000 17.8742465841191
55 100 3.78855403709634
55 1000 29.7327043460434
56 100 5.35630950818824
56 1000 55.697847028069
57 100 4.14908494643347
57 1000 19.7664102582702
58 100 4.9934157301768
58 1000 18.8496963044454
59 100 4.5287346527147
59 1000 26.6703815077946
60 100 6.71521063811324
60 1000 12.667151805124
61 100 3.58112170543557
61 1000 35.1365988048279
62 100 3.16061543082203
62 1000 30.6634788488903
63 100 3.33373163359322
63 1000 16.6761648172861
64 100 5.39445736037809
64 1000 23.7283591895801
65 100 8.89412894691948
65 1000 76.3339452307762
66 100 3.92996862083974
66 1000 9.98433885269191
67 100 6.55435740751695
67 1000 15.3718568850262
68 100 2.52447466063993
68 1000 6.09887634070371
69 100 5.93336291130533
69 1000 26.9442522465783
70 100 19.2413652693128
70 1000 34.608785318866
71 100 4.52794329507954
71 1000 28.3796100346045
72 100 5.6802849605696
72 1000 26.7565734024963
73 100 5.44242568841254
73 1000 22.4697592229661
74 100 5.06816605663135
74 1000 16.9626139697915
75 100 8.18357286031037
75 1000 72.0323522465908
76 100 4.94323879445469
76 1000 10.440645731863
77 100 4.33490479779043
77 1000 29.3040798815352
78 100 7.1056607842494
78 1000 25.663090515969
79 100 11.3898557828679
79 1000 35.7004991910105
80 100 4.94752253050654
80 1000 27.1532424873238
81 100 7.8236100938403
81 1000 44.2109318665459
82 100 5.04314552688845
82 1000 28.1058995294906
83 100 5.40694142980702
83 1000 16.6142909278568
84 100 4.98159519416762
84 1000 37.5707410622668
85 100 3.32088099368056
85 1000 17.0258306030907
86 100 11.5985701212653
86 1000 53.9893318367529
87 100 3.39916186198636
87 1000 66.5272067547442
88 100 4.97895786965741
88 1000 35.2222182281429
89 100 8.5545010933215
89 1000 21.6357727040286
90 100 6.44064587011488
90 1000 22.87672006006
91 100 6.30344333984855
91 1000 15.7471789227402
92 100 6.75954139811098
92 1000 64.53805316184
93 100 5.96192441257667
93 1000 9.24468577243544
94 100 10.7773784273748
94 1000 30.0262755725022
95 100 6.5666079172329
95 1000 20.2817540170996
96 100 7.46891268506393
96 1000 20.824336471686
97 100 21.2617907910008
97 1000 129.195229452621
98 100 5.21907022430816
98 1000 32.6135065490518
99 100 4.6052220952119
99 1000 14.0462752513957
100 100 7.49085037014918
100 1000 39.3431793478794
101 0 4.46419852644486
101 300 8.83572843991435
102 0 6.16676926912174
102 300 5.46666839080882
103 0 6.3695485887599
103 300 20.2888538187382
104 0 5.94452095528375
104 300 7.38976605876639
105 0 4.43369798853446
105 300 18.2149395981313
106 0 4.57478182267985
106 300 9.35136202417443
107 0 5.68564553758422
107 300 54.8843218347517
108 0 3.11142147351113
108 300 6.60302853202061
109 0 4.37693149480017
109 300 10.953601545556
110 0 6.46703220145243
110 300 33.6048737148093
111 0 6.10672635513859
111 300 22.5119860352316
112 0 7.86975523694956
112 300 27.2196337289458
113 0 5.96048049273226
113 300 20.1888913455164
114 0 4.2764697805541
114 300 14.208555333209
115 0 6.61165877614702
115 300 6.18240116924492
116 0 4.78437276969325
116 300 7.68746313348103
117 0 5.36448422710833
117 300 31.8554255923696
118 0 3.24451559870714
118 300 19.311566909484
119 0 4.19440470344279
119 300 13.9762326838356
120 0 5.07692437508846
120 300 4.57024030641378
121 0 7.61190217540784
121 300 12.8099968286659
122 0 3.54482986444622
122 300 30.8152308574968
123 0 3.98435175980302
123 300 11.4052961975831
124 0 5.52077669538579
124 300 14.7464695934829
125 0 7.22234140919879
125 300 6.91477926440531
126 0 4.48102792691916
126 300 6.24032074157362
127 0 5.57975713455124
127 300 97.4789134149209
128 0 3.81234646023006
128 300 12.0190366050156
129 0 3.17647768944491
129 300 8.89894677192036
130 0 8.20171426647073
130 300 30.5315225951357
131 0 3.67723072203882
131 300 9.37341324349606
132 0 4.36707558741298
132 300 7.67410938518775
133 0 5.21319922576337
133 300 13.1853833737125
134 0 5.24965447737631
134 300 5.86623963184668
135 0 4.82726539687185
135 300 37.0520257822371
136 0 4.48835848882379
136 300 10.544048176274
137 0 4.900903019387
137 300 5.46786899948449
138 0 7.35271758800075
138 300 9.46590048580088
139 0 8.973110716952
139 300 9.07540288684839
140 0 4.42098918118882
140 300 13.9179412268437
141 0 3.69183232364642
141 300 4.87948886404936
142 0 4.28252307305892
142 300 4.19965581013297
143 0 5.52939895814157
143 300 58.0921818252619
144 0 4.7729139790269
144 300 8.0052970246599
145 0 6.39426148572482
145 300 15.0202792981698
146 0 6.4230353404358
146 300 22.881467267249
147 0 5.59474652448833
147 300 5.69993196357457
148 0 9.24112089248094
148 300 19.8833815052322
149 0 8.06413383453778
149 300 6.85738237135386
150 0 5.11570897193745
150 300 26.6558238812167
151 100 2.45769810428982
151 300 3.045773176712
152 100 3.43183634597093
152 300 14.0759606131994
153 100 7.72699022768288
153 300 19.7637887273856
154 100 7.32185216691192
154 300 20.8121191322969
155 100 3.8839984349798
155 300 14.3593332051368
156 100 6.42344281217545
156 300 12.8393990365743
157 100 5.50778236001378
157 300 7.78839961102484
158 100 4.89482323797644
158 300 9.43958430219816
159 100 6.33378471343883
159 300 8.20500780715908
160 100 3.17157956177899
160 300 4.06995872596233
161 100 5.43281911120541
161 300 32.8697046253331
162 100 5.22980703544903
162 300 6.40279825951549
163 100 5.44840070001204
163 300 9.57185980276401
164 100 4.63820755393676
164 300 16.7824315915256
165 100 5.64708945267126
165 300 11.718719815202
166 100 6.05696647782002
166 300 16.8168988917652
167 100 5.84188386976259
167 300 13.16181923948
168 100 14.44125486988
168 300 32.9057361432141
169 100 5.92780909139818
169 300 8.00201488668943
170 100 6.44060873199667
170 300 8.05277324062316
171 100 5.35876268786942
171 300 6.31247010433191
172 100 9.75024960687998
172 300 27.202978766548
173 100 10.2192778584657
173 300 16.9283944462542
174 100 6.47836138794333
174 300 5.76170008190639
175 100 4.90300811345521
175 300 15.1320450259359
176 100 4.96113248412768
176 300 6.18134483636326
177 100 7.19234243654747
177 300 28.0517243367001
178 100 3.74437687887503
178 300 5.91463045107282
179 100 5.97403545730884
179 300 23.538298760791
180 100 5.25824242073104
180 300 11.3173762353315
181 100 4.45300442487403
181 300 6.63715237988002
182 100 5.97287487402324
182 300 19.6843662291549
183 100 6.27066552069908
183 300 12.0959387709325
184 100 7.44587406745204
184 300 46.3623999313398
185 100 6.6216555402444
185 300 14.5769274932067
186 100 6.29604848702855
186 300 7.11040542621267
187 100 9.63276804295963
187 300 16.9976130641621
188 100 7.52716746184415
188 300 12.7291924083758
189 100 4.65356158259757
189 300 7.6971482560824
190 100 8.19838565556883
190 300 11.1625980400554
191 100 5.55271828510385
191 300 10.5076586964172
192 100 5.18972055928581
192 300 4.89165946297581
193 100 3.20300170022445
193 300 6.60953532403661
194 100 6.64947538532926
194 300 16.2215021669153
195 100 3.98098067610115
195 300 7.73006939471214
196 100 9.84134990865005
196 300 17.9636007033863
197 100 6.07811175821805
197 300 13.1658136774692
198 100 5.47906261921583
198 300 8.50631237719152
199 100 2.79669962602236
199 300 7.02811372544231
200 100 5.58077320623766
200 300 7.17754573693752
