id dose y
1 0 2.95995536983368
1 1000 18.2584004099604
2 0 4.9833277933942
2 1000 60.8417341454075
3 0 5.08236775407333
3 1000 37.6796727515536
4 0 2.8446797947223
4 1000 10.2764954930307
5 0 3.56522788783171
5 1000 12.0517461890426
6 0 4.11502195166486
6 1000 55.602014015285
7 0 5.79204705703394
7 1000 56.9436348165145
8 0 3.96729885177305
8 1000 69.7470607227122
9 0 5.20328886133769
9 1000 22.7148979141203
10 0 4.47034066742942
10 1000 12.2772626300857
11 0 3.46529693954839
11 1000 20.2926318554344
12 0 2.69192078922414
12 1000 53.2981219186901
13 0 3.59573413214065
13 1000 13.2578735900367
14 0 3.67698962854495
14 1000 6.0616125314168
15 0 5.24632864693216
15 1000 34.7790580418255
16 0 4.17903605180247
16 1000 27.9438668023736
17 0 12.851946832037
17 1000 27.4523843688073
18 0 4.73178510990885
18 1000 13.4598591360618
19 0 3.86892159121577
19 1000 40.0188636577765
20 0 6.48705157514631
20 1000 48.527446068244
21 0 8.41963938213497
21 1000 33.1035508067223
22 0 4.59923807867097
22 1000 35.9645385441789
23 0 3.68563121080006
23 1000 27.8353181777612
24 0 3.42894671511413
24 1000 33.9619262762956
25 0 5.706904893965
25 1000 27.4898977460856
26 0 6.75411580860676
26 1000 19.2851176499697
27 0 5.18079769892342
27 1000 85.7522629949356
28 0 3.86223274363013
28 1000 16.6639491814691
29 0 2.82003056688281
29 1000 26.8659374114397
30 0 3.11231757729553
30 1000 17.6509542149955
31 0 7.57952300238297
31 1000 10.1954183866946
32 0 5.32278129051645
32 1000 80.6063820843892
33 0 4.7175977216905
33 1000 7.59412552101535
34 0 3.42099283459581
34 1000 12.8430575669116
35 0 5.73924659678152
35 1000 53.7968313302472
36 0 5.17731639729277
36 1000 27.8921112740606
37 0 2.76456941706775
37 1000 8.30672669292629
38 0 4.45295111209635
38 1000 20.3543192579654
39 0 5.40930398996628
39 1000 30.951976137561
40 0 5.9368346077218
40 1000 20.9316294776666
41 0 8.72523586406106
41 1000 18.3031914268142
42 0 5.17603651445723
42 1000 35.0776038990881
43 0 4.46458101078734
43 1000 24.0447729273389
44 0 5.59791760956338
44 1000 24.8545610794581
45 0 5.33315087912241
45 1000 24.1560017041143
46 0 4.99903468069988
46 1000 29.6097215725204
47 0 8.26302808559657
47 1000 24.4266619774849
48 0 6.13125303830706
48 1000 38.5854661770231
49 0 5.55246059775246
49 1000 26.7947147028515
50 0 5.02203461288373
50 1000 19.7627733272057
51 100 7.21954787376684
51 1000 15.7244767999444
52 100 3.36699181712145
52 1000 14.274767303332
53 100 3.68785373528876
53 1000 25.5186661882756
54 100 6.54068993419591
54 1000 39.2816069528807
55 100 4.49155164898452
55 1000 23.9549634766651
56 100 6.26586105686471
56 1000 25.9603790064179
57 100 7.99202717352142
57 1000 16.430028305916
58 100 6.51554499236453
58 1000 106.29617130705
59 100 3.76328591469781
59 1000 73.3115689284731
60 100 6.49289523112596
60 1000 15.613359009775
61 100 3.59274752426984
61 1000 22.5983265312933
62 100 5.17936708043295
62 1000 18.3510661691189
63 100 6.52335449785449
63 1000 32.9723407852213
64 100 6.93823592551168
64 1000 44.27331677225
65 100 6.1916570596264
65 1000 27.4290926944034
66 100 5.17010653525463
66 1000 18.6985585531415
67 100 3.7250241153136
67 1000 19.1414679021275
68 100 6.70106870039235
68 1000 22.7727385243224
69 100 3.9798722606438
69 1000 50.5200880509088
70 100 16.2139556437509
70 1000 32.9062839639587
71 100 7.35667334882548
71 1000 18.581694790405
72 100 5.84091557424567
72 1000 27.807444090756
73 100 3.70063247174873
73 1000 21.9806787411808
74 100 4.71990680277411
74 1000 69.4252786395316
75 100 5.25403606108129
75 1000 34.4501625348202
76 100 4.51803998390249
76 1000 9.31716233864999
77 100 5.01544973479973
77 1000 28.6257533206227
78 100 3.26570139222123
78 1000 21.6812406264344
79 100 2.45941817683783
79 1000 82.0909772053111
80 100 6.25502732246152
80 1000 18.7993039309127
81 100 5.10615527608317
81 1000 22.8205750175613
82 100 4.41039327063485
82 1000 45.7991190007248
83 100 5.00326988166355
83 1000 33.9767341331065
84 100 6.82242015904288
84 1000 16.935538665607
85 100 3.98758242020693
85 1000 47.2510238399473
86 100 10.6771632810999
86 1000 27.8646655901861
87 100 3.93160917895608
87 1000 17.0018550194678
88 100 4.73435907053782
88 1000 48.6959800572264
89 100 6.40937151882914
89 1000 29.9529475666243
90 100 5.84461907500466
90 1000 43.111679469448
91 100 4.34859240365533
91 1000 43.4310745418594
92 100 12.1806817667242
92 1000 17.3495571266812
93 100 5.98572711745961
93 1000 106.924588568358
94 100 4.17265675918218
94 1000 12.7108228243855
95 100 6.75842842127626
95 1000 33.1388162267945
96 100 3.45134216219438
96 1000 17.1030727828246
97 100 4.90064972253939
97 1000 30.7718171101704
98 100 4.05824554462328
98 1000 10.8667747654455
99 100 12.0926271257429
99 1000 39.1633801969498
100 100 5.80229340118652
100 1000 22.2004008669308
101 0 5.82833791913142
101 300 6.76554730742058
102 0 4.53361186788494
102 300 6.75542232535216
103 0 4.82495160501399
103 300 12.6030256917017
104 0 5.25950841306447
104 300 11.4631011907745
105 0 4.18662512141668
105 300 5.38373945737445
106 0 4.65519152855525
106 300 12.2778385776174
107 0 4.50997075098246
107 300 13.3538614472706
108 0 5.23389407486834
108 300 25.8231623523849
109 0 4.6180071061005
109 300 25.4944894566463
110 0 5.8947723491307
110 300 8.12876471923986
111 0 4.64418567462243
111 300 10.5413491478793
112 0 6.23959889606686
112 300 8.22839122634647
113 0 4.33234325038039
113 300 24.2992789476186
114 0 6.27972274095633
114 300 18.4556597355459
115 0 4.11186139304879
115 300 6.73372968589353
116 0 3.52090548535239
116 300 9.3678807215034
117 0 3.8855443112292
117 300 5.58907596647277
118 0 5.73615437030254
118 300 15.3415829050103
119 0 4.9023323825041
119 300 25.9720891502344
120 0 5.03118241044371
120 300 10.5027208105881
121 0 3.35906549740812
121 300 3.38583323677178
122 0 4.61043395613201
122 300 16.728167683831
123 0 4.69547149764847
123 300 13.1999216829573
124 0 3.75554982600846
124 300 5.55868128983657
125 0 10.4659603523293
125 300 9.81044683260988
126 0 4.24240011333289
126 300 9.26039179085164
127 0 4.69587682671745
127 300 9.31271793838299
128 0 4.85081642881211
128 300 15.6250305453355
129 0 2.97547583759163
129 300 4.39892826937889
130 0 6.67106309755658
130 300 26.6601380373585
131 0 3.03427783215125
131 300 7.60889632738359
132 0 4.52283188376938
132 300 31.7998938700425
133 0 9.09010076882616
133 300 18.7826535957897
134 0 6.56136112647189
134 300 30.8090259313556
135 0 8.69148597175325
135 300 15.4261893484187
136 0 5.51052002731012
136 300 6.30277688337426
137 0 6.07314276753989
137 300 12.6382490976475
138 0 3.41614136817421
138 300 8.3189301512574
139 0 4.12454676193122
139 300 15.4323039990189
140 0 4.82532315795568
140 300 16.8136820323636
141 0 4.69838931998545
141 300 18.7965998832047
142 0 3.23013265847587
142 300 7.76405285853363
143 0 4.14987627608844
143 300 14.4807703194194
144 0 7.46259548828888
144 300 29.40615672081
145 0 8.34583873105153
145 300 12.3076278310259
146 0 8.38632830342407
146 300 11.2427484868531
147 0 1.97130802178361
147 300 5.54614153073199
148 0 5.57634512746669
148 300 11.732321514668
149 0 10.1006049030657
149 300 10.5315909834479
150 0 3.86877644581831
150 300 5.74898706774241
151 100 2.71748525189618
151 300 3.9863639257515
152 100 15.9463418924285
152 300 15.2738492608888
153 100 4.68920356104729
153 300 7.17792645799433
154 100 8.00139744518081
154 300 13.5561029203061
155 100 3.46144193869283
155 300 11.8738555796674
156 100 4.21898952851192
156 300 4.321273084611
157 100 5.63720046026254
157 300 8.84304081705347
158 100 4.6836039867428
158 300 5.82657769764737
159 100 10.0328251262679
159 300 22.1025018156567
160 100 8.13814211699113
160 300 17.3189676475478
161 100 8.30927077143839
161 300 25.31220509295
162 100 3.6349290362926
162 300 6.20611333390251
163 100 4.06860870051456
163 300 7.45612584263543
164 100 6.91640085876775
164 300 32.2578581428302
165 100 7.62251125482083
165 300 13.3940266911523
166 100 6.13430866280279
166 300 14.5725045085695
167 100 6.50471997203839
167 300 19.6726662341488
168 100 4.1661683739166
168 300 6.32065599652033
169 100 6.0622675642747
169 300 14.593957795185
170 100 9.80785256401283
170 300 16.7063181987799
171 100 7.37494298429476
171 300 9.47387515412653
172 100 5.63466731167025
172 300 6.75936905607936
173 100 6.3776932943627
173 300 6.93252776971146
174 100 6.07775370361973
174 300 11.459654441907
175 100 3.67455760319439
175 300 4.88434599891525
176 100 6.02270474034595
176 300 18.8395103699644
177 100 3.20086610058252
177 300 10.6361475413815
178 100 6.00973562615763
178 300 8.20201900542497
179 100 6.17046744523856
179 300 8.69186682097526
180 100 6.40989877534875
180 300 9.04607745032497
181 100 5.40766794419639
181 300 9.78151127571818
182 100 6.55922005004066
182 300 7.32983312818154
183 100 3.29475165791774
183 300 9.37170921922892
184 100 7.43456507118838
184 300 6.89292087117947
185 100 8.09559997626608
185 300 14.0970361199189
186 100 8.27322488371899
186 300 21.3168969315785
187 100 4.82592051445765
187 300 4.92096960810889
188 100 7.72627067933294
188 300 23.6766162606143
189 100 3.98912373970616
189 300 7.8872665008356
190 100 5.4311988617825
190 300 12.8939194501049
191 100 6.97674582079988
191 300 17.4632462954792
192 100 9.38603173190607
192 300 14.6145531463452
193 100 3.50880646171731
193 300 3.09581561021153
194 100 7.49335378967576
194 300 21.2330368765713
195 100 6.80826516646725
195 300 14.8537206788241
196 100 1.72166521487865
196 300 4.13359722358765
197 100 6.8402347952404
197 300 11.2269076126777
198 100 7.8196669798684
198 300 15.1041493164989
199 100 9.33463520870996
199 300 11.9780634548831
200 100 8.56899635412993
200 300 18.3461010992949
