id dose y
1 0 11.1159575878191
1 1000 27.3337225770794
2 0 5.34055586666151
2 1000 5.76920291444703
3 0 4.47758412875881
3 1000 38.8891019467027
4 0 3.06105663850793
4 1000 18.7005677357942
5 0 10.9349362167799
5 1000 28.2857471234727
6 0 3.92687105409929
6 1000 31.8201284104192
7 0 4.85905488075599
7 1000 39.8949940218248
8 0 6.55444231394134
8 1000 21.25233075045
9 0 3.7781518017606
9 1000 29.5419781407736
10 0 2.2271555504931
10 1000 6.99432199448051
11 0 4.45187738360205
11 1000 39.7654057441633
12 0 9.58100313021512
12 1000 41.2161647285035
13 0 3.28127707297087
13 1000 39.7030963955514
14 0 5.36797008865457
14 1000 56.5705807505301
15 0 5.3455265901283
15 1000 27.1824453659953
16 0 3.35566150781114
16 1000 81.4181243875861
17 0 3.74970956924308
17 1000 40.8370453353799
18 0 8.78845398992721
18 1000 22.2292869744253
19 0 5.67837574472232
19 1000 27.0366000487438
20 0 5.03621134222273
20 1000 10.3685653923129
21 0 4.03693503549949
21 1000 43.0400892522822
22 0 5.6899058101239
22 1000 11.554415011514
23 0 5.22363565939024
23 1000 18.2945768535963
24 0 7.50955615417099
24 1000 53.3965145483125
25 0 5.97594260316896
25 1000 35.5386146961058
26 0 4.83438027889069
26 1000 15.3131555495384
27 0 3.49919261961636
27 1000 56.878563110499
28 0 4.42902260633906
28 1000 48.9308759793555
29 0 4.10506091927058
29 1000 13.6287990315691
30 0 4.80639108845719
30 1000 23.099275052768
31 0 4.33604919372511
31 1000 16.4740628280283
32 0 5.37331267653489
32 1000 38.4217295182315
33 0 4.47096631385574
33 1000 8.26996338986941
34 0 5.64402342777086
34 1000 30.6128872278093
35 0 5.80071477033103
35 1000 7.25450188830564
36 0 3.57101275031375
36 1000 34.6762952644932
37 0 5.09808782358589
37 1000 18.6899311416061
38 0 6.16127437368367
38 1000 41.8185504042908
39 0 4.10762363854032
39 1000 15.2991293282573
40 0 3.90575292384132
40 1000 14.0151391063502
41 0 4.57036676952788
41 1000 35.1744442462453
42 0 5.03484707439662
42 1000 61.0308993414129
43 0 4.71526372838973
43 1000 13.3191195583527
44 0 4.49549749124515
44 1000 31.5791844967919
45 0 2.3256341603331
45 1000 38.7612280335926
46 0 6.14243372270009
46 1000 112.8389335776
47 0 4.89469205927051
47 1000 23.053192782938
48 0 6.11482786092765
48 1000 68.2864710658768
49 0 7.03199143419993
49 1000 35.6649186903488
50 0 5.43981279895574
50 1000 24.328628761601
51 100 10.5757453660857
51 1000 20.048490485354
52 100 6.49416404144919
52 1000 8.21995225658092
53 100 6.9341989533361
53 1000 21.0074537037672
54 100 5.85779958719995
54 1000 47.4980473158251
55 100 4.95860785523539
55 1000 20.7293825256769
56 100 5.89019698728077
56 1000 12.4810658281021
57 100 4.50676667049398
57 1000 14.9700413545476
58 100 6.64271980083358
58 1000 19.6537827306014
59 100 6.55697174505739
59 1000 25.1126822112369
60 100 6.86210228448936
60 1000 14.0170366788472
61 100 3.49992831623817
61 1000 21.0092104174613
62 100 5.67641439991748
62 1000 18.5589493163381
63 100 8.03782616589164
63 1000 16.4150084520526
64 100 9.86472330489054
64 1000 15.1805570213926
65 100 6.60332534546326
65 1000 13.0567491584794
66 100 4.41889201560957
66 1000 19.2405036098655
67 100 6.93220272956624
67 1000 22.8663320125257
68 100 5.61117850136037
68 1000 19.584932925839
69 100 3.96912116180636
69 1000 14.8202143450824
70 100 6.27199523490612
70 1000 30.5466930868426
71 100 6.76058523606378
71 1000 64.6382410390089
72 100 11.4500515492168
72 1000 63.1250465273074
73 100 5.31776899390412
73 1000 5.09800783057107
74 100 11.7426999393455
74 1000 22.6371456283105
75 100 4.5854236074732
75 1000 8.11222323600269
76 100 3.47439010210928
76 1000 8.41890977174148
77 100 3.65593256184798
77 1000 20.0427198285535
78 100 7.04061758514689
78 1000 48.1946263763062
79 100 4.17485956742918
79 1000 14.4852473929498
80 100 5.22833367809494
80 1000 31.9674472916693
81 100 11.4069747567596
81 1000 21.2305310480832
82 100 6.74421479390184
82 1000 11.7506739435095
83 100 5.11750739956767
83 1000 32.7354460727047
84 100 5.54167226248881
84 1000 36.1213233745004
85 100 5.10661455693068
85 1000 37.4814894740757
86 100 5.35670303512214
86 1000 13.7444512664206
87 100 4.11516708324646
87 1000 25.1345098812499
88 100 5.44491568338022
88 1000 19.3592810584379
89 100 6.38595312733106
89 1000 16.2856764436631
90 100 8.95726349628818
90 1000 144.243276816332
91 100 3.22020751585155
91 1000 32.0699055315234
92 100 5.8760824671025
92 1000 63.1786418431458
93 100 6.63145597282812
93 1000 83.0773819936727
94 100 4.65577018827441
94 1000 15.3921347736446
95 100 3.05956736775684
95 1000 24.1485804871602
96 100 5.21792520788121
96 1000 38.2396791556043
97 100 10.9927741761736
97 1000 12.4372924735358
98 100 11.6236347201957
98 1000 51.9488530946354
99 100 3.28246358634399
99 1000 41.9058891908935
100 100 4.3581524150986
100 1000 26.1357582570434
101 0 8.49269268047346
101 300 9.11129397114426
102 0 6.10327240688063
102 300 8.31566582827387
103 0 3.21737484668888
103 300 9.68039568804222
104 0 4.98039705066326
104 300 7.71151591093134
105 0 4.10310493435399
105 300 26.0113309425837
106 0 8.94068615743459
106 300 12.8805064575447
107 0 4.89100348197993
107 300 13.9893873013516
108 0 5.25870876632097
108 300 23.5045865092512
109 0 5.76278866821681
109 300 12.1622902144563
110 0 3.49553114697676
110 300 11.8240701778165
111 0 6.03056091652828
111 300 6.52478793013402
112 0 4.66147568222079
112 300 6.51879524117651
113 0 4.10885639166138
113 300 11.1089094401093
114 0 8.03359355349224
114 300 15.5703748904254
115 0 6.96190361714344
115 300 9.58366593088789
116 0 5.86002981208977
116 300 26.4151517147213
117 0 2.94133165696251
117 300 4.73231701759111
118 0 4.11437016029165
118 300 42.9328728572729
119 0 4.90248588617508
119 300 9.18413881053114
120 0 4.65874640851674
120 300 5.36870448021095
121 0 10.4573145960244
121 300 23.5133313475006
122 0 6.14723041326534
122 300 11.3408562401483
123 0 4.62954136992232
123 300 31.6015214691431
124 0 2.33191889322756
124 300 4.63114061211549
125 0 6.32051443929523
125 300 10.6068012841412
126 0 2.59453899539313
126 300 5.25415532938704
127 0 4.59595435168928
127 300 4.58208405585209
128 0 5.59894435561385
128 300 17.6539000491287
129 0 3.36231007393886
129 300 3.9472349777062
130 0 6.5573375959575
130 300 9.60466799726302
131 0 3.19946439119397
131 300 6.71721785673982
132 0 3.274422687225
132 300 25.2393392266522
133 0 4.52737095132252
133 300 11.3052109768898
134 0 10.2083917955543
134 300 18.6820742766011
135 0 4.20122686395916
135 300 4.77714096113419
136 0 5.61468155758716
136 300 6.38475793872861
137 0 4.3815912936745
137 300 13.9864497225374
138 0 4.12710776991904
138 300 15.6367950158988
139 0 4.45833965528585
139 300 15.5548462988752
140 0 6.25773752856974
140 300 18.6420462991276
141 0 3.46343263128978
141 300 6.32753642014025
142 0 7.1385917273251
142 300 7.46002117743311
143 0 5.15240022248595
143 300 10.5742263888705
144 0 4.75833950381062
144 300 14.6140788624943
145 0 6.24979860783187
145 300 11.3728485890056
146 0 4.49040796445768
146 300 14.8867815177609
147 0 10.0566365409268
147 300 11.0543660706973
148 0 3.71922069488818
148 300 33.4968449505796
149 0 3.47625432577782
149 300 8.41188893670107
150 0 2.55999933231026
150 300 10.6070992516916
151 100 6.17367260926909
151 300 17.0022187094154
152 100 4.31574092343543
152 300 5.66193453868425
153 100 5.14603160265595
153 300 6.83432725701928
154 100 5.19327462960937
154 300 19.175661152835
155 100 8.55746211720257
155 300 12.0383245447201
156 100 9.23716353908924
156 300 8.61606281626506
157 100 4.64962660635992
157 300 6.3609979064779
158 100 6.42787450131756
158 300 14.0162804332949
159 100 5.49733705537275
159 300 9.44766300751835
160 100 5.66141289684822
160 300 8.77818032537908
161 100 5.16957622421067
161 300 18.1331818793947
162 100 5.04965683055305
162 300 5.45445034947846
163 100 9.89498607705714
163 300 25.4891436294341
164 100 7.13817625478168
164 300 17.9451174552217
165 100 6.07700314357696
165 300 7.53733855100853
166 100 4.97488756703117
166 300 9.24954246049711
167 100 5.32992987197838
167 300 20.4488946042422
168 100 8.21327862398101
168 300 7.80458969945025
169 100 4.44827660114655
169 300 4.34250822238042
170 100 9.72595491467072
170 300 39.9591739822978
171 100 6.52305398524814
171 300 14.0327058762612
172 100 4.90999657021754
172 300 9.1295352225738
173 100 4.59641440779666
173 300 7.7845439262145
174 100 10.9661587970109
174 300 23.3760565251225
175 100 5.39561450311532
175 300 6.44590895160222
176 100 5.01094644318248
176 300 9.38863600629685
177 100 6.8833000188532
177 300 18.7152848091116
178 100 3.95982605770291
178 300 15.0695082498336
179 100 5.39484935356485
179 300 7.76365137683082
180 100 4.50104116338255
180 300 6.5321399860611
181 100 3.87743362454751
181 300 3.89045914950821
182 100 7.83819148838572
182 300 9.18497349324559
183 100 3.6082932042222
183 300 8.83791268983292
184 100 7.71538273365952
184 300 26.4208263227916
185 100 6.78662057325107
185 300 14.6392345779326
186 100 6.33369496464893
186 300 6.26362039990478
187 100 4.62061432694408
187 300 5.02565597461672
188 100 6.2170182001605
188 300 12.9457755646851
189 100 8.1724470144852
189 300 21.9351006342213
190 100 6.89193743811959
190 300 7.70662231358064
191 100 4.96821796624715
191 300 10.257300739996
192 100 7.53518277446498
192 300 9.06159853752648
193 100 7.17965656002091
193 300 8.73123990314859
194 100 7.12770008904296
194 300 7.53097235650425
195 100 3.96098993322131
195 300 8.18081962648947
196 100 11.6925207119193
196 300 20.2691037429918
197 100 4.08164197311848
197 300 6.22006428184445
198 100 6.78848712525856
198 300 17.0393317836581
199 100 6.89515209391052
199 300 14.4437309040062
200 100 2.93210119882669
200 300 8.70965033244156
