id dose y
1 0 2.30341802813417
1 1000 26.4848865283883
2 0 2.81736890279599
2 1000 7.99404311178258
3 0 4.26234880964038
3 1000 25.5972894202903
4 0 6.77918315907639
4 1000 19.715997017904
5 0 5.48041696796212
5 1000 23.4187518226086
6 0 5.20042243774894
6 1000 30.2269769373502
7 0 4.47645530002005
7 1000 18.635385950793
8 0 5.55867771495465
8 1000 25.8624377437341
9 0 5.76267752306676
9 1000 11.8869393939094
10 0 4.1705025046841
10 1000 29.1784121473937
11 0 9.06540170193562
11 1000 25.5394559966388
12 0 5.53061524236308
12 1000 23.0285662956426
13 0 3.8427444423734
13 1000 36.2390004807556
14 0 6.4245370319432
14 1000 102.615037405444
15 0 2.80404676016137
15 1000 16.279990967579
16 0 4.02250224209991
16 1000 13.2876116148499
17 0 3.33091196614696
17 1000 6.64446057215116
18 0 5.0632967916954
18 1000 12.8287076497554
19 0 5.99276208882691
19 1000 76.3104886344111
20 0 4.51462159411703
20 1000 14.8845781296445
21 0 3.97230749995775
21 1000 22.1533338631942
22 0 3.82325238611012
22 1000 13.4171893938365
23 0 4.29770614856498
23 1000 17.3250115124033
24 0 5.96585105636304
24 1000 29.4031250550521
25 0 7.53798078197074
25 1000 46.6656276404071
26 0 6.56280015434958
26 1000 13.1901056021935
27 0 10.019954634315
27 1000 36.9139094388927
28 0 4.74315533357439
28 1000 22.1229350079764
29 0 8.48108407061433
29 1000 19.1607898295901
30 0 5.27317062205092
30 1000 24.1263265972935
31 0 3.99107690499511
31 1000 60.229438712513
32 0 5.48448068348343
32 1000 57.6856616350725
33 0 2.92226302549042
33 1000 5.07014649787938
34 0 3.59679651720347
34 1000 51.5806687599377
35 0 4.06528585462465
35 1000 51.7977250889681
36 0 5.92838482659738
36 1000 49.8239497418206
37 0 5.96268615197601
37 1000 36.8191704886904
38 0 3.47887975675449
38 1000 42.3689456480557
39 0 5.85346654352031
39 1000 16.8465173111431
40 0 7.00576799491335
40 1000 18.9470171542286
41 0 6.23320525724297
41 1000 81.7573691356831
42 0 6.64325115334006
42 1000 20.3086490482085
43 0 3.4127505816403
43 1000 13.4442323708672
44 0 3.47769244842736
44 1000 43.3038348542265
45 0 3.66783183590931
45 1000 23.5558094423752
46 0 5.00190131472212
46 1000 40.2772806484124
47 0 8.72748518182162
47 1000 24.4523524226554
48 0 5.92922512994287
48 1000 41.9373343769209
49 0 4.31140643882794
49 1000 38.764141087591
50 0 5.197051674945
50 1000 42.3609960905803
51 100 5.77529833632487
51 1000 42.3419267887788
52 100 8.10989577922181
52 1000 16.709811496832
53 100 9.0357554407232
53 1000 15.0616941929546
54 100 4.30883829145791
54 1000 25.7449400669633
55 100 6.8181237757457
55 1000 26.8642016160896
56 100 5.8445885218782
56 1000 11.4011700850594
57 100 5.36579482494118
57 1000 23.1931808740354
58 100 5.84897405899482
58 1000 15.5719088052061
59 100 5.5784491918889
59 1000 10.4850227507311
60 100 4.85553768144575
60 1000 11.5262495656508
61 100 7.70805690078657
61 1000 33.5978054908464
62 100 3.41635452187696
62 1000 59.7017188585901
63 100 3.95392654410927
63 1000 17.519882718891
64 100 12.3065094058023
64 1000 49.6595856327
65 100 7.96264336367402
65 1000 29.7919374456661
66 100 5.45275993178704
66 1000 32.6855638156448
67 100 6.18738723921886
67 1000 22.0834173769855
68 100 6.31056957985176
68 1000 32.5692828669195
69 100 5.13104701230861
69 1000 33.3511859388039
70 100 5.19620058747277
70 1000 38.084773314641
71 100 4.51378030395843
71 1000 10.3402566344458
72 100 15.0586628372747
72 1000 25.9449383817778
73 100 5.6230023008203
73 1000 10.6689967891969
74 100 4.15350219160372
74 1000 22.7539653070205
75 100 9.029060228123
75 1000 18.2400779648481
76 100 4.34690526656549
76 1000 52.8676459207475
77 100 5.17701367172544
77 1000 17.2589103092378
78 100 3.61330073720261
78 1000 28.8512156925295
79 100 4.67445796395599
79 1000 14.3631642939731
80 100 5.34704135772283
80 1000 36.2007312259278
81 100 7.07008535114521
81 1000 10.6976468336738
82 100 3.21408840721998
82 1000 8.00100206501014
83 100 4.90902507845251
83 1000 26.1850913221031
84 100 4.23135777487927
84 1000 22.0748169166389
85 100 8.80912615958833
85 1000 21.8014489807183
86 100 3.68118045487155
86 1000 61.9530953836385
87 100 5.78019769550205
87 1000 21.4552469156989
88 100 4.8478693364265
88 1000 45.4576833122236
89 100 5.02539921550488
89 1000 71.8857816247289
90 100 8.92188030247928
90 1000 62.5791416831533
91 100 11.0491912643886
91 1000 58.9123535925155
92 100 5.28284772115751
92 1000 100.906680510883
93 100 8.02004695961382
93 1000 24.5043033847874
94 100 7.63363171266489
94 1000 52.395362759535
95 100 10.2635755423844
95 1000 48.7368840997246
96 100 6.12781861702186
96 1000 49.9253908378224
97 100 2.8172799740002
97 1000 12.1253678787566
98 100 6.51901028769891
98 1000 20.0782944710665
99 100 8.02157659743492
99 1000 30.3548711245526
100 100 7.45298148590837
100 1000 42.7308844197301
101 0 10.290418283983
101 300 10.8813598689458
102 0 4.37738206023566
102 300 6.69783598080137
103 0 7.37892968734648
103 300 25.816418561332
104 0 3.99160486652665
104 300 4.79057661200636
105 0 5.37083687208168
105 300 7.51492072191644
106 0 8.28922325599225
106 300 21.7105665162543
107 0 4.6061460987041
107 300 5.14523471589214
108 0 4.81464446266802
108 300 5.83004388933681
109 0 5.41458905531972
109 300 9.00511471319137
110 0 7.33350169354882
110 300 82.7489803310496
111 0 4.36748782005536
111 300 9.77701638770673
112 0 5.01345186744873
112 300 5.71517191770338
113 0 4.22151772361371
113 300 10.2172313661945
114 0 6.56681499411942
114 300 15.8302816547697
115 0 7.69293130273267
115 300 7.1473205606239
116 0 9.28373153143568
116 300 9.95622261547555
117 0 6.05123320335329
117 300 19.423894868845
118 0 4.02502981652706
118 300 16.2788613024808
119 0 4.66351185866657
119 300 6.63202960681306
120 0 2.89794058398651
120 300 3.4019107407159
121 0 4.04070024668301
121 300 14.6462856791407
122 0 8.48263261713941
122 300 12.7552567362088
123 0 5.51912064604816
123 300 20.7584825379649
124 0 3.50043039343893
124 300 7.14377953378041
125 0 6.0718443243242
125 300 9.65779693773957
126 0 3.38057873491061
126 300 3.92395869508296
127 0 4.24315853997149
127 300 4.26839465131648
128 0 5.14993428187475
128 300 6.38952713233428
129 0 6.47588291008116
129 300 7.71992102712491
130 0 3.75189128023713
130 300 6.86013101909118
131 0 8.39443563262436
131 300 13.0819042264655
132 0 3.59107857665379
132 300 21.3530454980025
133 0 3.3428439734453
133 300 3.94479182283339
134 0 11.7123050947927
134 300 21.1006264155724
135 0 4.42332267649173
135 300 9.79071809050796
136 0 5.76023729702664
136 300 12.0398315724913
137 0 5.2240225253305
137 300 14.2504077582689
138 0 4.08187287417022
138 300 16.0353613508743
139 0 6.52386348463031
139 300 11.8381470320206
140 0 7.76532880429361
140 300 12.0231525352966
141 0 5.80675523725409
141 300 5.78308401985889
142 0 3.23550783741452
142 300 3.46362627841387
143 0 5.987302725581
143 300 8.97277323093499
144 0 3.14969396560463
144 300 23.4251334066756
145 0 5.6365977351125
145 300 7.10439066529063
146 0 3.84475701875471
146 300 34.2060022160824
147 0 5.07435975170126
147 300 19.6998757287789
148 0 4.08647726785501
148 300 20.2949075850907
149 0 4.84951174288187
149 300 52.9005593588936
150 0 3.39543952287842
150 300 15.2927751937466
151 100 4.75956527165678
151 300 7.48840243624739
152 100 5.24342975769147
152 300 10.6573060485402
153 100 7.73923154348379
153 300 23.9846897589999
154 100 3.35771901443167
154 300 8.22357439699479
155 100 6.08919403838527
155 300 4.96906859907223
156 100 12.7629562744748
156 300 22.4455314947649
157 100 6.07369998769807
157 300 6.24129596507527
158 100 4.70491098015658
158 300 14.3172319101159
159 100 5.41695116594353
159 300 5.29132439005163
160 100 6.09246746599371
160 300 9.5495929342731
161 100 2.4045108357313
161 300 7.308624378032
162 100 3.6696036229277
162 300 14.2341386152101
163 100 6.08127146292178
163 300 6.35936877425629
164 100 4.06304125661726
164 300 5.34400188889903
165 100 4.12183246367297
165 300 8.45505187096646
166 100 3.77376987060414
166 300 3.74854464639146
167 100 4.77685140899829
167 300 5.34548680375796
168 100 4.1717552962783
168 300 11.5211340229327
169 100 4.47852619509281
169 300 6.30420628238219
170 100 4.81275133525898
170 300 6.57522161880014
171 100 4.08005181633636
171 300 12.2293503659125
172 100 4.60000382094637
172 300 18.4528304087641
173 100 3.3847839510125
173 300 9.21204542690997
174 100 4.2232336537488
174 300 4.02857487346287
175 100 5.9991965336767
175 300 7.57643309677372
176 100 8.09445146437351
176 300 13.5390858812852
177 100 4.16676984897728
177 300 13.7288337508472
178 100 4.56628939083696
178 300 13.1507054616154
179 100 6.66383541674071
179 300 25.5637892270139
180 100 4.1932099351225
180 300 5.8999414549634
181 100 8.37692332957358
181 300 19.9978362684061
182 100 2.95160013198099
182 300 9.00616558840841
183 100 4.56821692631128
183 300 8.66649358419478
184 100 4.51929145137511
184 300 9.72218294936449
185 100 6.52271929319605
185 300 23.4972526762441
186 100 3.94189245860078
186 300 9.04619300582718
187 100 12.0865249826991
187 300 37.3130930554619
188 100 6.14636028752227
188 300 8.62558430354725
189 100 6.2583711402755
189 300 15.0348604762988
190 100 9.86966878163998
190 300 12.754836796627
191 100 6.28032651371468
191 300 9.13183068272554
192 100 4.66812860701209
192 300 12.5240083760808
193 100 3.73174793223998
193 300 8.50255036783659
194 100 7.31087139554326
194 300 10.0610690923453
195 100 4.11300281063716
195 300 8.60875327583098
196 100 6.00068708661124
196 300 15.8720362192958
197 100 3.56927512739627
197 300 6.35019663971607
198 100 4.6974513574534
198 300 6.39099271030598
199 100 4.69501524572331
199 300 13.7412906781928
200 100 5.01950763898545
200 300 7.32570103144611
