id dose y
1 0 9.4300267653926
1 1000 16.67728375487
2 0 2.56894157959157
2 1000 18.5036915146719
3 0 4.86238060461489
3 1000 55.0664864890411
4 0 5.05648677397118
4 1000 17.4508107931458
5 0 3.50594762861907
5 1000 45.0352466442684
6 0 4.69574835425175
6 1000 32.2939977500239
7 0 7.39732161155814
7 1000 29.6790834791198
8 0 4.915915390838
8 1000 44.1769291355841
9 0 3.90373704397154
9 1000 15.0854740582057
10 0 4.22592922527266
10 1000 25.263660896531
11 0 4.65597412939059
11 1000 17.7742135729593
12 0 5.00018651678811
12 1000 13.9929900932827
13 0 6.03485925007629
13 1000 39.6998831535011
14 0 6.09139573470294
14 1000 25.8463396515975
15 0 10.1965540749432
15 1000 37.6311567664697
16 0 2.30120653059398
16 1000 19.2220145497538
17 0 6.36233479215203
17 1000 24.8326393283744
18 0 4.91110924181801
18 1000 41.4180394433458
19 0 8.77190928072976
19 1000 29.7204653915346
20 0 4.8687257808847
20 1000 13.8442382696137
21 0 3.70220975975083
21 1000 13.0964575472694
22 0 4.86404161475232
22 1000 55.938231380997
23 0 8.23974062325169
23 1000 36.722149368416
24 0 4.61190131602896
24 1000 24.6055890387728
25 0 5.98878272983581
25 1000 43.0924191109268
26 0 3.99245337103431
26 1000 57.0632243485796
27 0 9.47584199585655
27 1000 22.7960384132248
28 0 4.45423117321672
28 1000 29.0984087902594
29 0 5.4842566039679
29 1000 42.1148681376163
30 0 5.93586669811031
30 1000 27.2061987232293
31 0 4.58668940410952
31 1000 15.9586054107859
32 0 6.91951484186649
32 1000 40.0740905136486
33 0 4.03627903041948
33 1000 11.5832548803687
34 0 5.49214652104652
34 1000 13.6686296963352
35 0 4.69972596695922
35 1000 49.1020342624822
36 0 4.25270705655805
36 1000 21.9933773379531
37 0 3.81226133736381
37 1000 55.1858968218222
38 0 4.10796999111053
38 1000 15.7907548727281
39 0 6.95336866750375
39 1000 22.2415363815316
40 0 4.46717702992965
40 1000 18.9379382905155
41 0 3.4580891975765
41 1000 22.5380364711445
42 0 4.31027910127924
42 1000 12.3439587366541
43 0 5.94659015454055
43 1000 61.3827899999728
44 0 3.73429261073172
44 1000 24.6020626812386
45 0 6.89040111410953
45 1000 19.3366190982663
46 0 4.82369460779092
46 1000 7.84747597986322
47 0 4.71333073830658
47 1000 29.4307631163387
48 0 4.79782067763992
48 1000 76.0514384640347
49 0 4.759920775785
49 1000 10.4512334528217
50 0 7.21325640554563
50 1000 30.6111325207191
51 100 6.52042508481058
51 1000 10.5465099348852
52 100 3.4410411351085
52 1000 54.306436134816
53 100 3.98583189735157
53 1000 10.1123992247606
54 100 4.83927031501683
54 1000 19.8190867856233
55 100 5.82000545931319
55 1000 22.0380573124118
56 100 5.09917368298499
56 1000 16.1048873252459
57 100 3.1163173555073
57 1000 19.0602710976301
58 100 7.08192256671441
58 1000 47.8439565379916
59 100 3.15914782461821
59 1000 45.9083756589008
60 100 3.59202687091547
60 1000 41.0409524546917
61 100 20.1909579320421
61 1000 25.967803351294
62 100 4.31746377144175
62 1000 69.1860731400616
63 100 5.04032595667502
63 1000 20.518557639537
64 100 6.98050344175857
64 1000 7.83261687311653
65 100 6.66669884903158
65 1000 25.3197103157377
66 100 4.24256298246928
66 1000 35.0912583236125
67 100 4.13572546756008
67 1000 5.09505698722992
68 100 7.0757906570675
68 1000 20.5192459076895
69 100 6.4281555721987
69 1000 11.3265437439088
70 100 7.47262673840033
70 1000 17.8357811913497
71 100 4.85432151756063
71 1000 27.9958416268068
72 100 8.43102960978047
72 1000 33.2685174361655
73 100 6.70920507908477
73 1000 43.7273979754997
74 100 5.39695589935112
74 1000 5.7510972013198
75 100 4.16391250774296
75 1000 9.71994789297472
76 100 5.09234849342246
76 1000 32.005252312568
77 100 6.43633979373666
77 1000 74.7916527607338
78 100 3.5897249447718
78 1000 8.03458875683743
79 100 4.78436132538583
79 1000 18.5786807484653
80 100 9.56457121056018
80 1000 60.8757945717158
81 100 4.72762705362007
81 1000 49.5989234718856
82 100 5.32046794411263
82 1000 41.5565681848439
83 100 7.78826581293372
83 1000 47.1670722430396
84 100 4.70881119046332
84 1000 10.3775621635226
85 100 8.79876251962061
85 1000 24.9139190398617
86 100 9.45881484036444
86 1000 80.0844201916908
87 100 6.20659105248233
87 1000 17.9047283932412
88 100 5.9511248579976
88 1000 19.7975846660956
89 100 6.42402684692892
89 1000 27.6921780265194
90 100 4.88760773579614
90 1000 38.1663895965527
91 100 7.0987669307504
91 1000 30.7887292521799
92 100 3.77951448113546
92 1000 17.8873657575944
93 100 5.21534973202711
93 1000 96.9006321358143
94 100 6.10286558387338
94 1000 36.9323949811331
95 100 7.07296818694879
95 1000 33.0209786320097
96 100 3.12431329968993
96 1000 29.3391295114739
97 100 6.14755510855963
97 1000 20.5809519273211
98 100 4.42132089316442
98 1000 9.42162937256635
99 100 4.46375522857737
99 1000 21.4335670891256
100 100 6.44011872288001
100 1000 35.0766891925334
101 0 3.33911987366685
101 300 8.32722197577938
102 0 4.28715959521345
102 300 42.9506774556118
103 0 6.63622310493252
103 300 24.5683982411662
104 0 5.09757158789693
104 300 32.3700039620795
105 0 3.95036642459348
105 300 8.96597010308396
106 0 5.3828682351716
106 300 6.1974962864831
107 0 3.87932034173777
107 300 5.84609779686516
108 0 3.72562535961999
108 300 3.44160515502621
109 0 2.51392840057104
109 300 3.89670118719179
110 0 6.2227264438523
110 300 8.32157569244322
111 0 3.56758267360794
111 300 11.9569969717772
112 0 5.44163735023441
112 300 7.9559099545971
113 0 4.70523369245139
113 300 12.5738305409483
114 0 3.5713859543463
114 300 33.7505292395658
115 0 5.53906491870806
115 300 22.1346817622932
116 0 5.29298601996904
116 300 4.79802460036387
117 0 3.41051051955598
117 300 8.29851634318748
118 0 3.77140732013805
118 300 6.71651801307365
119 0 3.05976995442363
119 300 4.76251438165022
120 0 3.62344483574732
120 300 8.28409849758389
121 0 4.18942352351351
121 300 7.57893315253651
122 0 3.68723944863272
122 300 3.53150340142671
123 0 5.54682051154695
123 300 13.6445290507438
124 0 3.76471545128281
124 300 6.51350284798268
125 0 3.19576818854733
125 300 5.79794279524219
126 0 5.16759912883764
126 300 9.5703814399161
127 0 6.07111471383027
127 300 9.48752052402454
128 0 3.11955054758913
128 300 4.63899804577758
129 0 7.0898381885937
129 300 10.1068505525424
130 0 5.55974129274685
130 300 6.14224693379898
131 0 4.68527598244037
131 300 11.8752019956391
132 0 4.21006464706554
132 300 4.58145030732271
133 0 5.36904957746499
133 300 24.362943888629
134 0 2.74501762398723
134 300 19.9992156277581
135 0 4.44900279409284
135 300 11.0252059077336
136 0 4.621057619232
136 300 8.44174344388418
137 0 5.19958578404021
137 300 14.9561056296369
138 0 3.7638227192682
138 300 7.61091221008283
139 0 4.80035715241207
139 300 15.7125252664433
140 0 2.53835669951609
140 300 2.93007692874958
141 0 5.76525966549928
141 300 13.3039546957357
142 0 6.91696263989675
142 300 12.9033988542438
143 0 4.81167072767908
143 300 7.26690709991646
144 0 3.35905308493289
144 300 6.50565148860454
145 0 9.40015558949147
145 300 20.1262429158413
146 0 6.44902260485938
146 300 4.75954994324911
147 0 3.27723913810371
147 300 7.46135565806298
148 0 4.73534818181508
148 300 10.3622806270176
149 0 8.638836895854
149 300 23.3354326682937
150 0 9.02768290973747
150 300 12.5520898824668
151 100 8.54136174305728
151 300 9.37478507516333
152 100 4.39820311590199
152 300 6.73280609215531
153 100 5.96190338105767
153 300 8.87131800086835
154 100 4.29041014706354
154 300 7.76368904758835
155 100 5.01897905100744
155 300 19.5923259301372
156 100 7.8598156750892
156 300 10.9816284110475
157 100 4.14943844642765
157 300 12.8617396615023
158 100 4.59875428851032
158 300 20.2319351583246
159 100 5.47822556996156
159 300 9.57000665295559
160 100 4.83943177990071
160 300 6.46875467770799
161 100 5.1190045296295
161 300 10.8615277395427
162 100 21.7241818667788
162 300 21.2786456913432
163 100 5.82212431064365
163 300 10.2781456848748
164 100 6.38976429661816
164 300 17.4611384637019
165 100 4.56212474464761
165 300 12.9312705365506
166 100 4.01522989161834
166 300 4.93708029284179
167 100 5.0150370180939
167 300 4.41517260306049
168 100 10.2253499772271
168 300 10.1238634293273
169 100 6.1740727927276
169 300 11.7819624576405
170 100 4.76594930034512
170 300 5.35489741649774
171 100 5.50965375325689
171 300 14.5175652586725
172 100 4.01937863470502
172 300 5.84042289117758
173 100 5.05867968002374
173 300 8.89811739355637
174 100 5.68894833565166
174 300 30.4821034509376
175 100 5.37332270781809
175 300 10.8061201509671
176 100 5.79586023578592
176 300 21.6014488127184
177 100 5.22776902280039
177 300 11.0498541274255
178 100 3.83257667117356
178 300 10.6494365138413
179 100 5.48872903936138
179 300 10.5666082057553
180 100 3.75313732326951
180 300 7.37120216840094
181 100 4.00875516912097
181 300 14.2090829292359
182 100 4.77379315198143
182 300 10.6643926162756
183 100 4.67838440592414
183 300 11.2855905198114
184 100 6.6277915918314
184 300 11.0399132393705
185 100 8.35293345605273
185 300 19.2787593124758
186 100 6.05114779147994
186 300 10.3230686606519
187 100 16.2326707348449
187 300 45.8317846052623
188 100 5.8127455115887
188 300 20.3907179040182
189 100 9.00352835360401
189 300 17.3590305602942
190 100 13.2564602583946
190 300 55.052575440788
191 100 6.04261047753779
191 300 17.6757568058109
192 100 5.99410725874091
192 300 6.75846214553999
193 100 5.19577112317653
193 300 5.43879096698141
194 100 7.08886215160204
194 300 10.5186312914684
195 100 8.00130285278984
195 300 11.5490701905355
196 100 12.9293500430314
196 300 21.9366996577484
197 100 8.13316425528583
197 300 33.3215628765962
198 100 5.67766077679022
198 300 13.4820003539872
199 100 6.41892851742774
199 300 10.9165059918738
200 100 5.90151221159061
200 300 6.40170992686901
