id dose y
1 0 5.16718864520476
1 1000 17.1425723924389
2 0 3.56902205943261
2 1000 13.5779056932664
3 0 4.98640358295703
3 1000 10.4583150237618
4 0 4.07954272015374
4 1000 14.4038622029563
5 0 3.88261688590924
5 1000 15.0855907007161
6 0 2.04558762337758
6 1000 21.4161606674415
7 0 4.65626208505457
7 1000 7.20322397003921
8 0 4.16556768306843
8 1000 36.1428713991204
9 0 4.10094393697226
9 1000 58.6343459735916
10 0 4.49614509368827
10 1000 23.8585673609269
11 0 5.28463377144484
11 1000 23.4801213525529
12 0 4.9299645314696
12 1000 29.0148273594096
13 0 2.85486109989213
13 1000 61.6496315713083
14 0 4.49343615756665
14 1000 24.1284429191377
15 0 2.29795689404372
15 1000 66.8216563063936
16 0 6.15900173010347
16 1000 44.0831475523161
17 0 4.98179420664937
17 1000 13.0009720780415
18 0 4.31297364872256
18 1000 24.1918428771865
19 0 3.14560815292418
19 1000 16.0209347171605
20 0 4.10536939200591
20 1000 18.7294797109851
21 0 6.38271420833888
21 1000 32.6858719320144
22 0 4.45376192025525
22 1000 18.9898034640573
23 0 8.33031798417854
23 1000 29.4018172696132
24 0 6.97584144210592
24 1000 26.8185512499204
25 0 7.61529991197294
25 1000 18.0929095202287
26 0 10.7217838157223
26 1000 24.7541018495612
27 0 6.68027465166896
27 1000 21.9750246630884
28 0 2.9211635963602
28 1000 9.87936964609391
29 0 8.33012347801517
29 1000 11.1317464135878
30 0 3.25610819883947
30 1000 55.5057553777978
31 0 5.32918703926237
31 1000 10.1934647127568
32 0 4.97645054311353
32 1000 20.7204990381915
33 0 7.72548140959513
33 1000 14.403721187635
34 0 5.8366043178885
34 1000 19.4018827286889
35 0 3.90718558310095
35 1000 16.9772849477459
36 0 3.62332812816588
36 1000 43.3500358566955
37 0 4.69350531902319
37 1000 31.631980350815
38 0 10.4479002671836
38 1000 62.5680854145696
39 0 5.18914935155451
39 1000 20.7505153285088
40 0 2.92484097347765
40 1000 13.1386236681114
41 0 4.44497716964996
41 1000 51.4937786677728
42 0 2.48316673566263
42 1000 8.66279623515856
43 0 5.10819127848763
43 1000 14.0952544100217
44 0 4.73111243605972
44 1000 44.4562913623412
45 0 8.49236970315276
45 1000 37.9213300086646
46 0 4.21779395203544
46 1000 18.9987435398457
47 0 6.14902136768242
47 1000 49.6149673621016
48 0 4.11988748220831
48 1000 14.8322311880785
49 0 4.96424546199185
49 1000 40.4165649257118
50 0 9.92692679973861
50 1000 39.4730371964311
51 100 6.48589098462579
51 1000 26.7667411973315
52 100 6.83187834535791
52 1000 42.4723882301597
53 100 5.29478551004588
53 1000 24.0205593639303
54 100 7.63229691539605
54 1000 27.9461258313419
55 100 6.60175664761228
55 1000 36.6662222893554
56 100 5.05911072955874
56 1000 10.9167392447393
57 100 6.42932570549057
57 1000 54.3043818849401
58 100 4.66064060811307
58 1000 19.5981433390209
59 100 5.7360499822205
59 1000 17.5677168422331
60 100 10.1869273283496
60 1000 49.9368555114922
61 100 7.16201412932644
61 1000 51.9522600777231
62 100 8.22904782015787
62 1000 40.9836903131488
63 100 8.7829177058981
63 1000 25.3912518395745
64 100 5.41858054445558
64 1000 11.1585800309325
65 100 11.6855182662139
65 1000 31.3804866670371
66 100 3.9551135233604
66 1000 33.7027410278582
67 100 2.10956005173908
67 1000 7.20267949705922
68 100 7.27373964034815
68 1000 44.9841860500271
69 100 4.50752149192374
69 1000 31.1115632470457
70 100 5.77778201333056
70 1000 21.2646286173689
71 100 5.78882120530439
71 1000 22.8944332095619
72 100 10.5478238696936
72 1000 18.4954467419108
73 100 7.10520513976811
73 1000 9.45882511586724
74 100 5.11067136450343
74 1000 22.5868909649145
75 100 3.68645160857218
75 1000 21.8526413251361
76 100 5.44921343808692
76 1000 104.173867351379
77 100 4.22877275214438
77 1000 13.4299965242662
78 100 8.16213716573049
78 1000 47.9727500106153
79 100 4.61848228890225
79 1000 24.2548882538545
80 100 2.24087651770148
80 1000 22.5444272125356
81 100 6.75587261815051
81 1000 39.6171324754042
82 100 5.35526282143779
82 1000 72.1870089303802
83 100 9.44161173322446
83 1000 100.591496865018
84 100 6.73239333179409
84 1000 44.6489645190483
85 100 4.68250608298836
85 1000 12.8881215460805
86 100 5.40155338951975
86 1000 36.305943992353
87 100 4.85662921812745
87 1000 62.6657508523134
88 100 3.52662211509193
88 1000 28.7288394369357
89 100 14.2166629094344
89 1000 26.6160216669524
90 100 4.28414450586608
90 1000 35.2888837123372
91 100 6.27868295130839
91 1000 27.2669224001316
92 100 8.41623434189512
92 1000 87.4756344831243
93 100 5.33490273691431
93 1000 53.2023882661004
94 100 4.0566282715064
94 1000 15.9869080275487
95 100 6.49901611372368
95 1000 18.1020625180427
96 100 42.7566376412036
96 1000 64.1539004614377
97 100 9.47913929596684
97 1000 26.9762339387267
98 100 5.60865235006307
98 1000 27.9118181950147
99 100 3.49569925708553
99 1000 24.2057051160649
100 100 7.53118060357442
100 1000 21.9736989126197
101 0 5.54367734461697
101 300 14.5677180447184
102 0 7.11931386802663
102 300 5.94953652099909
103 0 3.71837988443632
103 300 22.5396184693137
104 0 2.2549803554851
104 300 3.6557026799483
105 0 3.73401109818489
105 300 4.17583139572092
106 0 5.19895338182922
106 300 6.20793852800416
107 0 5.15307837891028
107 300 12.6405799930404
108 0 3.97241942437419
108 300 15.2629339786746
109 0 5.0929529606701
109 300 6.78511390196965
110 0 4.72965003319492
110 300 17.0239906649315
111 0 4.48741763916361
111 300 25.1878630628073
112 0 5.09689213177158
112 300 13.6571445621682
113 0 3.13420898299954
113 300 6.61011942241547
114 0 4.51319577982914
114 300 30.9917502169384
115 0 4.58334014058567
115 300 9.67384980610642
116 0 5.49602090812156
116 300 8.81423387166278
117 0 3.45030807588566
117 300 26.8864555390336
118 0 6.78517934865272
118 300 21.321378209727
119 0 16.6675262109576
119 300 17.0237212419734
120 0 7.51095444593454
120 300 6.3298163703284
121 0 6.5704343812126
121 300 6.83599463215734
122 0 5.12948564634705
122 300 4.96788709219959
123 0 5.5383253627527
123 300 6.2826933532397
124 0 4.55291586168247
124 300 9.16743194088344
125 0 2.4765412384721
125 300 12.838888077928
126 0 4.56809021210305
126 300 9.44967713418407
127 0 4.66675568432955
127 300 5.19491460320025
128 0 5.4375545464844
128 300 9.48856917027411
129 0 4.33572764794456
129 300 6.57650570186012
130 0 7.60489009644381
130 300 11.8063564263535
131 0 4.43773859448574
131 300 7.78761321184025
132 0 4.44781021679384
132 300 5.25909237685153
133 0 5.2226405118638
133 300 7.18792051130102
134 0 4.94755398794018
134 300 15.2188610502628
135 0 6.73188372939771
135 300 9.24471704665624
136 0 4.75133642399999
136 300 23.0508358366335
137 0 5.1098149909073
137 300 20.2264475120995
138 0 4.2955682927521
138 300 15.7477067828644
139 0 5.67323100019898
139 300 6.84233177417476
140 0 3.62781282589883
140 300 7.38172457313659
141 0 3.2472851004263
141 300 13.5859947877194
142 0 4.50954134998813
142 300 5.7808946417031
143 0 3.68995870005456
143 300 3.21007373850193
144 0 7.40039675437681
144 300 9.00555877219722
145 0 5.09554298929377
145 300 12.1516513508908
146 0 5.03578753108799
146 300 5.95176839036537
147 0 5.13601242599603
147 300 7.16237383082499
148 0 7.9591816291513
148 300 8.80191940064357
149 0 3.72434054242354
149 300 8.79512816689025
150 0 4.00962055671716
150 300 7.0779384538122
151 100 14.5024132604777
151 300 30.0579167847007
152 100 6.60098604969018
152 300 18.9949030283076
153 100 4.15353233232888
153 300 5.00906200562196
154 100 5.40502576215972
154 300 6.29653845064406
155 100 5.18316694677517
155 300 9.24504105461054
156 100 6.96136405193241
156 300 20.6876860034768
157 100 5.43340372815214
157 300 12.3046363791121
158 100 5.43699077321531
158 300 11.204210259633
159 100 4.66794614526751
159 300 6.17258146022565
160 100 5.96900182996601
160 300 24.2932162157616
161 100 3.87846057095224
161 300 4.53530505738417
162 100 3.70360157584682
162 300 5.40304873171853
163 100 7.0321801999409
163 300 13.2854517744593
164 100 4.8686341922713
164 300 5.46821911624658
165 100 3.61496669621185
165 300 5.14490315960114
166 100 6.32975319355742
166 300 15.5866451767919
167 100 7.75043609747572
167 300 8.60683068854879
168 100 3.46969552496351
168 300 7.07452936926264
169 100 4.92086077848123
169 300 6.63658864181519
170 100 6.33798651779934
170 300 10.7017905084888
171 100 10.5503436817936
171 300 17.2049051420055
172 100 5.60621999849068
172 300 6.71884519606721
173 100 6.5698688804055
173 300 7.69228571576741
174 100 5.41233738403018
174 300 9.1152090128832
175 100 6.64677970610479
175 300 9.08847623826597
176 100 6.15176087700887
176 300 7.77939292414601
177 100 3.69765591470252
177 300 5.43616381093149
178 100 10.5735173285632
178 300 51.098851096145
179 100 10.9422386968286
179 300 19.9846818572003
180 100 4.15185174630946
180 300 18.8598978990194
181 100 5.76848870122977
181 300 17.1278236863005
182 100 4.59710507780875
182 300 5.78194798173864
183 100 9.7043731315586
183 300 27.4186808614686
184 100 5.7327921829011
184 300 11.2014024346942
185 100 6.65611280487306
185 300 12.9839193462716
186 100 4.07166005281291
186 300 6.16292408436656
187 100 6.69428846685136
187 300 24.7822585312739
188 100 3.64173422919807
188 300 6.26156005910216
189 100 6.05385062459136
189 300 11.8200142984032
190 100 8.09537353621885
190 300 20.9383009012305
191 100 6.23761038841976
191 300 11.2854465326463
192 100 3.72671777764516
192 300 6.36855901296271
193 100 7.76938647627886
193 300 33.5877758829329
194 100 7.41149143416769
194 300 14.8884049071461
195 100 4.79204899146169
195 300 5.31496873959604
196 100 3.19148405615576
196 300 11.9670132401272
197 100 5.77570482261821
197 300 8.60897817890202
198 100 12.9129149342622
198 300 14.9387533553503
199 100 5.81233196332153
199 300 10.314087249968
200 100 5.61725980594825
200 300 8.51590053513654
