id dose y
1 0 2.70213724714351
1 1000 11.1515716335072
2 0 2.49015522985009
2 1000 14.9387203429417
3 0 4.84480344459825
3 1000 15.7504745394694
4 0 2.78679783377739
4 1000 27.7581653977053
5 0 6.77992382910359
5 1000 21.5513347159199
6 0 3.6486795122263
6 1000 36.6228225226404
7 0 5.77987839062894
7 1000 42.8891631252132
8 0 3.49578339977507
8 1000 81.0680404702821
9 0 4.49547839601104
9 1000 12.9863838525017
10 0 6.22649498960273
10 1000 31.461626402607
11 0 5.01914581007551
11 1000 24.1639733050256
12 0 8.57491788206782
12 1000 21.8942950355314
13 0 6.53356371692973
13 1000 27.9066425902907
14 0 5.44677831301771
14 1000 31.5066486084995
15 0 5.68245807466828
15 1000 24.4018364377294
16 0 4.06509218857136
16 1000 56.2352567767947
17 0 7.1145751272784
17 1000 24.8123031498012
18 0 6.39407483150006
18 1000 31.3276638180369
19 0 5.02592256109674
19 1000 11.934754886674
20 0 5.19616690536282
20 1000 45.0628998906274
21 0 5.54831901660803
21 1000 7.39970875005734
22 0 7.93566680754167
22 1000 20.2135841004242
23 0 6.81184967998037
23 1000 14.3569943761683
24 0 6.65117113402452
24 1000 11.2387094262377
25 0 4.94228507287267
25 1000 29.9255123377138
26 0 7.4228453697313
26 1000 10.6086812016667
27 0 4.73225173568965
27 1000 20.0251390412839
28 0 4.25057193072203
28 1000 21.9519377410995
29 0 6.7335386561795
29 1000 27.8171173172158
30 0 5.66795270305129
30 1000 24.2566588797785
31 0 6.90473632176773
31 1000 72.9421101537085
32 0 4.33972283249439
32 1000 15.8801606029098
33 0 6.84472008574123
33 1000 19.8299143425308
34 0 3.8511584840283
34 1000 27.0665620360057
35 0 8.30693699319052
35 1000 27.6573755007441
36 0 4.12461173066045
36 1000 17.2381281261635
37 0 7.37922375073824
37 1000 23.2138677842447
38 0 4.06102766698164
38 1000 36.2178356901461
39 0 5.35464569763255
39 1000 53.5855388423256
40 0 5.29386968619386
40 1000 7.19038040127311
41 0 5.92043459018693
41 1000 24.5706306429295
42 0 6.7403498088063
42 1000 37.5059396174125
43 0 2.75587192888551
43 1000 12.3640015185531
44 0 4.1390829423443
44 1000 46.9626532376154
45 0 9.15846230316698
45 1000 42.3991452967402
46 0 6.91120724151139
46 1000 14.1260156304894
47 0 4.88808198665051
47 1000 54.0732197035408
48 0 6.33906950224029
48 1000 28.4109558717971
49 0 3.27292621219676
49 1000 50.2514369352499
50 0 3.50337234354576
50 1000 67.3967718452672
51 100 4.5889332627245
51 1000 60.6681575403144
52 100 4.70510806521863
52 1000 53.8973722652362
53 100 6.24161340855228
53 1000 27.0160574432682
54 100 5.22825612987752
54 1000 13.9142455118225
55 100 4.6117622356276
55 1000 59.986862875272
56 100 7.54940901418932
56 1000 27.3691107038473
57 100 7.57117237508786
57 1000 22.0078747787141
58 100 6.48450049054856
58 1000 12.1745672168659
59 100 6.63881056554527
59 1000 38.5854915064414
60 100 5.53872064899179
60 1000 16.5538174549096
61 100 2.14799749911437
61 1000 20.5398369521081
62 100 6.12227438084992
62 1000 23.3451284250336
63 100 5.89997994810748
63 1000 29.0556612699287
64 100 6.17472306224987
64 1000 50.7044393482068
65 100 8.26392880162452
65 1000 20.2164837538219
66 100 5.121226958945
66 1000 42.030691392076
67 100 6.26906466268768
67 1000 32.3890534383349
68 100 5.57637181316402
68 1000 66.5709525778892
69 100 9.89558596532241
69 1000 51.2425439698237
70 100 5.78798831970238
70 1000 21.7281359474886
71 100 4.5214444634429
71 1000 35.7173397597425
72 100 5.25097335447947
72 1000 14.1421540916394
73 100 5.21763538103332
73 1000 36.3235703998858
74 100 4.90169931226543
74 1000 23.1622039399783
75 100 6.42299900595304
75 1000 24.2497533340989
76 100 4.06034539228315
76 1000 18.9205678869881
77 100 9.93511997912328
77 1000 46.982140603515
78 100 5.98692383313112
78 1000 35.8953202804821
79 100 3.48965772308139
79 1000 22.3715720805961
80 100 6.54217651849901
80 1000 24.9822469188325
81 100 6.2528128151201
81 1000 19.2473686161968
82 100 6.669769556987
82 1000 41.8522154440101
83 100 4.03439533015514
83 1000 16.6929705977118
84 100 6.94517488927627
84 1000 27.4149662686639
85 100 8.39704193799469
85 1000 18.8102328374141
86 100 5.00041234015026
86 1000 100.293526763643
87 100 5.86630216005653
87 1000 111.715799724429
88 100 14.1381095459023
88 1000 31.75084807239
89 100 4.87155605371949
89 1000 20.35032764409
90 100 5.2612747162262
90 1000 18.9876427026628
91 100 9.5711711138179
91 1000 19.7077888358324
92 100 13.863045667943
92 1000 31.0472695991104
93 100 6.69869480267114
93 1000 18.2621088163164
94 100 6.36793684942299
94 1000 15.5604011593434
95 100 6.92205616126414
95 1000 8.21444208944257
96 100 6.7508285620421
96 1000 20.9044162309167
97 100 3.80873522114366
97 1000 41.4394053299259
98 100 4.92058413579502
98 1000 13.1288648453311
99 100 4.8761215520662
99 1000 11.6762365167617
100 100 5.42963202701633
100 1000 14.7852052519729
101 0 7.64481517964591
101 300 28.2547142032331
102 0 8.54910105793818
102 300 9.46612397633404
103 0 5.75855863734267
103 300 8.91421546513862
104 0 7.13452185542631
104 300 13.2919354960446
105 0 4.34614032584126
105 300 11.2998411912656
106 0 3.45210626852156
106 300 5.58706312815522
107 0 5.57091621271626
107 300 7.8781974053235
108 0 3.67439595842448
108 300 5.37939330115328
109 0 4.74608488486337
109 300 6.9421525447955
110 0 3.32385234423018
110 300 7.72091499528053
111 0 7.35852036231203
111 300 13.8692071241793
112 0 7.0807091292426
112 300 46.9393440101065
113 0 9.37447184386787
113 300 7.43049155044412
114 0 10.1149291192717
114 300 15.412808918677
115 0 4.90016100361223
115 300 9.12394176491703
116 0 5.91379681390006
116 300 6.7923412140124
117 0 4.46372055278747
117 300 6.82982858316417
118 0 7.34135461197039
118 300 10.3244865948891
119 0 2.7805622932477
119 300 7.87311390486318
120 0 3.98522163331752
120 300 6.9329213914616
121 0 5.02649836321242
121 300 18.7356621070499
122 0 8.50782853984818
122 300 16.9616403418059
123 0 6.19659730903826
123 300 20.2727831756239
124 0 7.69275414617749
124 300 13.2040247608861
125 0 2.71331972722589
125 300 2.53521973549704
126 0 5.94538889643446
126 300 21.8867869585043
127 0 3.33817243480482
127 300 20.0783937044968
128 0 3.48705436735469
128 300 4.35119010997596
129 0 7.91973949458638
129 300 22.3290073769393
130 0 5.73670166310306
130 300 8.01143075205677
131 0 4.94177839971824
131 300 9.97961134584915
132 0 7.09459869436168
132 300 38.2420524846029
133 0 3.21686280584274
133 300 7.73845927855875
134 0 4.88639314208623
134 300 7.30616477338448
135 0 7.25534216270724
135 300 10.7819749142436
136 0 6.37161463542495
136 300 44.5143182503697
137 0 8.90128894082175
137 300 15.2923794481434
138 0 5.17511395873424
138 300 15.6486116415115
139 0 2.24352545504485
139 300 14.2395185174206
140 0 5.93801242136021
140 300 6.97968463520165
141 0 4.11855071906761
141 300 5.87636672684
142 0 5.86409031902096
142 300 6.73287243384646
143 0 8.64254179609984
143 300 9.77446813231295
144 0 9.4548422171641
144 300 7.86558649767136
145 0 8.01478671728633
145 300 10.6566265620361
146 0 4.35653537108797
146 300 7.96125619527898
147 0 4.33802427220091
147 300 20.2057763093906
148 0 4.95269760355766
148 300 5.81907296149213
149 0 4.50943322193546
149 300 13.9965424068281
150 0 7.01066433439752
150 300 13.9164387290201
151 100 5.62058470103292
151 300 17.7444644319651
152 100 6.07545245211642
152 300 9.22658747827089
153 100 9.29476688115741
153 300 16.1955637321933
154 100 4.79635179360468
154 300 11.1487526259793
155 100 4.89606024036638
155 300 15.5882304562786
156 100 3.99608146202646
156 300 8.13652862734249
157 100 6.51626605667018
157 300 7.02871067731757
158 100 4.80261239669727
158 300 7.46381043541659
159 100 23.6311171845917
159 300 92.918943845829
160 100 4.44799860135187
160 300 6.14322392067902
161 100 6.31697053430164
161 300 9.00890201103516
162 100 3.96551175399097
162 300 8.13740816234394
163 100 4.59952177490428
163 300 9.3066840621553
164 100 7.25094923994113
164 300 33.1797562065998
165 100 7.38873679459187
165 300 14.2602403306014
166 100 7.3389932796353
166 300 18.4362208126901
167 100 15.2594834001846
167 300 46.0539019547249
168 100 6.25538150648014
168 300 7.19287770460349
169 100 3.87158384929218
169 300 8.654083438136
170 100 3.50234007212031
170 300 13.0421987360178
171 100 4.66812914725251
171 300 6.37718268370752
172 100 6.94729784967561
172 300 9.17977723683823
173 100 7.6525445080962
173 300 14.9490321651146
174 100 3.83013687162686
174 300 19.6939239094189
175 100 5.67591570695932
175 300 5.72831127531578
176 100 3.79106371358091
176 300 16.7671154557507
177 100 5.87343736110939
177 300 21.6785339019134
178 100 10.9167080734516
178 300 46.5797555492335
179 100 5.4089579267074
179 300 5.89374600621548
180 100 7.12837926264292
180 300 10.9455836383627
181 100 5.53644966068584
181 300 9.82179192941797
182 100 5.15114596301003
182 300 16.7018915882645
183 100 6.3952961401419
183 300 10.5897995545424
184 100 4.41047020139537
184 300 11.2551019300196
185 100 6.37184958203218
185 300 35.2317637248742
186 100 6.48622238785209
186 300 26.8550110424735
187 100 5.06953139950297
187 300 10.752875918319
188 100 8.37154492028318
188 300 10.7293184591342
189 100 5.51700710181508
189 300 7.80190677005868
190 100 5.15070576129497
190 300 8.79940649949158
191 100 5.82333601393544
191 300 15.5906410196852
192 100 4.54828091026175
192 300 9.80386749134296
193 100 7.27557814914246
193 300 11.9962256470123
194 100 5.14759253747108
194 300 12.6073783523752
195 100 3.33173659036806
195 300 3.40578096557811
196 100 10.9923665906151
196 300 35.649175379301
197 100 6.68540439488513
197 300 6.43680695665217
198 100 6.83194824579667
198 300 8.52948007519892
199 100 6.75711857790309
199 300 19.4690606899341
200 100 5.42883728781638
200 300 14.2806488111949
