id dose y
1 0 8.54968150887422
1 1000 15.821337543021
2 0 5.89061433587041
2 1000 22.6754468787823
3 0 4.43091051922152
3 1000 26.0969051166317
4 0 4.25528913839781
4 1000 28.1828760865754
5 0 6.14116885949402
5 1000 62.7861154777419
6 0 7.90611183573926
6 1000 41.2019880821231
7 0 6.13949516127577
7 1000 69.5184824985962
8 0 6.22396315081364
8 1000 10.1187125793435
9 0 5.0274380865611
9 1000 22.0510056003786
10 0 4.36302835714637
10 1000 31.7370237407529
11 0 3.92120178107634
11 1000 39.7646298890543
12 0 6.24601942436311
12 1000 67.626636840868
13 0 7.40674418217184
13 1000 11.7386674145797
14 0 9.75372861856577
14 1000 30.5563996226806
15 0 6.50456771070662
15 1000 11.2944205314717
16 0 3.91852901499132
16 1000 45.4425982876062
17 0 3.75770392949404
17 1000 31.5727090970495
18 0 4.12220743164607
18 1000 62.6313014372209
19 0 6.13127664311978
19 1000 70.5936581431072
20 0 5.26156162248384
20 1000 76.7210055567883
21 0 3.57910849278844
21 1000 51.3506232013947
22 0 4.86449744669528
22 1000 15.2662746879246
23 0 3.88613762792375
23 1000 13.7448170864969
24 0 3.46691892650649
24 1000 37.8213009035594
25 0 6.05551876307222
25 1000 10.8225195602183
26 0 6.44565087286176
26 1000 38.9897537582384
27 0 7.8585893288745
27 1000 9.41656509780208
28 0 4.46515320862545
28 1000 40.9540707384563
29 0 4.07583874492403
29 1000 25.6977090086079
30 0 5.41487340071085
30 1000 29.8956100310509
31 0 3.62380666748159
31 1000 24.0415482863083
32 0 5.09608658234375
32 1000 31.4990021353671
33 0 3.32547334367518
33 1000 20.2974968336798
34 0 4.72881333986272
34 1000 13.1115070247765
35 0 6.95698055336297
35 1000 28.8333780653593
36 0 4.96228236521043
36 1000 15.9005187569774
37 0 7.62995978816586
37 1000 12.7625761118249
38 0 6.3431449398837
38 1000 39.5838264062488
39 0 6.90128779709279
39 1000 20.5027654898652
40 0 5.05163006410592
40 1000 29.9336884448012
41 0 4.38976468687824
41 1000 35.9860878257918
42 0 7.13945533150264
42 1000 25.2812354775305
43 0 7.82090922196938
43 1000 66.9987311011898
44 0 4.66980582912495
44 1000 6.66187719882156
45 0 5.79820284368923
45 1000 25.0356449049848
46 0 3.17673592168217
46 1000 71.6280994644441
47 0 5.08597529143768
47 1000 15.2046112572934
48 0 4.12039953794299
48 1000 44.043973288161
49 0 7.9969136990294
49 1000 82.8921573824172
50 0 4.9858358997059
50 1000 46.8217254043051
51 100 10.4602675443219
51 1000 32.3456583981811
52 100 6.14976320516734
52 1000 12.2555627705614
53 100 6.348735247516
53 1000 22.6318588459986
54 100 5.76946365578651
54 1000 20.6788231123459
55 100 7.51148020244757
55 1000 23.9032622153785
56 100 5.21129928592005
56 1000 20.9530550922655
57 100 10.6074526935524
57 1000 47.9665704251703
58 100 4.8969074930571
58 1000 32.4549487478024
59 100 8.02278239136033
59 1000 14.7224887945965
60 100 10.0326389051844
60 1000 11.4616016857554
61 100 5.24345282582832
61 1000 19.1968036759503
62 100 8.47782551589448
62 1000 23.3527674364494
63 100 4.13761812395125
63 1000 56.1098654627641
64 100 4.95762995000181
64 1000 8.53996766345062
65 100 3.57923233222559
65 1000 28.1338420013253
66 100 8.80831228411865
66 1000 26.2214132789492
67 100 11.2916196301691
67 1000 26.5514793368558
68 100 3.83638218483202
68 1000 33.8711069565803
69 100 7.10422936083638
69 1000 101.770022261013
70 100 4.34786342534453
70 1000 13.5048568803017
71 100 5.35933498963286
71 1000 47.994719431294
72 100 6.6297588215238
72 1000 44.850167344505
73 100 6.35501077081059
73 1000 33.3925704891037
74 100 5.06175133099893
74 1000 18.5240844310127
75 100 4.45790416319475
75 1000 31.9200782712652
76 100 3.56482103053311
76 1000 12.9513171231744
77 100 4.21795461466263
77 1000 10.727013165493
78 100 4.98660038019906
78 1000 52.746807062782
79 100 4.26210399555295
79 1000 15.0438331306561
80 100 5.19501687718792
80 1000 20.1757780487565
81 100 6.63619302800742
81 1000 43.7819444949804
82 100 7.62341982461446
82 1000 30.6075269748328
83 100 4.1938918026858
83 1000 32.4790106882592
84 100 4.22301107270408
84 1000 27.334452828597
85 100 4.66977753510076
85 1000 108.980371445421
86 100 9.38524910067868
86 1000 27.2244148959954
87 100 9.70462777564769
87 1000 20.9443528450212
88 100 5.22104629792471
88 1000 24.2851510199695
89 100 6.95642264696504
89 1000 62.5260584614552
90 100 2.70149272511288
90 1000 9.35708106226427
91 100 3.8014957973104
91 1000 16.0732075580313
92 100 8.25870469610097
92 1000 64.0680050302124
93 100 5.91747991142339
93 1000 64.9201611006284
94 100 4.29205676020673
94 1000 39.0757789710198
95 100 4.96313014356947
95 1000 12.8146968678517
96 100 4.12527149745435
96 1000 28.0435630904375
97 100 8.56704779608438
97 1000 10.6581879224796
98 100 5.00237486832152
98 1000 12.3522752672405
99 100 3.08079625999741
99 1000 18.5711688638949
100 100 7.59792835389323
100 1000 21.2267183229691
101 0 4.18432259678454
101 300 18.4614648485463
102 0 3.65320636622615
102 300 23.9425940455829
103 0 5.70482001548902
103 300 16.3592737098082
104 0 8.18175399434959
104 300 20.4096865522947
105 0 4.276392591476
105 300 4.26176669938317
106 0 6.3519887595296
106 300 16.7117267404966
107 0 4.01430953890601
107 300 11.5754448279953
108 0 3.94009347940458
108 300 33.6116981825301
109 0 7.2674959567185
109 300 44.3584687418128
110 0 3.52089088480738
110 300 21.0133495478922
111 0 5.2765906168734
111 300 7.61812736900159
112 0 3.63278179221121
112 300 8.97026834290062
113 0 6.07886413146875
113 300 16.7438392155218
114 0 5.54241386914755
114 300 6.53980645258522
115 0 4.14805528819419
115 300 8.98601338392891
116 0 4.07286285902598
116 300 4.16279349125455
117 0 2.45889252657673
117 300 9.32357282729034
118 0 5.18702411521976
118 300 7.70535538945874
119 0 5.88202085623174
119 300 25.2475824901413
120 0 6.05209646475762
120 300 7.11418315983667
121 0 4.39639948277502
121 300 18.4153039085756
122 0 6.92216085840188
122 300 14.7046924743303
123 0 4.79326942552454
123 300 16.4286636887364
124 0 5.4647170704756
124 300 24.5834958351682
125 0 8.23975595454859
125 300 9.54654766012829
126 0 6.06364669000799
126 300 33.9972065549301
127 0 4.30218362010771
127 300 16.810199922552
128 0 4.11508348702001
128 300 4.736228622662
129 0 6.02054111531109
129 300 8.92671167370464
130 0 3.80089256416511
130 300 12.1468317659229
131 0 3.33046565441613
131 300 8.62916756463198
132 0 5.13561082409414
132 300 9.77521259315879
133 0 5.03274221737577
133 300 23.5713959467986
134 0 4.76831140477166
134 300 14.7894012268868
135 0 3.64803198740933
135 300 13.7644950187019
136 0 5.83551960835393
136 300 11.7382538768133
137 0 3.46382084946168
137 300 3.18798640136068
138 0 4.2331519630828
138 300 4.88099843213466
139 0 2.67232249328061
139 300 39.4751487182471
140 0 5.85972321538941
140 300 7.9115397672047
141 0 2.74937741859916
141 300 3.94564893209272
142 0 3.0256296289242
142 300 4.41093382471718
143 0 7.13937749252196
143 300 54.4739262739214
144 0 7.13414089605384
144 300 7.93658622051616
145 0 4.11286908840717
145 300 6.40364806138575
146 0 5.19197567485421
146 300 6.7352182734377
147 0 3.02188953808741
147 300 3.08242871772177
148 0 6.94984043684974
148 300 6.26582612999371
149 0 3.83440050668354
149 300 16.0672385781173
150 0 6.37203638566857
150 300 19.9975527282735
151 100 7.00668758135242
151 300 18.2034626160042
152 100 6.75927905591598
152 300 13.029091067428
153 100 5.75863614084655
153 300 5.81536359930721
154 100 10.5114926772635
154 300 9.98204386905445
155 100 3.61448561162576
155 300 7.73470101395061
156 100 6.08578931606721
156 300 19.4579290423031
157 100 6.70030730667551
157 300 12.2994646054417
158 100 4.77933623809422
158 300 11.7551742254292
159 100 6.01007791430182
159 300 8.58320518256797
160 100 3.87081446270084
160 300 4.99962217873677
161 100 8.89919494495088
161 300 17.9081365147588
162 100 7.42282007101941
162 300 15.9676568778832
163 100 5.64506606205562
163 300 7.33922130843537
164 100 3.69174798486021
164 300 10.0694378452067
165 100 8.66728683073023
165 300 21.2021487517786
166 100 9.46425927179686
166 300 19.4219753867625
167 100 5.64507426316178
167 300 7.4388547086038
168 100 4.82241816168814
168 300 12.5185729522943
169 100 15.7050908670767
169 300 35.877812213623
170 100 9.14863449072392
170 300 9.15339292987801
171 100 6.88626053678801
171 300 7.00420346118298
172 100 6.63144983404319
172 300 9.3255998061237
173 100 4.66445764438743
173 300 6.11331198749177
174 100 4.0217483926232
174 300 5.29829388911842
175 100 6.76256607158181
175 300 10.2828115563815
176 100 3.89349622175098
176 300 4.33639311760555
177 100 5.06158500250647
177 300 12.994300778012
178 100 10.5963290207823
178 300 20.4146261154776
179 100 4.56714988814453
179 300 9.8579631983521
180 100 9.30809653114913
180 300 23.7504887170957
181 100 5.92537895932132
181 300 11.3126072308292
182 100 7.53890405445936
182 300 10.2003566708575
183 100 7.5237599216745
183 300 10.1587210926503
184 100 5.78540042678975
184 300 8.76798265912561
185 100 5.11898973973849
185 300 9.4028966292838
186 100 6.24780987989696
186 300 21.8754468838911
187 100 7.45457981695562
187 300 18.6998802597923
188 100 2.65681653170399
188 300 3.88048561215929
189 100 2.79337043309358
189 300 8.37325902602511
190 100 4.58996989606202
190 300 12.4740090472519
191 100 5.59301935674552
191 300 9.3110651955704
192 100 8.82939064878296
192 300 7.40587649211934
193 100 5.22815311727678
193 300 11.9614139389606
194 100 9.64197274355555
194 300 22.599435604764
195 100 4.0653189901135
195 300 4.81828866555574
196 100 12.29603761429
196 300 12.0726983101649
197 100 6.50765115867028
197 300 18.2594011332057
198 100 5.42315989452571
198 300 6.10213610687633
199 100 11.1943354541738
199 300 16.3754693708865
200 100 7.32108058126449
200 300 8.11187070441953
