id dose y
1 0 3.84759745932429
1 1000 34.879875331471
2 0 3.65490417780016
2 1000 13.9992020946394
3 0 7.02449571039603
3 1000 30.6419900826864
4 0 5.66377968962312
4 1000 129.609318881566
5 0 6.06855081292354
5 1000 61.1146382640266
6 0 5.607419224599
6 1000 15.1047390173785
7 0 4.12616914137899
7 1000 43.3833171560855
8 0 5.3465390628332
8 1000 19.2626853974076
9 0 2.79073056988957
9 1000 15.3778590572454
10 0 4.67027316908706
10 1000 16.6539901750738
11 0 3.68063153898254
11 1000 42.7142711715603
12 0 1.5093440719125
12 1000 4.89344579409215
13 0 3.45556922419077
13 1000 10.7430969574094
14 0 5.25733446428734
14 1000 33.9709808770726
15 0 3.4330739062169
15 1000 44.9399949403284
16 0 5.14957871610666
16 1000 11.7830719182726
17 0 6.88922479741446
17 1000 60.3624577461135
18 0 12.488362902143
18 1000 24.7388857435251
19 0 8.81205587700044
19 1000 39.7942856998573
20 0 5.75704569830798
20 1000 22.6407636809026
21 0 5.04530992221315
21 1000 23.4080353682484
22 0 3.10237771633654
22 1000 28.0988432588569
23 0 4.82059755771909
23 1000 28.4556472182995
24 0 2.25917231168217
24 1000 31.2188703190762
25 0 5.42873159337104
25 1000 34.9827725596138
26 0 9.20019928101406
26 1000 29.7499595547539
27 0 5.37940588477932
27 1000 47.7544706122453
28 0 5.35650378583153
28 1000 57.3610259134139
29 0 6.01304329745226
29 1000 30.115678058573
30 0 4.48332952607383
30 1000 30.8982481613414
31 0 5.65304830167377
31 1000 64.2269898851804
32 0 6.24932575989765
32 1000 43.6816868956695
33 0 5.84183430112897
33 1000 42.2584735864632
34 0 4.41271014059455
34 1000 13.6061615161001
35 0 4.34645127867638
35 1000 26.7754767204221
36 0 3.03367933748669
36 1000 36.6565215046985
37 0 4.6923775037296
37 1000 17.4748066978661
38 0 5.20238733237457
38 1000 11.3411258279105
39 0 4.49907126403303
39 1000 20.4729107218924
40 0 4.92561222304246
40 1000 14.4521485342037
41 0 7.50902352730511
41 1000 34.4509303399486
42 0 6.26837257112928
42 1000 16.8376447301701
43 0 5.01019628452814
43 1000 23.1595508412173
44 0 4.33442432392559
44 1000 17.034373400985
45 0 4.96003319859767
45 1000 41.666738316387
46 0 4.9614802018035
46 1000 11.71830837405
47 0 4.01734117543792
47 1000 11.6292891599661
48 0 3.00437887855022
48 1000 33.1695787452143
49 0 5.01109222669405
49 1000 47.6569797630733
50 0 6.27219299116728
50 1000 32.7262906446074
51 100 6.57230559452275
51 1000 38.7264172120876
52 100 5.2344048129211
52 1000 16.1236300255322
53 100 7.41379228337318
53 1000 20.7790349995802
54 100 4.37390407037176
54 1000 18.9150503162122
55 100 6.12319485284424
55 1000 59.6149371717853
56 100 5.49126994115958
56 1000 13.0942365884599
57 100 5.91046486478444
57 1000 121.253382159492
58 100 3.79717026526828
58 1000 50.6474648256029
59 100 5.1563658532507
59 1000 19.1016848480338
60 100 10.1061923521886
60 1000 21.0004582546895
61 100 4.44689331852725
61 1000 78.0318748537857
62 100 5.89049959137645
62 1000 10.4200808988727
63 100 7.37057310886035
63 1000 25.7058169419266
64 100 6.68127611504965
64 1000 24.6911724215218
65 100 4.12824298248648
65 1000 25.4000324211895
66 100 4.97987865786677
66 1000 18.6404715969523
67 100 4.01222156652522
67 1000 7.19564896930954
68 100 6.20433653512002
68 1000 34.2011807437982
69 100 10.1106580593112
69 1000 21.8717984145189
70 100 5.4840464064447
70 1000 64.0103588875607
71 100 5.9133475186783
71 1000 25.1072465489145
72 100 4.31092154828764
72 1000 29.4404341982726
73 100 4.85238462534832
73 1000 10.0772628923286
74 100 2.71793399675919
74 1000 61.0319802454011
75 100 5.1778924158614
75 1000 20.7122251803302
76 100 3.80761138764474
76 1000 10.2048031004297
77 100 9.22149622170635
77 1000 37.2916060697923
78 100 5.88243575052171
78 1000 13.1945647474042
79 100 5.95589301791662
79 1000 34.194175640052
80 100 19.4099556484188
80 1000 25.6216244577714
81 100 4.09380980347665
81 1000 13.8010630800604
82 100 5.31479739421544
82 1000 75.889932001382
83 100 4.23128555119915
83 1000 15.0630908869551
84 100 6.45313396790808
84 1000 15.337861200633
85 100 4.64767002901421
85 1000 36.0744937848598
86 100 5.46514646281158
86 1000 47.964195871135
87 100 6.1713337425357
87 1000 26.75652200208
88 100 9.0779820841384
88 1000 55.261663301376
89 100 10.4060764460564
89 1000 62.8442076134756
90 100 6.90896882423823
90 1000 15.7599642296929
91 100 7.54526529933337
91 1000 43.1356991077081
92 100 3.42326434173975
92 1000 8.76121161920686
93 100 7.28217816592189
93 1000 18.2643408482995
94 100 4.63809285681661
94 1000 28.9058361068906
95 100 5.5479896995366
95 1000 35.2904783632734
96 100 9.41519209678227
96 1000 40.0815223726308
97 100 3.92686488340891
97 1000 9.09088244356783
98 100 10.2131470644529
98 1000 26.5623548679417
99 100 3.47740075011301
99 1000 24.3502002625685
100 100 5.07723253438851
100 1000 24.1685968899304
101 0 4.30096024198152
101 300 6.18869427495763
102 0 4.27599926094074
102 300 13.2595879881474
103 0 4.95065347645323
103 300 8.98916469589415
104 0 5.08710930193028
104 300 28.4653306638565
105 0 4.70857798686963
105 300 37.3367392573701
106 0 5.02344788616245
106 300 20.7908374180777
107 0 3.8447568115437
107 300 17.2031620519317
108 0 5.62397328962702
108 300 5.29952395392299
109 0 3.32708591707105
109 300 32.9850169604584
110 0 3.76977910689502
110 300 13.3850615923206
111 0 12.5285704845382
111 300 12.0359357247459
112 0 5.8550867272174
112 300 13.2950163559311
113 0 2.73256846778525
113 300 5.75399860521822
114 0 8.31989607797567
114 300 29.4858695528102
115 0 8.85299531379616
115 300 9.00936444870688
116 0 2.44429026260992
116 300 3.34337661838722
117 0 4.16233959282473
117 300 13.8577956652355
118 0 8.80396759672569
118 300 11.2259602475697
119 0 4.45550248801343
119 300 11.5732018254638
120 0 6.33321910166354
120 300 13.7074857209126
121 0 4.05162739537564
121 300 7.91573322561195
122 0 3.08316009199166
122 300 5.38039205923824
123 0 2.89378993341717
123 300 3.47384652684844
124 0 8.42290728424247
124 300 12.1515993216639
125 0 5.30882649551829
125 300 6.98467295792822
126 0 7.33873683519391
126 300 12.5588934634628
127 0 7.58763462923051
127 300 17.4910326472975
128 0 5.37115739034206
128 300 8.30799189895567
129 0 5.87579809455421
129 300 10.5015796595025
130 0 3.82852467275328
130 300 7.23700516711247
131 0 5.4195919587707
131 300 19.5258447023232
132 0 3.13337228312282
132 300 15.1896177381298
133 0 4.17888959311425
133 300 8.84959502409031
134 0 5.96263713934457
134 300 16.5756416859265
135 0 4.94511665270017
135 300 9.96216612221076
136 0 5.34243363480662
136 300 5.13193332685093
137 0 5.54186829307858
137 300 6.06455220197715
138 0 2.98189183061153
138 300 14.0824465226759
139 0 4.69423864311962
139 300 11.556951977992
140 0 6.54248047188817
140 300 23.4498996885806
141 0 6.44732681672746
141 300 9.93148511691977
142 0 3.77107318024158
142 300 14.7769265405298
143 0 6.12852968090309
143 300 28.5037536603741
144 0 5.77383166201198
144 300 12.5552401350295
145 0 4.2365728039875
145 300 3.85752582499547
146 0 3.23903939164319
146 300 10.443063586534
147 0 2.74538276634475
147 300 6.38703958327878
148 0 4.7588091434668
148 300 11.8270414017682
149 0 4.70960216837173
149 300 10.2966557207475
150 0 4.22819586509856
150 300 9.63783467456233
151 100 6.13164793977004
151 300 22.3151950390611
152 100 4.58417245873461
152 300 17.5789804627411
153 100 5.20104188097585
153 300 6.893933932894
154 100 5.57580047335263
154 300 8.7444522477578
155 100 4.28522454504512
155 300 7.58282880971991
156 100 4.89758519791228
156 300 29.0392652804086
157 100 3.11977971354519
157 300 4.35456842170273
158 100 8.95338414671679
158 300 23.638202282466
159 100 4.78668838923498
159 300 6.11634606221561
160 100 10.9706213093106
160 300 18.0126293777677
161 100 6.97349379907707
161 300 13.4505885394447
162 100 4.10443225958858
162 300 3.59880189359
163 100 7.39114889119408
163 300 8.51323609101189
164 100 3.89318019928436
164 300 5.20170143674438
165 100 3.72704800764059
165 300 5.64299944060052
166 100 4.07792157077921
166 300 10.833630982906
167 100 6.49005284523663
167 300 6.00142667470694
168 100 5.82996138739609
168 300 9.27431962721513
169 100 7.02232796668208
169 300 16.5369783161697
170 100 4.28800937777125
170 300 5.36826683211943
171 100 4.81019315046515
171 300 14.6115988724349
172 100 4.23374086586999
172 300 10.6456385600669
173 100 9.03901943408986
173 300 9.41808154111198
174 100 5.63646170433227
174 300 6.01257969991967
175 100 4.14685982804489
175 300 6.02863369098522
176 100 4.0567380806063
176 300 4.50779490347224
177 100 5.17949548064826
177 300 7.91274833269656
178 100 5.89997249619398
178 300 16.5888518986468
179 100 3.12979504447635
179 300 4.03978398572067
180 100 6.5588090471314
180 300 4.94240484123516
181 100 4.72716255296902
181 300 8.37379034287398
182 100 2.5108435921504
182 300 4.89556143904967
183 100 5.83495057043376
183 300 13.088377070136
184 100 3.4425401280362
184 300 5.54617238189158
185 100 4.16746340408502
185 300 4.13307799603134
186 100 5.93670848265044
186 300 10.8793658633603
187 100 4.0177692864239
187 300 7.54666973220691
188 100 2.94560588919275
188 300 6.46371708501846
189 100 8.4247148874341
189 300 11.7472769131183
190 100 3.5807818476566
190 300 9.64527108466298
191 100 5.08568576275673
191 300 8.44772059566561
192 100 4.90572344714854
192 300 4.97732929347161
193 100 4.66457719193065
193 300 25.8461830125507
194 100 11.2353077741379
194 300 25.5348967786907
195 100 5.94201360908221
195 300 12.2931259577454
196 100 9.9233853560315
196 300 22.8122528724236
197 100 5.31144734940816
197 300 4.29116123289705
198 100 7.84379948488244
198 300 25.3454674263411
199 100 4.10034597930843
199 300 6.27131808414835
200 100 4.39207736608681
200 300 4.94720901532757
