id dose y
1 0 4.88717325595379
1 1000 12.7595712440585
2 0 7.22345673833765
2 1000 11.2425722156196
3 0 3.17112434848777
3 1000 18.2982806450438
4 0 4.88191482510595
4 1000 31.3678449924811
5 0 3.67132157580757
5 1000 23.4726857041441
6 0 2.40304057872031
6 1000 39.9363438814542
7 0 3.73369664047301
7 1000 15.3424792598295
8 0 3.64473572083789
8 1000 24.5792841158274
9 0 5.33361505895283
9 1000 19.2393926187227
10 0 4.68274028947499
10 1000 27.0688513714486
11 0 2.69948331156072
11 1000 16.1993628315051
12 0 4.08197886196618
12 1000 115.782466062234
13 0 6.23307035819022
13 1000 19.7864818678558
14 0 3.02374163849347
14 1000 28.9467432410656
15 0 3.52218829333152
15 1000 17.3321504263511
16 0 4.80829288181761
16 1000 16.371775419442
17 0 4.72638946273235
17 1000 23.0148640189806
18 0 3.80325208107886
18 1000 21.9099610733164
19 0 2.98567116726375
19 1000 39.054612213892
20 0 3.22145589270377
20 1000 23.8709902020247
21 0 5.32672887707218
21 1000 100.684544159447
22 0 5.21689776249424
22 1000 13.558833616977
23 0 8.02571852947918
23 1000 21.8291400622478
24 0 6.21107517441017
24 1000 22.2914952777533
25 0 2.97095793737371
25 1000 28.6372219833919
26 0 5.2197634469805
26 1000 17.0622011087676
27 0 5.34745293784428
27 1000 60.0078185341909
28 0 6.59357806190557
28 1000 54.7635811076411
29 0 2.99402511572233
29 1000 28.7873133111294
30 0 4.68036638908085
30 1000 25.9126583653102
31 0 10.2500642903764
31 1000 25.761564915741
32 0 2.34424657621491
32 1000 6.74652720689221
33 0 7.35625884321233
33 1000 45.322988372873
34 0 6.44864125059585
34 1000 40.3510954354546
35 0 4.59690373746808
35 1000 37.2324280876174
36 0 3.51144125995
36 1000 11.0248552580189
37 0 3.74364419244438
37 1000 36.6917229597523
38 0 7.62701313216128
38 1000 74.4728789949856
39 0 5.18559408881738
39 1000 26.8143669885489
40 0 7.72152164032716
40 1000 45.3857533986515
41 0 3.7175204124211
41 1000 32.1402588577718
42 0 5.98225705177174
42 1000 45.6987571039403
43 0 6.80666478078667
43 1000 33.5977889591789
44 0 6.1654571517944
44 1000 17.9117995361402
45 0 8.23417580718264
45 1000 23.52464221008
46 0 3.78722545042572
46 1000 68.1058980600929
47 0 3.43354213608938
47 1000 25.559663875018
48 0 6.88349679157171
48 1000 16.9424873156016
49 0 4.16987783564015
49 1000 20.7806090425324
50 0 5.44798717768993
50 1000 22.7321378006453
51 100 8.87056146105438
51 1000 32.9407881080498
52 100 5.84362559500413
52 1000 24.5468854527892
53 100 5.8029931754176
53 1000 10.9967191089485
54 100 4.57429202960681
54 1000 35.7279990173126
55 100 5.99960397768607
55 1000 23.5162101538281
56 100 5.20011059468907
56 1000 34.367882175543
57 100 4.72106579396426
57 1000 23.505144865921
58 100 4.69125265577538
58 1000 14.227775060215
59 100 7.67497138296949
59 1000 21.2837138878781
60 100 6.32378979501213
60 1000 38.6262954157509
61 100 5.14093443520367
61 1000 23.1909948293214
62 100 5.48079213117044
62 1000 29.0241984525067
63 100 5.79125671466529
63 1000 31.6449118170942
64 100 10.1834906337338
64 1000 106.166860149725
65 100 6.59236462559598
65 1000 27.4174677139715
66 100 8.363456173
66 1000 28.9624841457898
67 100 4.06427340730776
67 1000 30.7422561455689
68 100 5.70540615513636
68 1000 24.0924229160318
69 100 4.83886886924121
69 1000 12.2140554428907
70 100 3.97282409644729
70 1000 24.3344233975728
71 100 4.71226931176562
71 1000 48.6883087718964
72 100 4.71272680868921
72 1000 21.4998697328915
73 100 5.17728055365509
73 1000 70.497452413621
74 100 9.11318877325268
74 1000 12.1042939362216
75 100 4.468435036361
75 1000 68.9461654933259
76 100 6.45487150689049
76 1000 22.9894323377864
77 100 3.66736686269763
77 1000 28.7960960803011
78 100 3.21159627943802
78 1000 5.75308786573659
79 100 4.24484734146996
79 1000 32.1799683067783
80 100 3.66936371992042
80 1000 11.2759391910597
81 100 6.57008071708408
81 1000 72.9244043454677
82 100 3.41428184447538
82 1000 35.8872366871419
83 100 6.49943455794492
83 1000 88.3558078358017
84 100 8.29348982642182
84 1000 35.4805536849009
85 100 19.7099222938112
85 1000 115.150447946153
86 100 4.02781931899906
86 1000 90.5990874724266
87 100 4.49865239627063
87 1000 11.6381235963466
88 100 10.5423290320524
88 1000 48.4121381262003
89 100 7.19963631723243
89 1000 19.6387580085661
90 100 6.30559280721142
90 1000 16.2923409469434
91 100 17.6888039701726
91 1000 128.779285468093
92 100 6.3615010599854
92 1000 8.37868077312164
93 100 3.26668391377074
93 1000 19.7140840410125
94 100 8.44655642195184
94 1000 85.3230046430797
95 100 9.05894683751375
95 1000 34.2804285337453
96 100 7.11843420112042
96 1000 58.1679925663385
97 100 5.23852596200951
97 1000 75.0755046500718
98 100 5.33099432246542
98 1000 30.4069469417587
99 100 14.9243795047538
99 1000 16.0949912784308
100 100 7.11019186110685
100 1000 22.0383059083769
101 0 7.63798427031775
101 300 37.1845273338311
102 0 3.06469758493372
102 300 12.6669464999364
103 0 4.67441249994995
103 300 4.96690526578931
104 0 2.68250274963745
104 300 4.36239166034209
105 0 5.30394982188468
105 300 16.5028755667554
106 0 4.56599042031429
106 300 8.75157123853069
107 0 4.93248236031135
107 300 15.1043974751789
108 0 5.42163381395557
108 300 22.301278329653
109 0 7.21352191104129
109 300 18.8391048823542
110 0 4.38745125146638
110 300 17.6370697757853
111 0 5.07254765737134
111 300 5.14546036585133
112 0 6.50356457020373
112 300 22.1838132192695
113 0 4.52689718643567
113 300 4.44759544489321
114 0 7.68204594451154
114 300 12.1676566094177
115 0 6.07543027902916
115 300 23.3598695136936
116 0 4.43833099274383
116 300 8.4162010104802
117 0 5.40032886828142
117 300 7.00841003880803
118 0 5.78756653015683
118 300 15.9219823343779
119 0 4.71529643060345
119 300 16.4185136260795
120 0 6.18915526499802
120 300 13.4564319412318
121 0 5.40056153525659
121 300 13.3999701764102
122 0 6.01408093185303
122 300 25.2734847600319
123 0 5.80029409845931
123 300 7.08946282321048
124 0 4.43636951356437
124 300 24.5166959613682
125 0 4.21534968998645
125 300 6.14439624145325
126 0 4.64068152724355
126 300 8.69014961263802
127 0 4.18721638218136
127 300 4.01627226575861
128 0 2.26945601817647
128 300 42.2559696791802
129 0 4.10720473026546
129 300 4.22694259329916
130 0 5.02611040057535
130 300 13.1670940913252
131 0 9.01506072378937
131 300 19.0568724605369
132 0 4.60894870085906
132 300 13.4961608991561
133 0 7.07507340513558
133 300 21.6791336361461
134 0 3.89810742251586
134 300 4.31057564321466
135 0 6.54606303268328
135 300 13.8520648360552
136 0 1.72783357233021
136 300 13.298337512236
137 0 3.80986303571736
137 300 4.82564290720387
138 0 6.59976759239802
138 300 16.0111916349752
139 0 5.15394242690116
139 300 10.1657619952287
140 0 8.42148116793866
140 300 18.8677669786776
141 0 3.65740176446553
141 300 19.6474847687283
142 0 3.18535752713288
142 300 8.81726735185851
143 0 5.20966885586977
143 300 10.9982863815946
144 0 5.57300973696616
144 300 7.97895157084514
145 0 5.53356954419926
145 300 25.6170590473374
146 0 3.12078861048911
146 300 6.9011269655
147 0 4.5674713687301
147 300 18.6408288596747
148 0 4.63105553916645
148 300 22.8164931896259
149 0 4.404806490896
149 300 5.54384927186008
150 0 5.54688273393561
150 300 5.21868006262861
151 100 5.48710516973448
151 300 4.96559897178208
152 100 3.3665950504176
152 300 4.44660938034898
153 100 5.84190216543973
153 300 6.07900910591524
154 100 5.94740764898436
154 300 13.4117758763619
155 100 7.82151881337991
155 300 9.86755722325575
156 100 4.78388205266368
156 300 19.6685784770027
157 100 5.05548485994337
157 300 6.2615366062349
158 100 5.76715760977723
158 300 9.99781560628969
159 100 6.5789544171669
159 300 10.5503263178959
160 100 5.49272290829019
160 300 15.3807894302683
161 100 9.60493674741409
161 300 10.7668154517952
162 100 11.4441091759175
162 300 26.2885505441593
163 100 4.33006341389795
163 300 9.68216927393793
164 100 3.6709744628087
164 300 4.5251264657024
165 100 3.90123418390088
165 300 6.14044281398445
166 100 10.273248326642
166 300 19.4213923077466
167 100 10.6640771760177
167 300 20.4639092567089
168 100 6.47657433905152
168 300 27.6650503834695
169 100 4.87234614693422
169 300 10.9543109508344
170 100 5.05933467756519
170 300 12.368975111969
171 100 11.5738738600881
171 300 17.840474865344
172 100 3.57171248195282
172 300 4.36078018273828
173 100 3.39725681205806
173 300 5.29112960375083
174 100 5.88813312515121
174 300 5.00409982861889
175 100 6.9244072433408
175 300 13.4859469828915
176 100 4.60798722365773
176 300 16.165005601706
177 100 6.39606293131462
177 300 24.2884745002644
178 100 4.66248333597709
178 300 15.1504268763288
179 100 6.74134090161882
179 300 6.08560122596763
180 100 3.78386351215736
180 300 9.85484111752697
181 100 5.4803349267323
181 300 9.79365833680626
182 100 6.53467931988734
182 300 9.30767754049722
183 100 9.92913963480535
183 300 23.3114176238369
184 100 4.60961534681998
184 300 13.0689825097215
185 100 2.50794448783335
185 300 2.70969860427234
186 100 6.15574058260956
186 300 23.3500264308796
187 100 7.94695001856931
187 300 19.9680423962859
188 100 4.24958276033434
188 300 5.85000773242592
189 100 4.7733348696146
189 300 16.3304601756452
190 100 3.74608244863672
190 300 4.45304409502246
191 100 4.4083381335076
191 300 17.5558471215676
192 100 4.97016984018097
192 300 6.40142450943959
193 100 6.11363935524303
193 300 16.8435706013076
194 100 5.21504719243012
194 300 7.3402849510493
195 100 4.00860019583605
195 300 10.9247888316289
196 100 4.75139506546734
196 300 18.7071491935091
197 100 5.90859179477565
197 300 10.2655785266117
198 100 8.30468553573064
198 300 23.1593111131586
199 100 5.71237974710711
199 300 12.3730926190665
200 100 5.0121145263176
200 300 10.1787246618434
