id dose y
1 0 2.75474734398204
1 1000 26.8910458866447
2 0 6.37469805548668
2 1000 28.8170569335125
3 0 2.91984309341928
3 1000 65.1571367974916
4 0 6.35566799924131
4 1000 49.5310564399969
5 0 3.89467585387154
5 1000 54.4443020080539
6 0 6.59809856604342
6 1000 26.2413896333803
7 0 4.13845360194931
7 1000 76.8895434764719
8 0 2.22479761300843
8 1000 25.8156212594293
9 0 5.73278906294715
9 1000 47.4994531777635
10 0 4.46910326686407
10 1000 17.1292915522533
11 0 4.32417318402249
11 1000 30.0568631935595
12 0 4.92735345021099
12 1000 22.7210533606256
13 0 6.74538851532099
13 1000 19.0660837182802
14 0 4.94436932878267
14 1000 30.4391803817212
15 0 3.93609242665001
15 1000 69.9217903149607
16 0 6.53325719173813
16 1000 19.1113052822984
17 0 4.03293252762513
17 1000 12.9245144220521
18 0 5.85628729195357
18 1000 41.6309518776672
19 0 4.71610195728542
19 1000 54.9489177958222
20 0 5.89241104345585
20 1000 26.2162236582167
21 0 7.50009794528911
21 1000 11.1915587765591
22 0 6.21350759409004
22 1000 30.3623971132887
23 0 4.17853865968954
23 1000 35.0022796513853
24 0 3.31971304385136
24 1000 22.8447670760441
25 0 5.80351740903507
25 1000 36.7179587949859
26 0 5.57500654855804
26 1000 25.9572303173552
27 0 6.23784779774681
27 1000 25.9441013989948
28 0 5.58874793458241
28 1000 16.5107229813084
29 0 3.9370048270341
29 1000 21.6303374368356
30 0 5.02316519616855
30 1000 19.9613229970296
31 0 1.35447148941101
31 1000 24.351413269181
32 0 3.83372127354299
32 1000 25.9508989267689
33 0 8.59913960724518
33 1000 29.6908132721456
34 0 6.29232758607116
34 1000 25.5330498742768
35 0 3.86376645712247
35 1000 7.8383265847595
36 0 3.99059973840514
36 1000 62.6960369287535
37 0 8.40685610269096
37 1000 13.1274801717031
38 0 3.88163609780148
38 1000 37.6660837411148
39 0 6.4521530094673
39 1000 24.3332007602294
40 0 5.02965071468583
40 1000 25.4338531016259
41 0 5.43539680963791
41 1000 30.2078974356364
42 0 8.20315114265195
42 1000 69.0356254899218
43 0 3.29246860549517
43 1000 12.084967087607
44 0 4.26581508367463
44 1000 23.0432192124671
45 0 4.88066933442973
45 1000 15.1763532887277
46 0 4.61894904842584
46 1000 29.1999254060263
47 0 6.4291186752773
47 1000 22.3524681131586
48 0 3.99055537878465
48 1000 24.662664919156
49 0 3.20607595829612
49 1000 114.692888108299
50 0 2.94972050842775
50 1000 53.1343765650628
51 100 3.53347503192176
51 1000 14.7072570286287
52 100 4.02545174215758
52 1000 21.2842471045323
53 100 6.025982890906
53 1000 24.0661250197859
54 100 3.33152943392034
54 1000 41.6489589625634
55 100 9.56062764022064
55 1000 47.5254746194917
56 100 6.43829794627129
56 1000 44.5407125624771
57 100 8.50427449662317
57 1000 18.8803587168254
58 100 4.16781010975049
58 1000 23.4112546838166
59 100 7.47098760790576
59 1000 16.0841462450369
60 100 6.8939193609639
60 1000 25.6206694380806
61 100 6.25345917666792
61 1000 20.8329825808454
62 100 2.86819239356766
62 1000 15.9278436844909
63 100 5.81682034894491
63 1000 21.3446744850902
64 100 10.4462818129647
64 1000 46.9659793330032
65 100 10.5537144551615
65 1000 38.5131321745952
66 100 9.55682435658255
66 1000 28.2739311113387
67 100 4.33415979258727
67 1000 25.9637283585607
68 100 3.08432338856152
68 1000 15.1778954858695
69 100 5.58027306330324
69 1000 44.2581541181902
70 100 5.52625930385998
70 1000 7.15431223241863
71 100 4.27445676866176
71 1000 12.062061592051
72 100 6.31494977544024
72 1000 24.8785267093183
73 100 11.981066858871
73 1000 114.986310071568
74 100 5.6196105220063
74 1000 13.0418295287384
75 100 3.54715236699828
75 1000 10.2931849534858
76 100 3.93955817677782
76 1000 19.8050592395576
77 100 3.11331523665856
77 1000 32.3924008270652
78 100 4.89771268810593
78 1000 18.6434742890361
79 100 7.03448855554888
79 1000 23.1538718638296
80 100 7.52445816381689
80 1000 32.6852864981072
81 100 7.76351057512114
81 1000 21.3447423138754
82 100 4.30317693627016
82 1000 12.0131740315947
83 100 5.67566536029102
83 1000 32.2552388408613
84 100 4.09035767406221
84 1000 18.9081666784026
85 100 11.8196329485057
85 1000 16.741966869776
86 100 4.02182411135639
86 1000 61.1955207326582
87 100 2.61298291516697
87 1000 18.7966852438367
88 100 4.7796703742647
88 1000 55.4634723437127
89 100 9.94422313486834
89 1000 11.4562989764696
90 100 8.24623805212844
90 1000 84.3805953348312
91 100 6.90995233644278
91 1000 37.0785466040019
92 100 3.5493390067398
92 1000 12.8799072598597
93 100 6.71579696189987
93 1000 33.6300331588582
94 100 3.38924367640782
94 1000 55.4110527256463
95 100 5.35381442008339
95 1000 43.9684663075717
96 100 8.60385578670077
96 1000 71.984779530883
97 100 5.41225744991929
97 1000 27.8505965689876
98 100 6.71646244652978
98 1000 9.07531273676218
99 100 4.85667472897358
99 1000 12.204049933312
100 100 7.33733766287547
100 1000 19.7378712506189
101 0 4.83295010674646
101 300 12.9450400697248
102 0 4.86367452002779
102 300 17.2111317528797
103 0 4.31348447114163
103 300 4.72324048216345
104 0 7.0360775660992
104 300 7.15805450923327
105 0 9.24249155136939
105 300 13.011401840932
106 0 7.99563956700762
106 300 9.10000281771691
107 0 3.07622162959697
107 300 16.9093222016869
108 0 4.95105563343027
108 300 20.6615664963215
109 0 13.7676379386517
109 300 19.1020805485084
110 0 7.03308793740617
110 300 31.3560670408964
111 0 5.79095867444048
111 300 14.3886600199914
112 0 4.89875812435081
112 300 19.3189798930865
113 0 5.35342288676086
113 300 5.73632559522051
114 0 5.25896971024267
114 300 7.53329617860971
115 0 6.48675157595412
115 300 17.2055902535896
116 0 4.92569773604942
116 300 8.8976370930027
117 0 5.14201860835898
117 300 5.60286944308088
118 0 3.32762994119356
118 300 5.11564797119973
119 0 3.98267049052327
119 300 13.3309155876393
120 0 4.12373192615485
120 300 14.2619009114289
121 0 3.92020288334616
121 300 5.0934666331505
122 0 8.54313523043331
122 300 22.6571611884667
123 0 5.22531126204554
123 300 18.4858912445534
124 0 3.60924029204746
124 300 22.9153031827249
125 0 6.36312203652861
125 300 6.93514646858828
126 0 7.74757192665461
126 300 47.3921393924982
127 0 9.56197923355864
127 300 10.1954646056744
128 0 5.6521404747084
128 300 15.0154570103418
129 0 3.50464453298861
129 300 5.0076843123553
130 0 5.31918049239648
130 300 23.952137465173
131 0 4.76645952965618
131 300 6.93957352481085
132 0 6.21209723523082
132 300 13.2209827499187
133 0 5.25923360831477
133 300 7.63640379970417
134 0 5.00439218135849
134 300 14.9216286700002
135 0 4.58851706381766
135 300 7.25109666826568
136 0 3.98086216707278
136 300 7.38503245295801
137 0 4.2368471213652
137 300 8.77266139916872
138 0 6.20104033084597
138 300 5.69821721220259
139 0 7.8698291665283
139 300 13.7756067744574
140 0 4.26079695847256
140 300 10.8740193248903
141 0 4.26055428851516
141 300 12.857818279131
142 0 2.86361352927407
142 300 21.5696483036784
143 0 3.88082925888394
143 300 14.8529451053876
144 0 5.28779892609505
144 300 10.3876375424956
145 0 4.67436551983297
145 300 10.2430556840012
146 0 4.47633381716686
146 300 9.41349934927285
147 0 3.53454269181829
147 300 25.6600558634344
148 0 7.60468486555679
148 300 13.6564950881431
149 0 12.8960353038356
149 300 34.1575817998892
150 0 4.07300629291153
150 300 6.46953852509772
151 100 5.07790186888724
151 300 6.71260998860824
152 100 13.6196550746353
152 300 34.1704712094997
153 100 4.63551240737137
153 300 16.8760971317406
154 100 4.389621990077
154 300 22.7858524208367
155 100 9.10806229484891
155 300 61.8544573638319
156 100 2.65823606831598
156 300 3.0186693874798
157 100 4.35055238006163
157 300 9.42700576925731
158 100 4.99214230440592
158 300 8.4581191546461
159 100 5.44957525007449
159 300 10.944273959945
160 100 10.8800805981068
160 300 33.073564869572
161 100 10.534237724454
161 300 54.538146957691
162 100 5.44088641911927
162 300 13.466546253045
163 100 5.47433814532944
163 300 11.2999207426815
164 100 10.9012250986936
164 300 39.2969971939961
165 100 5.36878906551496
165 300 10.0496420976383
166 100 4.85635352344779
166 300 15.3051289619382
167 100 8.00311418032478
167 300 11.2539381338357
168 100 4.39284304662704
168 300 14.0191218336194
169 100 7.79863194978835
169 300 12.1753925629863
170 100 6.97574465132819
170 300 9.02655136523745
171 100 5.94822593448018
171 300 8.02929086473663
172 100 3.16192522369027
172 300 6.1003329054423
173 100 8.93208165931186
173 300 12.5758187068091
174 100 10.647140181787
174 300 14.1156691548771
175 100 3.11140444213053
175 300 4.53716182430846
176 100 5.50458639043992
176 300 22.0233770740426
177 100 10.9633233176828
177 300 19.6529743844028
178 100 3.6802958916754
178 300 8.13494695659702
179 100 6.18926897960172
179 300 6.58411828214597
180 100 4.87469519741333
180 300 7.8310929536513
181 100 4.35243341187305
181 300 4.86558035483622
182 100 5.89709993413613
182 300 7.34871205280384
183 100 5.22087472896812
183 300 7.86760090670584
184 100 5.94715417109394
184 300 9.83563216038625
185 100 5.10740695730836
185 300 6.94369964989665
186 100 4.22352711207884
186 300 8.98144076042177
187 100 4.69241867118507
187 300 6.80227846294764
188 100 5.33008952928575
188 300 11.7519123926023
189 100 6.89541261203502
189 300 7.81484199951697
190 100 4.57089128755775
190 300 7.10733392521576
191 100 4.81723570907256
191 300 11.0846045989005
192 100 5.31502088546685
192 300 7.12319610307766
193 100 6.65290306406805
193 300 7.64042700142184
194 100 5.29348052159015
194 300 22.2871616294038
195 100 4.47327933540738
195 300 5.28010763265394
196 100 5.96824469922922
196 300 6.43157146880907
197 100 4.92653099576791
197 300 25.9561380933703
198 100 6.88635414554241
198 300 12.785527144962
199 100 4.83955287789634
199 300 7.22052043478337
200 100 5.01951490043005
200 300 10.312834329243
