id dose y
1 0 4.36148327619878
1 1000 81.0328310798915
2 0 6.78253877485179
2 1000 17.1016217534467
3 0 6.42629506632281
3 1000 15.4530281538808
4 0 6.15301007045513
4 1000 47.5443940501828
5 0 7.21087822054961
5 1000 19.1040081519267
6 0 4.93385391871389
6 1000 47.0818796842631
7 0 4.85632649505085
7 1000 49.3641000628939
8 0 6.12199775665547
8 1000 21.6370320892012
9 0 7.89261848884605
9 1000 56.2185726786967
10 0 8.07853078735442
10 1000 15.9841756512289
11 0 5.04208683781744
11 1000 15.5488651615501
12 0 3.10914505217988
12 1000 22.9518701970133
13 0 5.67681546709818
13 1000 113.916512411521
14 0 6.21774464895743
14 1000 12.0547909647466
15 0 3.90701469290697
15 1000 17.4343570578782
16 0 6.34985376212988
16 1000 10.4119197304076
17 0 3.26508261325508
17 1000 30.334964626668
18 0 4.78769331324807
18 1000 30.9507321456632
19 0 5.63304899930582
19 1000 20.2252910387377
20 0 8.78563586307227
20 1000 71.8109035751663
21 0 4.67769877499957
21 1000 7.84323696909139
22 0 5.44386214112855
22 1000 19.1039464920366
23 0 4.65132028725737
23 1000 39.9232723814121
24 0 3.24271000021379
24 1000 32.0461051733723
25 0 4.12824379208989
25 1000 13.0096801296059
26 0 3.14227418346679
26 1000 46.7713614725278
27 0 7.6104486183334
27 1000 52.651622661082
28 0 5.58035407800648
28 1000 46.6671194042247
29 0 5.93770341851149
29 1000 15.7778779608975
30 0 4.29854448635835
30 1000 18.8735906430849
31 0 6.08776878319617
31 1000 29.202813806927
32 0 5.98153809123189
32 1000 31.5386389960746
33 0 5.95061852697845
33 1000 99.2304030422499
34 0 7.02099243470951
34 1000 26.2067323938124
35 0 6.2122180138596
35 1000 47.5618041726455
36 0 7.1351621146095
36 1000 32.1300744914463
37 0 4.81655764423077
37 1000 26.9836988298339
38 0 5.89105665541527
38 1000 16.423108779539
39 0 4.19638471948021
39 1000 9.12836145324486
40 0 2.89870404858045
40 1000 35.8954563148489
41 0 5.91874633815244
41 1000 12.2719132693568
42 0 6.60832181516888
42 1000 21.6225576029752
43 0 5.54749489309318
43 1000 67.9843896419954
44 0 3.27285381434888
44 1000 40.2861692612937
45 0 9.30329669976975
45 1000 76.1055945027966
46 0 6.08775538389069
46 1000 14.1869093649212
47 0 4.78073707227912
47 1000 40.5771303270457
48 0 6.58764676801349
48 1000 20.694768342094
49 0 4.88831339272172
49 1000 14.4947793051333
50 0 7.40129029336198
50 1000 18.2379566353812
51 100 5.83386406281146
51 1000 29.6597106860619
52 100 7.95871962185128
52 1000 21.2555828426864
53 100 4.64541940238806
53 1000 9.72351617024809
54 100 3.18416152444082
54 1000 29.3811521756021
55 100 5.42040944756416
55 1000 22.1283556801032
56 100 5.83439202913175
56 1000 20.2907886192966
57 100 8.73711004254684
57 1000 41.9078166469729
58 100 3.51110665796994
58 1000 22.904389322848
59 100 4.09203191572089
59 1000 40.4077386979957
60 100 4.18227361968558
60 1000 32.7951899463722
61 100 7.64610928290174
61 1000 63.3691078296697
62 100 6.26269435469146
62 1000 13.2335551182988
63 100 7.65617960460303
63 1000 41.5701912571968
64 100 6.08888884667043
64 1000 82.7598476768044
65 100 12.0158112971237
65 1000 31.1128662624268
66 100 3.83220926216896
66 1000 37.5327783295925
67 100 2.46320549117617
67 1000 36.6299257724138
68 100 5.11140659114547
68 1000 31.0433339078431
69 100 7.96487938189169
69 1000 41.1345052970664
70 100 10.1619704021324
70 1000 16.2438362035163
71 100 8.41137368785984
71 1000 31.0490712285744
72 100 4.97346378227273
72 1000 17.4923394546604
73 100 5.01538170412402
73 1000 37.0824914618849
74 100 4.55243566158431
74 1000 16.3299651491241
75 100 5.1653016436842
75 1000 37.848974255047
76 100 8.90268610483867
76 1000 59.4137659587007
77 100 7.41974584846477
77 1000 10.4497165499233
78 100 6.82476105801759
78 1000 10.4714215219848
79 100 9.87313943510666
79 1000 20.4985671278687
80 100 5.06173805579001
80 1000 28.7722145426842
81 100 6.72354046626066
81 1000 19.8601432304394
82 100 5.47699004781672
82 1000 58.691397883331
83 100 4.35280317006708
83 1000 74.0909177385768
84 100 6.23896520620819
84 1000 60.3799305351617
85 100 6.3634228071794
85 1000 23.352852330469
86 100 4.8540792286945
86 1000 24.0019279177041
87 100 6.43125532782339
87 1000 12.4204583415635
88 100 4.82363679584503
88 1000 23.1464911212533
89 100 5.39971518023744
89 1000 24.7653315878036
90 100 6.22697237285279
90 1000 26.7602919902353
91 100 3.14957899967492
91 1000 19.4032674920392
92 100 5.29286215840005
92 1000 23.2271896292543
93 100 4.80231631534236
93 1000 42.9694370779245
94 100 6.52478016323825
94 1000 38.128403538896
95 100 8.23903668975367
95 1000 46.5612713082535
96 100 8.67219151228989
96 1000 22.3412997718596
97 100 7.1050471026539
97 1000 36.9562370619369
98 100 7.48916047214904
98 1000 23.0091868829149
99 100 3.75261358019516
99 1000 16.9165712101998
100 100 6.21426530308175
100 1000 37.2892159675116
101 0 5.86207814870274
101 300 12.0415940357793
102 0 9.03878240780685
102 300 10.0126389024044
103 0 3.55365540245997
103 300 12.6554696084577
104 0 7.50804920995113
104 300 23.0184471325515
105 0 8.02418469346049
105 300 13.4152284661856
106 0 2.83225893053347
106 300 3.57458923774319
107 0 2.75133338166657
107 300 4.34056231329794
108 0 4.98646438219192
108 300 6.3383348745161
109 0 4.46611960955166
109 300 15.0002533004679
110 0 4.48284738669759
110 300 14.1796805609738
111 0 6.34131766412238
111 300 16.8247313835402
112 0 4.90176002810217
112 300 10.1873229975222
113 0 3.98468391674307
113 300 5.10886016509637
114 0 4.07005926727141
114 300 21.6076494918402
115 0 9.38477166146483
115 300 19.1974345387998
116 0 5.76655322158814
116 300 14.8287581694892
117 0 7.21935997565411
117 300 9.18472669500185
118 0 3.74123648552712
118 300 7.85158335962718
119 0 3.17366312082439
119 300 12.2535245843706
120 0 3.25835266811838
120 300 10.1832829377523
121 0 5.38377197708425
121 300 5.1622819995443
122 0 5.48069042349218
122 300 7.97625474124344
123 0 4.64684119312837
123 300 11.0179565948385
124 0 4.9410473959874
124 300 40.6128558643817
125 0 3.76967193207222
125 300 11.3026588602186
126 0 4.57871802257445
126 300 4.1632969810777
127 0 5.11885315534835
127 300 14.4282018387303
128 0 5.88900044435077
128 300 17.8475887817437
129 0 4.65497762224291
129 300 12.7370678750666
130 0 4.69164010437825
130 300 5.0476901315995
131 0 4.54846598909045
131 300 29.286191426818
132 0 3.39815231006972
132 300 35.4720612221341
133 0 5.55048308927955
133 300 12.9965191769182
134 0 6.16630349301521
134 300 16.758629698332
135 0 4.70243365138333
135 300 6.70878739401951
136 0 6.36291138296497
136 300 10.2951851284903
137 0 4.53609121656492
137 300 9.51947733945387
138 0 6.24085015597174
138 300 10.953481379637
139 0 5.4448163946314
139 300 21.1313215462322
140 0 6.95515876223472
140 300 11.6714271311393
141 0 6.78891356144264
141 300 8.51772204173244
142 0 3.50520595571352
142 300 7.5333465438392
143 0 3.88967946607067
143 300 4.81254353129497
144 0 3.30334429399934
144 300 24.5349418220676
145 0 6.42482580697597
145 300 12.8901153896651
146 0 7.09987477377055
146 300 7.41160209615049
147 0 2.72460791901118
147 300 17.2246443051683
148 0 4.02348126152187
148 300 9.78467007562657
149 0 4.21779783081969
149 300 5.6533933333417
150 0 4.04490988556001
150 300 15.7522645180052
151 100 5.7082757635893
151 300 25.7574791470884
152 100 5.87009083854895
152 300 31.8217339774417
153 100 4.70172318557821
153 300 9.44149908821633
154 100 6.50550530773036
154 300 6.7499592087533
155 100 4.65952503017221
155 300 9.96819717230765
156 100 6.53393748498963
156 300 5.4170705516919
157 100 3.04078092268502
157 300 9.53864053434603
158 100 4.61383467189428
158 300 5.82650491210603
159 100 5.18923520347556
159 300 5.65618579925617
160 100 8.19580849495133
160 300 32.0479606854691
161 100 8.97665495612693
161 300 8.31424678336689
162 100 4.63815611441597
162 300 16.3482586181311
163 100 6.53134181221027
163 300 13.9703112090814
164 100 5.93889158826062
164 300 15.4327822330226
165 100 3.94171112111867
165 300 10.9577570427564
166 100 6.51139458531733
166 300 17.3768258607105
167 100 9.24620505499735
167 300 10.2297056033351
168 100 5.97324644220949
168 300 16.9528785362807
169 100 4.14121320512557
169 300 20.9516332386022
170 100 10.0092457551059
170 300 47.2511649631228
171 100 4.95122588535206
171 300 6.07689259032149
172 100 9.71618352853156
172 300 28.9571467012328
173 100 5.12904591471623
173 300 18.1335629445972
174 100 5.00291258740032
174 300 6.19607749542614
175 100 6.81738382849429
175 300 17.818525845317
176 100 8.02629373271106
176 300 18.3030033664813
177 100 8.27223245352777
177 300 20.1375026499905
178 100 3.236604200983
178 300 5.9206836939673
179 100 11.0161026310447
179 300 24.4437033461819
180 100 4.42116158001004
180 300 4.09176721741982
181 100 4.8266899910448
181 300 10.3754493827472
182 100 4.53959880048807
182 300 9.7414001557089
183 100 5.76294851997215
183 300 10.7555313806837
184 100 4.68498826052802
184 300 8.74158922458881
185 100 4.40275869768474
185 300 5.05171021003065
186 100 4.32348180852706
186 300 4.59067626814689
187 100 3.99588986696672
187 300 6.0888078247204
188 100 6.49073619432855
188 300 15.1693950904299
189 100 30.3337148919065
189 300 63.3601771520906
190 100 5.57890681455762
190 300 12.7763745563345
191 100 3.44392512936616
191 300 3.72146532993011
192 100 9.31484246032201
192 300 13.837598262652
193 100 5.99146320831357
193 300 18.8109679378799
194 100 5.12274646603457
194 300 22.1275798364893
195 100 4.70347263456797
195 300 6.8653444521745
196 100 5.53814496696262
196 300 6.21274335799242
197 100 6.35925687792078
197 300 26.7142139895654
198 100 7.4336828874081
198 300 9.22405490951736
199 100 3.44737861640208
199 300 5.60153440542932
200 100 4.930517348141
200 300 7.38427295677915
