id dose y
1 0 3.3331317958697
1 1000 35.927349046961
2 0 3.22866138944458
2 1000 20.2010704619422
3 0 5.24632905514258
3 1000 21.3791673182587
4 0 3.64272691262449
4 1000 21.1048181468631
5 0 5.18384550849074
5 1000 40.2666936346112
6 0 5.9911948799919
6 1000 68.6804747299643
7 0 4.63783461251993
7 1000 106.381999038457
8 0 6.82235647528018
8 1000 62.1346463704011
9 0 3.72751052248324
9 1000 24.6036403587089
10 0 3.37190526532049
10 1000 44.2690822683682
11 0 5.50786917706634
11 1000 35.6551913213759
12 0 3.86809870726601
12 1000 60.2018136479551
13 0 5.26716498598272
13 1000 19.8353430810875
14 0 4.08775607174948
14 1000 22.5378422522878
15 0 5.44013346329336
15 1000 24.8431445690304
16 0 3.42247431792109
16 1000 44.0549898774481
17 0 3.36710110708649
17 1000 35.8772874748018
18 0 8.20245568937498
18 1000 22.0007846132972
19 0 8.23024806124551
19 1000 26.2448167409593
20 0 5.55048484839972
20 1000 39.7691518864338
21 0 5.06543621545689
21 1000 22.4922782892512
22 0 5.57966067993927
22 1000 28.6123415315181
23 0 7.89333563424455
23 1000 30.797636816088
24 0 4.38085465291464
24 1000 23.4264367305886
25 0 4.32295179308687
25 1000 9.93349446546857
26 0 6.72293390368186
26 1000 16.5749013277581
27 0 4.80729267428391
27 1000 45.4410749823574
28 0 4.371810063029
28 1000 24.7965457614796
29 0 7.80400809236426
29 1000 34.7205731367828
30 0 4.43449544569245
30 1000 28.1133405888621
31 0 8.92931693493186
31 1000 18.9781964892569
32 0 6.29891705566942
32 1000 53.1842786322077
33 0 4.16554265299834
33 1000 78.1270416270409
34 0 3.56184181893719
34 1000 46.0532039851507
35 0 5.26148499772669
35 1000 38.5347929752298
36 0 7.42293680924441
36 1000 37.6953221113594
37 0 5.8632538451241
37 1000 38.5561136986276
38 0 5.41442833063917
38 1000 33.3729068217307
39 0 3.58893868041688
39 1000 22.6045853889959
40 0 5.10094365603115
40 1000 52.0934932272348
41 0 6.38776614878117
41 1000 51.1847460890598
42 0 3.75369508468103
42 1000 12.0824988769788
43 0 7.04033868921229
43 1000 22.0976559013285
44 0 4.80176674073138
44 1000 20.8276543490229
45 0 6.14305228133471
45 1000 11.4500299398919
46 0 4.00583727758082
46 1000 20.5261025177221
47 0 5.15276367046709
47 1000 41.4152451255551
48 0 4.62164791659734
48 1000 21.0599888393738
49 0 4.95936748329455
49 1000 19.6659757142587
50 0 3.9406365110458
50 1000 21.6457107260259
51 100 5.18522348363761
51 1000 101.938684738269
52 100 13.1692923848645
52 1000 27.7271215449724
53 100 3.76834301335464
53 1000 25.02878263373
54 100 10.0239958072282
54 1000 52.6262536083128
55 100 5.26761162311461
55 1000 22.12309765451
56 100 10.2627958070851
56 1000 40.5309111996751
57 100 14.2346641584835
57 1000 44.7995927300206
58 100 5.85015507696389
58 1000 52.8644191481295
59 100 14.9515026537785
59 1000 26.5109708091372
60 100 6.68399273419255
60 1000 38.7194376547988
61 100 6.29568836236277
61 1000 16.1833907835856
62 100 4.72132702796729
62 1000 16.2172628865875
63 100 3.927061056641
63 1000 70.9847008272665
64 100 6.83486952594154
64 1000 31.4847722992106
65 100 9.72428032501305
65 1000 37.9777907849738
66 100 5.88501409902396
66 1000 37.0645793742561
67 100 8.71087277193394
67 1000 28.9451839656544
68 100 4.2760139875919
68 1000 27.3096808294058
69 100 7.82653756631362
69 1000 15.3624410719628
70 100 7.10429496476089
70 1000 14.7678491196656
71 100 4.78261428061546
71 1000 22.9942840897378
72 100 6.25139620077526
72 1000 24.2587457435548
73 100 6.07634653385591
73 1000 25.9364004700962
74 100 7.53185231479755
74 1000 22.2628063583871
75 100 4.59725069484104
75 1000 26.1209018234164
76 100 5.35487087883465
76 1000 17.6179795890307
77 100 4.78013906802319
77 1000 14.2030203401359
78 100 6.48997697533183
78 1000 11.4506176029007
79 100 6.45440928757383
79 1000 28.4770925909783
80 100 7.14073542800382
80 1000 13.0057285274912
81 100 6.00914528915374
81 1000 20.4174926784084
82 100 7.16497478511336
82 1000 11.3525921176029
83 100 5.44302040453631
83 1000 20.3572156072523
84 100 7.85596062702668
84 1000 26.1282713034054
85 100 3.63903951268094
85 1000 30.1095488665706
86 100 4.2337115292233
86 1000 19.5530840149784
87 100 6.20228817475958
87 1000 18.7998546527637
88 100 3.31848010077546
88 1000 48.0216088877513
89 100 3.76086737254789
89 1000 41.0997342275742
90 100 2.44203221639808
90 1000 21.833247708342
91 100 3.62934295266951
91 1000 28.6829480232745
92 100 3.81841844706009
92 1000 47.5799293143106
93 100 5.30387438624616
93 1000 46.4666636761888
94 100 5.3454630725933
94 1000 16.8238512059856
95 100 9.13513910198684
95 1000 36.7846824257877
96 100 4.6531388505839
96 1000 87.5452473328871
97 100 6.08315440104456
97 1000 40.1250613606091
98 100 5.68347491086741
98 1000 13.8767910902262
99 100 10.8955373707558
99 1000 11.8025701907726
100 100 5.06480291029115
100 1000 12.1060742557166
101 0 6.85233913364494
101 300 8.35760834320283
102 0 6.72736498145293
102 300 12.1113092290151
103 0 7.23135922348274
103 300 10.7834194635409
104 0 6.71242131643285
104 300 31.7200341195384
105 0 4.50861031308863
105 300 28.7795697697161
106 0 7.76096792383785
106 300 11.3041112590906
107 0 7.27657997098583
107 300 10.6173313347809
108 0 5.31074233443657
108 300 11.9058052461823
109 0 4.29765002871022
109 300 13.5646576769861
110 0 4.73552885610994
110 300 4.72279702897036
111 0 4.65027221471025
111 300 5.06633591844141
112 0 7.76133106856632
112 300 19.9172407084491
113 0 3.55917020050313
113 300 4.6741995485008
114 0 6.15950403183671
114 300 6.80357495124145
115 0 5.24789203716852
115 300 17.0753497776973
116 0 4.66807101941268
116 300 20.9129537543625
117 0 2.52945215186818
117 300 7.14632467252433
118 0 5.36196357916541
118 300 6.27585176361842
119 0 5.34307550156878
119 300 9.1100990071234
120 0 5.11534767156291
120 300 21.4165842654458
121 0 2.39344409740083
121 300 5.71876084187198
122 0 3.57839864274321
122 300 7.65200407835198
123 0 8.4832152115229
123 300 9.49321742338878
124 0 4.59379317047698
124 300 4.17669527409415
125 0 3.49119322196237
125 300 25.1506441050902
126 0 4.18051266752318
126 300 11.6560539993494
127 0 3.4556223909755
127 300 4.2937081768164
128 0 5.41565830788726
128 300 7.00640049672364
129 0 5.44551718293971
129 300 5.27132441711754
130 0 6.8614647068413
130 300 14.7276584118508
131 0 4.40755788615082
131 300 5.55882538060846
132 0 6.02830367778233
132 300 22.6508676738174
133 0 2.08532282781422
133 300 3.31901293464056
134 0 3.89554487649505
134 300 16.6822505676633
135 0 5.6332269932537
135 300 19.7014324310141
136 0 7.59790778098873
136 300 10.3278751477024
137 0 5.02906024474199
137 300 12.6098230378767
138 0 7.46783112628161
138 300 8.95992028532452
139 0 4.57685525596286
139 300 11.6356422157419
140 0 6.59603402035906
140 300 8.21297674149007
141 0 2.5988667690333
141 300 9.29043556659348
142 0 5.73668659255155
142 300 6.12526268624076
143 0 5.06324356343085
143 300 16.211372185587
144 0 5.42188418436797
144 300 12.3204747781525
145 0 4.41189885144782
145 300 3.89182936305106
146 0 4.61420163362918
146 300 31.1438124755579
147 0 6.60513727017663
147 300 10.2315156802039
148 0 4.76632657758809
148 300 5.88340346617994
149 0 6.32173448115491
149 300 6.1729295059166
150 0 4.38553614371585
150 300 7.70460901254194
151 100 7.02584800588894
151 300 7.16585742157842
152 100 5.9459253856689
152 300 6.99421440008522
153 100 2.63158929728508
153 300 4.13246831911982
154 100 4.20576955622045
154 300 7.16231798275478
155 100 4.52863714840397
155 300 6.61822750471774
156 100 7.56046946392218
156 300 12.3596936013251
157 100 5.33358898165734
157 300 10.3761471264602
158 100 4.65650839212978
158 300 7.90235700722236
159 100 7.30123362761183
159 300 6.43442151712722
160 100 10.5747702470222
160 300 9.31066195076046
161 100 3.72355335714404
161 300 4.96479348643073
162 100 6.07061559011989
162 300 9.99672047772974
163 100 5.13369188535276
163 300 8.57053436978948
164 100 9.06211486668711
164 300 10.2737177932315
165 100 4.46023375561822
165 300 10.1746932875105
166 100 16.6306823518756
166 300 28.6456251465743
167 100 4.2415936504874
167 300 8.4466066384501
168 100 3.71016454625405
168 300 5.84861434095714
169 100 9.0320406320047
169 300 26.3388286399161
170 100 7.41695547329189
170 300 18.9498546523327
171 100 2.90033665365896
171 300 3.43381644595831
172 100 6.06964851562314
172 300 9.2558686547761
173 100 8.2602597476084
173 300 10.2365283526133
174 100 6.82849337365716
174 300 19.2231531851241
175 100 7.2401499914635
175 300 24.1582945085319
176 100 3.98500171759325
176 300 4.64620541155552
177 100 5.40570455444218
177 300 8.67877519874776
178 100 8.06764888959832
178 300 19.0301397959906
179 100 5.13334451958136
179 300 6.14571988137271
180 100 4.0477048667885
180 300 19.6939660678425
181 100 5.79441784308715
181 300 25.57779546498
182 100 5.38800362956392
182 300 7.89693827899339
183 100 3.72065670716665
183 300 15.2750446253516
184 100 4.63622379591153
184 300 16.3651246918202
185 100 4.85268897349443
185 300 10.8687214122553
186 100 4.62428584882863
186 300 4.6685517003924
187 100 5.32022432969665
187 300 10.0767127591176
188 100 2.7810862316262
188 300 3.16620417587327
189 100 7.11543563122481
189 300 12.5796942277774
190 100 5.6612093074194
190 300 6.20120029332119
191 100 5.8902362451609
191 300 10.0989775239372
192 100 5.8253296460235
192 300 8.64113435943962
193 100 5.87439041721241
193 300 5.46620038611861
194 100 4.22443687131261
194 300 4.72559275922307
195 100 11.3387197171544
195 300 17.8424102413041
196 100 5.13069845227806
196 300 12.0669157331266
197 100 5.71847025947477
197 300 14.7189758764483
198 100 6.86676709723146
198 300 7.11002807839694
199 100 7.67682207483463
199 300 13.6961798962629
200 100 4.84255285896466
200 300 12.277144560265
