id dose y
1 0 6.94043924497701
1 1000 17.9458441092024
2 0 8.80917050224743
2 1000 37.3652633398603
3 0 4.3723681757105
3 1000 15.7237992379977
4 0 4.28901262294127
4 1000 121.634599484885
5 0 4.97358667785834
5 1000 41.8344977417771
6 0 4.66691340239404
6 1000 14.3588641203818
7 0 5.04194765736921
7 1000 37.4825160470272
8 0 6.09064957438396
8 1000 18.3721250849885
9 0 7.98329514624226
9 1000 37.0810421904704
10 0 5.26978267434007
10 1000 29.5992591328383
11 0 4.25666217291722
11 1000 83.2657556833189
12 0 3.38294273916791
12 1000 26.0563533895498
13 0 6.62051615947046
13 1000 45.945743714372
14 0 4.78866225083792
14 1000 29.5512331737709
15 0 5.06934003979846
15 1000 16.344786871544
16 0 8.42554019432623
16 1000 46.6630677562851
17 0 4.22087811644941
17 1000 40.9376953365067
18 0 3.7970243399565
18 1000 15.0705849392826
19 0 4.85317746198257
19 1000 21.0317063754905
20 0 8.58862618035947
20 1000 43.0854299644197
21 0 3.72438325419453
21 1000 15.5341323987125
22 0 5.58005674075899
22 1000 18.1830543817699
23 0 4.75162006676215
23 1000 26.2148984882043
24 0 3.2788093331342
24 1000 46.0706724912114
25 0 5.82779054797392
25 1000 11.2060071765728
26 0 4.67855609610866
26 1000 14.1172220525717
27 0 4.95950653196569
27 1000 24.6447678992262
28 0 4.92608144688336
28 1000 38.9019750192865
29 0 4.65697592294932
29 1000 14.0386461104963
30 0 7.50439866274933
30 1000 23.8572512856911
31 0 4.35363713327059
31 1000 30.1092573301034
32 0 4.28810539889651
32 1000 9.20175066364212
33 0 4.30587891280257
33 1000 36.8566786260722
34 0 5.52483623704296
34 1000 25.9711307435795
35 0 4.83089146813269
35 1000 30.0313478690698
36 0 4.12608743110533
36 1000 88.9403673412777
37 0 6.48815115544029
37 1000 22.0512401340246
38 0 6.61580161050531
38 1000 41.0968231180129
39 0 10.126663392502
39 1000 30.1320781216902
40 0 5.58645366843994
40 1000 29.6300365217777
41 0 6.87125992714347
41 1000 20.933566810083
42 0 4.09441076188576
42 1000 13.6237010195136
43 0 3.7593516919694
43 1000 24.6270726950876
44 0 4.63154323175153
44 1000 27.5302621480314
45 0 5.71130295681703
45 1000 36.5810639516794
46 0 4.74445216102917
46 1000 31.7874302805955
47 0 6.19121981190693
47 1000 25.3895335795117
48 0 3.23929636745538
48 1000 27.06814549842
49 0 5.68023724996926
49 1000 26.6744109759946
50 0 8.23020019994811
50 1000 29.1898359339095
51 100 3.60090957137941
51 1000 22.8443359987251
52 100 3.73424529624242
52 1000 37.6238336288397
53 100 4.66768765748692
53 1000 13.7361652531088
54 100 3.27027703410072
54 1000 19.9739726975995
55 100 11.7252130168931
55 1000 53.7321932561824
56 100 3.7560565959919
56 1000 36.4395849538406
57 100 5.05017743395953
57 1000 28.5051391359982
58 100 3.92827251488636
58 1000 42.9183097280777
59 100 3.96735697969996
59 1000 28.0099468182645
60 100 4.6077735421138
60 1000 34.0029743880623
61 100 10.1859222795625
61 1000 18.4057089514956
62 100 7.46772078692065
62 1000 39.6836802891849
63 100 7.19235680567629
63 1000 11.3145664208898
64 100 4.32738709537157
64 1000 21.4989066684293
65 100 5.34379627109982
65 1000 23.960159753673
66 100 6.59382007298744
66 1000 77.3653938363487
67 100 5.45046794148946
67 1000 27.5305971319568
68 100 6.18119858464501
68 1000 45.5051281324323
69 100 7.65050891742394
69 1000 26.238878728241
70 100 2.96808423706504
70 1000 18.2998765523755
71 100 5.30181719492236
71 1000 21.425119721588
72 100 5.71075023400772
72 1000 14.1207928966907
73 100 4.84498189219855
73 1000 40.125827041116
74 100 3.32780725730744
74 1000 26.2666507716996
75 100 3.57438907791845
75 1000 54.5055478919403
76 100 5.41735970920763
76 1000 27.1610346048012
77 100 8.54730915026474
77 1000 14.8583266766871
78 100 4.86467365293441
78 1000 27.3930575833515
79 100 6.69940769512307
79 1000 20.2282473624476
80 100 10.9279997864317
80 1000 26.3434562082553
81 100 3.83111012010712
81 1000 17.3198918879061
82 100 8.70402996119999
82 1000 33.3967437940816
83 100 6.5623782339476
83 1000 15.9978670361934
84 100 4.65063137138048
84 1000 15.3233436455489
85 100 3.74319922992711
85 1000 14.6268925452177
86 100 4.42368283582135
86 1000 32.5293646552504
87 100 6.17268415909849
87 1000 49.7222699745377
88 100 3.72695598858249
88 1000 44.2997933624156
89 100 7.44227755542626
89 1000 16.0588719083322
90 100 5.5997987251888
90 1000 25.7733395808268
91 100 8.53084563329769
91 1000 15.5073724801411
92 100 4.73817703900568
92 1000 42.1199060666205
93 100 5.21247901119416
93 1000 33.1495661185864
94 100 6.43918095494787
94 1000 42.9041224078887
95 100 4.85598941089726
95 1000 19.3175748572578
96 100 4.99007527423442
96 1000 11.927130766458
97 100 5.47539825923879
97 1000 28.6254623136162
98 100 4.5888325210302
98 1000 16.4420815285158
99 100 5.31130160299884
99 1000 12.865484206473
100 100 4.5373911880286
100 1000 42.1131792244786
101 0 4.00184755834036
101 300 10.1853597205835
102 0 3.57569424607291
102 300 49.9291792813706
103 0 5.13556066954498
103 300 19.6128004016313
104 0 5.83965149469056
104 300 9.66646588142869
105 0 8.13133925242717
105 300 13.8386079611451
106 0 5.00114724304457
106 300 6.74541951332837
107 0 3.93735761108769
107 300 12.5868877144399
108 0 3.78456761605742
108 300 5.99288124290917
109 0 3.49365080102655
109 300 29.0208458332033
110 0 6.35011231739018
110 300 16.2148389508997
111 0 7.7926147439871
111 300 11.3409732480559
112 0 5.46712900733483
112 300 9.3534166125876
113 0 4.58208414412709
113 300 7.71392533708157
114 0 6.03303594170661
114 300 9.01109998611036
115 0 6.83969981442464
115 300 15.5190094131584
116 0 1.94864315683977
116 300 4.36677012702074
117 0 6.75894384195214
117 300 17.3252816053124
118 0 3.92518799259441
118 300 7.41768722828695
119 0 5.59442144500293
119 300 24.9187641478412
120 0 6.32228717964981
120 300 16.7905766381362
121 0 3.77860611908057
121 300 6.93856826923393
122 0 2.62413843154283
122 300 3.50826387824967
123 0 4.20123724386372
123 300 6.81609796312694
124 0 8.05461881427717
124 300 12.2901180194787
125 0 6.70631838821514
125 300 12.8341187589575
126 0 4.05961506371124
126 300 7.21971960218609
127 0 6.173880741547
127 300 14.3654016150382
128 0 5.50734560788138
128 300 8.47545803089446
129 0 3.08775076468997
129 300 4.04990401197414
130 0 4.31336364214375
130 300 5.13533050936657
131 0 3.56983478669143
131 300 4.95448667325823
132 0 4.17952614054743
132 300 5.71532214050963
133 0 4.23748760146716
133 300 15.3175043146121
134 0 3.84215809157925
134 300 4.05719151709301
135 0 4.74733370809094
135 300 13.3990856225549
136 0 6.49798478483865
136 300 5.35073754913206
137 0 6.91545353494017
137 300 20.01251640785
138 0 5.742772322213
138 300 6.27419289052904
139 0 4.79087810779572
139 300 16.2014074227033
140 0 8.13955421083833
140 300 12.1463073672491
141 0 4.54839637402468
141 300 10.7573664170993
142 0 3.85486623665333
142 300 18.5651406476522
143 0 3.48557515308359
143 300 3.01609783838088
144 0 4.59740906897017
144 300 7.23043455033756
145 0 8.75385728882713
145 300 11.8618825927364
146 0 3.60136724007011
146 300 15.463151226941
147 0 4.65260122130958
147 300 27.022452284157
148 0 4.42427919672035
148 300 18.1586982072835
149 0 5.85216450913401
149 300 30.7300082708244
150 0 3.7893236240184
150 300 9.2681601445444
151 100 7.5418989275199
151 300 15.0617676938822
152 100 7.84075326938325
152 300 7.66910709368507
153 100 4.31165092732035
153 300 9.66703932954441
154 100 4.22700519687429
154 300 6.12989290785451
155 100 8.61536954391578
155 300 58.2909674218443
156 100 7.19604661005789
156 300 8.44122620788391
157 100 7.06833917066106
157 300 16.4282048559786
158 100 5.02473574543119
158 300 13.7962577192936
159 100 3.90899822162517
159 300 11.5847678703205
160 100 6.94768022916889
160 300 14.2703785533991
161 100 5.95351175250352
161 300 7.48345385644356
162 100 5.35378202686209
162 300 9.57453061748947
163 100 7.02154020085981
163 300 16.5573867894697
164 100 6.57776251344867
164 300 13.5359672811241
165 100 6.41690359305478
165 300 16.996811606851
166 100 9.02080927281868
166 300 16.8526750860899
167 100 4.5438980232829
167 300 11.2108883754826
168 100 5.0629310960554
168 300 13.3998250169094
169 100 8.94884349432661
169 300 11.272286725773
170 100 4.83246561816015
170 300 8.65332428458212
171 100 7.77441028848791
171 300 18.3114473628186
172 100 6.06577032799597
172 300 6.5798154265359
173 100 3.39957496021355
173 300 6.60600844224616
174 100 4.84226920649101
174 300 7.49765719790263
175 100 5.05224138248885
175 300 8.00796660226105
176 100 4.29759845541273
176 300 5.14860427610046
177 100 5.37353332449178
177 300 14.3401364540533
178 100 4.96926220110552
178 300 4.64512029108849
179 100 4.24890768745075
179 300 22.0169413845445
180 100 7.98071951519352
180 300 12.6913563131146
181 100 2.99417712828836
181 300 4.28744907978951
182 100 6.80832328953447
182 300 16.0302658064323
183 100 6.92450816888275
183 300 10.3293519764357
184 100 7.65127705066029
184 300 30.6480756466994
185 100 4.09233845230305
185 300 6.73175854699888
186 100 5.21861989354891
186 300 6.80725121477337
187 100 5.42856375868841
187 300 7.43419939016098
188 100 2.77586111345096
188 300 2.94873635639546
189 100 2.10091515287857
189 300 3.50067845564916
190 100 5.4314523419098
190 300 6.64274497900029
191 100 3.73988224718906
191 300 3.88928196536255
192 100 4.46721635648855
192 300 5.2063627239115
193 100 5.3067211345638
193 300 7.09608083150664
194 100 4.96490182678589
194 300 9.39204130400075
195 100 6.12966872724616
195 300 12.7169411598246
196 100 3.6751799181643
196 300 10.3074753781682
197 100 6.93726932610154
197 300 11.284750442404
198 100 6.64379070422442
198 300 13.5951766807617
199 100 4.35678329565407
199 300 8.99032136933663
200 100 4.39552706387468
200 300 6.23721385875881
