id dose y
1 0 4.16640372649921
1 1000 8.75941173595992
2 0 7.11676849052443
2 1000 46.7792950334025
3 0 3.6281498023291
3 1000 23.8474195111994
4 0 7.37481998912983
4 1000 50.4633154036517
5 0 4.16590135765137
5 1000 30.1307871608605
6 0 4.4004021447438
6 1000 33.9639235254891
7 0 3.39942117547012
7 1000 89.8637348042499
8 0 6.59564079798303
8 1000 26.9236696199592
9 0 2.91615975746386
9 1000 87.8201224156486
10 0 6.41460880790143
10 1000 18.2750831198812
11 0 4.71407386907789
11 1000 80.7207067859514
12 0 9.09466375438642
12 1000 94.8495531576611
13 0 4.07282717427261
13 1000 104.605802128088
14 0 3.48815188868494
14 1000 23.9620142847903
15 0 8.92984180387265
15 1000 50.6618295560385
16 0 4.01791968525385
16 1000 45.9157095460322
17 0 4.47369568934981
17 1000 17.0106723282138
18 0 4.5361355848288
18 1000 7.4659324227805
19 0 2.79628943043475
19 1000 61.0842755521984
20 0 3.89547131865675
20 1000 19.3059803794762
21 0 5.82377438274121
21 1000 22.8737330622507
22 0 5.20223858079818
22 1000 25.9721221533786
23 0 4.20887351590181
23 1000 22.4429451267021
24 0 4.46982344790294
24 1000 24.8021901722065
25 0 3.93626396970078
25 1000 24.5334995093167
26 0 6.15813874008349
26 1000 80.4085501065628
27 0 5.93822480695148
27 1000 53.0412876906937
28 0 5.22355131930445
28 1000 36.1560107201543
29 0 2.88285314227342
29 1000 99.4521441252209
30 0 6.12103443616735
30 1000 72.6595904283366
31 0 3.4753073318171
31 1000 40.9443102831356
32 0 5.26124651194034
32 1000 37.4340454090848
33 0 3.41976315608138
33 1000 16.2875479536209
34 0 6.46951443208745
34 1000 55.1377009965591
35 0 3.9265620672589
35 1000 35.2426441052662
36 0 4.82440893533422
36 1000 30.778539906577
37 0 5.0397252092914
37 1000 22.53462373671
38 0 6.03354120733876
38 1000 12.0048406680758
39 0 2.11895788350023
39 1000 12.2413881056991
40 0 3.78673625338887
40 1000 57.9629229830624
41 0 5.77183542608161
41 1000 28.3153152438374
42 0 2.62388794702242
42 1000 40.2344674292694
43 0 7.71770629607276
43 1000 49.403129718562
44 0 3.50605162879342
44 1000 19.8823859479644
45 0 6.82624202478769
45 1000 43.6886780406546
46 0 5.73332698820893
46 1000 21.922664923093
47 0 9.49758760648617
47 1000 37.5150123566067
48 0 4.06013771661484
48 1000 12.4002874741126
49 0 2.88741387225825
49 1000 15.0412083210441
50 0 5.5685813134359
50 1000 134.438755663567
51 100 4.69242587795112
51 1000 27.2866779757011
52 100 4.95224864175152
52 1000 58.9786754886563
53 100 6.50189595520892
53 1000 25.397615218342
54 100 4.90020986193959
54 1000 33.2573167590869
55 100 5.43522659469092
55 1000 31.3350404131091
56 100 9.49028603166461
56 1000 42.1242580708706
57 100 8.98375813019664
57 1000 17.3212267043114
58 100 11.3026817293205
58 1000 33.0886473209514
59 100 5.36137505290751
59 1000 27.1483080552865
60 100 3.39892079808216
60 1000 45.0405220993778
61 100 6.27063503491816
61 1000 32.187283235538
62 100 7.25760764541648
62 1000 39.9258984054212
63 100 3.25248010251546
63 1000 44.4927021521303
64 100 3.9815243948802
64 1000 14.0770176952236
65 100 5.2702870071469
65 1000 42.6194285909968
66 100 5.57501385545764
66 1000 38.1578251482188
67 100 3.785178368174
67 1000 31.5265871496498
68 100 8.80467817132051
68 1000 18.5588866308475
69 100 9.40025029070874
69 1000 56.8420879832632
70 100 3.35364484163065
70 1000 25.9457866654432
71 100 4.54439192642209
71 1000 63.3413601314843
72 100 3.68695503509132
72 1000 47.3439994594762
73 100 8.24562617685331
73 1000 13.7370142628723
74 100 9.22204112640645
74 1000 45.2650174302836
75 100 6.40486465042921
75 1000 20.4673019770607
76 100 6.54837237575863
76 1000 22.3290225767797
77 100 4.7795114170622
77 1000 18.8338149961372
78 100 6.03640660337887
78 1000 41.7366850911496
79 100 5.68538573294428
79 1000 39.3566298223682
80 100 4.7220824200363
80 1000 18.851455068117
81 100 6.44995260532314
81 1000 44.6956812022547
82 100 8.2888356191321
82 1000 47.1146142083223
83 100 8.74861595487621
83 1000 74.0145476871539
84 100 9.91757218663109
84 1000 22.029681009134
85 100 8.86743955320441
85 1000 46.9199692460592
86 100 4.10783098812009
86 1000 26.6498620737357
87 100 8.91395445186223
87 1000 30.08288140704
88 100 3.98346776763296
88 1000 16.2536725591499
89 100 3.62164615374474
89 1000 23.8712375651747
90 100 8.83186322141221
90 1000 26.0073722477453
91 100 5.44318734585429
91 1000 49.5084143259038
92 100 5.66294238068449
92 1000 19.6011601443403
93 100 3.68174571082287
93 1000 54.398232783689
94 100 9.22275631458854
94 1000 19.7981636595834
95 100 12.5130639690278
95 1000 12.4815827071683
96 100 2.69585131857679
96 1000 100.805435705853
97 100 4.72908838136928
97 1000 27.9469398348758
98 100 7.65775905117157
98 1000 54.858931830269
99 100 4.69550192301976
99 1000 31.1898571483865
100 100 6.02501373816348
100 1000 41.7215774255309
101 0 5.22260206828904
101 300 15.2717975946899
102 0 6.25998964715426
102 300 10.4585732973236
103 0 6.15137750117639
103 300 13.5600306672369
104 0 5.47982489450671
104 300 26.010671907869
105 0 4.57858608854979
105 300 16.6084519864641
106 0 3.93992023039672
106 300 5.17505822997199
107 0 4.96134026185246
107 300 15.5741792057452
108 0 5.5657580400668
108 300 9.43628140577768
109 0 5.07034186785006
109 300 13.3219140246396
110 0 3.69116299530564
110 300 14.7587335670305
111 0 5.1197960676923
111 300 8.02068761505206
112 0 5.33238807181937
112 300 10.5911652073659
113 0 5.81024663754109
113 300 11.61600786696
114 0 10.8181496834549
114 300 17.3239057873062
115 0 5.62635579477867
115 300 10.8576141722999
116 0 5.47868052975823
116 300 6.13922206801514
117 0 4.24581655974948
117 300 12.0918661563724
118 0 4.12017495712361
118 300 21.6388718864034
119 0 3.02665212001086
119 300 24.2865585321153
120 0 3.89956933708069
120 300 17.7852413222416
121 0 3.48344469686029
121 300 11.464323210417
122 0 5.84741870682231
122 300 24.7440918017813
123 0 5.53271009286918
123 300 11.1224474154767
124 0 4.25680139314212
124 300 6.22767120303762
125 0 4.7127486370266
125 300 15.7015903613191
126 0 2.90817052134028
126 300 14.2829304974685
127 0 4.17783779252492
127 300 3.68154420519286
128 0 3.76621059066453
128 300 13.8575669897454
129 0 5.03546904597185
129 300 16.7024226632554
130 0 5.25629411281266
130 300 6.90990432957748
131 0 6.00513187365471
131 300 8.4357240423749
132 0 4.46695431904534
132 300 10.4178584212578
133 0 3.45362176404519
133 300 5.6513146317376
134 0 5.60495113715969
134 300 10.5668457542947
135 0 4.59336685390218
135 300 11.2721828783593
136 0 8.86757213216606
136 300 11.27580367059
137 0 4.85474069260066
137 300 9.18851415990184
138 0 3.1379327602198
138 300 5.85995870993809
139 0 7.91247653137971
139 300 6.67266422015416
140 0 10.7153133612103
140 300 10.8333444098127
141 0 4.75725485707483
141 300 26.7842849603793
142 0 5.84671818073711
142 300 7.44386184895501
143 0 7.35728389743453
143 300 6.89041308154825
144 0 7.21246834712495
144 300 14.5938104328215
145 0 4.8554435258033
145 300 20.0550148191143
146 0 4.35917951461927
146 300 15.7099184886034
147 0 5.90871853276304
147 300 7.24138330948216
148 0 6.03071067650239
148 300 7.76701451719757
149 0 4.17696780647466
149 300 7.68163209360025
150 0 5.38741153966547
150 300 12.5375904993501
151 100 13.8203669782296
151 300 38.3899147325904
152 100 5.87202641159231
152 300 9.48677714309686
153 100 6.62752787687573
153 300 35.3969881820805
154 100 5.74114622777784
154 300 4.62284812561644
155 100 3.33999384134676
155 300 7.13102533800751
156 100 4.60008778212618
156 300 7.27372696632463
157 100 6.95781109857688
157 300 14.0855187978284
158 100 3.86804595694365
158 300 8.00873134941718
159 100 4.67501074573181
159 300 10.9833984108405
160 100 5.77093511549852
160 300 5.59532240035168
161 100 3.87941641628493
161 300 8.96664609461306
162 100 3.84197580522498
162 300 4.46773349612998
163 100 3.61818881927687
163 300 4.06728998188509
164 100 7.27541352118414
164 300 7.33675725407071
165 100 6.7172225050574
165 300 21.4083318431216
166 100 6.55342506079393
166 300 7.85327820233004
167 100 4.0343281664185
167 300 3.63777877267662
168 100 3.90557966140361
168 300 20.3702196454025
169 100 3.62474596894773
169 300 13.3480105195659
170 100 6.30905324581512
170 300 14.2921597290416
171 100 5.13382774341741
171 300 8.56754110350639
172 100 6.10178977586584
172 300 55.3218212435287
173 100 4.4892937382147
173 300 6.91035869433313
174 100 9.16220286067927
174 300 16.6108058071232
175 100 4.61728008358401
175 300 4.47058707385187
176 100 6.48934175664693
176 300 16.6507790909059
177 100 3.55873599227926
177 300 5.81574261344762
178 100 6.54459614019508
178 300 24.2937225645533
179 100 8.91821898698953
179 300 29.261260526336
180 100 6.62805314276842
180 300 21.323556821502
181 100 2.96864194882273
181 300 3.28526094336093
182 100 4.35263708197596
182 300 6.68239456017124
183 100 3.5747446475247
183 300 11.0335867048239
184 100 4.38134039110296
184 300 28.8880302801638
185 100 7.99659551920662
185 300 14.9941000977394
186 100 8.05027293510973
186 300 19.1399532016782
187 100 6.75307794752598
187 300 6.62748725423276
188 100 6.53990188913493
188 300 9.11687151389711
189 100 6.79611696363394
189 300 11.8512488125089
190 100 4.79943915398127
190 300 10.1732727160714
191 100 12.8912934746417
191 300 53.4294992515207
192 100 4.52200045303554
192 300 19.3007991386076
193 100 3.80754188701771
193 300 8.3175291677318
194 100 9.1820637534327
194 300 23.5413573475248
195 100 5.44097478747934
195 300 13.4305311796155
196 100 3.11754311571832
196 300 7.54855872586196
197 100 7.92237292761418
197 300 30.4881327457856
198 100 4.99254389339165
198 300 12.6311862264183
199 100 2.68944588928193
199 300 7.47100398544998
200 100 4.90324458281976
200 300 6.45362322101263
