id dose y
1 0 3.11955036151515
1 1000 29.4787831896697
2 0 2.89977592382725
2 1000 27.3098497423015
3 0 10.186464365961
3 1000 55.7246326995618
4 0 4.47451428770196
4 1000 51.463934741802
5 0 4.28489888667298
5 1000 19.6128846129268
6 0 5.99265107806482
6 1000 61.2427380939177
7 0 4.31994631458074
7 1000 12.3627094517941
8 0 4.38022450120011
8 1000 16.8949271160539
9 0 2.70597637275619
9 1000 23.9711893060511
10 0 5.15706330331049
10 1000 15.9765148222655
11 0 3.66571497536546
11 1000 36.899679192803
12 0 7.19253570465316
12 1000 16.6458866343968
13 0 6.99342833438025
13 1000 26.9381769906088
14 0 4.94706988182371
14 1000 19.549068739264
15 0 7.29109029763941
15 1000 64.8408972768848
16 0 5.5430245165242
16 1000 27.7089187488849
17 0 3.91710814975584
17 1000 8.18876652890794
18 0 5.38302361567957
18 1000 17.7338529880152
19 0 4.4400808784793
19 1000 29.6246359123333
20 0 8.91158150891551
20 1000 45.1016093868981
21 0 3.25256769581542
21 1000 35.1822793742331
22 0 5.4283026508858
22 1000 8.79017903527366
23 0 6.24488252808216
23 1000 33.7108840560559
24 0 5.2784523235693
24 1000 64.1345443729709
25 0 4.29985659677446
25 1000 40.1626067797663
26 0 4.24052306248422
26 1000 29.5642115693246
27 0 3.22421954428601
27 1000 44.4808164449382
28 0 4.2809237605828
28 1000 26.1943084472357
29 0 3.14103212277598
29 1000 92.4287292249695
30 0 3.99316592737803
30 1000 60.7365100781163
31 0 2.80527179952823
31 1000 19.6672332200551
32 0 4.95523636236199
32 1000 15.8881435479254
33 0 10.9768405704923
33 1000 33.9218706606523
34 0 3.80163374300454
34 1000 14.3031780744377
35 0 6.43734874452369
35 1000 27.3634561780069
36 0 7.30946218740525
36 1000 42.325953291389
37 0 4.5496642078466
37 1000 51.7887932068572
38 0 4.18959346696771
38 1000 16.9108740142924
39 0 5.9918625752788
39 1000 33.4029867676333
40 0 8.37852110750988
40 1000 27.9769543132876
41 0 4.5674916948886
41 1000 40.1897342631597
42 0 9.84733485822374
42 1000 41.288049915701
43 0 8.43384450080084
43 1000 52.4902096063146
44 0 5.0683103107695
44 1000 30.0321875397908
45 0 6.33278672820027
45 1000 12.5895840604411
46 0 3.44103957044249
46 1000 24.2059472296478
47 0 3.96724630306127
47 1000 7.80378743761704
48 0 6.64685763472618
48 1000 14.6913643209903
49 0 6.80876068314385
49 1000 10.7693500941136
50 0 8.85238547301508
50 1000 37.6773616169767
51 100 4.04795773175871
51 1000 57.2536786789188
52 100 6.28832784609713
52 1000 19.7405683399802
53 100 6.22593722289832
53 1000 19.3647716663574
54 100 7.2436131665265
54 1000 23.1323292479984
55 100 5.27003457870878
55 1000 44.5422786249934
56 100 6.51610912494507
56 1000 16.7517563426164
57 100 3.89389209171127
57 1000 16.6841567128898
58 100 4.01513193924342
58 1000 18.9274017555445
59 100 7.35925136199504
59 1000 73.2123458917084
60 100 5.76584705215048
60 1000 44.2828362409609
61 100 7.39567962211571
61 1000 13.4394216290821
62 100 6.50837172009167
62 1000 41.1218809578988
63 100 6.66014352057451
63 1000 31.0680331173578
64 100 3.28186839921158
64 1000 12.8772531906436
65 100 6.59356978179599
65 1000 37.8274842969673
66 100 2.58840672458225
66 1000 45.5873814372177
67 100 4.08737590472076
67 1000 22.0610748263733
68 100 8.43264802913463
68 1000 36.0655072966011
69 100 5.5099645063621
69 1000 33.8698108691338
70 100 9.67052617234449
70 1000 29.2022087235318
71 100 4.61118484434709
71 1000 14.8235088507932
72 100 7.4740776157742
72 1000 34.6711605103247
73 100 8.05454569606719
73 1000 26.0883314009453
74 100 7.52675167260077
74 1000 31.0312290641702
75 100 5.16761224162712
75 1000 20.1407859296968
76 100 4.4388991029792
76 1000 58.9488962762875
77 100 8.01465048282259
77 1000 29.4196823791532
78 100 6.36649842016853
78 1000 45.9481507315613
79 100 6.98247215893093
79 1000 23.4154250112013
80 100 6.40547084288424
80 1000 23.1346044492061
81 100 5.33323160911451
81 1000 22.4764862530059
82 100 14.4625502891083
82 1000 88.9121116663502
83 100 3.13716338941043
83 1000 8.6795900128102
84 100 4.4784334643443
84 1000 16.7958265280797
85 100 4.1091364167132
85 1000 21.8154756995911
86 100 6.22168598830031
86 1000 18.3941859107719
87 100 4.99984423875329
87 1000 32.703292601684
88 100 7.40525628709806
88 1000 54.7434916455249
89 100 5.05592346215508
89 1000 14.7725393818117
90 100 5.05947705753317
90 1000 38.5013796173877
91 100 6.97666313826072
91 1000 23.4754551991636
92 100 2.39919906028339
92 1000 23.9037303869766
93 100 3.48924643868127
93 1000 12.640378517961
94 100 6.60402245238694
94 1000 41.7184770316657
95 100 6.35054243605027
95 1000 32.6514360025874
96 100 5.33647921069264
96 1000 39.0199694204438
97 100 3.66705945198031
97 1000 29.1694486403476
98 100 8.88270382066829
98 1000 23.5441511677376
99 100 8.70065387758246
99 1000 24.1782498579332
100 100 6.21283052875679
100 1000 19.534834370088
101 0 4.46140907403452
101 300 14.3047987795265
102 0 6.17698904168358
102 300 12.804667560076
103 0 4.13763482054217
103 300 21.3004180721466
104 0 5.00330837557878
104 300 22.538486030834
105 0 4.15378425782576
105 300 11.235794686074
106 0 4.26931237749576
106 300 6.97740468293628
107 0 3.81530660142407
107 300 19.1691517761288
108 0 5.41900968678345
108 300 13.0656783902879
109 0 6.83922581050797
109 300 18.9283306600265
110 0 4.45126739498669
110 300 7.97591359365962
111 0 3.67515778496131
111 300 17.2739368617064
112 0 3.00574728194931
112 300 3.81708503895604
113 0 3.17802475217545
113 300 7.9329132135004
114 0 5.32857874047608
114 300 4.93152035349846
115 0 6.8351879480953
115 300 9.39676194574351
116 0 2.90626365681078
116 300 7.03795591342363
117 0 5.61126331698147
117 300 7.34706792630596
118 0 6.76657506017458
118 300 8.75976407001028
119 0 7.15827918401445
119 300 11.9485031655579
120 0 5.60302588606981
120 300 19.7116883588892
121 0 5.38267651511947
121 300 20.1547207601633
122 0 9.9051101828561
122 300 9.54908129489385
123 0 10.4392515752968
123 300 18.0405935469128
124 0 6.14655130376703
124 300 7.13438617777349
125 0 8.62008189424928
125 300 8.46475315264886
126 0 2.60827580010027
126 300 9.59375389266265
127 0 4.34455731946465
127 300 11.9553124413479
128 0 2.73398203041133
128 300 12.6715440492059
129 0 6.09964298502191
129 300 17.6300933130913
130 0 4.6049526735223
130 300 5.60604456290065
131 0 5.470843364382
131 300 11.0143522442207
132 0 5.81573772157568
132 300 8.54107167518418
133 0 2.76212587809029
133 300 5.52067193368142
134 0 5.44239549509625
134 300 4.69998041166567
135 0 2.64723242288809
135 300 31.0848855153786
136 0 5.79797375626167
136 300 11.018943648101
137 0 4.84891253042766
137 300 10.7045322748248
138 0 3.2016293033968
138 300 4.70872572715324
139 0 6.23291302405043
139 300 10.7458142488162
140 0 6.37857221653502
140 300 12.934845960598
141 0 6.64330323038743
141 300 7.82209128462966
142 0 6.75035379614044
142 300 12.5963459151544
143 0 4.69652406596797
143 300 6.73744570545058
144 0 5.77720131893586
144 300 6.30435406288635
145 0 5.25853967361898
145 300 12.2536663134823
146 0 5.40950503582016
146 300 6.60449856725647
147 0 3.93424094260237
147 300 14.873476073438
148 0 5.096343030808
148 300 7.22011704362457
149 0 5.36263931495647
149 300 8.30312609067315
150 0 3.71675103003182
150 300 7.31513314382053
151 100 4.92105041388743
151 300 14.3242993617687
152 100 4.92002499794432
152 300 9.68404745354585
153 100 10.22720006858
153 300 16.2747804341251
154 100 5.3571994272964
154 300 16.4258275413429
155 100 3.61167226869967
155 300 5.57035514420727
156 100 12.1422439045636
156 300 34.3068213591446
157 100 8.0617339759764
157 300 26.3523917200582
158 100 7.92863776175383
158 300 12.0350937884919
159 100 5.42521078590554
159 300 15.1186675430925
160 100 5.45408471412218
160 300 22.5361544268205
161 100 5.66451012216634
161 300 7.50777876340915
162 100 3.59591722211031
162 300 14.3518359837673
163 100 3.45640809342799
163 300 4.72626775491388
164 100 4.48261155103816
164 300 6.4040433796265
165 100 3.46905344063047
165 300 12.540652810746
166 100 4.66032234583503
166 300 17.5581389037018
167 100 6.37107379124972
167 300 9.973144606988
168 100 8.32143056080107
168 300 32.1420520752153
169 100 10.656391265558
169 300 17.9711056997164
170 100 5.73428370635605
170 300 11.4874227024286
171 100 5.16425777921579
171 300 10.4754680775861
172 100 4.90425872677766
172 300 8.8200432529713
173 100 7.00567903682993
173 300 12.9794660306618
174 100 6.85704917261771
174 300 12.3818916345568
175 100 5.32903808163097
175 300 10.0217222688959
176 100 8.42847657063694
176 300 11.3350025285665
177 100 4.16772303753232
177 300 17.5571115668006
178 100 4.38604472368323
178 300 9.02372332826058
179 100 6.88033922478063
179 300 11.061167941307
180 100 5.43929458575266
180 300 6.41039480786239
181 100 5.90246068088553
181 300 8.21114625606686
182 100 4.08954545652096
182 300 12.2829260139919
183 100 5.43367027846637
183 300 10.4891277502341
184 100 10.1663439416004
184 300 25.4038174853295
185 100 5.05433697076628
185 300 5.88742299049393
186 100 6.801944362104
186 300 7.77960500081493
187 100 6.07112430235331
187 300 6.87468213672773
188 100 4.39634405244868
188 300 4.96295706899388
189 100 5.85242769613653
189 300 18.7712523558035
190 100 3.48752135246338
190 300 10.2697492798051
191 100 6.04777230852619
191 300 7.97043259360313
192 100 7.59293585640617
192 300 19.2534299903228
193 100 7.97764839282414
193 300 19.8072000339544
194 100 5.17073076692292
194 300 21.4676762125645
195 100 4.70676294707017
195 300 15.1136028206401
196 100 5.76757335091075
196 300 16.7260849306482
197 100 6.89409117330099
197 300 22.9117481878671
198 100 18.5205003588127
198 300 44.512161899592
199 100 5.26325589324425
199 300 15.7096240758061
200 100 7.63042271958199
200 300 23.9249539613069
