id dose y
1 0 5.46044091454758
1 1000 35.1973036760171
2 0 3.59031921462915
2 1000 43.2694466012472
3 0 4.90513962853887
3 1000 20.7198323875297
4 0 4.59519799589248
4 1000 30.9942597782085
5 0 4.21691034014814
5 1000 21.739762599796
6 0 3.65449630976239
6 1000 36.3180662317695
7 0 7.84571771127331
7 1000 37.0435927764051
8 0 3.12840642844107
8 1000 27.1979269087658
9 0 10.5309726108118
9 1000 26.4621522110237
10 0 8.73503253690401
10 1000 45.4073691005656
11 0 7.92766543056402
11 1000 14.9551182459924
12 0 4.71349090726086
12 1000 13.6490342620907
13 0 4.6121575303936
13 1000 22.1418243219788
14 0 4.07900249125674
14 1000 10.6188701078265
15 0 6.23655698062174
15 1000 49.0468888036405
16 0 4.46178806103449
16 1000 54.9910401098204
17 0 5.9423041171383
17 1000 22.7327285511274
18 0 5.36562045274773
18 1000 66.4856776183088
19 0 2.62250176898826
19 1000 13.3271648678312
20 0 5.14673793365793
20 1000 60.2106490421987
21 0 8.03115699719564
21 1000 16.6366192667005
22 0 9.30360390690159
22 1000 10.3578025618509
23 0 6.13315633814836
23 1000 15.3383615803228
24 0 8.91905921499318
24 1000 45.5869811875202
25 0 2.42364068230141
25 1000 24.2455473256128
26 0 3.07293569540117
26 1000 44.8302999523556
27 0 4.9395412252476
27 1000 37.5102061043828
28 0 4.32434911771825
28 1000 14.2555967143869
29 0 6.11003201968348
29 1000 17.2976231469442
30 0 8.61046349183589
30 1000 27.4581797576734
31 0 3.81104449548261
31 1000 48.2363466500945
32 0 3.94566928336609
32 1000 58.6340413067077
33 0 6.24904941481294
33 1000 20.0530811571207
34 0 6.84588909335291
34 1000 27.9720046000383
35 0 7.41950508991553
35 1000 28.2914298563086
36 0 4.0603292899823
36 1000 16.9430166976062
37 0 2.79116823721567
37 1000 16.0463061085922
38 0 2.68634841872822
38 1000 25.6944913409839
39 0 5.36001609794077
39 1000 31.1560220003454
40 0 4.20768284966231
40 1000 65.38265898889
41 0 5.2384033380884
41 1000 28.2115786013907
42 0 9.40348631919728
42 1000 42.9751297793736
43 0 5.47708021148973
43 1000 34.347596794786
44 0 7.46846463716688
44 1000 21.9710883326445
45 0 5.02974695568887
45 1000 37.8527152158274
46 0 4.58432597902323
46 1000 34.3400509841553
47 0 3.20735248158929
47 1000 12.0992284884995
48 0 4.15677367120555
48 1000 25.6492474034859
49 0 4.54495296871769
49 1000 28.0898747200234
50 0 8.8044269094036
50 1000 64.2353881930663
51 100 4.76589745069013
51 1000 23.2471194125176
52 100 6.7478086852307
52 1000 14.9069032137994
53 100 4.26254578440452
53 1000 9.78705714890368
54 100 3.90808353602287
54 1000 13.8226267186235
55 100 6.48800470381483
55 1000 18.3377514322727
56 100 6.83624307987359
56 1000 29.4418217890428
57 100 4.65401478840628
57 1000 17.5242517534753
58 100 5.34660243202215
58 1000 22.9603049312992
59 100 4.07214715347359
59 1000 29.2984960109615
60 100 3.43154865999592
60 1000 65.2677542547148
61 100 8.72099391300615
61 1000 40.6843306049484
62 100 3.97380210136364
62 1000 30.4873509505797
63 100 5.39628468008182
63 1000 33.9233333387765
64 100 8.77030115943997
64 1000 32.6500066918109
65 100 4.41227800571652
65 1000 19.0009832611274
66 100 4.26717285380049
66 1000 31.8531362001392
67 100 6.22669984678386
67 1000 34.8406572185634
68 100 3.05197211489245
68 1000 27.1750442174494
69 100 6.79046228234938
69 1000 26.3198778139196
70 100 5.72635669561308
70 1000 18.4109355230266
71 100 4.4190136458557
71 1000 32.0476202777686
72 100 7.06512375134257
72 1000 35.2031627142148
73 100 4.33628051773605
73 1000 25.6526733521553
74 100 4.91595337557217
74 1000 27.2842759108316
75 100 3.08358455504202
75 1000 52.8836953057719
76 100 3.31398464999638
76 1000 17.6553363917373
77 100 11.4316591142913
77 1000 90.854745179284
78 100 3.2230688040056
78 1000 8.67550517644995
79 100 7.93418873442982
79 1000 65.3739691809827
80 100 5.51994434253842
80 1000 45.0573463518233
81 100 7.99154319041853
81 1000 39.4887711862839
82 100 6.29188635271622
82 1000 14.1793160418969
83 100 4.55904716234228
83 1000 32.8076499627116
84 100 2.81297702125015
84 1000 28.7270295381769
85 100 5.4304682478208
85 1000 20.603717663448
86 100 10.9372196343818
86 1000 39.4547583213092
87 100 15.3491149838426
87 1000 29.2581423233302
88 100 4.91270582931764
88 1000 32.6784354044522
89 100 12.1970177966904
89 1000 58.7153894032504
90 100 6.90370694182935
90 1000 24.8722303863942
91 100 6.62199372523553
91 1000 20.3464516028999
92 100 4.15258075935208
92 1000 14.1764744469956
93 100 3.34565458987779
93 1000 9.4103292577489
94 100 7.40297455245276
94 1000 25.1302660304512
95 100 5.95409425628845
95 1000 31.2758530864426
96 100 7.57958581964404
96 1000 14.9334151915389
97 100 4.31369838420102
97 1000 17.1663599633898
98 100 4.67341703357162
98 1000 31.2816032989475
99 100 8.56753938143059
99 1000 30.9226352907314
100 100 2.86130803317613
100 1000 17.8031905837274
101 0 2.92595383473334
101 300 5.5937184575019
102 0 3.95876643111706
102 300 4.36701148838146
103 0 5.84381940699046
103 300 13.519589246665
104 0 6.92804744032637
104 300 7.12597512702417
105 0 10.4424401086848
105 300 14.6654084558603
106 0 3.11599543901974
106 300 5.13460891745028
107 0 5.25513618674971
107 300 4.68160316875373
108 0 4.68947671373721
108 300 14.5152977967393
109 0 5.35851966625495
109 300 5.42559879613674
110 0 5.09070941896188
110 300 41.7594355531057
111 0 4.46813892232803
111 300 15.3495060955516
112 0 4.02518121526585
112 300 3.61412412470397
113 0 3.30732415547286
113 300 11.7168329783276
114 0 5.5439397420329
114 300 8.68855035578006
115 0 4.61662276705351
115 300 6.0364922824989
116 0 4.29167534045696
116 300 5.59561675438423
117 0 5.59420103078675
117 300 7.89503823154609
118 0 5.53176426888288
118 300 39.0142363122707
119 0 6.38874047142077
119 300 6.11917637938695
120 0 4.04530431713408
120 300 4.31830584170554
121 0 3.76633036941674
121 300 6.69638561197207
122 0 7.45559266048768
122 300 17.4645591341963
123 0 4.3256587731623
123 300 16.1795573711792
124 0 3.75008404915483
124 300 6.23304254041916
125 0 3.91359811439431
125 300 34.0225679544549
126 0 5.19924694735881
126 300 13.0753309730988
127 0 4.86806112156837
127 300 5.26923020097787
128 0 4.61181952753495
128 300 12.8841714645908
129 0 7.27810319505071
129 300 11.7717031852613
130 0 4.03392095014453
130 300 5.75255882281508
131 0 7.49535909971411
131 300 11.4740436247042
132 0 3.49189423399047
132 300 3.88924250414577
133 0 8.06200792735195
133 300 7.36978389130763
134 0 8.55788670758983
134 300 10.0045682694312
135 0 7.52732116068854
135 300 8.83314801713063
136 0 5.98036493975156
136 300 12.693437116796
137 0 3.5161573187099
137 300 6.39919808254898
138 0 5.21269954937485
138 300 9.59209405392604
139 0 6.39619099924179
139 300 10.2421070276527
140 0 4.17718730360221
140 300 12.3083352894923
141 0 3.21192334724053
141 300 4.0089075250858
142 0 5.62075856204117
142 300 6.88276415113935
143 0 7.74441951635478
143 300 12.62259078474
144 0 5.29727092670176
144 300 4.1512966685379
145 0 7.69006128295113
145 300 16.2601372274738
146 0 4.9573016575752
146 300 6.12451937778992
147 0 5.81930182738192
147 300 17.3788126530639
148 0 3.94289913265477
148 300 14.0066264718329
149 0 4.2604245302071
149 300 6.06592416894389
150 0 4.59495420302929
150 300 31.5265157926458
151 100 14.6481156638419
151 300 17.9508771457432
152 100 6.53730759524267
152 300 4.99689363336253
153 100 5.60191018205076
153 300 12.8148843563766
154 100 4.84808458249113
154 300 9.4877497355074
155 100 4.19911805784801
155 300 11.7787020235417
156 100 4.05513204035735
156 300 14.2034193280576
157 100 5.44383636921422
157 300 8.56305988805821
158 100 4.4739600545701
158 300 8.0795418858157
159 100 7.70032458674314
159 300 7.4614996216242
160 100 4.91074738194377
160 300 9.34142796095038
161 100 7.05548559711169
161 300 19.4043748147483
162 100 7.40495850010499
162 300 9.41280347029253
163 100 16.256538203958
163 300 31.1461664520231
164 100 3.88816118300331
164 300 9.67414279697615
165 100 7.79695929558643
165 300 31.6850447841056
166 100 3.11553478599762
166 300 5.13378459755413
167 100 4.54754653401053
167 300 5.9882460736164
168 100 9.1745247784992
168 300 9.55121448162916
169 100 5.48808135793252
169 300 13.5919053409855
170 100 11.3870109262768
170 300 14.0867472480179
171 100 6.15309767121458
171 300 9.32735820875651
172 100 6.41238102112013
172 300 23.8096470340048
173 100 3.66765460860687
173 300 4.13980340807264
174 100 3.76311218987723
174 300 5.89722844193896
175 100 3.76211758631865
175 300 5.3446270215027
176 100 5.59126344570264
176 300 7.9282612138405
177 100 5.11719330120669
177 300 28.0124519932933
178 100 2.60953799223795
178 300 8.73141893466577
179 100 5.97902776982619
179 300 6.7140463055077
180 100 4.16961540981526
180 300 11.1247629247847
181 100 7.12962625482204
181 300 16.1555398014042
182 100 8.2321615781079
182 300 13.9396357488663
183 100 4.42320576964027
183 300 17.7836241708289
184 100 6.25120915753862
184 300 6.74443501484323
185 100 6.0091788224477
185 300 8.17032411757128
186 100 6.39810912789194
186 300 21.0015005409126
187 100 8.02140304199858
187 300 10.9516628102429
188 100 5.88139391640805
188 300 23.8391241154809
189 100 5.00117911023671
189 300 15.5848155999729
190 100 5.31987018869729
190 300 9.04551918422161
191 100 2.53849976063482
191 300 5.59113352326865
192 100 9.19917039898766
192 300 25.4711605585569
193 100 5.87600092334861
193 300 18.8022723631158
194 100 7.02677763913324
194 300 7.30497902116189
195 100 4.10260087290677
195 300 11.1818762732788
196 100 7.17919776224564
196 300 9.29839659273806
197 100 7.97250079384863
197 300 5.52684470139593
198 100 9.98160746223217
198 300 27.3906885570742
199 100 7.48280880253148
199 300 16.2075639649555
200 100 5.79454999873323
200 300 20.6331502986788
