id dose y
1 0 3.72043250323136
1 1000 57.1798887732089
2 0 4.250991119421
2 1000 7.68055559848168
3 0 3.69293060541213
3 1000 7.51129399756701
4 0 7.85793941935786
4 1000 35.6071688789084
5 0 6.12693510139155
5 1000 15.7370373232979
6 0 4.18304809722878
6 1000 17.4375309895438
7 0 6.16711629876356
7 1000 21.4083204814794
8 0 4.99530116755501
8 1000 8.11977161432099
9 0 3.8970080399398
9 1000 36.7230072130131
10 0 8.26945268388203
10 1000 21.6355964666877
11 0 5.75964617800249
11 1000 15.8038036640377
12 0 3.1259584165997
12 1000 25.4340931622288
13 0 3.44760521534002
13 1000 47.0736734182114
14 0 4.04864767782377
14 1000 40.5853013920397
15 0 2.88528884137828
15 1000 12.809149117426
16 0 4.60184763174304
16 1000 59.0454554065126
17 0 3.63865049854538
17 1000 32.7398388636038
18 0 3.29894146245735
18 1000 21.729910218496
19 0 4.70657328959955
19 1000 25.3732686973017
20 0 2.57319973564461
20 1000 18.1382947661307
21 0 3.53988406324509
21 1000 13.764478352449
22 0 6.06215206589011
22 1000 18.6181437745248
23 0 5.73775686783737
23 1000 39.1897508193248
24 0 6.4216907077602
24 1000 25.8696883769599
25 0 4.52415028146268
25 1000 57.4670389035618
26 0 3.21307015649416
26 1000 38.9829665496718
27 0 6.39447609789657
27 1000 26.881995065904
28 0 3.80227369082999
28 1000 32.7537837168013
29 0 3.0064980970081
29 1000 32.0627942771268
30 0 6.97607732403211
30 1000 30.812883441317
31 0 5.41221248742687
31 1000 28.8381532137261
32 0 3.75934090741552
32 1000 25.0288377440783
33 0 5.75101861755162
33 1000 26.6990649267078
34 0 6.85807016179791
34 1000 29.6900872474971
35 0 10.7267597330008
35 1000 28.1542143264308
36 0 5.02961789402853
36 1000 28.7223307833457
37 0 7.09227571867637
37 1000 36.0303349381578
38 0 3.66115446894431
38 1000 42.1976016625229
39 0 3.964607139875
39 1000 26.6124045383992
40 0 4.84962778908981
40 1000 5.77436268819283
41 0 3.58894926711284
41 1000 29.3073757469338
42 0 6.52874096416292
42 1000 22.7946685698669
43 0 6.73373702378001
43 1000 63.6565647020324
44 0 6.40095688678214
44 1000 44.2929349262503
45 0 6.02127257607043
45 1000 94.387773913571
46 0 4.47757218072839
46 1000 25.4316242536936
47 0 5.88827946999688
47 1000 28.1631923306583
48 0 4.27486729744036
48 1000 17.737661030228
49 0 6.08686146256214
49 1000 34.1824993809165
50 0 5.0749739995948
50 1000 13.3382532674613
51 100 9.49373710364466
51 1000 15.5166977544472
52 100 8.35977933618798
52 1000 56.4642415085947
53 100 6.42058845701901
53 1000 39.2067686272403
54 100 5.3252217174681
54 1000 46.1525299423207
55 100 9.77225795135592
55 1000 27.8639400965832
56 100 9.15027287556937
56 1000 18.8538559207472
57 100 7.68590659408667
57 1000 9.67627434410783
58 100 5.94406180634241
58 1000 54.4521087964524
59 100 8.62612175801406
59 1000 36.7816153624074
60 100 7.48268903138215
60 1000 60.9067119164497
61 100 6.71568369896089
61 1000 17.825518946374
62 100 5.06661319778855
62 1000 28.9321161138779
63 100 4.75740120405067
63 1000 23.0235336805804
64 100 6.09660399868733
64 1000 25.2415155950192
65 100 6.62801948706878
65 1000 24.0249979429285
66 100 3.77319551850101
66 1000 39.3875559549299
67 100 5.63124430864743
67 1000 36.5129871332124
68 100 10.6027176657157
68 1000 29.1787333609122
69 100 4.65338248139302
69 1000 42.1547249700762
70 100 5.04843575459147
70 1000 56.3830801098213
71 100 4.52213420591962
71 1000 62.8339609352593
72 100 4.2713598002024
72 1000 18.5975242979908
73 100 4.33377632816481
73 1000 9.67850889177186
74 100 5.92360429964275
74 1000 54.359565826253
75 100 3.88828353278697
75 1000 29.2409649104502
76 100 8.50833474962531
76 1000 15.5089317364481
77 100 10.239835621723
77 1000 28.0777689725333
78 100 3.58421349814859
78 1000 24.7256539597844
79 100 2.99476091077008
79 1000 18.4094844874148
80 100 6.23776628619212
80 1000 15.9172124353554
81 100 2.46196283048823
81 1000 18.8199853238585
82 100 4.70827287023873
82 1000 13.2357216551818
83 100 4.65214791036954
83 1000 34.2114635353293
84 100 6.56675306555135
84 1000 19.2990139024923
85 100 4.38341818183269
85 1000 11.1324222640748
86 100 5.72053815177361
86 1000 34.5440743439501
87 100 5.50434927134793
87 1000 28.8168201756404
88 100 7.41956255684817
88 1000 16.4369744861097
89 100 6.69422389258863
89 1000 30.017681220005
90 100 3.87487139711035
90 1000 11.8175580070961
91 100 7.93516543271673
91 1000 49.6492177543404
92 100 4.15983340158436
92 1000 68.7352080700712
93 100 4.21548954850393
93 1000 18.3528204813372
94 100 9.48537587585749
94 1000 56.2180135803023
95 100 4.69315606577234
95 1000 14.6683409277503
96 100 6.67279920054548
96 1000 25.5248943227057
97 100 3.01662213309439
97 1000 9.00918352292126
98 100 5.63917582870606
98 1000 18.0180002123809
99 100 9.88651846257946
99 1000 19.3603140984434
100 100 10.4246396949209
100 1000 38.865498507667
101 0 5.17944741921481
101 300 10.3408316478237
102 0 4.95416057298332
102 300 27.1290421111141
103 0 6.98364214606512
103 300 7.36518219297693
104 0 4.82131069186987
104 300 15.5415571259016
105 0 5.52452768418174
105 300 17.9972606312626
106 0 3.66661966771497
106 300 4.5198168455732
107 0 3.75119777696125
107 300 24.5408160692185
108 0 7.00433272109153
108 300 37.3503238070293
109 0 4.38862930524039
109 300 17.4006134801721
110 0 4.3545405766032
110 300 11.4286589543124
111 0 3.69045332721649
111 300 4.51977376221433
112 0 3.48435220327954
112 300 20.7323460050563
113 0 6.44897483473422
113 300 5.28041801408787
114 0 4.51657072879424
114 300 12.6012596596553
115 0 8.6569814124433
115 300 18.4229086401318
116 0 5.83567491889691
116 300 11.5199494925148
117 0 3.59515548230978
117 300 6.86732146953724
118 0 3.55957558634041
118 300 9.4836729312854
119 0 2.91773694955556
119 300 5.22148727045004
120 0 5.64924131839039
120 300 11.6469656295095
121 0 5.00329477825944
121 300 18.1902770883496
122 0 6.09125605728232
122 300 23.8045359344109
123 0 6.61170446756528
123 300 18.2040467452548
124 0 3.78068595109146
124 300 12.3628429774779
125 0 4.69033141360222
125 300 18.2726983868173
126 0 6.59676057989671
126 300 9.26120189180714
127 0 4.34369274002399
127 300 8.4570779256149
128 0 3.28003937749274
128 300 29.6475948546011
129 0 4.22526814954191
129 300 3.64755657149152
130 0 5.42512408968548
130 300 13.7123652609947
131 0 4.53506511579264
131 300 4.95950594057034
132 0 6.14264410965894
132 300 26.1864407135994
133 0 6.46152612734274
133 300 5.96865197591666
134 0 9.16619451762239
134 300 7.09350816666428
135 0 6.39671728479522
135 300 14.2538803975123
136 0 3.54373559869786
136 300 17.0025117050852
137 0 4.34612162450124
137 300 10.8802269395134
138 0 6.82291531961498
138 300 13.4570193732562
139 0 4.62231306134298
139 300 10.199906057383
140 0 5.05233624962291
140 300 10.485188418301
141 0 8.85004284138443
141 300 8.63570244176943
142 0 5.52187106232725
142 300 10.1646666914453
143 0 6.88496152431115
143 300 24.1178422041868
144 0 4.42002207402247
144 300 10.3673680249561
145 0 5.6532828329931
145 300 9.83359981376137
146 0 4.01511880675293
146 300 6.08967801022825
147 0 8.91760386442533
147 300 17.4873599866697
148 0 5.17360632193193
148 300 9.39783054485596
149 0 6.79008394377185
149 300 8.19428183716972
150 0 3.57224913937158
150 300 4.77435824453135
151 100 7.64919820350263
151 300 28.1868165183081
152 100 4.04487331757675
152 300 4.72811281066073
153 100 8.88224355563046
153 300 8.28172170313601
154 100 7.73223696238964
154 300 29.639099767535
155 100 5.5903791483018
155 300 12.2780701378148
156 100 4.44577335794424
156 300 6.08751665709224
157 100 6.15840709833124
157 300 9.82814073112834
158 100 7.61651145028181
158 300 13.1474526759945
159 100 9.35183506014523
159 300 28.7674184777696
160 100 9.89290058657879
160 300 16.2368873176636
161 100 4.12707412941962
161 300 11.3245004606757
162 100 7.90764851797319
162 300 35.7282461573686
163 100 9.11157289737098
163 300 25.9224512558533
164 100 10.7142890338545
164 300 14.5885194640082
165 100 3.69860734710743
165 300 4.45123181992148
166 100 4.73176667129554
166 300 6.44228339910298
167 100 5.61627724741327
167 300 13.0583725538474
168 100 8.09090947189584
168 300 11.3035700274833
169 100 5.03811640465738
169 300 6.71694396265609
170 100 4.69504673427991
170 300 8.35467275416786
171 100 4.64124329442254
171 300 6.85281281545151
172 100 7.11254767023024
172 300 41.9083578710058
173 100 8.36366145363015
173 300 21.6086776376103
174 100 5.72242204376944
174 300 12.9541131296131
175 100 6.10956836943374
175 300 7.40172095693996
176 100 12.1524465066864
176 300 14.6848084646028
177 100 5.39395931424667
177 300 7.42235642221221
178 100 8.04024062440276
178 300 12.8784860503736
179 100 8.79484072808494
179 300 19.9562583569879
180 100 6.65486709462389
180 300 41.1321218910579
181 100 6.1574950872213
181 300 7.22084427766985
182 100 7.1209893189347
182 300 8.49082151461084
183 100 3.43105669976839
183 300 8.78506013861149
184 100 5.06566160920921
184 300 26.6053914699732
185 100 4.25810194705897
185 300 5.23944989271039
186 100 3.72046782858488
186 300 6.09778406216253
187 100 7.31605365985347
187 300 8.70548797460369
188 100 4.4340358944293
188 300 10.4621975941699
189 100 9.63328272672344
189 300 9.07794165367147
190 100 6.18664214803627
190 300 13.8824667091664
191 100 5.87815727806147
191 300 10.1154025971734
192 100 7.47225848840318
192 300 23.6184117529717
193 100 3.36228053227368
193 300 6.43670499325789
194 100 4.61324929820515
194 300 10.6471945076789
195 100 6.35361298568405
195 300 10.8836249896192
196 100 10.15134418867
196 300 17.5395723338171
197 100 6.11109205574629
197 300 5.95988800728888
198 100 3.33677087173889
198 300 5.21471972893526
199 100 7.23790974143448
199 300 7.83989558644802
200 100 19.9654065753052
200 300 94.247819278983
