id dose y
1 0 4.98439006938102
1 1000 36.0230545500703
2 0 5.48263171694832
2 1000 24.7541765166324
3 0 6.14228368557811
3 1000 50.700781739217
4 0 6.34330429947499
4 1000 49.3113872766744
5 0 5.35363782905638
5 1000 40.2532676628337
6 0 5.59386448098659
6 1000 13.9457184387592
7 0 2.06980576095546
7 1000 35.4185102829843
8 0 5.72589933941424
8 1000 58.5018309008031
9 0 3.53954903287725
9 1000 8.57354263449582
10 0 4.23512498168544
10 1000 67.9741394890784
11 0 5.02391006808271
11 1000 14.2469803489528
12 0 2.93559587625015
12 1000 10.4050777861294
13 0 4.78544913005858
13 1000 9.77827226956951
14 0 2.93852783774223
14 1000 8.61873282150582
15 0 6.36681278617149
15 1000 6.63831053550611
16 0 4.86292481024446
16 1000 38.2848224061004
17 0 6.11990183344372
17 1000 31.6225843595728
18 0 4.8866170589611
18 1000 31.7046669526153
19 0 7.85124301181115
19 1000 33.2681687592181
20 0 5.64121444991232
20 1000 25.6083928499089
21 0 6.13156430817908
21 1000 21.7002877017204
22 0 6.50228404358096
22 1000 33.9436789511148
23 0 4.77638061401946
23 1000 21.1927365100025
24 0 3.51384878254318
24 1000 41.5711396657983
25 0 4.7377936096675
25 1000 24.6024748563044
26 0 5.83834367641072
26 1000 36.2528364425371
27 0 9.20488609230097
27 1000 57.7213519245264
28 0 4.73423079783936
28 1000 27.5024546012571
29 0 7.58270910620891
29 1000 17.030795349438
30 0 6.80468660465317
30 1000 17.4033240413315
31 0 3.7972279287042
31 1000 13.2105000068545
32 0 3.95651293008376
32 1000 23.0522618894332
33 0 7.79252793383214
33 1000 29.9714866046818
34 0 3.8619670335017
34 1000 47.8116863896449
35 0 3.51920368516638
35 1000 12.2963292418206
36 0 7.20253050529549
36 1000 27.9177412404359
37 0 5.91748386476588
37 1000 19.3879214098278
38 0 4.33793298735621
38 1000 29.1796815812112
39 0 5.47213223039544
39 1000 14.1609512413955
40 0 4.90594181386402
40 1000 23.7260100585928
41 0 4.60861372633088
41 1000 17.7745329367405
42 0 5.78602679131392
42 1000 30.1533623888649
43 0 5.44279113701459
43 1000 20.1247346953204
44 0 4.7084696358117
44 1000 16.3631227597122
45 0 4.78735783059232
45 1000 23.4296187110542
46 0 5.37277726319315
46 1000 23.8840460156754
47 0 5.31322106928105
47 1000 14.331243174332
48 0 6.90761895686347
48 1000 50.4620500453217
49 0 6.42622112332298
49 1000 46.4761170916572
50 0 3.63036175809082
50 1000 39.3815955849113
51 100 7.21166014850172
51 1000 17.8691430963199
52 100 5.57886764219779
52 1000 30.2808467926933
53 100 2.03590871509155
53 1000 19.3566075620776
54 100 6.42810080284041
54 1000 51.1019334666936
55 100 6.58173496777076
55 1000 13.9191433629085
56 100 6.58305541650821
56 1000 12.1676383970647
57 100 8.65229350490486
57 1000 25.839096046265
58 100 7.7664734526168
58 1000 14.0399396895916
59 100 5.44045880598641
59 1000 18.5285958263516
60 100 5.55949573838431
60 1000 16.0820374164036
61 100 6.33169708664825
61 1000 22.1939785984785
62 100 3.47089541934376
62 1000 31.1587833659831
63 100 11.6911127242443
63 1000 20.8382529770962
64 100 5.15627218851356
64 1000 40.1256703232574
65 100 8.56900193985474
65 1000 40.7725537348687
66 100 4.10069778697538
66 1000 11.2126711134028
67 100 6.50756204632415
67 1000 21.1584064389279
68 100 5.9402909402529
68 1000 15.3098685408669
69 100 9.93023743570621
69 1000 56.5312779296576
70 100 3.79570601770812
70 1000 41.7743773154922
71 100 4.52892294832624
71 1000 22.7090708019394
72 100 5.11060593937769
72 1000 29.7330006946139
73 100 11.0182937490163
73 1000 28.3368852008134
74 100 6.34855969817078
74 1000 22.0046480028981
75 100 5.61691201307224
75 1000 33.2313055110906
76 100 3.04169723041353
76 1000 45.3305784214749
77 100 7.48477866081668
77 1000 31.5900366512392
78 100 5.71692062603146
78 1000 31.9345353783711
79 100 7.03502748015483
79 1000 46.3385023835783
80 100 4.7314037348285
80 1000 19.9285317919046
81 100 3.99496559939086
81 1000 10.0758596032327
82 100 4.15263365924314
82 1000 57.6729557934674
83 100 8.26539825093277
83 1000 49.8493833774357
84 100 4.73882023634221
84 1000 25.4564442844441
85 100 8.18022221922893
85 1000 17.0277006744215
86 100 4.66762313865516
86 1000 10.6719471537707
87 100 3.39688011805415
87 1000 31.7201832255446
88 100 10.8629584802214
88 1000 33.1712110025686
89 100 3.81988096557312
89 1000 16.4230788234079
90 100 3.55598082237588
90 1000 20.2583477922856
91 100 4.75044730755581
91 1000 7.84226507581737
92 100 4.88237497477791
92 1000 28.4776973985118
93 100 7.25873021708086
93 1000 32.8315866146251
94 100 6.60594561595758
94 1000 33.3832317945794
95 100 6.41686298048011
95 1000 50.1000613966466
96 100 4.52334561684276
96 1000 31.704510336656
97 100 12.3417430098219
97 1000 19.7775247018577
98 100 8.73688312988636
98 1000 27.4714072894107
99 100 3.8238883082363
99 1000 60.7618630730692
100 100 5.72173820541857
100 1000 20.6433468106317
101 0 5.63724715628957
101 300 8.54367876590847
102 0 8.31896973033201
102 300 9.10240728494775
103 0 4.08394346976879
103 300 14.9808380506054
104 0 5.94055963015598
104 300 14.6970611466383
105 0 6.55796409179413
105 300 21.2308979424831
106 0 5.97845033016982
106 300 8.10677590192534
107 0 4.27451201562215
107 300 45.2166256679688
108 0 3.53590533999219
108 300 4.58168535008326
109 0 6.25502014830773
109 300 25.25686635063
110 0 4.5815717123968
110 300 5.38737792212817
111 0 4.19450168182179
111 300 20.640780219078
112 0 3.75558762722904
112 300 16.3928186644422
113 0 5.59946230511177
113 300 5.04481596319174
114 0 9.39293693616169
114 300 7.93204332001789
115 0 8.17991426456028
115 300 25.9842843435351
116 0 8.55965777070579
116 300 17.1879714632317
117 0 7.60704053008241
117 300 8.44484248623017
118 0 2.6151244176922
118 300 2.68300557151413
119 0 4.80066845528795
119 300 4.54392151310392
120 0 2.93047292932794
120 300 9.48951067232372
121 0 3.47805543824415
121 300 17.1535586736299
122 0 6.4875647995258
122 300 7.93877276854822
123 0 5.83494021362713
123 300 6.27866653667892
124 0 5.00508466531263
124 300 7.76823454412765
125 0 8.46401857247606
125 300 29.7148140992338
126 0 4.65947898374114
126 300 15.42251348973
127 0 4.65999767159103
127 300 9.65389066130698
128 0 5.97764671252662
128 300 14.0431264700597
129 0 6.22949879710854
129 300 6.55450479522568
130 0 3.62597103257352
130 300 4.19095898690335
131 0 3.18380540024351
131 300 6.89182611534623
132 0 3.92823437431267
132 300 4.05222043759707
133 0 9.03905884243753
133 300 9.84506078475986
134 0 3.47852124078631
134 300 5.11787908472921
135 0 3.92423066285797
135 300 8.42477800322737
136 0 3.82964905456349
136 300 6.48085957849247
137 0 7.99262617859525
137 300 9.0826315075842
138 0 5.55925344407563
138 300 7.96362913604427
139 0 6.08564777254469
139 300 6.97827857719611
140 0 3.66950205379448
140 300 13.2505863755659
141 0 6.08556140346829
141 300 18.7635228472438
142 0 3.66432941080854
142 300 6.59522762573019
143 0 4.03692896050471
143 300 5.70586314101692
144 0 4.89234591301566
144 300 17.1527987673841
145 0 7.63529236228792
145 300 7.68505736174711
146 0 5.38761439097738
146 300 13.2665206264677
147 0 2.62262141845821
147 300 4.00817169970587
148 0 4.96701665500928
148 300 5.61834840570467
149 0 6.96184024084014
149 300 16.4643826890661
150 0 4.47045438354452
150 300 15.3692529125152
151 100 7.87542944974915
151 300 10.8412904901035
152 100 4.84890893626282
152 300 10.0563437983525
153 100 4.36396039702474
153 300 5.97375702593002
154 100 7.46346624020698
154 300 8.44665481487146
155 100 8.07914187088946
155 300 16.6819336627414
156 100 3.87488525986804
156 300 3.90066725347971
157 100 4.9169768408981
157 300 6.4541706259782
158 100 5.90358577903298
158 300 16.6385981159269
159 100 3.70019329593233
159 300 6.40232154346261
160 100 5.25295488742213
160 300 8.06193543438433
161 100 6.73263239182963
161 300 23.2644986940146
162 100 9.45394038083591
162 300 22.105430962518
163 100 6.50526393878762
163 300 9.17140367029939
164 100 6.10377261026484
164 300 14.1518933627156
165 100 4.45332250938226
165 300 16.8555606129402
166 100 10.5036348398422
166 300 13.7716414186624
167 100 6.72401403871162
167 300 6.59658320912142
168 100 4.77777804975213
168 300 4.71065187610666
169 100 9.80551224223004
169 300 24.7163222165108
170 100 5.32585619145839
170 300 5.7717838912575
171 100 3.50532095326885
171 300 6.06413797881385
172 100 9.22257648619019
172 300 32.9993896858716
173 100 3.82151892099594
173 300 5.18210408725791
174 100 5.40341274022372
174 300 13.2651320047786
175 100 4.71638446822106
175 300 10.0371672960767
176 100 8.57361207356732
176 300 28.3141335801606
177 100 6.96449882902054
177 300 9.00617215446424
178 100 3.71621355238472
178 300 15.5929017351729
179 100 7.16079135832148
179 300 18.9438074876552
180 100 4.92056710602881
180 300 8.42793612285895
181 100 2.86188063545866
181 300 3.1834169953071
182 100 9.3847030462462
182 300 17.1900309180681
183 100 6.04854013217656
183 300 14.3745427568132
184 100 4.49184243323669
184 300 5.25283866227467
185 100 7.0339114272975
185 300 31.7676821676734
186 100 5.64934933703973
186 300 11.2993462063232
187 100 3.41229447526358
187 300 4.04996262810557
188 100 3.47379644908755
188 300 3.15053799550694
189 100 5.70797466544682
189 300 7.04049085442056
190 100 7.85263858376281
190 300 22.9112501055765
191 100 6.28409588280327
191 300 6.91671217774506
192 100 7.35343941136868
192 300 9.93084986853038
193 100 4.88486576692576
193 300 14.4946922631633
194 100 6.16230176182282
194 300 7.05530656311269
195 100 8.92828192519351
195 300 34.0572493348166
196 100 3.33602357619467
196 300 14.8146972388367
197 100 3.81759135547773
197 300 9.70101554065897
198 100 3.60807972050432
198 300 4.71191898542398
199 100 5.69545108955457
199 300 16.034974388214
200 100 6.05499750850845
200 300 12.5471370714967
