id dose y
1 0 6.23879453144775
1 1000 51.177114803125
2 0 4.24964858723829
2 1000 78.2128724534264
3 0 6.29842223435603
3 1000 88.3998759483811
4 0 4.1466034652682
4 1000 37.0932141835091
5 0 3.78980574943419
5 1000 39.4832650838549
6 0 5.21069342483276
6 1000 104.145132547344
7 0 3.48601245120869
7 1000 19.4323659914769
8 0 4.18181653540841
8 1000 39.8341890524885
9 0 3.02103161895937
9 1000 9.95548416792562
10 0 3.6495390616839
10 1000 8.8089666310727
11 0 8.53674235337186
11 1000 32.8963561329454
12 0 4.93565587710322
12 1000 28.9238767142697
13 0 5.90060798756928
13 1000 46.6222921108761
14 0 4.06332902429051
14 1000 27.1830301234016
15 0 8.73456013935144
15 1000 38.4447283243294
16 0 4.05616754163566
16 1000 39.5835377473375
17 0 6.11627647334929
17 1000 34.1801975743365
18 0 8.0713855310975
18 1000 42.6317552657842
19 0 6.15945814467133
19 1000 17.5838732861367
20 0 3.47308099851375
20 1000 61.6438686661274
21 0 3.11733747053569
21 1000 31.7262621371977
22 0 3.78128566451796
22 1000 12.2879132779749
23 0 5.21099479913984
23 1000 28.4348498734828
24 0 5.41038191409757
24 1000 45.4159535173823
25 0 6.12031537382013
25 1000 23.8946088835793
26 0 4.56677720540403
26 1000 12.5982517451162
27 0 6.00915682539714
27 1000 32.1020067532996
28 0 4.49865384594398
28 1000 22.2521661859013
29 0 5.07335626186633
29 1000 32.2198295847692
30 0 5.25967126755132
30 1000 89.6539103672196
31 0 5.78062890295078
31 1000 25.3752333773729
32 0 5.15880766486151
32 1000 69.9361753499917
33 0 2.90641710546372
33 1000 7.396492152097
34 0 4.21684407039524
34 1000 44.1841159647457
35 0 5.68051263378275
35 1000 20.7690011698222
36 0 5.38387176412968
36 1000 41.8260390774645
37 0 2.87672270198704
37 1000 13.6057157883295
38 0 5.92790087725762
38 1000 42.3467277446334
39 0 3.44712768942696
39 1000 26.8195437510248
40 0 6.3019316394252
40 1000 28.923591689572
41 0 4.0017192239995
41 1000 33.276722281759
42 0 4.82612191598101
42 1000 30.5572665180255
43 0 5.34860683929548
43 1000 19.8447001855291
44 0 4.89916416481578
44 1000 5.37554292618199
45 0 4.61822652920506
45 1000 24.8251489842147
46 0 4.46661449345762
46 1000 67.6717935319268
47 0 7.80781879025482
47 1000 46.4297828510139
48 0 4.96817152773266
48 1000 36.2214821848471
49 0 4.99474099152693
49 1000 62.7319421833218
50 0 6.06720994511402
50 1000 36.1650091168536
51 100 4.84402587696393
51 1000 17.5007847698163
52 100 3.35070558588717
52 1000 30.8813260008075
53 100 6.42229325476212
53 1000 14.223002711986
54 100 4.58530917649403
54 1000 17.0992961512484
55 100 8.73223825830279
55 1000 14.8646699886136
56 100 4.72082523724609
56 1000 53.7573795208478
57 100 6.39289394047338
57 1000 54.4105766066616
58 100 9.29628139300211
58 1000 22.5560516448945
59 100 4.54437651988255
59 1000 16.8184061035535
60 100 3.15519584363919
60 1000 11.9101307784249
61 100 7.14627776110021
61 1000 33.2248556242295
62 100 8.5744390554289
62 1000 39.6862022934032
63 100 3.92875382488344
63 1000 36.5992796986454
64 100 19.5045226144297
64 1000 21.2694848449132
65 100 8.01554309375841
65 1000 20.5381253329579
66 100 4.05228244430027
66 1000 15.4365638513725
67 100 6.16426789464354
67 1000 14.6019497255448
68 100 5.2621689027278
68 1000 40.2902090638585
69 100 4.93526591381774
69 1000 41.3968349871803
70 100 3.88555380532524
70 1000 15.1856886850819
71 100 4.98786536257464
71 1000 18.7628426673746
72 100 6.41821757863711
72 1000 28.8122600406457
73 100 6.19693518979116
73 1000 13.1861400846085
74 100 8.00482103604077
74 1000 26.1146084048665
75 100 4.28101886220067
75 1000 86.2085165185417
76 100 9.10763553198691
76 1000 50.7026468302333
77 100 7.72914864016848
77 1000 9.26496748404464
78 100 3.47481478285031
78 1000 26.0989359671813
79 100 4.37768586153602
79 1000 44.7265502741759
80 100 5.84146087681365
80 1000 24.9474703881366
81 100 5.60438091718975
81 1000 21.5559963927006
82 100 6.7420025182258
82 1000 48.3958759563989
83 100 8.0992927237252
83 1000 35.0571298713558
84 100 6.99034796580261
84 1000 33.9177617682913
85 100 5.22341120573542
85 1000 16.4893027520775
86 100 6.62539035469251
86 1000 33.049838752059
87 100 4.25546539422701
87 1000 78.062053484544
88 100 5.12952879166468
88 1000 48.5884766367476
89 100 3.33288849024544
89 1000 10.4082558911436
90 100 6.83270166845883
90 1000 17.196558705654
91 100 5.20373224055701
91 1000 28.6055867734514
92 100 2.90519378950903
92 1000 13.549690729886
93 100 4.07411718206176
93 1000 23.7290216101734
94 100 4.51324867509107
94 1000 50.1799193589919
95 100 5.96936303768859
95 1000 33.3149791849612
96 100 5.46915586429567
96 1000 28.6477974385143
97 100 3.893614875733
97 1000 13.0118050014975
98 100 6.55775455782384
98 1000 30.795380395402
99 100 5.99838927970905
99 1000 25.5412663484331
100 100 4.58879612820163
100 1000 24.947882381972
101 0 4.22000976112005
101 300 7.39352855193804
102 0 3.38881321661255
102 300 4.1987488738208
103 0 5.82363515542134
103 300 7.16050486528737
104 0 4.63280356766216
104 300 8.4961883678734
105 0 5.69278147389215
105 300 7.89625041914495
106 0 3.30643895710509
106 300 5.5056713978652
107 0 4.72598389376206
107 300 5.32807547775381
108 0 2.20543646051125
108 300 11.66434323146
109 0 4.58789817542302
109 300 15.7685472404575
110 0 4.50269969436124
110 300 28.5959525019862
111 0 5.95529723020433
111 300 6.09894515111949
112 0 4.80740654513761
112 300 12.1121163859147
113 0 3.69802641475194
113 300 21.3216286041682
114 0 3.54083649404774
114 300 5.24822771293303
115 0 3.36095905893129
115 300 16.7050487086067
116 0 4.31606555941316
116 300 5.26597698150806
117 0 4.5601776447448
117 300 23.6525118526073
118 0 6.86262144714718
118 300 9.77173162550551
119 0 6.31075562732349
119 300 9.34668391339183
120 0 2.73219069469389
120 300 11.9519294602943
121 0 4.86493207639532
121 300 14.569007945891
122 0 6.73863770408297
122 300 7.51788903421313
123 0 6.36760081932918
123 300 7.62754974945362
124 0 8.77337423076047
124 300 8.51530108651838
125 0 4.77545565728914
125 300 33.2202337268075
126 0 5.00636029642451
126 300 34.937026930696
127 0 2.28221821137162
127 300 3.47577286611935
128 0 6.3233875309557
128 300 6.1386168531503
129 0 3.21047173447541
129 300 4.33598129812727
130 0 4.46760782822723
130 300 12.3503019144159
131 0 4.37761182453142
131 300 11.1868602838164
132 0 3.64726485078703
132 300 9.50572745805306
133 0 6.1431888514762
133 300 10.553310568227
134 0 3.3788448553173
134 300 4.7548478898558
135 0 4.49801184078813
135 300 21.8718234042355
136 0 3.58330760772626
136 300 4.61616374776647
137 0 4.56841348910014
137 300 13.2774009376482
138 0 6.89278612236311
138 300 6.30429691915781
139 0 4.0268944513367
139 300 5.90776405534585
140 0 5.66076619762356
140 300 5.61576253707097
141 0 2.82439507566498
141 300 8.36454249564496
142 0 5.34961117635503
142 300 9.37835816804533
143 0 6.10981452271927
143 300 11.8830868094012
144 0 3.90074488556652
144 300 15.2796139579916
145 0 10.0763032396976
145 300 10.6126363929428
146 0 6.30721155607689
146 300 7.17531591265623
147 0 5.33498073875386
147 300 15.3732209771516
148 0 4.84464372462735
148 300 4.50675247918702
149 0 4.94025008710984
149 300 7.99816938065041
150 0 3.59563716864555
150 300 5.76414100807878
151 100 3.56253714318545
151 300 9.07619106324519
152 100 4.21920217663665
152 300 6.24856122852987
153 100 6.29266094471237
153 300 6.03734459039202
154 100 4.83558283200361
154 300 13.286729253545
155 100 9.43719433029341
155 300 35.2198205526574
156 100 4.32392009404941
156 300 7.73801831572466
157 100 6.29131191706295
157 300 12.2036232951975
158 100 4.3454140530528
158 300 15.4743380832711
159 100 4.49219679947212
159 300 5.27697806938138
160 100 3.9199027535875
160 300 4.00786214599376
161 100 7.9663299109084
161 300 56.7518392658466
162 100 7.12696214060502
162 300 7.17412785390129
163 100 5.27445254611871
163 300 14.4216567634679
164 100 4.11611061620312
164 300 5.83594138758605
165 100 3.11574060090187
165 300 10.5857995007575
166 100 6.24819855276029
166 300 15.1624264618768
167 100 5.84307991644105
167 300 7.03622217163182
168 100 4.7305506307002
168 300 9.27725280804473
169 100 5.75141608363501
169 300 9.10354180647707
170 100 12.2417240390993
170 300 24.0706611391175
171 100 5.80052677866509
171 300 11.9977162941063
172 100 11.7634588476168
172 300 20.2935233239757
173 100 12.199922984354
173 300 18.4921789123447
174 100 4.39603899786842
174 300 5.46495155731304
175 100 9.45009550145939
175 300 22.7476112917723
176 100 6.24872667636137
176 300 9.83081009896904
177 100 5.21994477639816
177 300 20.3203043874921
178 100 5.33105508635241
178 300 8.52184599150218
179 100 9.29031395424263
179 300 13.9350646455142
180 100 6.95445523392497
180 300 19.80914447114
181 100 7.80384854392425
181 300 13.495687515096
182 100 6.67987266399894
182 300 8.96127587316932
183 100 5.25405007943913
183 300 6.17746599421835
184 100 6.43591347174028
184 300 6.84698869216074
185 100 6.33200882630898
185 300 12.5235536359813
186 100 6.68233078282827
186 300 11.1338648135317
187 100 3.60799330924812
187 300 16.9499762182884
188 100 7.06604272839397
188 300 22.3561159752825
189 100 4.59027832464751
189 300 22.355730980133
190 100 6.5773550298179
190 300 7.0973999618506
191 100 3.2889429130945
191 300 4.05393375535654
192 100 4.65456012062923
192 300 5.80485018986338
193 100 6.5257966873825
193 300 9.77378578315145
194 100 4.94894239675833
194 300 4.97759040752572
195 100 5.26635868505343
195 300 6.54111110356953
196 100 4.40687894034183
196 300 16.4540781074295
197 100 10.3956535372952
197 300 30.0964573089802
198 100 8.95806150538118
198 300 15.9675947316284
199 100 3.5889414092831
199 300 6.35745061634066
200 100 5.42652621015278
200 300 22.2891584328766
