id dose y
1 0 5.07488771559859
1 1000 38.1377445918739
2 0 3.53977514535205
2 1000 23.0270740392125
3 0 2.57844233475785
3 1000 49.9876326388448
4 0 2.51101009885175
4 1000 33.5701634352405
5 0 6.12771030227429
5 1000 17.9185262609272
6 0 4.32766276691118
6 1000 87.4265596609885
7 0 4.79410253231577
7 1000 17.5400844195708
8 0 2.73036453690338
8 1000 18.7798104099866
9 0 4.22948748852104
9 1000 21.7712886929538
10 0 5.97559031617428
10 1000 17.1340784051018
11 0 5.70159591072391
11 1000 55.049128144515
12 0 4.29584341242166
12 1000 13.9371844071101
13 0 6.21347866343627
13 1000 22.4621016934966
14 0 4.15005823809352
14 1000 140.017580373534
15 0 5.67176117358033
15 1000 29.7275851325474
16 0 4.53390390577272
16 1000 23.886105395787
17 0 5.68914203721048
17 1000 41.971620661005
18 0 2.38045937888795
18 1000 44.7143048988592
19 0 5.24327062506199
19 1000 70.4761779894302
20 0 5.65716049115796
20 1000 90.0288538849085
21 0 4.20611229029071
21 1000 12.7512320813476
22 0 5.3560659689092
22 1000 53.1643880835436
23 0 3.48540657287061
23 1000 62.9287878078501
24 0 8.45714532586541
24 1000 53.4203099623312
25 0 5.09133923554469
25 1000 34.0835462586057
26 0 5.19923875221853
26 1000 50.0072417777416
27 0 4.32071716293511
27 1000 32.1730937641893
28 0 2.53004230717304
28 1000 45.3452589807565
29 0 2.6910089822754
29 1000 21.5477970350885
30 0 5.45836020969321
30 1000 22.8047611482065
31 0 3.84470229565779
31 1000 94.4056941765509
32 0 4.6912791593072
32 1000 7.79629047946398
33 0 5.77418414575381
33 1000 20.2763846612462
34 0 5.71499814520858
34 1000 48.5124869438035
35 0 5.857409686845
35 1000 36.3608932254485
36 0 3.91161082480443
36 1000 14.8542864768907
37 0 5.1170585633116
37 1000 31.3622729316349
38 0 6.45539458549653
38 1000 18.9194099489244
39 0 5.71892810176663
39 1000 19.7730306022724
40 0 8.09975365897904
40 1000 50.9594575007615
41 0 3.73229800399751
41 1000 18.8778538634542
42 0 5.76723218865901
42 1000 20.1003769424461
43 0 5.77077686962217
43 1000 36.5613993102936
44 0 4.59039919379821
44 1000 32.5385957148363
45 0 6.40743771900222
45 1000 25.6085418244389
46 0 3.58864417677982
46 1000 40.3280713238995
47 0 5.1207195223504
47 1000 27.6905269341099
48 0 5.45293757603947
48 1000 38.4483202672284
49 0 4.24314140994936
49 1000 26.8838106882462
50 0 5.73373477111207
50 1000 55.1660028620049
51 100 4.81041704597329
51 1000 39.6461209553142
52 100 9.84460301072448
52 1000 67.4435947110377
53 100 6.62589091261268
53 1000 19.3229954011286
54 100 6.83028591042712
54 1000 22.1340531628186
55 100 4.36654584632949
55 1000 19.3953188235751
56 100 5.45516224135642
56 1000 13.73892631659
57 100 6.83985849073891
57 1000 41.5732114980982
58 100 4.4543296152556
58 1000 31.400824156808
59 100 9.60137227924734
59 1000 31.9041730772695
60 100 5.19614615097447
60 1000 37.4162360250129
61 100 5.4262827126375
61 1000 19.946876128266
62 100 5.69936690605105
62 1000 29.9534743448616
63 100 4.55646636817209
63 1000 28.2770550020576
64 100 8.0811440290964
64 1000 14.3135001601284
65 100 6.13802527891365
65 1000 41.7694971912296
66 100 5.16111872880064
66 1000 26.8939259184493
67 100 7.89856937875043
67 1000 39.6195014676649
68 100 5.15467230703259
68 1000 33.6989380884047
69 100 5.9264701547401
69 1000 32.4114759574583
70 100 4.71124479241342
70 1000 21.6888613523728
71 100 3.68668883030037
71 1000 56.6799284874425
72 100 4.62320401684373
72 1000 15.4122694550922
73 100 5.51656496922272
73 1000 20.1934733306183
74 100 6.92645431618516
74 1000 26.7225936012401
75 100 5.64126844116502
75 1000 41.0353097743988
76 100 8.48680806988951
76 1000 14.907537152974
77 100 6.11037288189589
77 1000 69.3768126673677
78 100 5.0668741333653
78 1000 21.58591049128
79 100 3.40096054553736
79 1000 33.5351980538704
80 100 4.04041830341652
80 1000 32.0275312234681
81 100 4.32380925674798
81 1000 34.8503645624078
82 100 4.49457692443225
82 1000 10.6714294780771
83 100 8.28573025525545
83 1000 66.5818672531017
84 100 3.41815423954238
84 1000 78.3238008641858
85 100 7.48946834981036
85 1000 26.5064673544007
86 100 10.9514341024553
86 1000 41.8170939079214
87 100 6.28752091726473
87 1000 45.3246770930033
88 100 4.42306651779771
88 1000 35.6502137729823
89 100 5.91561923118209
89 1000 7.07619936397822
90 100 8.03599815630492
90 1000 32.1944193583042
91 100 6.65261779776233
91 1000 28.0520340494864
92 100 6.25726437966652
92 1000 14.6554922491233
93 100 3.05181551564331
93 1000 10.828442378058
94 100 9.75064043604862
94 1000 33.6494569148239
95 100 5.93511579203885
95 1000 25.5505455351502
96 100 6.70370593682101
96 1000 15.7989873005021
97 100 9.78568113577208
97 1000 14.3451205181483
98 100 7.17218191933124
98 1000 24.4020720269163
99 100 6.49322368718341
99 1000 119.909301114273
100 100 4.79327588116024
100 1000 26.1242414217176
101 0 4.2329711854525
101 300 6.65230721429613
102 0 6.5085565316453
102 300 34.0371674989708
103 0 4.99946104309007
103 300 7.77959734674962
104 0 6.48781297859656
104 300 8.70099254577599
105 0 9.85206007372858
105 300 7.55832640933123
106 0 7.2341667582948
106 300 34.7237499846123
107 0 5.82437359099289
107 300 9.79499307199313
108 0 6.94272259561661
108 300 20.6068716857409
109 0 4.27973519250598
109 300 14.2816920385926
110 0 7.16020149916436
110 300 12.1086001163264
111 0 5.47741256182808
111 300 17.6003784039898
112 0 7.98791258067107
112 300 11.2116108668616
113 0 6.74312929026329
113 300 11.9179141607143
114 0 3.89465335176585
114 300 19.4292779980101
115 0 4.33498540011777
115 300 15.5576579134648
116 0 6.60483969019535
116 300 24.0437545922041
117 0 4.70476079589767
117 300 21.8341859615807
118 0 4.7940455833094
118 300 7.97326635322677
119 0 3.5555668958899
119 300 16.6932647071185
120 0 5.69750713497262
120 300 5.93204249680667
121 0 5.83038949010166
121 300 14.2378003544237
122 0 5.52121913859991
122 300 14.0711402912809
123 0 3.08968134987726
123 300 17.9325148876762
124 0 3.14822323151597
124 300 6.28566574347612
125 0 4.23475903705268
125 300 5.26588706870829
126 0 3.62834216322692
126 300 7.54750147781765
127 0 4.37820555307826
127 300 15.4996831197799
128 0 2.21669811135059
128 300 4.86098365892534
129 0 3.88431586782291
129 300 22.5400698279915
130 0 6.13527843926316
130 300 43.0924534754279
131 0 7.10352907804863
131 300 6.96324196129653
132 0 3.45464782410654
132 300 3.20861263977558
133 0 6.76624490572049
133 300 11.7395845813394
134 0 5.22249794968011
134 300 14.8258659184208
135 0 2.61596263847041
135 300 12.4107157391308
136 0 4.7479547322336
136 300 10.7543094025981
137 0 4.37139226492012
137 300 9.61155993845749
138 0 3.40956278659087
138 300 18.4360397136108
139 0 7.96361482634578
139 300 27.1186291017665
140 0 11.243754219642
140 300 14.8749944763647
141 0 5.83349505300629
141 300 25.7457802234647
142 0 4.26838589875087
142 300 18.9260196064697
143 0 3.79104498207848
143 300 9.62313331464092
144 0 5.70934716787362
144 300 6.45824380089375
145 0 3.77428387023656
145 300 5.31176551790618
146 0 5.5487115728226
146 300 4.10490161417707
147 0 3.31339221606386
147 300 17.0302487128596
148 0 3.66718541239198
148 300 16.7463609492211
149 0 6.23969485809971
149 300 14.0021743498563
150 0 6.23909146297615
150 300 23.3669963732429
151 100 5.43675050323139
151 300 21.0870175748727
152 100 6.90913608677007
152 300 6.84430154216569
153 100 5.88476454149095
153 300 17.0505482732946
154 100 6.37942529427778
154 300 9.89196764700559
155 100 5.5687540738364
155 300 8.47833260786935
156 100 8.32592674358572
156 300 11.8644719196695
157 100 5.35097802838812
157 300 8.54794780507907
158 100 7.10669035819385
158 300 13.4326545082787
159 100 4.0469876042633
159 300 14.341375968961
160 100 4.40400246768581
160 300 9.78270701402309
161 100 4.04220883637073
161 300 5.99623666577023
162 100 8.54394727029905
162 300 10.3172585798672
163 100 4.81124577957935
163 300 7.07477051875946
164 100 12.0092732936942
164 300 26.8094661992641
165 100 4.77051091217255
165 300 7.03090398083424
166 100 6.06183355192003
166 300 9.80499260155938
167 100 3.90280878009344
167 300 6.2032948743561
168 100 6.81695343564224
168 300 30.0824350600193
169 100 4.22804791386193
169 300 16.2923311833512
170 100 7.36844354653128
170 300 12.2236303493527
171 100 6.33800366348819
171 300 16.5682312135276
172 100 5.8793669403289
172 300 5.23158811222051
173 100 6.23929398933935
173 300 17.3711929541465
174 100 6.34264289074293
174 300 16.9040224696055
175 100 6.28636565653215
175 300 14.4118398313826
176 100 8.33130099777797
176 300 27.4920369908989
177 100 6.04687422400407
177 300 9.07946332411424
178 100 5.78485847538567
178 300 14.1626566969092
179 100 4.31260596553195
179 300 4.53975158920155
180 100 7.22730793645118
180 300 8.80980243658459
181 100 3.87622550520905
181 300 8.68127450967213
182 100 4.796786567383
182 300 5.87534527922204
183 100 5.20571431741752
183 300 8.25223233963888
184 100 4.29330494118223
184 300 12.8072709712753
185 100 4.74994426803315
185 300 6.4073554889264
186 100 5.24821019001498
186 300 6.83622396255184
187 100 6.17768757097241
187 300 8.37137653672566
188 100 2.58165585484055
188 300 7.84895048834804
189 100 9.14105674682754
189 300 12.4184087418567
190 100 7.60658736124569
190 300 9.90297595112329
191 100 4.99330105457016
191 300 12.6853342714526
192 100 5.50814241955808
192 300 15.067226550824
193 100 10.3038365785924
193 300 13.2774855865551
194 100 5.39433394284342
194 300 4.41485895872768
195 100 7.25297934604319
195 300 13.3582627036663
196 100 8.13516419174222
196 300 26.0065595895614
197 100 4.02142444460566
197 300 10.1064937542073
198 100 5.72450435621816
198 300 6.57631592048965
199 100 9.72024173406638
199 300 15.8490869670319
200 100 7.26158032728395
200 300 13.5661850014608
