id dose y
1 0 8.60221391175795
1 1000 27.9961095455018
2 0 6.46691338555847
2 1000 12.9906594944382
3 0 7.29544254987425
3 1000 36.9819358188568
4 0 6.56977191957681
4 1000 34.3215490908117
5 0 7.1846263173676
5 1000 59.4112279016777
6 0 5.14375635144907
6 1000 22.2080133252088
7 0 5.20739693827762
7 1000 24.8406384904035
8 0 8.10116762752689
8 1000 10.4642257065982
9 0 4.94016445779747
9 1000 54.0793905027689
10 0 8.07555443517562
10 1000 49.4527760649496
11 0 5.55346324548335
11 1000 47.1449106057643
12 0 4.15317196252826
12 1000 32.0491995587572
13 0 6.83731014931213
13 1000 21.3061164156473
14 0 6.64134643320368
14 1000 21.7240218811911
15 0 5.5995297722722
15 1000 20.1898037484615
16 0 5.58068224772883
16 1000 45.5339669949559
17 0 3.86380664218905
17 1000 66.4113073401558
18 0 9.12820100997921
18 1000 37.6344989912399
19 0 3.54572839407114
19 1000 37.8688935277472
20 0 2.96248254889049
20 1000 34.1517143441083
21 0 2.69773166029746
21 1000 27.0086636361021
22 0 2.38818203175493
22 1000 10.8903582555227
23 0 3.48105966794751
23 1000 28.3898189338283
24 0 6.40090298217628
24 1000 17.890410138379
25 0 6.17063431843254
25 1000 34.69502361821
26 0 16.1195716022572
26 1000 31.6058565242569
27 0 5.97921974203047
27 1000 20.385283669937
28 0 4.86843817698973
28 1000 10.6275513943946
29 0 3.37941183964671
29 1000 20.233821035537
30 0 7.0693953409294
30 1000 37.8402606796714
31 0 7.26906280069693
31 1000 17.181053840288
32 0 7.0070710125229
32 1000 13.1929971715946
33 0 3.13266193454325
33 1000 38.7509669996648
34 0 5.06670961681191
34 1000 19.0259925142312
35 0 6.38086221611889
35 1000 22.0017728475197
36 0 5.78415202794686
36 1000 43.5903556400042
37 0 5.91843722920026
37 1000 9.7014518263531
38 0 3.52753443232054
38 1000 5.4017904632358
39 0 8.14347909171637
39 1000 36.0430951908887
40 0 6.9195402382076
40 1000 33.4702532277986
41 0 6.19767613583756
41 1000 28.2043613064426
42 0 3.84086371995233
42 1000 61.2724567891703
43 0 3.128339535108
43 1000 17.9795124029068
44 0 5.25880341107307
44 1000 22.6749531916771
45 0 4.10687202441078
45 1000 26.7399233431004
46 0 8.0870845188013
46 1000 35.7895375393625
47 0 4.08660864689092
47 1000 26.13165080799
48 0 5.08477024189673
48 1000 40.0390646129327
49 0 2.87318727567137
49 1000 19.2642654631373
50 0 3.53518699860519
50 1000 22.8083303736704
51 100 13.3368209123867
51 1000 15.234083712019
52 100 8.02756291512842
52 1000 53.6566962947968
53 100 5.5889926954862
53 1000 19.9198511335012
54 100 6.03134154997177
54 1000 11.0827471542912
55 100 6.45104732093246
55 1000 17.5680818002584
56 100 5.80149968159264
56 1000 19.4632830902263
57 100 3.16454621367352
57 1000 30.1420430209096
58 100 5.90704974171735
58 1000 29.2168994956534
59 100 4.76669583796528
59 1000 12.117871740679
60 100 6.61231869085884
60 1000 44.4007415450069
61 100 6.02746570765723
61 1000 33.4721815263667
62 100 6.20949736074266
62 1000 30.6590979202119
63 100 4.60643006715936
63 1000 50.5608256405805
64 100 5.12617679236895
64 1000 38.3290332061081
65 100 6.39780295125723
65 1000 9.37434843339275
66 100 6.00444250162707
66 1000 58.035835877579
67 100 6.80888819697183
67 1000 22.4818729564981
68 100 7.0529832735572
68 1000 40.621660225663
69 100 4.01509281463648
69 1000 15.7468300708704
70 100 6.99708096716894
70 1000 28.3894669371915
71 100 6.78027455916274
71 1000 12.9074034023533
72 100 4.58611512676858
72 1000 21.860683084746
73 100 6.21554903281426
73 1000 17.0861956065082
74 100 5.13740662231103
74 1000 26.8493508154628
75 100 9.15996716564357
75 1000 26.4947224283739
76 100 5.05113391843153
76 1000 17.6826691877306
77 100 6.72462730830623
77 1000 38.3157340694327
78 100 7.93896362398939
78 1000 36.989899686764
79 100 6.25060854023577
79 1000 14.1209850520201
80 100 5.01839900526196
80 1000 11.3852974921269
81 100 5.99289642052119
81 1000 20.2396397222766
82 100 5.7384339205544
82 1000 20.6819271217794
83 100 4.91099770907931
83 1000 27.2992511242334
84 100 28.0099742551666
84 1000 64.8434469514675
85 100 3.3965393284124
85 1000 27.7313084295296
86 100 3.35967930528097
86 1000 11.4546820910508
87 100 5.03417319535837
87 1000 13.0530176884471
88 100 8.80955610154804
88 1000 21.9086987731484
89 100 5.03878506148739
89 1000 29.8633026311031
90 100 3.83691074006003
90 1000 19.1006692492287
91 100 4.72175816903076
91 1000 8.98274783102649
92 100 5.84516944469575
92 1000 17.9813328013274
93 100 21.9256926137424
93 1000 24.9582406996762
94 100 4.5027830869428
94 1000 17.3661927928974
95 100 6.64293710527999
95 1000 12.5094261152725
96 100 3.77196140175673
96 1000 17.0227823765732
97 100 5.30340251840757
97 1000 23.8300161746167
98 100 3.82285495541992
98 1000 43.6383973835391
99 100 8.62784116275145
99 1000 51.8729735038498
100 100 7.89804112553858
100 1000 17.8159070437906
101 0 4.52643563551776
101 300 14.3437471934821
102 0 5.08889435392855
102 300 10.7053306873305
103 0 3.92377744404221
103 300 21.1241774261795
104 0 5.25839252092423
104 300 14.7532162767648
105 0 3.78364927410582
105 300 3.58833016069926
106 0 3.97773501174622
106 300 4.63901428335354
107 0 3.08770349893812
107 300 4.63760267268362
108 0 5.83559871413965
108 300 9.59099701953339
109 0 4.14086453566682
109 300 4.69455266536879
110 0 5.26395129338212
110 300 11.744086918971
111 0 7.78733955605532
111 300 11.6582262929613
112 0 6.27813427050817
112 300 7.26321943129652
113 0 4.20223358351396
113 300 6.60629729291154
114 0 3.728334162449
114 300 11.0277320488567
115 0 5.65482163640543
115 300 8.43280092455558
116 0 4.87151932413555
116 300 22.7522718008078
117 0 4.19652725569875
117 300 13.2377244619603
118 0 4.38969680576169
118 300 7.33907765471861
119 0 4.62875326072736
119 300 6.68990978132645
120 0 4.84266615418648
120 300 7.51988806579207
121 0 3.44943723121005
121 300 5.47755090288347
122 0 3.95248988614656
122 300 4.70490992780742
123 0 4.69042826105827
123 300 4.88884648076131
124 0 2.65374526614746
124 300 7.8789658562775
125 0 7.31569005084552
125 300 24.7192882896617
126 0 4.34989692249898
126 300 11.1098921170632
127 0 4.52528704125766
127 300 7.91909658263611
128 0 3.44393922730253
128 300 7.26043459117318
129 0 4.61413948138204
129 300 20.6347429897147
130 0 3.03562100683621
130 300 21.6322625154942
131 0 5.48760235454406
131 300 19.1563547562284
132 0 5.69606976487912
132 300 10.4105902422841
133 0 4.36393712039474
133 300 17.0416241125039
134 0 4.83532745857852
134 300 6.29829175502948
135 0 8.54199503907788
135 300 11.2556208097578
136 0 2.55817659529238
136 300 4.47265480816476
137 0 8.00016526860884
137 300 18.3877695405039
138 0 4.73166859058091
138 300 27.6874550038418
139 0 5.86202165918394
139 300 5.53010457629794
140 0 7.12779372143329
140 300 17.7922048044895
141 0 3.29487124456662
141 300 19.4431836397516
142 0 6.72631583446117
142 300 7.05378444028327
143 0 4.3386027598215
143 300 7.91753257645458
144 0 5.89464399668999
144 300 9.68184385552249
145 0 5.91818721697769
145 300 10.1004921171445
146 0 4.99926227865627
146 300 6.5148447097065
147 0 3.75357992613307
147 300 3.22675214479856
148 0 7.04408242083335
148 300 8.19426584911031
149 0 4.58330981584953
149 300 20.3861012308607
150 0 5.45931607696591
150 300 7.77364947167246
151 100 2.64908503768799
151 300 5.62365373250582
152 100 8.72602095336585
152 300 10.3338264639365
153 100 9.41505566804612
153 300 15.3107399921841
154 100 6.33724369195403
154 300 11.0276996476057
155 100 6.01302372107028
155 300 6.14600803587928
156 100 5.70069075360468
156 300 10.9408294362281
157 100 4.6928485702424
157 300 15.5558793111906
158 100 6.72580206342792
158 300 6.52157032394262
159 100 3.92706400924294
159 300 7.31731524741747
160 100 4.92920106493145
160 300 12.053822540134
161 100 4.49347637152945
161 300 5.24827305173034
162 100 7.02643079878273
162 300 20.5511374482174
163 100 3.63173563534888
163 300 6.1754122392721
164 100 11.3065440322981
164 300 49.9117496509638
165 100 5.06129096409038
165 300 5.43568380984712
166 100 6.60751743749854
166 300 6.14347675929421
167 100 7.33916495431549
167 300 59.1075041118315
168 100 10.8518478646905
168 300 17.8771068966298
169 100 6.89091243149326
169 300 7.77169097267934
170 100 4.25726968950557
170 300 10.5879373282236
171 100 8.00379816531036
171 300 19.06977649315
172 100 3.76192399837244
172 300 6.40402303084267
173 100 5.36890127846412
173 300 15.170968813347
174 100 6.46397652613552
174 300 12.4150225737177
175 100 7.49765922228084
175 300 8.38194116594918
176 100 8.82123965870615
176 300 13.9152772840038
177 100 9.80493387590891
177 300 10.7709527100901
178 100 5.97380764750853
178 300 10.7735469546471
179 100 6.6934876635845
179 300 14.5489871192202
180 100 8.13355660503807
180 300 19.0991584613662
181 100 3.18155723243995
181 300 8.48587601219762
182 100 4.05564338346936
182 300 4.03906378991693
183 100 3.47147327299302
183 300 4.03054867595169
184 100 6.15301987198051
184 300 15.3234746813379
185 100 6.81075608086105
185 300 22.8242653204566
186 100 8.8490986203331
186 300 17.0914494604996
187 100 16.1745722686437
187 300 27.3122523017286
188 100 6.61478102515642
188 300 7.73295911913659
189 100 9.15810033914196
189 300 20.9606508343779
190 100 7.06101648728623
190 300 6.83565556298089
191 100 4.95424856447352
191 300 12.1647779025207
192 100 6.32536173388362
192 300 11.1309969777884
193 100 6.94038584666276
193 300 7.75222319582217
194 100 9.48915565196034
194 300 8.81597650670298
195 100 5.83365895769267
195 300 33.8871147696482
196 100 5.1084752720109
196 300 8.91919628403791
197 100 6.36363381120728
197 300 15.4651855372467
198 100 3.63833348301347
198 300 9.40755295625419
199 100 4.69340933205525
199 300 18.8946857104949
200 100 5.64001991083689
200 300 7.14422957040105
