id dose y
1 0 6.3276687474009
1 1000 24.519937973535
2 0 3.04031373836836
2 1000 8.69354592404176
3 0 5.48890403190572
3 1000 5.19379507136205
4 0 2.90865387357891
4 1000 8.77433622967178
5 0 4.90934019949288
5 1000 13.6765229824052
6 0 4.50748448952202
6 1000 15.934699256193
7 0 8.12240921538804
7 1000 67.4104724583189
8 0 5.22369933715108
8 1000 32.9022941732441
9 0 4.16326271703292
9 1000 26.3042348591641
10 0 4.18961994136584
10 1000 49.7533685033595
11 0 7.37068928345299
11 1000 13.3452657449547
12 0 3.79978860509667
12 1000 60.8902401406874
13 0 2.87919044863166
13 1000 12.0046957108691
14 0 3.03033982672587
14 1000 42.9054224458892
15 0 6.73895791793834
15 1000 9.43009899559797
16 0 4.98576240484539
16 1000 31.4697754987607
17 0 5.57808984591396
17 1000 28.3113507136403
18 0 5.07984001460476
18 1000 59.7515674907862
19 0 3.8845452196902
19 1000 34.7038504188649
20 0 3.95419651081505
20 1000 37.4615527772533
21 0 3.93563084037604
21 1000 28.1557476779127
22 0 4.32728149370591
22 1000 29.9680660871559
23 0 6.61834328487807
23 1000 21.8028992176658
24 0 5.84470602102187
24 1000 31.0998801830937
25 0 3.90946649361391
25 1000 34.3166522300556
26 0 4.69984632431798
26 1000 24.6937782497733
27 0 5.05438078890497
27 1000 53.1347973844501
28 0 5.12570597526671
28 1000 56.6708740074506
29 0 6.7763548572551
29 1000 9.99024143030685
30 0 3.19571915154518
30 1000 37.5657102298531
31 0 4.70784121334655
31 1000 11.7192948968769
32 0 3.29682900770118
32 1000 67.1820379743328
33 0 4.96421855793921
33 1000 51.4273233605639
34 0 6.82740519288279
34 1000 50.8010358643107
35 0 3.13476268829551
35 1000 25.2778372497306
36 0 4.66997222234188
36 1000 20.197474878846
37 0 7.84201986939154
37 1000 18.1691523772874
38 0 4.60594709617522
38 1000 14.9625322882484
39 0 1.89691965710348
39 1000 68.7912438256269
40 0 5.02926142291181
40 1000 30.3771518273288
41 0 5.17276634233462
41 1000 19.5008117319375
42 0 5.59548999764839
42 1000 87.8042681933591
43 0 4.14302094529368
43 1000 31.716139391672
44 0 3.90066459770077
44 1000 29.2104037568785
45 0 4.46057798944905
45 1000 33.6523405220475
46 0 3.49168379138987
46 1000 23.056092879162
47 0 4.9081980237037
47 1000 24.9786953877346
48 0 6.44457204158525
48 1000 30.9861740522179
49 0 4.43052932139354
49 1000 18.8388106969416
50 0 6.10662474722156
50 1000 18.4171810359884
51 100 8.2091830980087
51 1000 15.3410675102876
52 100 6.24789427592038
52 1000 39.2442851988055
53 100 6.90589313900729
53 1000 31.8769879726287
54 100 7.66797508935992
54 1000 27.9493439089354
55 100 4.89962591803495
55 1000 37.649525436268
56 100 6.17850044216753
56 1000 18.1812554539875
57 100 18.6023521491902
57 1000 67.8793583520455
58 100 3.65175274343918
58 1000 17.2576303722946
59 100 5.73963953723714
59 1000 13.0318017335319
60 100 12.8296434772575
60 1000 15.0860001850442
61 100 3.95607827124263
61 1000 20.891832945094
62 100 8.3928250106869
62 1000 17.0870258495304
63 100 8.37393926298435
63 1000 55.408730063905
64 100 6.21142063192274
64 1000 19.8879985651573
65 100 8.72274130334045
65 1000 16.4373789283161
66 100 6.02505527836677
66 1000 23.4702193031288
67 100 4.82796249486232
67 1000 7.91003041253758
68 100 5.72186089113049
68 1000 41.9154595914135
69 100 8.52772344480912
69 1000 48.4605241311428
70 100 5.7283035634629
70 1000 57.0542785549054
71 100 3.79149659773588
71 1000 20.6384780313206
72 100 4.21804438622853
72 1000 14.5613406902378
73 100 5.09398881006916
73 1000 22.7600058186321
74 100 6.70632803625063
74 1000 22.5990662843365
75 100 3.258078049919
75 1000 20.203639341538
76 100 4.00970227073201
76 1000 32.2143413639372
77 100 3.92928172041197
77 1000 65.3619556634677
78 100 6.61754213967643
78 1000 24.4450293559886
79 100 4.39580230364864
79 1000 38.2185107555422
80 100 5.28665049022081
80 1000 26.7049780314267
81 100 3.22787900060285
81 1000 15.5093549461594
82 100 3.88695065855505
82 1000 21.7444552912691
83 100 7.93411290583181
83 1000 53.5307812268577
84 100 5.08931542146269
84 1000 5.22276308374847
85 100 7.4312997599971
85 1000 24.2266487556579
86 100 2.59473699787562
86 1000 42.3083685859622
87 100 4.66497727451254
87 1000 17.895220130662
88 100 4.77791024569099
88 1000 33.3709778662689
89 100 4.62741088784978
89 1000 46.1978083388522
90 100 6.77470742711122
90 1000 90.9554928411463
91 100 3.04991979806591
91 1000 22.242552872315
92 100 5.47971501624451
92 1000 24.3853966940533
93 100 6.77881893981487
93 1000 13.87066753594
94 100 7.76976657839087
94 1000 75.4293411879056
95 100 8.67180986567615
95 1000 29.0244603402384
96 100 6.27091447341834
96 1000 15.7011964488148
97 100 6.08122917761053
97 1000 27.7590549517977
98 100 6.24622383614521
98 1000 27.2577955119941
99 100 4.96686977491884
99 1000 16.7319693910042
100 100 8.87436403405144
100 1000 29.5193737626759
101 0 5.31203263539099
101 300 12.7909831823792
102 0 4.69096164942228
102 300 4.9706261833011
103 0 8.28654034733835
103 300 10.8889816761398
104 0 7.64731675316562
104 300 11.2556728683964
105 0 4.18986330832041
105 300 9.32546726804979
106 0 3.40928976743035
106 300 18.1564967504167
107 0 5.56107132122666
107 300 22.3830711992988
108 0 5.59827905551158
108 300 6.90090788143257
109 0 3.64628555567961
109 300 5.43077093906142
110 0 5.55656166614636
110 300 15.3496423400232
111 0 4.41358872513914
111 300 8.9007973079899
112 0 6.75547638104632
112 300 8.9359466487724
113 0 7.67279728501738
113 300 8.83061295207554
114 0 5.18481040316067
114 300 10.9023342640797
115 0 7.13222216100659
115 300 12.8506726511294
116 0 6.28733358389058
116 300 7.60926268455
117 0 5.01262327060446
117 300 9.62122110262106
118 0 5.31881010222069
118 300 40.9857963604212
119 0 4.6138754884679
119 300 35.6591460224379
120 0 4.70418061591226
120 300 9.36294148555137
121 0 6.40818901323953
121 300 8.22797057342007
122 0 3.6604715371208
122 300 6.74077392843818
123 0 4.03538234305954
123 300 8.54484860513541
124 0 4.99340234141536
124 300 10.0851876832557
125 0 3.39606911181916
125 300 5.6660545091481
126 0 3.25321929859529
126 300 10.57506471028
127 0 6.09464623175727
127 300 6.09702540238333
128 0 5.6823883330094
128 300 32.9358057272158
129 0 6.63727650259029
129 300 6.79136181134874
130 0 4.03141593300402
130 300 10.9315640532001
131 0 4.25119089474864
131 300 20.7953673773162
132 0 6.1632341856088
132 300 12.949778792484
133 0 5.15029217796455
133 300 17.7508977770698
134 0 7.44922549624392
134 300 10.9391218099504
135 0 5.11133149574693
135 300 6.26275449021923
136 0 4.97770573175876
136 300 5.66540720836247
137 0 3.68545013650318
137 300 8.27369635166867
138 0 6.70371141712942
138 300 35.3028833382713
139 0 7.90095997987856
139 300 17.8568180268255
140 0 4.55646218593444
140 300 18.7970028818493
141 0 2.63784693673645
141 300 11.4984688627953
142 0 2.64308705821373
142 300 13.366909683646
143 0 3.39047833556748
143 300 15.7506159544231
144 0 3.17331034369922
144 300 7.93029556458218
145 0 2.7165081545293
145 300 14.5990517879008
146 0 2.63936054813286
146 300 8.14678003307035
147 0 4.98100178451286
147 300 8.03571945761704
148 0 5.70035714385376
148 300 4.76705540390675
149 0 5.02560113587054
149 300 8.34958574254613
150 0 7.09682279689882
150 300 14.4360236756537
151 100 6.51111953178943
151 300 7.09488296465511
152 100 6.70764439812106
152 300 20.4910050517456
153 100 4.58908509631479
153 300 18.1612185171848
154 100 6.07757551756338
154 300 6.46646539860399
155 100 7.90283986720228
155 300 32.4257568593208
156 100 5.19761257943789
156 300 8.05478149226845
157 100 5.76585046815165
157 300 15.6932273388036
158 100 8.79502578889628
158 300 20.9411249144811
159 100 4.79860807672402
159 300 7.19488695213932
160 100 7.03741672981042
160 300 18.1397562528765
161 100 4.34677833747925
161 300 12.5691464182848
162 100 4.05311861478461
162 300 4.67976000625627
163 100 5.07783799943383
163 300 9.10527262843582
164 100 3.70834540057343
164 300 5.42367087253891
165 100 4.96297127198927
165 300 14.6065268124397
166 100 2.97329624434845
166 300 5.48151198977807
167 100 10.2522312410499
167 300 28.8260387342117
168 100 11.6080669378026
168 300 28.7853172790958
169 100 9.19099998671999
169 300 36.6723407348173
170 100 6.94073799565062
170 300 10.0738093296884
171 100 7.28270071371273
171 300 25.6635492649653
172 100 5.78396632970352
172 300 9.47368723406367
173 100 6.54838865876574
173 300 26.3574629369772
174 100 6.48671057543194
174 300 7.27700136296307
175 100 5.10454767132384
175 300 9.86225701237004
176 100 5.23260750218417
176 300 13.3243235820827
177 100 4.17630598819228
177 300 16.5728345190627
178 100 6.07504791229104
178 300 9.53738952195554
179 100 6.61869462499971
179 300 10.4870714014171
180 100 4.9556352336799
180 300 10.9641295635951
181 100 5.40497519094895
181 300 6.7411127666317
182 100 6.75625724869218
182 300 8.47714591336006
183 100 4.96051482007229
183 300 12.6163132701033
184 100 6.93916837924941
184 300 15.5385575648117
185 100 7.52519070336583
185 300 40.2844504641703
186 100 14.5779121164592
186 300 21.5293881159205
187 100 7.22272151462385
187 300 40.1211801902663
188 100 4.58350934821945
188 300 5.91513896050933
189 100 3.18722224475425
189 300 6.09864358457688
190 100 4.95613944365809
190 300 9.90792572295244
191 100 10.6527552806751
191 300 18.5128740748939
192 100 10.9612439337347
192 300 24.9141095033031
193 100 4.45082485108149
193 300 10.3453777501339
194 100 10.957772686987
194 300 37.2959907860095
195 100 9.86804541420181
195 300 22.5775247682285
196 100 4.02251208811511
196 300 21.3305141823033
197 100 8.13464787317639
197 300 7.62465577614222
198 100 4.39540230706261
198 300 13.168057187064
199 100 4.51617501954499
199 300 14.3830512201286
200 100 4.83515032514896
200 300 6.79711520214387
