id dose y
1 0 3.48999566987985
1 1000 20.2187279568074
2 0 5.23921237509193
2 1000 36.3720281910724
3 0 3.51382705075946
3 1000 20.3934677835399
4 0 7.39469668684294
4 1000 21.7868273148896
5 0 4.58076199004698
5 1000 29.386823727552
6 0 5.0415240561436
6 1000 29.8534591129487
7 0 6.26615831281391
7 1000 63.4164329916621
8 0 3.37034379387661
8 1000 27.3141858864244
9 0 8.82941214496645
9 1000 47.9802784394816
10 0 5.50478372676875
10 1000 42.8531459545387
11 0 9.59680409736223
11 1000 22.6085006664226
12 0 5.64286756718506
12 1000 29.3359231544476
13 0 5.24036860186779
13 1000 78.917172904714
14 0 7.24325303383767
14 1000 19.6191309433216
15 0 4.58670450445448
15 1000 73.2672459459923
16 0 7.45776191434405
16 1000 37.558758696488
17 0 7.6271973370393
17 1000 14.9134839698359
18 0 8.78349022123251
18 1000 29.6149807802249
19 0 6.81072928264746
19 1000 193.782038215328
20 0 6.01729705562733
20 1000 31.5950521624261
21 0 5.4372369154795
21 1000 31.5783735253702
22 0 4.12033444114428
22 1000 39.34273656817
23 0 3.53506153306375
23 1000 39.048630057644
24 0 2.65979507188954
24 1000 12.0857528809344
25 0 3.41332387561348
25 1000 20.1573280356881
26 0 5.34631500677177
26 1000 14.0971700822383
27 0 3.62455356041747
27 1000 75.6004789068732
28 0 4.61291085628893
28 1000 44.5823934346427
29 0 6.38785950572401
29 1000 45.8111436826714
30 0 6.57249129814143
30 1000 25.1445510813042
31 0 6.01808116007754
31 1000 25.7877741512412
32 0 6.07324001118594
32 1000 19.8100207796042
33 0 4.95042556373887
33 1000 56.8769615372325
34 0 3.04798304201436
34 1000 49.360303071727
35 0 4.84755091509487
35 1000 42.7564186625289
36 0 3.7507964129171
36 1000 34.9970395591644
37 0 4.87905143667526
37 1000 26.7762165919568
38 0 6.68701423255372
38 1000 37.6385506160374
39 0 3.99891531484303
39 1000 19.9411568389205
40 0 7.78854429328343
40 1000 38.7902446633025
41 0 4.94575502556022
41 1000 20.2613728947238
42 0 4.21048358058528
42 1000 15.1542093019502
43 0 5.37435950280048
43 1000 12.5751883242349
44 0 2.34233340750282
44 1000 28.7471026358916
45 0 6.04252572368965
45 1000 24.2208639610349
46 0 5.87738657123229
46 1000 19.1295372089154
47 0 3.70841032650948
47 1000 43.4686045085041
48 0 3.71729707900012
48 1000 24.7093669929348
49 0 7.48384678742123
49 1000 43.1828393534816
50 0 6.20534773517348
50 1000 41.719374994336
51 100 5.39082377892706
51 1000 9.96042201957991
52 100 5.03679403273454
52 1000 12.2264083151391
53 100 3.9955476748344
53 1000 11.3035927303556
54 100 11.8529856291169
54 1000 25.3865881846333
55 100 3.62784206003126
55 1000 20.5162519069321
56 100 2.63962529771751
56 1000 42.2175448651449
57 100 3.52912240779631
57 1000 35.7069961509825
58 100 6.45405662915391
58 1000 11.5815022467556
59 100 15.4975465777176
59 1000 28.7621060360799
60 100 8.10587483235254
60 1000 24.7864931259602
61 100 7.36291983610384
61 1000 20.3916229823873
62 100 6.37550124668069
62 1000 22.1508356011872
63 100 7.73260420172052
63 1000 21.8664950569913
64 100 3.5362717538338
64 1000 10.8590641488015
65 100 4.20823371275329
65 1000 16.5602784504683
66 100 6.46300625709708
66 1000 16.9008275137973
67 100 6.33756806470132
67 1000 25.2096781659827
68 100 7.16914871055986
68 1000 26.8236584408739
69 100 2.65334143518494
69 1000 19.2971481408045
70 100 6.88249057500464
70 1000 46.1211292206962
71 100 4.38502611207667
71 1000 22.8586396411875
72 100 5.18915632245424
72 1000 24.5423133424247
73 100 3.74926060436534
73 1000 45.5001404786895
74 100 5.6552333602087
74 1000 29.6505063563804
75 100 4.74289860273803
75 1000 103.924108316235
76 100 6.61698543888099
76 1000 40.1941307204932
77 100 4.93531335802744
77 1000 50.3873731871825
78 100 4.26547295376824
78 1000 20.1048413674799
79 100 5.98290181523712
79 1000 10.5893460590927
80 100 3.92519353146947
80 1000 14.7571889416077
81 100 5.24247825544509
81 1000 41.6540747375496
82 100 6.08217376051917
82 1000 13.0187221753313
83 100 4.50863653309913
83 1000 9.39207387079694
84 100 5.03363343887275
84 1000 35.2260509848865
85 100 4.65119879231316
85 1000 48.9410325691036
86 100 4.67078379479441
86 1000 26.6516068320799
87 100 3.19403091156635
87 1000 25.1507346445412
88 100 7.91876439744559
88 1000 30.0290384808023
89 100 5.36921346061471
89 1000 31.8649064392575
90 100 5.00606421515634
90 1000 13.0118923903562
91 100 3.23349533978789
91 1000 53.6633801554911
92 100 7.04978164630294
92 1000 32.3046485729118
93 100 5.58220558163631
93 1000 24.2981479265714
94 100 4.32176619522474
94 1000 33.5341124579627
95 100 16.6669416440359
95 1000 26.5148346318319
96 100 4.88570733671412
96 1000 33.0340970522144
97 100 5.41234151024454
97 1000 21.0463296923194
98 100 4.92220422327811
98 1000 30.0118214011753
99 100 7.35683030322189
99 1000 18.6186121382458
100 100 8.74506747229637
100 1000 27.6189430923567
101 0 12.4973009649155
101 300 10.2455603376492
102 0 6.20251599069377
102 300 20.1858219044206
103 0 6.01504271732179
103 300 11.4418349424186
104 0 5.25108685601675
104 300 7.31055196773637
105 0 9.07516145594518
105 300 17.2892607419667
106 0 6.76056713131935
106 300 6.28732057240506
107 0 5.16792883359977
107 300 26.4059725792621
108 0 4.41499273005175
108 300 10.9908526657353
109 0 4.9311840192085
109 300 6.45905169256914
110 0 4.99166968653996
110 300 17.7963359813167
111 0 4.11918113841273
111 300 8.97940777135793
112 0 3.81004973181995
112 300 7.59662917746651
113 0 4.63701703603132
113 300 40.1082789223403
114 0 2.53022051049546
114 300 8.34104430362117
115 0 6.34188591418006
115 300 8.23861583185356
116 0 3.66936320423763
116 300 10.8620431947159
117 0 3.95726988831354
117 300 42.2777476881034
118 0 8.0669712032219
118 300 11.4130782604982
119 0 4.90248313839545
119 300 14.796551032563
120 0 4.91547117814316
120 300 8.24941542946942
121 0 5.07518580122799
121 300 6.45947084420956
122 0 2.93454725055835
122 300 8.65745405738152
123 0 5.35330935731149
123 300 9.46435081940138
124 0 7.65036575108269
124 300 35.7065162595887
125 0 5.26937785696307
125 300 8.3415650010553
126 0 7.76018990874227
126 300 21.4123038183641
127 0 4.1804186423822
127 300 29.0590782924147
128 0 4.87986128239551
128 300 12.1065906360219
129 0 5.63058850479319
129 300 12.0671031830077
130 0 5.20564472565706
130 300 16.6945506409455
131 0 2.88562400621552
131 300 13.4729880609896
132 0 11.2006981713159
132 300 20.1760594843041
133 0 5.11810822026934
133 300 9.48778093315901
134 0 8.20797635287063
134 300 8.79591914802713
135 0 6.29868465961753
135 300 32.0195696530452
136 0 9.37233574072825
136 300 17.9628322057489
137 0 4.62758923639268
137 300 5.4207548837234
138 0 8.88250492668417
138 300 17.9691266455632
139 0 7.57556727932846
139 300 11.9129020729863
140 0 8.5179496124677
140 300 9.16547764540265
141 0 3.45367427251764
141 300 3.889395635277
142 0 4.1764553397607
142 300 15.7853677896205
143 0 8.65806011579488
143 300 7.50301748036621
144 0 5.53306710015385
144 300 33.659174553718
145 0 7.00979423183433
145 300 4.82688489759652
146 0 6.22471046985173
146 300 22.1188520506592
147 0 2.77564363111289
147 300 8.92666492463967
148 0 5.74883463670635
148 300 10.5248077553374
149 0 2.8994728606675
149 300 4.19327942649765
150 0 5.0134605356592
150 300 10.4805456228665
151 100 11.3173225179764
151 300 37.0076977224184
152 100 4.01993889046619
152 300 6.63202571074761
153 100 3.80974049350183
153 300 4.41832658764996
154 100 4.08185001538439
154 300 6.42685731882438
155 100 6.80204825007348
155 300 14.5096279029587
156 100 4.72189517405921
156 300 8.45408527974878
157 100 6.48357242513189
157 300 10.5682839686409
158 100 7.57309147846302
158 300 24.3552500659666
159 100 7.00717395960752
159 300 8.12144763977408
160 100 17.0274114751458
160 300 31.4213175329111
161 100 8.63944186465659
161 300 21.8593892743681
162 100 6.80462732805978
162 300 11.4283360540283
163 100 5.78136515333909
163 300 22.4329891747788
164 100 5.54449719078813
164 300 11.7995084685976
165 100 6.49189567905505
165 300 11.7850772202509
166 100 6.83784198375842
166 300 9.74592778542083
167 100 12.9684419117496
167 300 22.1460435098918
168 100 4.98581213291236
168 300 8.97141898460259
169 100 4.93452609713234
169 300 17.8386059363755
170 100 3.7181454492611
170 300 11.1722623317494
171 100 2.99447346224578
171 300 11.216601298198
172 100 6.12721049500057
172 300 6.8612671062097
173 100 7.36507445867133
173 300 12.4838897596834
174 100 5.17616785650633
174 300 9.3712548223435
175 100 5.07021687820185
175 300 10.7503759073456
176 100 9.4906039214681
176 300 41.9196504186934
177 100 6.12703111275361
177 300 7.85054789088993
178 100 4.58347295535623
178 300 4.29808950121397
179 100 7.41537717829276
179 300 15.5062603075504
180 100 5.02009021387451
180 300 6.21729362397986
181 100 6.46952538136848
181 300 10.8526558567288
182 100 5.59732756059765
182 300 5.90190651724253
183 100 10.8046063560268
183 300 28.6427941531213
184 100 11.5076045113887
184 300 24.9448913014588
185 100 7.89197843238032
185 300 29.9060983623395
186 100 7.78066026460414
186 300 18.4758376652044
187 100 10.5290940534566
187 300 11.3710303826671
188 100 3.73882701386523
188 300 10.5469479371821
189 100 9.9289321877821
189 300 38.4546998481865
190 100 5.3293826709014
190 300 16.984186663285
191 100 10.1670132310535
191 300 11.9065563514631
192 100 6.39348770294368
192 300 8.60281425988656
193 100 2.74838175798615
193 300 4.07899004491188
194 100 4.61150512129426
194 300 5.45980294233239
195 100 3.11890143873984
195 300 3.26703745089119
196 100 4.87666575617413
196 300 6.276998672483
197 100 4.97619051427688
197 300 12.5880056736591
198 100 8.8834516409272
198 300 49.2958371109464
199 100 5.86449441550699
199 300 13.908717053045
200 100 7.80644742332658
200 300 10.6320202700343
