id dose y
1 0 5.21208528093429
1 1000 50.4622868587494
2 0 4.31658201317072
2 1000 29.1732351799114
3 0 3.04167883164449
3 1000 38.9672151630628
4 0 4.59451774282325
4 1000 22.5045497919065
5 0 4.61235055957144
5 1000 44.9722131383022
6 0 2.92599647853202
6 1000 34.4342781326711
7 0 3.49600157765259
7 1000 7.11316255483138
8 0 5.82162816972929
8 1000 49.0284545455363
9 0 4.61130190636662
9 1000 24.65062187933
10 0 6.10241867627165
10 1000 26.8062315946361
11 0 5.07958475160813
11 1000 37.5379654759869
12 0 4.22098939088448
12 1000 32.5150125297988
13 0 4.17937758729012
13 1000 34.8902910628261
14 0 6.11335408346913
14 1000 21.9060591755135
15 0 7.92026759073018
15 1000 62.4106370320466
16 0 3.41183668016961
16 1000 20.4780604265963
17 0 7.26821195540451
17 1000 33.8786229219326
18 0 11.7837095128114
18 1000 35.0739672933323
19 0 6.1277342471319
19 1000 27.7902417455214
20 0 2.58264164273544
20 1000 45.1902392243767
21 0 7.06865549204994
21 1000 19.7584214114839
22 0 5.36197247091277
22 1000 21.6881254490359
23 0 7.10803240830136
23 1000 34.3824671042944
24 0 3.89094934066359
24 1000 17.6825009274726
25 0 5.43035304335134
25 1000 48.0384583492396
26 0 4.44519738052182
26 1000 36.4503340276775
27 0 6.28221818761519
27 1000 26.7700956641724
28 0 5.36810545812796
28 1000 28.317005781225
29 0 6.91839810907205
29 1000 19.444340375
30 0 5.22300803144577
30 1000 35.2313229022004
31 0 3.38096999550978
31 1000 66.6190387596841
32 0 6.39855827821131
32 1000 35.8748691954204
33 0 5.89680570350515
33 1000 31.2015311559434
34 0 4.14529099237353
34 1000 29.8338965902569
35 0 6.94149786222363
35 1000 19.4509851559115
36 0 3.99671225629876
36 1000 17.0770910213425
37 0 5.79756331350577
37 1000 118.342414937872
38 0 3.56071399548682
38 1000 52.8952860942419
39 0 3.17622988942341
39 1000 19.1492683327402
40 0 4.58031548504564
40 1000 18.2135363528943
41 0 4.86536724755133
41 1000 45.9520527000739
42 0 4.99970095853925
42 1000 30.8577307952217
43 0 3.65714620403302
43 1000 47.819772143562
44 0 4.25078679537326
44 1000 23.5650836604864
45 0 4.3422777350577
45 1000 33.537632609594
46 0 6.50821320106162
46 1000 27.4355853783933
47 0 4.21783766985045
47 1000 10.7234391995221
48 0 4.51457644234036
48 1000 10.6516376076217
49 0 4.62230551935245
49 1000 38.0467023012001
50 0 4.78272910908246
50 1000 72.2014516115145
51 100 4.67905175924495
51 1000 11.6037442727457
52 100 6.86442538575575
52 1000 37.4884686484293
53 100 4.18625415945495
53 1000 28.8596019023244
54 100 5.83848851063787
54 1000 53.9038627386486
55 100 5.62959652945011
55 1000 16.8329077412106
56 100 5.78493673346793
56 1000 33.0245628175546
57 100 3.89999971952577
57 1000 81.803711298585
58 100 6.65521901248813
58 1000 49.83892140866
59 100 5.93332397745689
59 1000 28.9267181108542
60 100 4.90582703884296
60 1000 16.1081891803212
61 100 4.71101247275904
61 1000 19.0411571392198
62 100 4.64304483274026
62 1000 24.003596018483
63 100 6.56067404939774
63 1000 83.5451824627574
64 100 5.6718921903527
64 1000 11.0707323447409
65 100 4.89453128745926
65 1000 13.1825004986344
66 100 7.69742054559548
66 1000 15.3282776170996
67 100 8.77400212131775
67 1000 38.8506003149701
68 100 6.73695072939216
68 1000 26.5998551496251
69 100 4.11114070877128
69 1000 20.9607302083631
70 100 5.32090387507903
70 1000 26.5085962132756
71 100 28.0439124766191
71 1000 37.1617563220258
72 100 10.1021980930851
72 1000 20.8762409268553
73 100 3.82406128145135
73 1000 40.0457739087919
74 100 3.70800730617906
74 1000 14.0445852679742
75 100 8.30279101218906
75 1000 50.6413148827036
76 100 3.32654872689505
76 1000 27.2747331064637
77 100 4.67490546469872
77 1000 58.2307897728134
78 100 5.25936722233516
78 1000 9.417585527067
79 100 4.1429671244815
79 1000 29.7530788928834
80 100 8.36916726415707
80 1000 48.0728366428454
81 100 4.21652594742069
81 1000 48.4248429771157
82 100 4.66984723283976
82 1000 15.4359202500255
83 100 4.42682164275498
83 1000 28.0658492684545
84 100 5.71093589025617
84 1000 32.1260641445602
85 100 5.68033479717037
85 1000 19.5511781979659
86 100 4.55329998942236
86 1000 18.4076253090271
87 100 6.194820552276
87 1000 25.4848928277472
88 100 6.94878127588292
88 1000 17.3180964557664
89 100 6.9958738836865
89 1000 70.4531941480749
90 100 4.1488315899803
90 1000 21.4712121557505
91 100 8.39445660390258
91 1000 21.8952303830184
92 100 5.64520059784465
92 1000 40.4692495973712
93 100 9.89541378562838
93 1000 41.7165221071869
94 100 7.01744624184212
94 1000 29.01499293445
95 100 6.93977449371499
95 1000 43.3129857466351
96 100 4.32257373352746
96 1000 28.1658851450845
97 100 5.13842799743846
97 1000 59.2604545014187
98 100 6.49072207944232
98 1000 25.9645064477878
99 100 3.09468506709948
99 1000 38.0331550805351
100 100 4.15013872349209
100 1000 9.01224825265526
101 0 4.93217795218764
101 300 5.48059702915421
102 0 5.69574704648963
102 300 27.4459266442417
103 0 4.46552868111155
103 300 13.9925573272613
104 0 4.10073058739275
104 300 19.7652959042772
105 0 4.49550911794344
105 300 9.53664553699316
106 0 4.15622111320028
106 300 4.04839242776614
107 0 5.05091576426784
107 300 20.8924566883059
108 0 4.49162572629112
108 300 11.4135930577235
109 0 4.91695738521513
109 300 5.43395936964568
110 0 7.2047070554529
110 300 11.3313214133397
111 0 8.26367067545544
111 300 27.5256918427139
112 0 3.10156021305907
112 300 18.2508894254086
113 0 4.96305424944675
113 300 5.70981552969747
114 0 5.68691815516697
114 300 6.96567665974566
115 0 6.3342719334861
115 300 25.6873950556495
116 0 4.5666863103278
116 300 7.807275738349
117 0 3.82824146979956
117 300 5.51232824691019
118 0 4.25890316586797
118 300 7.90298226387462
119 0 3.25909586942548
119 300 8.53899174808697
120 0 4.61338539984461
120 300 13.1066425482421
121 0 3.40719972175648
121 300 9.0016605005012
122 0 6.43343604855865
122 300 23.1248025834814
123 0 2.93845376106979
123 300 24.0620709233648
124 0 3.6547484899188
124 300 5.80876150195683
125 0 4.16499338398625
125 300 46.9489030062075
126 0 3.63636657730172
126 300 12.3655495793662
127 0 4.18256155749784
127 300 7.48352488962714
128 0 6.12567408339841
128 300 14.0646026949529
129 0 3.67555521186181
129 300 17.5063062511757
130 0 3.48173876908973
130 300 7.97425085387881
131 0 4.78548812734144
131 300 5.51641856991098
132 0 7.80395123907098
132 300 6.84271305938813
133 0 3.87201344195656
133 300 5.19803449073447
134 0 3.2636488524559
134 300 9.40931797426629
135 0 4.34579332286986
135 300 16.9824293594236
136 0 3.76626282233489
136 300 15.8961127857783
137 0 4.85829678196195
137 300 16.9036147374618
138 0 3.31584578754859
138 300 6.33095798039185
139 0 6.07176197356288
139 300 17.4176783779243
140 0 4.71162635778657
140 300 4.14982587711732
141 0 4.5288277856079
141 300 10.9388601502356
142 0 7.71821310281886
142 300 9.76654550626847
143 0 3.67484149359659
143 300 4.85920664744626
144 0 3.52211391458093
144 300 38.8934746301892
145 0 3.64339267805722
145 300 17.5988367656074
146 0 8.05038675084567
146 300 8.56914795278156
147 0 7.01654654449326
147 300 27.3826849639323
148 0 3.99002150337186
148 300 8.68341433969822
149 0 4.38238023519996
149 300 12.7675649630229
150 0 5.6731341451252
150 300 11.4175784618783
151 100 3.52985616612524
151 300 5.59322571068653
152 100 6.53400600315248
152 300 23.2200441525711
153 100 4.34225293470853
153 300 4.57909528352636
154 100 5.48065161777081
154 300 12.5820995036461
155 100 4.162183459515
155 300 6.49307563789104
156 100 2.59991575825268
156 300 3.38363128803624
157 100 4.53478356538375
157 300 14.685664000088
158 100 4.09831149064663
158 300 4.29784823990209
159 100 3.85861173921029
159 300 4.92717512285504
160 100 3.81716504428034
160 300 8.43675984965424
161 100 3.85094096036958
161 300 4.03328013018493
162 100 8.67419186515093
162 300 20.9151660485293
163 100 5.79359902331201
163 300 6.26051573501468
164 100 6.11005937784347
164 300 22.2199196089803
165 100 5.28747081799307
165 300 11.9499082096236
166 100 3.6785181135596
166 300 9.44971293861413
167 100 19.475979956034
167 300 25.6212627934902
168 100 5.81370807396026
168 300 6.13344593202571
169 100 6.22044525672993
169 300 8.92341199999342
170 100 4.88886837318972
170 300 11.953654068757
171 100 5.12969345736356
171 300 8.20300016500662
172 100 9.24301475522812
172 300 9.52372770842942
173 100 4.53886929994546
173 300 15.3721456385355
174 100 5.66562556615093
174 300 8.88748068423796
175 100 4.41292343453387
175 300 4.41893528203924
176 100 6.37742959298333
176 300 10.1704255846845
177 100 5.90735249121431
177 300 10.672165220608
178 100 6.01811395231162
178 300 10.2953657841287
179 100 3.72908471001505
179 300 4.98527714188405
180 100 8.06891804314185
180 300 14.3165379001601
181 100 7.63176987324332
181 300 18.2234542779348
182 100 4.64997936013074
182 300 16.2793751874217
183 100 4.77049375501537
183 300 13.1350755641173
184 100 5.53545908155006
184 300 13.627495900422
185 100 5.24883591067656
185 300 18.4100640094007
186 100 4.32094563628363
186 300 4.04106392492172
187 100 7.89340192095023
187 300 8.20475024799086
188 100 4.88760956135832
188 300 8.05385007911667
189 100 3.34972419300006
189 300 4.63773237510127
190 100 4.48252827910835
190 300 10.8132725290155
191 100 4.76392748404346
191 300 12.5299864581727
192 100 3.54211072634948
192 300 6.54657059524574
193 100 3.75476240707512
193 300 5.06509659162771
194 100 5.03933645208757
194 300 6.03188944933151
195 100 6.04748278985181
195 300 26.1065171390189
196 100 5.45714197591756
196 300 7.14310128820661
197 100 3.05778950173346
197 300 6.36744963418755
198 100 2.58719024544081
198 300 6.23646497045546
199 100 12.3486157425689
199 300 35.1772940904099
200 100 5.74662415870276
200 300 15.0133443992293
