id dose y
1 0 6.7553347064787
1 1000 17.4142339956223
2 0 4.27246029292902
2 1000 83.571615718604
3 0 5.63269123644734
3 1000 21.3171324858967
4 0 4.30471555954955
4 1000 11.8406886865095
5 0 3.21696470369252
5 1000 24.6078671306142
6 0 3.13068981499132
6 1000 14.042151305231
7 0 5.12556749921435
7 1000 7.4145795655835
8 0 5.26632972952695
8 1000 31.3698517462488
9 0 2.80394952606295
9 1000 17.1551280056889
10 0 6.19442453077038
10 1000 32.1559062590102
11 0 4.8149628627677
11 1000 25.9637288375809
12 0 4.94576736598297
12 1000 15.3098624373459
13 0 4.30065437631471
13 1000 70.0280905495643
14 0 5.40932874289904
14 1000 32.1922423264617
15 0 6.93489961441561
15 1000 23.4000483976976
16 0 2.79862583389288
16 1000 58.3260253943746
17 0 5.93021680001174
17 1000 44.1728693797646
18 0 2.94691033182904
18 1000 24.5036806279738
19 0 10.0989510544317
19 1000 21.9963506050408
20 0 3.43122118710399
20 1000 37.443909618568
21 0 5.2693441418795
21 1000 26.0123821821365
22 0 3.58200252592115
22 1000 8.25254132969768
23 0 4.69780951049253
23 1000 10.0819206804317
24 0 6.82329176398407
24 1000 26.811002613732
25 0 4.77307614770715
25 1000 41.7699831150941
26 0 5.00748757022338
26 1000 20.5735673217363
27 0 4.25966345210676
27 1000 51.28767054165
28 0 9.81800565877633
28 1000 64.8541059345215
29 0 3.2717581734384
29 1000 25.7596008833113
30 0 5.94260128988134
30 1000 27.3613817519759
31 0 5.30687008546716
31 1000 13.9824570475731
32 0 3.28612229231582
32 1000 27.1465228956806
33 0 4.50746236432974
33 1000 36.925506747008
34 0 6.87783153363696
34 1000 30.7770959338778
35 0 6.50656330972001
35 1000 44.9796300670484
36 0 6.28474486152933
36 1000 31.100880819786
37 0 4.06459104763678
37 1000 15.1035745569952
38 0 3.22623321440003
38 1000 34.208717130323
39 0 6.26897186795001
39 1000 33.8735935657522
40 0 5.97314410863009
40 1000 18.5890970655204
41 0 4.99627185512522
41 1000 26.6347117841174
42 0 3.29720710053809
42 1000 33.5015499005594
43 0 5.53380533413234
43 1000 21.7589495178182
44 0 3.26619029086466
44 1000 10.7967282903812
45 0 4.14412834592349
45 1000 21.5814699287859
46 0 7.77592055254342
46 1000 35.0697532943047
47 0 5.27160549859964
47 1000 26.0403949456292
48 0 5.34746189740301
48 1000 23.5487846249012
49 0 5.53728031661138
49 1000 21.0522399988199
50 0 6.12698441680284
50 1000 34.5438480105244
51 100 5.99080206208844
51 1000 12.3469207765569
52 100 5.39969281595882
52 1000 45.4468418662404
53 100 6.00165980195501
53 1000 10.6207385927079
54 100 5.9479635150852
54 1000 36.1216696388681
55 100 4.01520623041667
55 1000 24.1151446481641
56 100 3.80756311068075
56 1000 23.8224878937105
57 100 4.85260640516254
57 1000 17.2972021815763
58 100 6.15384128305648
58 1000 30.0592536811575
59 100 7.08748238772311
59 1000 90.8200051896194
60 100 10.2272254556284
60 1000 90.0190634796493
61 100 6.98466722600302
61 1000 17.1433887047317
62 100 5.37145518913784
62 1000 18.7016054648147
63 100 8.7371541143298
63 1000 37.0121867035476
64 100 3.39737154738744
64 1000 27.2706581470453
65 100 4.4611938305758
65 1000 11.1033819401452
66 100 9.24432734058976
66 1000 54.2872980078029
67 100 4.25491931957512
67 1000 59.9961376069419
68 100 1.96421407558321
68 1000 10.9017410590438
69 100 8.75452243756958
69 1000 30.8544508234527
70 100 5.73513983638455
70 1000 37.1542908092199
71 100 5.94419477811234
71 1000 13.5543519994245
72 100 4.35696583075192
72 1000 6.81159358995159
73 100 4.5374089233373
73 1000 61.253199614119
74 100 9.59945435574971
74 1000 64.1012465377809
75 100 11.3989278670829
75 1000 49.2057219694232
76 100 3.8028144495379
76 1000 71.7997748335385
77 100 10.7047451207146
77 1000 19.3115627443359
78 100 3.31249490772753
78 1000 11.3549573470113
79 100 5.85178626465664
79 1000 33.3051274073387
80 100 7.05146937772322
80 1000 22.4320040015291
81 100 5.53614525061125
81 1000 18.4634466205311
82 100 3.36610276991665
82 1000 19.0103710402737
83 100 7.52288600542062
83 1000 58.695963179348
84 100 3.94146101751433
84 1000 13.3436171377358
85 100 4.64689125704968
85 1000 31.2532422181757
86 100 8.27545502712824
86 1000 14.9783115152869
87 100 2.87644854775012
87 1000 21.5710286697496
88 100 5.84259338578601
88 1000 12.4722168415824
89 100 7.09025764552208
89 1000 55.9228534179385
90 100 5.68411960623562
90 1000 18.274078213074
91 100 6.640043757874
91 1000 44.2072480041644
92 100 5.39242672908338
92 1000 34.9341296087739
93 100 5.71107558575088
93 1000 85.3384798049979
94 100 10.9372329902964
94 1000 27.3336789536348
95 100 4.15882416897181
95 1000 21.9250180804418
96 100 6.59017242654132
96 1000 25.2139315538682
97 100 5.91859181457126
97 1000 23.1325204937318
98 100 4.07613656994659
98 1000 6.3984349074189
99 100 2.71025857469005
99 1000 24.6644192756086
100 100 10.2793337200311
100 1000 38.5812651064623
101 0 6.06858825911407
101 300 34.8869571595481
102 0 4.05891126698386
102 300 24.9404129564614
103 0 6.18948745411744
103 300 24.0333685218818
104 0 5.51792867542168
104 300 14.0619648393781
105 0 3.44461916236472
105 300 15.1919117386486
106 0 3.26487303411397
106 300 4.13259984309947
107 0 2.81654609877734
107 300 3.76986261000971
108 0 4.0612243667021
108 300 13.7881433183481
109 0 6.79629143427649
109 300 20.5396773769994
110 0 5.70056397005809
110 300 16.822449467557
111 0 5.84721685851682
111 300 9.10602427179546
112 0 4.82231248168338
112 300 6.18331540485964
113 0 3.26303669936524
113 300 20.9180149465419
114 0 7.7663311279877
114 300 11.1126312446213
115 0 3.59626737794669
115 300 4.2876648420197
116 0 5.87451557658456
116 300 15.2614909052225
117 0 7.2756073388137
117 300 49.1346099579827
118 0 5.80638154829509
118 300 15.6139729088923
119 0 7.99891489054938
119 300 8.8205974479419
120 0 9.24895241129888
120 300 12.1850846161481
121 0 3.21743807237367
121 300 22.5370825288787
122 0 3.89725819445944
122 300 11.3854294991907
123 0 10.3843989165083
123 300 12.4424028031223
124 0 4.89310727588546
124 300 4.95878170014141
125 0 4.31822030253972
125 300 13.2210707867994
126 0 4.62669856276059
126 300 18.987872878237
127 0 4.94088493162748
127 300 5.88842659212795
128 0 4.46752400782379
128 300 10.2104638834995
129 0 5.03365455404253
129 300 22.5471481969985
130 0 3.49934678686849
130 300 5.6261382954119
131 0 4.15833894083334
131 300 45.2721016184883
132 0 6.11243994584614
132 300 37.7115121438453
133 0 3.41314099896381
133 300 20.8963838032281
134 0 3.31671530688255
134 300 4.72591589426498
135 0 5.1957384814049
135 300 22.3620227861785
136 0 2.27193797752377
136 300 6.80644022790962
137 0 3.91020667927342
137 300 8.30188371780553
138 0 5.43870266787029
138 300 9.33117933386606
139 0 7.3017099059691
139 300 7.8322075626709
140 0 2.89032380526537
140 300 52.56647824114
141 0 3.64072087539177
141 300 8.52013595432544
142 0 4.57756643549152
142 300 5.14651105940375
143 0 3.84875836917933
143 300 6.92998704956529
144 0 5.49615596289296
144 300 4.75300358698739
145 0 6.02882560963029
145 300 10.3392122308129
146 0 2.81718870063774
146 300 3.11168345381658
147 0 4.79941837413694
147 300 14.957750924876
148 0 3.32689122843375
148 300 3.66885812334316
149 0 4.59530816135687
149 300 14.5686583710414
150 0 5.64721423770741
150 300 7.97987328921136
151 100 6.1365561768034
151 300 9.29560747477819
152 100 18.1422370751497
152 300 33.398875376987
153 100 10.265358719892
153 300 21.0791208702555
154 100 4.63026394909665
154 300 6.82563830921428
155 100 8.01620773250952
155 300 7.5679075387649
156 100 9.7535864163953
156 300 9.79916465222647
157 100 5.29084851350729
157 300 5.25373762908011
158 100 8.89344781539588
158 300 16.2105607760064
159 100 4.81408898259047
159 300 12.8912457246089
160 100 4.24919300625876
160 300 8.02240198310002
161 100 3.01173509042482
161 300 11.265980053415
162 100 5.24262308047659
162 300 14.3895447771917
163 100 8.95605176831848
163 300 10.9915776055515
164 100 4.63749517947283
164 300 6.9007660036817
165 100 5.64985898645808
165 300 23.7832543697087
166 100 5.00923557742899
166 300 18.5690073545088
167 100 5.62677439944175
167 300 8.629923392709
168 100 4.81589341788441
168 300 5.41168858387003
169 100 4.73519600687922
169 300 13.7313036367072
170 100 4.78758492918276
170 300 25.4166871343764
171 100 4.45066474704542
171 300 21.1746594668261
172 100 6.78483529064839
172 300 14.59883165648
173 100 7.09573944003204
173 300 29.5129227753693
174 100 3.51679955772085
174 300 4.03334036930825
175 100 3.53199651190332
175 300 5.71061780452306
176 100 3.55233238889487
176 300 4.50600310702784
177 100 3.75762409335375
177 300 23.0903327101578
178 100 6.95631618969298
178 300 10.6181557226045
179 100 5.36015304432824
179 300 7.73610914852969
180 100 4.68537201609531
180 300 6.3199771212395
181 100 5.03593719086672
181 300 11.6840702200559
182 100 5.18198959473597
182 300 6.78218362139653
183 100 6.10905348380788
183 300 18.3677447673546
184 100 4.00148716353177
184 300 11.0645843346928
185 100 4.65202512026151
185 300 5.55207779932352
186 100 2.91187933002271
186 300 6.67852037493727
187 100 6.81268284771469
187 300 5.48610040851389
188 100 4.21026821052789
188 300 8.70931089704487
189 100 7.00085367545166
189 300 11.5757787958659
190 100 4.27435747189566
190 300 17.8299371109518
191 100 5.68982635122736
191 300 6.64279407290036
192 100 4.7559709811487
192 300 6.28007860394243
193 100 5.10803618879847
193 300 8.5754016599365
194 100 8.48892253727208
194 300 17.7708164342282
195 100 4.72749360272981
195 300 6.46722383767911
196 100 11.4649170968005
196 300 27.2625586106863
197 100 7.12501613134169
197 300 25.4241108339521
198 100 6.15492412464397
198 300 9.66104576485285
199 100 4.0654532497557
199 300 4.60966708717868
200 100 6.4207096692731
200 300 6.42293417701832
