id E0 Emax ED50 gamma
1 4.85572374300869 67.0989613980065 726.805934440123 3
2 4.33134629119811 44.6986716749489 2198.18427109276 3
3 3.69881469375092 31.7912687888189 1997.52597388158 3
4 7.49269196882799 100.524104391966 1387.6924604937 3
5 6.70221471566171 9.21643534609538 297.119871854586 3
6 4.41505223921794 22.2604953828325 634.784197875469 3
7 6.32694126070647 20.9668909281389 810.045826909921 3
8 4.43374764743191 31.552345370614 1996.19590303026 3
9 4.15353438755683 31.5616311099457 134.313442057392 3
10 8.32444467471039 13.806702440909 478.284547684538 3
11 6.34568965620763 46.3418912627709 1578.93488991045 3
12 3.66965378802967 25.8376786383339 636.743280544288 3
13 3.10871726166035 59.675595306836 661.7985392516 3
14 4.04045094665971 39.5348318736243 436.511286114353 3
15 2.82366528855635 17.8621930382388 914.756614447468 3
16 4.90078314958324 55.9785556741285 439.404930476349 3
17 4.23691927478438 54.8731410865059 1067.59735845878 3
18 3.19013719367368 18.338844482172 537.98185641994 3
19 5.21166131177591 50.7531553672199 1073.74231751759 3
20 2.93669395680846 146.8018067693 2123.98150024827 3
21 3.49502437699646 15.3559379732934 600.099205593766 3
22 6.36307432125524 57.1933947451068 1420.70548549932 3
23 5.19351894907919 60.9901638154724 898.103211579085 3
24 5.3719553200602 18.9039515307726 259.197121974915 3
25 4.20272795686451 59.3448762197715 461.90608981149 3
26 3.62013306383998 40.3171377846761 335.47882485353 3
27 5.6915689626081 25.5750023240975 676.043329611557 3
28 3.54971218739345 27.6825827047339 141.53323822101 3
29 3.280847477418 49.441020659464 773.347970493965 3
30 6.36359165295755 30.2102120333013 323.371164703472 3
31 5.26945992385158 37.8062458739079 613.538011978133 3
32 4.20258887728697 23.95035507116 274.701146051693 3
33 5.19145539968929 24.5450727930568 320.367029377771 3
34 6.91172109589864 25.8451981084266 268.426982832838 3
35 10.2798109377261 17.1705295158241 365.547353221238 3
36 5.9682201332312 21.6016128295179 236.440789587604 3
37 6.48960721196899 37.0674536453467 565.175773281893 3
38 3.42648451123742 38.9808988030477 484.46132877061 3
39 4.5393384472822 37.6927440698769 967.147847419789 3
40 4.45300023327911 220.053805270332 7068.5648579085 3
41 3.77906601861491 23.3280814880275 391.530658460493 3
42 6.31760506913214 34.3464816791095 967.324852754773 3
43 6.29572060398192 93.0150898000852 968.948721150494 3
44 6.28231482373889 40.8120674633615 443.512333156638 3
45 6.08712309409797 93.0047351233268 664.828112450153 3
46 5.74689999157232 31.4803724386762 988.040055515052 3
47 6.13545468792008 36.6751071206601 738.513749531365 3
48 4.52927760009248 12.3536981387087 325.463807317213 3
49 6.47035111842621 58.1087982178642 875.778099400216 3
50 5.43417964834421 10.0020397096522 210.949677455455 3
51 8.37415694363814 57.1367825418184 2000.41449581359 3
52 5.14452800476008 40.3358784102116 215.607351365077 3
53 5.07463791221929 32.3110245061591 368.732262956142 3
54 4.46029758033204 41.8729882948454 387.74347674591 3
55 5.74134204590716 22.481590169197 181.862794264804 3
56 5.1360433949902 14.0854161333885 125.629440287335 3
57 5.27258130689225 7.93875884180807 137.046038321214 3
58 4.84553594769954 46.3674480384364 372.794169074918 3
59 7.48467735607441 40.5351002356324 829.115070216393 3
60 6.53101098815342 55.2958567213402 486.754535101415 3
61 4.32706327001374 11.5548047802199 152.359513806454 3
62 4.82553736158492 23.9832727339992 625.668806167497 3
63 5.5885963149177 18.2352551620682 557.248890669479 3
64 5.59763813334173 21.2580577201676 332.077090824037 3
65 6.66079323098832 23.9886747530587 727.888044920772 3
66 3.61983249579275 48.1333754162845 694.873261705656 3
67 5.92924662599396 36.3241088789654 525.621080150477 3
68 9.64387334358544 24.2737127823358 196.39979613445 3
69 4.44553446346671 55.2943667435683 819.97326662591 3
70 4.18925504909392 50.0920808304393 341.59002509405 3
71 4.66308149620351 67.3255201144784 618.14675296887 3
72 4.13672340118513 14.2139455755557 287.373646171323 3
73 4.74066738321522 40.9902229341461 1837.03713299947 3
74 5.29229257411917 51.4044542795382 541.046400756594 3
75 4.17001251454138 53.6648194731569 1004.96667315625 3
76 6.77407812074784 9.5562346045478 174.982543908423 3
77 8.47249890382839 21.7283473844244 225.779888838529 3
78 3.35137088012366 27.6373995814897 671.777071298131 3
79 3.00558194580178 14.5610689431535 410.050173950914 3
80 6.00963252541107 10.3272083966338 500.632089031265 3
81 2.14472503749427 40.0594930838705 1175.34945081623 3
82 4.21453994664027 11.4881260857048 264.646434126787 3
83 4.59401314857727 130.642883018316 1515.84621957095 3
84 6.90184611473009 12.9243360450005 389.108166387519 3
85 4.54179325116754 7.1134773665659 540.237309665784 3
86 5.09085305472828 51.7039035113798 963.559833550436 3
87 4.84796617352671 45.0226383577815 1006.52458960645 3
88 3.91808234813161 14.1427254897504 130.607966636291 3
89 6.03790092715485 40.4148661420662 953.555626110189 3
90 3.87874952177511 77.5961266353331 2200.34967545483 3
91 6.69054810448671 42.1984273869989 448.148234316425 3
92 4.37658427296256 62.8080613857059 437.213142090436 3
93 4.52558553554596 34.6750175096088 1093.61078573924 3
94 7.1949505232982 38.7317781282164 239.663316898047 3
95 4.07695441257753 9.53664087075831 205.519951607487 3
96 5.96721820973234 28.007201442768 502.302070697635 3
97 3.57658194100375 15.1828962154002 1209.06506666472 3
98 5.37763142207782 11.0763454202794 402.562488680144 3
99 8.73947278838071 8.72582710929636 252.915668694036 3
100 7.58365769561708 30.9849115163684 223.721905217128 3
101 5.12946110934613 34.3796400719311 580.376330577996 3
102 5.57513261430532 19.7900781540791 141.237145710304 3
103 6.09030608744503 35.1260835189058 957.464770855314 3
104 4.8808397752674 61.8995638532449 535.54645323627 3
105 5.21125607631942 11.5391424130468 132.957979800068 3
106 3.58147894336641 82.2713779999792 1470.90785754634 3
107 3.80834217532283 25.0795136113299 183.785942663792 3
108 7.64329631125146 34.4076659050607 195.138176548939 3
109 4.00144850633966 67.4602806830319 530.831272609236 3
110 4.3657197061385 8.7112451222557 156.512609707986 3
111 3.90821155630097 23.0421374719 1032.60804579172 3
112 2.81934966405855 23.7156244291487 264.871691682443 3
113 5.48295153257178 61.9258721550992 1842.89624444931 3
114 4.82049272044976 14.2591786421376 369.819949444864 3
115 9.53078008171851 18.4349953720682 341.205988861312 3
116 5.71676443006722 22.7739646350169 418.473428988663 3
117 4.0454683654388 33.9857761865234 630.379295005922 3
118 4.63697826456084 41.63952569837 618.115067099724 3
119 2.75361965974436 41.730081253871 745.222778741184 3
120 5.40088108503093 15.5745074733372 336.034712351381 3
121 5.37482409914327 45.9895010369103 433.701710371478 3
122 5.35435771824774 27.6852022999309 247.374112598727 3
123 7.1181089328109 72.5029689409809 516.502849517188 3
124 3.51556535656834 31.8775565159465 427.668134339336 3
125 4.35932284478344 37.3783909851684 362.3700548264 3
126 5.59563452356093 30.6772415593838 501.890486642234 3
127 4.51876934281512 34.4736814215454 620.222275009878 3
128 3.98130492639539 56.23126625424 310.706519429643 3
129 3.91770724459168 70.5949952780993 1737.87590206737 3
130 5.77009259522388 29.0537193191453 395.898784349356 3
131 4.02721242433382 51.7049521716428 1367.755976604 3
132 5.30513682457355 24.8514385295368 199.777496980416 3
133 6.09861385906211 14.2073305061679 843.374376588974 3
134 8.39887126791729 29.723362133921 1148.44613186818 3
135 6.29119339437048 19.9102195631447 358.13411696419 3
136 3.66501280638082 80.1765337863884 531.735960481586 3
137 4.60986382135553 61.0717515250904 584.363983025992 3
138 5.89225290697082 32.7495894079064 445.308683167284 3
139 4.03663972692695 5.63586936566952 145.81699729653 3
140 4.9193699918778 27.4763910358049 453.892281514006 3
141 8.03903855262062 21.9451561379223 1753.84321957261 3
142 6.0573560313348 39.8744334594675 717.082085562102 3
143 7.03817426241951 17.8567051073191 110.578365217606 3
144 4.42598811325444 20.9280219850007 391.386521131364 3
145 6.6336960774392 14.169306628871 431.731741060903 3
146 3.40405264999389 25.5366258939781 597.085075368474 3
147 9.42607176367287 10.4209333194773 196.003501692085 3
148 6.08967941011831 39.1606090198098 721.482983847239 3
149 7.23063760336207 9.25149843833574 634.019691980138 3
150 4.15455757565365 64.1757587642219 1366.57459254964 3
151 6.25378643831515 35.9212291219186 259.871576243031 3
152 4.13011643357332 45.5470137783067 1081.05137647572 3
153 8.11465211340064 30.0659691696411 1900.13883906094 3
154 5.4613369964606 52.7715023020609 302.451320212628 3
155 4.24262615408561 11.5530803434152 194.38186343918 3
156 5.35426962394459 37.8719909202282 935.561400501543 3
157 5.7154819826797 12.2122017376671 344.433873297382 3
158 7.66946232106893 24.6107954888876 387.368337004756 3
159 4.99359650592775 29.4471564508805 181.526228356299 3
160 9.54303392293596 78.107702327576 641.712066426617 3
161 3.34128798404292 49.7754475465353 508.460584129509 3
162 6.14572307769873 41.8266151706135 225.416083810578 3
163 6.50319220919366 26.2756539744214 234.507574351536 3
164 3.56941125874211 11.1977373780322 91.6194781927686 3
165 3.81045270244031 44.3836625110954 1321.13405259991 3
166 5.26020300185804 16.7084137152586 612.312724199109 3
167 4.31177229329129 23.731171219512 327.61357092363 3
168 8.16159369669949 22.0539159806379 692.117103770616 3
169 4.49818702128147 14.0732522543756 618.709801886749 3
170 4.6622306626859 10.6788324096794 363.676985295604 3
171 4.52376851952684 43.2230608825365 695.264101751365 3
172 5.49556400289122 167.155106920174 491.093573679163 3
173 5.01358527019159 24.8343296518324 213.173644274323 3
174 5.56387141488393 15.3636869122708 301.859391885614 3
175 5.15277428957694 47.4959924826981 869.735838650243 3
176 10.3090849184381 24.516640061936 419.757004847072 3
177 5.26879371350657 42.5742863019561 734.466422854369 3
178 8.00566100895853 22.5981302078139 428.365484180023 3
179 8.73251973756131 51.1005269954224 456.90182632594 3
180 3.62564509232136 85.6966298011835 287.43376253789 3
181 5.72991335987465 11.9919976491235 581.864870650106 3
182 6.71460365531804 25.4245309164257 761.020085105588 3
183 2.98543730025463 41.7496464714854 500.816676994322 3
184 4.50766550375893 100.397813178325 490.335030985953 3
185 4.23775946258258 22.5958182864993 815.681865168238 3
186 3.3923026199095 20.9042245658679 593.42786139199 3
187 6.2244323756359 72.0789037145496 927.834914561821 3
188 4.19985075647141 31.3695117531866 476.986237482864 3
189 8.0591194470666 20.8343020644336 768.807733839744 3
190 5.71648352967996 42.7019926055297 473.643958401339 3
191 4.6090191678618 51.8316925729973 595.136310572582 3
192 4.54311350747046 21.6061915417929 193.332574534862 3
193 3.73187237313996 35.8094414266668 760.69920531487 3
194 4.20262997359716 11.1114734146321 207.292452663246 3
195 6.29480477827902 36.7606176423174 612.108962286067 3
196 7.13619507131959 24.0878732621963 274.261172263583 3
197 5.98448045041366 76.3318522468459 1491.79436527656 3
198 3.29399531786817 24.4932787181124 866.179529891609 3
199 6.44915639546988 49.2477063479121 1484.16242430323 3
200 5.42755547959688 104.543901596352 199.587306953185 3
