id E0 Emax ED50 gamma
1 4.93079001551039 18.1668375841089 343.312166817016 3
2 7.40776090500294 25.4033102790563 541.704957329787 3
3 3.94783727801977 68.9726145703633 862.180741765792 3
4 4.26073421844975 35.6321342720823 463.577804309789 3
5 6.57284885741722 81.6755299885741 705.02191328467 3
6 4.31592013341639 21.2927853538363 503.505924684402 3
7 5.5473264982843 58.1235710636947 155.394416716684 3
8 6.10403171733802 15.3184167816579 235.88427590615 3
9 7.50258214563941 33.3519814109476 350.001409371124 3
10 3.29513216873897 59.2029453826831 1179.70137976522 3
11 3.24413667508711 37.4799286084145 536.890612709918 3
12 3.97347520913308 123.891817456131 651.711504593832 3
13 4.24077718726786 16.9081624131804 670.509770702224 3
14 2.60561640579758 76.7293697860355 857.923305923301 3
15 6.13710456462368 13.3280924697257 677.685397188018 3
16 3.4685811244465 45.1630954643265 963.429557499401 3
17 3.55812890503753 27.0553567260241 469.875958527535 3
18 7.45270665262057 45.5295540127171 281.544453104119 3
19 5.65279043407672 14.7691710104868 408.922315599134 3
20 3.57867656110263 32.4786997508394 279.346585736213 3
21 6.1638219212026 86.3546871467143 854.418713818197 3
22 4.82163734221872 64.7902986213478 1337.14957988247 3
23 6.11069790343428 70.0629540642543 1022.74675436179 3
24 2.20123672990899 32.3328391642287 940.641307759733 3
25 2.24255589012525 34.1282061444619 318.64485560191 3
26 4.07336775183392 3.79111638706964 149.671175517658 3
27 4.17682442302179 22.1990472555921 565.053654191215 3
28 5.36621303581951 12.415624975159 146.978357149769 3
29 4.98474971971168 35.6557107220516 1097.75814912657 3
30 6.18323445024322 21.8187518678661 942.949029939009 3
31 4.09552057123748 37.2068892697945 353.756747681751 3
32 9.17624920776248 28.8378349780052 258.714936799812 3
33 6.67676868604225 13.4114742572855 311.762105801604 3
34 4.30318127086305 41.3149563504216 249.896028910916 3
35 2.96638229029831 12.3406556167142 342.361132690024 3
36 5.36546446162439 27.3961556343151 345.30078155009 3
37 4.77586129486158 24.8360409119405 325.420607689177 3
38 5.96562335387624 28.2959912037045 497.739530738029 3
39 6.26207197170057 27.8730274518606 221.635730360552 3
40 6.40631576926213 35.5711021530905 780.592747611583 3
41 4.15848958228652 33.8299983438581 377.135662697053 3
42 5.47102038665345 75.1787290808615 447.226835005246 3
43 8.50482543062939 48.4242345864136 955.355975607625 3
44 4.08757073945935 31.0759239639859 1179.27381362092 3
45 5.7375857569166 79.6998888035633 390.835351148931 3
46 3.53706327862214 204.972283044056 2441.72892386274 3
47 3.76764742015154 30.3193374287909 322.684866338775 3
48 6.26256784927484 24.4429531362568 432.516345951966 3
49 6.68047431190784 38.2038860370781 1450.41486452777 3
50 7.88200625461059 23.1310967099748 633.962355048209 3
51 4.39733566605626 16.4615339383885 370.048160751265 3
52 7.95036998694865 72.959544316442 1063.5189599422 3
53 5.39648861707494 43.493700050897 352.556171793144 3
54 10.0776683309196 132.7024473757 1075.14195494674 3
55 2.96805507403927 37.8718624392455 111.071275015277 3
56 3.42839663718212 41.9216531835855 362.400420385211 3
57 5.07689917612893 17.6312503472118 648.540740375273 3
58 3.56302742781213 35.6972602511175 678.127947433002 3
59 6.32661599133097 22.1214614592573 456.518843201479 3
60 5.1216466914192 10.4168025659212 265.288121022382 3
61 9.18718209310594 63.1341978359973 723.606133034867 3
62 4.50481781072159 19.503577149001 242.961523433994 3
63 4.06994572992028 25.2228660295999 718.359264449426 3
64 5.04481065341603 15.1025451545214 319.014653483692 3
65 6.09382323697093 26.2688900285578 795.551573205915 3
66 3.57221945585797 50.9490763618975 420.199074943772 3
67 3.41016330506939 14.391852888493 804.888398283996 3
68 4.87424292706797 19.8332576875323 1185.13122017278 3
69 2.89830286030656 23.0683671795213 737.777951508306 3
70 3.38170576612089 25.8352009938828 614.282098630177 3
71 5.28376163817495 25.9879994385133 424.318586645739 3
72 5.89077651582394 25.6122219707316 250.731986373727 3
73 3.97745870906323 43.8482480698691 168.368412029554 3
74 4.40357829578686 9.95024249653504 336.996512880937 3
75 4.67795809212183 8.57656310458886 432.952604137276 3
76 4.8515812684227 21.9876658819544 973.163376368431 3
77 4.17577294662649 66.7655621480969 1512.38074888769 3
78 4.85917598936218 6.52417724293253 309.660789352415 3
79 5.00402770636223 47.9712411798293 1082.92549307538 3
80 2.67873118628311 30.8552865763699 358.905513899568 3
81 5.875545645457 47.180387781092 706.846373857223 3
82 5.32238098752287 104.689400109804 203.543247272333 3
83 5.81126271109213 26.1714345727944 458.793357696022 3
84 4.38131311697669 19.4913215525374 458.870085390752 3
85 5.68802604957296 26.7254537309965 267.954050572253 3
86 6.27638498993722 21.9605024459194 492.172061573487 3
87 2.9183427095727 12.502792045096 840.219711206418 3
88 5.74130293226324 91.0939953662677 893.685800498131 3
89 4.51228123309866 29.572597087421 1075.48399157605 3
90 5.23231386895539 8.66870225418812 377.230137225173 3
91 6.47966651848282 60.7631761834024 483.152232104011 3
92 4.95024881381568 20.5407757812145 241.198195482104 3
93 5.44221550724455 34.5410817274239 1025.4625853188 3
94 4.67635276096133 20.1771035448163 389.845583763561 3
95 5.60474019511692 41.9666375623418 813.248578541001 3
96 2.98803028994599 39.8106112911962 1422.05758083732 3
97 3.9900734363281 21.0118796928422 900.632723188346 3
98 8.17971250999488 38.8558698936841 466.206785237779 3
99 5.18484320246314 57.2749312458829 1515.55334171334 3
100 5.77874657332584 92.0467062906462 477.988934980925 3
101 3.43722682581188 134.608499155551 356.319363519271 3
102 4.06571422240463 20.9270084373724 530.445107266366 3
103 4.78857419664508 11.0708052732373 228.359171703484 3
104 8.14719725029008 67.0032042998845 928.671186096098 3
105 4.28077300413042 19.5624525091952 268.783529415007 3
106 5.09141492684489 31.6257630653922 776.162813550516 3
107 3.12931684957749 9.60138620700165 145.519451743769 3
108 6.02554346747662 60.3641963356422 1723.24664279396 3
109 6.93076725587502 12.9359389464469 625.741261011734 3
110 7.63136401168289 19.1515833594953 297.406776529613 3
111 5.4356088085484 28.9816541345118 291.821174312654 3
112 5.33696563755165 32.2897806270002 200.521894073662 3
113 5.08170708085116 104.182896738778 649.147083066434 3
114 3.39860576070779 42.3906459911464 128.091538590599 3
115 2.96247987980722 23.409873959335 1037.90323616857 3
116 4.84479382401054 34.8052223069469 625.835104744923 3
117 3.67888628658363 21.2751902451905 303.748383301404 3
118 5.80076060638827 12.5993413954477 335.289178688644 3
119 4.15740006878563 63.1116311280144 454.256097356333 3
120 8.88518566712926 10.2552538372026 150.552468591685 3
121 3.39613513376633 23.430222301726 356.976619323854 3
122 3.56581789453808 46.7230785996101 998.743267076899 3
123 7.29751182485177 60.0089653096382 717.239240942793 3
124 5.07408175079139 86.2376738240843 1712.88048151808 3
125 5.16642914096163 85.3262820905302 3085.98102202323 3
126 3.67052806437383 19.6008075207788 319.763517144792 3
127 5.11244782173719 14.3381701009598 120.788988719036 3
128 3.55797571876009 48.7127248860939 1409.5268775147 3
129 3.96901087010198 19.4375405713141 363.26425258075 3
130 3.95065205305674 23.0556128555165 1152.84889129962 3
131 2.70143713927206 15.9232375755271 241.695875060757 3
132 4.77106536709896 30.5536524859307 314.519234150944 3
133 8.33198258065441 18.8960030530215 401.661714420509 3
134 3.77074954906478 73.3996765755441 553.140850431803 3
135 3.1158283348718 11.7725509899286 382.220350193509 3
136 3.19316822209031 20.1096308533668 285.9016088416 3
137 4.24425465013045 33.7761354574154 297.029828135057 3
138 5.4648473093292 133.965942548039 843.264606761424 3
139 6.5230418150773 18.0644695995802 167.448588357136 3
140 7.65161553313187 12.4994440166428 162.183170858846 3
141 6.02910727143145 93.7559835270432 725.232786612969 3
142 5.62327494685163 28.4160787500723 563.267338112803 3
143 3.20574886666389 29.5140690522392 765.164597251618 3
144 5.0819012588888 55.6719285068756 276.011668745318 3
145 4.27075304091294 10.915116034364 411.522424262092 3
146 3.30108269937325 37.2244929859592 340.966174605736 3
147 4.04306260015752 75.8185971140193 1793.80299977354 3
148 6.55768309778708 27.6262926337072 527.541620860851 3
149 3.43411897314828 25.76769038593 990.858372772166 3
150 5.39370562575926 12.9184504920947 290.75536444378 3
151 6.57593109387145 36.4019889242883 400.952138154516 3
152 8.87795596273485 24.5825676717042 656.708404030572 3
153 7.66784657674915 27.9981783514022 421.529726930235 3
154 5.42788071400268 68.1554134452027 283.955184469101 3
155 4.72074129948178 74.699043739306 1242.74791290305 3
156 6.2900571026984 79.4442136165583 633.14251262507 3
157 4.8952734767646 24.5572056714575 191.024721434891 3
158 7.18835512436666 20.970870322287 188.739025302909 3
159 7.46542218860699 11.0856374263989 130.332203477847 3
160 2.04434208041924 49.8574147572635 1099.68378553054 3
161 4.27820966040269 23.9901457459493 639.770963484958 3
162 3.98767798192456 36.691881199988 1930.22749837489 3
163 3.85049308065348 42.3130439437506 210.071161157314 3
164 4.20752654493081 24.695443713663 570.907670100704 3
165 3.35901172206485 29.8479919183312 996.115691677619 3
166 5.46139422732358 27.7204531455262 939.041312038809 3
167 4.57670155275445 36.9624783989649 183.186402418961 3
168 7.19480028864838 18.885512913289 183.231899679317 3
169 4.32808491577027 14.5457602625984 223.02396596167 3
170 8.81482457288303 11.7528172743922 497.16875034459 3
171 5.54081663399879 62.2242311055731 1115.39867712449 3
172 3.78479834092051 12.4810203473112 210.101893325011 3
173 3.9599427967595 20.6148920783744 414.031831643498 3
174 5.45057738969423 37.9788256983526 648.603861168689 3
175 6.17894240102467 117.70432779054 799.506210012375 3
176 3.49212817282965 26.0018033554538 102.658803734278 3
177 3.69595683217107 14.2916247474137 56.5553789916706 3
178 3.52841613043894 60.597498202296 570.404749434996 3
179 4.30637718572208 30.0502115052773 1052.1405778294 3
180 7.71783803129589 51.5531449287553 475.157906009707 3
181 5.06404514143066 39.4589407136599 268.215755135636 3
182 3.67656371949615 8.19042414194163 203.581643539222 3
183 7.86766199776922 29.3286604515357 934.250512045865 3
184 5.33180164093781 80.417072801404 241.56764090518 3
185 5.87986328780551 74.0885910460316 348.621240687058 3
186 2.80157729052576 18.6144303545764 319.289515888626 3
187 4.10190672453739 16.9253168510414 322.035718198593 3
188 4.81616033127658 36.9996532756274 362.191311122487 3
189 3.82499726406484 12.6094298234067 761.206127454972 3
190 8.32360479767715 14.1810102024943 198.113192338719 3
191 2.15080173892674 74.0560219571215 1249.95196078198 3
192 12.5568522164274 21.610322968634 316.285916307683 3
193 5.15842142599807 44.9019661435904 1828.60161224676 3
194 3.57940653418023 43.770944297722 415.872017054086 3
195 6.78766401234199 15.6110055096336 815.92010112045 3
196 4.82231356632599 30.6132311734465 636.369354986086 3
197 5.84922559784809 21.3762237215536 276.243085158736 3
198 4.65409697233293 32.3908957029489 1119.05671015881 3
199 4.10051635982656 36.408645917787 617.859607395207 3
200 4.28335002337793 18.0066630881125 1013.96521696195 3
