id E0 Emax ED50 gamma
1 4.92746937849576 49.3624606336465 794.101266723714 3
2 4.02956769491365 44.7213371142987 687.467891063397 3
3 5.26384942647269 18.2443608567734 178.916529213379 3
4 5.07911900471361 30.6041436217905 354.608169859657 3
5 4.49319478081736 17.9239515541019 367.498070901709 3
6 3.81096338052034 94.3262971138595 1136.25315444194 3
7 7.22749888870595 37.7335544313747 273.92883518633 3
8 3.33338332380717 24.2346499165928 682.896524901488 3
9 10.4385926643536 16.883001855141 218.886417980469 3
10 7.62665525550185 46.719931096915 760.67580816988 3
11 8.66579684287438 33.9037636762049 1453.1475666493 3
12 4.74263821005045 25.6897956414432 1193.00775435301 3
13 5.5567858507117 14.3531857169798 245.773446917146 3
14 4.22765172535657 7.42388925528244 495.264492261633 3
15 7.29693792275589 49.4634690903564 664.992715870716 3
16 4.50216200589665 69.4624389689577 683.679326718552 3
17 5.56567587133369 27.1119267433917 740.272052757295 3
18 5.92140686417775 63.560974467978 538.604035156195 3
19 2.5384861900738 13.5927403980067 443.538273590649 3
20 4.60599849009386 59.8662514847455 626.675733137608 3
21 7.10704589033867 18.76366442483 839.175254792841 3
22 7.00432282230803 6.46730283589035 87.5314066849729 3
23 5.75863110942761 12.0703245425265 281.098474465918 3
24 9.31916057969558 34.0807420243031 335.693877353218 3
25 2.35780700785053 27.7909968861393 559.907437737862 3
26 3.12684496855541 45.3782567541396 419.389412521856 3
27 4.9361855554503 34.4668137192155 602.314120068124 3
28 4.59355622633817 8.89120895153811 380.273797857658 3
29 5.671504674679 17.6805551022899 908.666268381444 3
30 8.62103324299554 28.9734744981348 728.728347384656 3
31 3.63532177629297 75.2468184971318 796.775055028404 3
32 4.12841380362514 96.1756688851766 905.319428135202 3
33 6.05492641252487 12.9870205796358 305.054601496718 3
34 7.60831731143379 53.0996768094433 1208.01039465039 3
35 7.5410870766602 19.6700395328687 339.881669522044 3
36 4.43599625312932 14.58190076061 755.403097273464 3
37 2.72258542578943 26.8790561013632 1052.0120630454 3
38 2.9066472944325 24.262154242297 377.807696069618 3
39 4.59017290165315 31.4239474691473 643.501386947578 3
40 3.87532845878712 64.8366094247954 572.217867306007 3
41 5.37574416068276 37.8207728149523 809.039785868461 3
42 8.87575738298213 90.0617887039472 1174.60210254539 3
43 4.77776928861737 29.5321698753008 339.980056620723 3
44 7.39355599622458 14.5319508730492 661.235843509085 3
45 5.69678120376653 68.7343131018059 937.439758669029 3
46 5.5997871076575 51.0745015131061 935.701630872796 3
47 3.23724295369535 40.7777591084949 1560.43876122493 3
48 3.87403972564748 21.3723190274376 402.183063199575 3
49 4.10029785163779 24.1359852617676 458.590804565443 3
50 8.29295039841989 52.4322840720483 176.630468364351 3
51 4.19067915678901 22.2701146335858 342.82938764459 3
52 5.19458907531841 10.4326765649028 266.054985887472 3
53 4.36541830583735 86.614981561397 2570.62579916042 3
54 2.96074989708553 12.0958956828682 303.161663028619 3
55 5.96131618432701 14.0705214073429 165.532699313333 3
56 7.34762018478358 25.9177222439175 512.161638080971 3
57 5.26155485532951 11.2603665489581 448.912990488808 3
58 5.97407505731821 25.551915976236 813.148803573028 3
59 4.06326945569876 105.229543795757 1589.80463815229 3
60 2.8794768570792 67.3719928834082 408.529258651583 3
61 3.82312155112716 33.6101279330975 188.721330320604 3
62 3.55007427064985 55.6454456219436 1043.22882503326 3
63 4.73324397163093 41.9726574083248 619.118889760203 3
64 4.72799928924193 30.5073248767444 186.410679761787 3
65 4.18988750586235 23.2693787638673 310.434486742277 3
66 3.9146834849092 32.8126132676244 471.152379370756 3
67 4.87729626740104 38.0141451397102 773.747242859521 3
68 3.57869087526142 23.0244004847307 559.980969295896 3
69 4.56424239915652 22.4556440686176 233.181469732664 3
70 6.19649870413482 53.201634488808 1522.68141239622 3
71 4.6264008317763 34.2829158240178 589.998452827442 3
72 7.10201775790747 28.8825027519206 390.676323512564 3
73 3.77855806671476 42.2685468322185 927.034225999049 3
74 5.98928609272924 21.8757415336464 415.589184411556 3
75 4.01993563742331 58.047410994477 679.130595677608 3
76 4.27810621021544 12.7126377447348 384.005004007624 3
77 4.40302698605938 91.6367865055274 220.118249079654 3
78 2.82704562005727 35.6319522867185 1644.44523921794 3
79 5.93723502224934 67.6604417965115 476.814204257729 3
80 5.68553130628027 94.9799499378567 1113.13207490695 3
81 7.70284743775985 184.042569130275 1605.8569456284 3
82 6.30567127717651 40.4267204257388 1611.91005718425 3
83 4.8264615574349 29.9420996824243 503.979921798183 3
84 3.04171890192401 43.7295628204524 949.546856877692 3
85 4.55198315798148 17.5231665276911 252.410883140491 3
86 8.65436082766473 37.5103405001497 399.160655537101 3
87 6.03042095741099 30.6151937241711 142.403194212882 3
88 4.0236453070168 36.0242888418453 629.901167042277 3
89 6.47685304613518 51.1096395299487 208.453984293386 3
90 5.69088996668194 29.9116311741243 561.720597744502 3
91 7.40355659793266 19.3075359092205 393.40778191974 3
92 4.2554147552899 8.84406252054285 323.340307701815 3
93 3.21293816305875 8.07236783247397 433.186867184463 3
94 7.31213159190157 25.4129474126437 729.042005690012 3
95 6.00127808440495 28.621299581405 495.491470351539 3
96 3.4635910306707 15.991016235895 142.481160411415 3
97 4.83498709563542 16.8741102681425 567.410099035936 3
98 3.66472689291865 39.606517683436 720.2180640574 3
99 6.30112395727138 23.0100713943796 191.527281951455 3
100 2.60559178822587 20.8939228504349 429.398960988728 3
101 3.4245597315488 112.145869863751 1073.25077856839 3
102 4.17464109783204 23.5544977808724 1001.45686877596 3
103 5.43891088109309 48.0329310801888 548.254558851686 3
104 7.20425129625564 57.4561632648588 1411.95402213732 3
105 11.9958856602588 8.02748440714119 278.079091166989 3
106 3.08543938867407 79.3986497103986 1107.76182037178 3
107 4.44389596999368 23.7895701747569 1272.00093153015 3
108 4.72397535872334 32.3967290193465 396.522575053564 3
109 5.6389878602167 25.7133766031784 978.995664066431 3
110 5.2504040639002 44.1087592626349 183.116138476719 3
111 5.4451483295145 16.3148410852794 288.396886813808 3
112 4.17587893896479 23.2968705998551 746.451801383941 3
113 4.12586075175943 10.135058947669 248.69802199679 3
114 6.07735446170988 10.3093695155667 464.528902281031 3
115 4.77550153672176 23.0695003426724 664.251477049437 3
116 4.16721872798873 92.9452863359119 1150.65607521203 3
117 4.53093052288312 75.5644066869111 851.701536742421 3
118 6.45534873379888 58.3424147111721 268.815554322014 3
119 5.95509605626274 22.1126483473904 1744.67783641616 3
120 3.63713095459925 20.9788809643833 984.720695832397 3
121 3.63353635998872 13.4050866925616 478.523822601026 3
122 7.97941979402819 99.8059647013208 731.018139363374 3
123 3.82966532085506 35.5795940141733 374.312651628083 3
124 3.4475588990113 25.9472399114815 549.318246909016 3
125 4.34753143675863 37.1173731442453 166.997511417218 3
126 5.13912501594858 14.2291106232388 290.62059194458 3
127 4.28338056368783 42.5273619767303 1008.63429734518 3
128 4.32336644867777 25.3724264537932 336.1826604228 3
129 6.6602154549871 10.438248785758 354.145347885801 3
130 4.00599212962939 78.7181890429075 1207.55488398243 3
131 7.22544341670696 16.9645813475759 465.76847030532 3
132 3.49706983627257 33.5928086719134 1236.34395886385 3
133 7.40698104502579 31.2413700769964 769.42366908112 3
134 8.52703846969588 27.139268337459 850.408645781869 3
135 6.63431370444595 19.4232282175036 588.691768772506 3
136 6.13798820331047 67.74171551576 543.681061229552 3
137 4.10477369493233 10.6285117399728 436.085518607095 3
138 5.52446080703863 21.1767047544545 467.711440965814 3
139 6.10712644912507 21.9591263436308 437.814008627449 3
140 4.03153938120219 50.7854819486001 544.686792166839 3
141 3.62887765416225 22.862283155871 999.070379562585 3
142 6.00410296084094 24.8246415679173 828.822103365505 3
143 6.66231252475149 23.5050821129049 431.775555643089 3
144 4.68491891858218 113.916696166382 1498.54667911504 3
145 7.47407526393032 117.069748886397 761.544546903675 3
146 4.11436853337897 65.2622051731896 944.184659048154 3
147 5.2785129695183 19.3502904524869 267.924784482979 3
148 3.68442877312198 17.7005050875412 259.294055499192 3
149 4.47948077948036 46.2369427055979 1112.1184152989 3
150 4.74098334530812 47.106381486789 287.586121756736 3
151 5.84608700694877 11.5043660735882 88.9159756912186 3
152 5.7950818764988 103.77311040886 1713.24586632365 3
153 5.11503418347506 33.7051475740948 438.539084599927 3
154 4.49997073970219 70.7294883003642 713.531280692725 3
155 3.83364019172098 127.21431011218 765.717289905379 3
156 3.59491805751566 23.7486912249899 327.485668168035 3
157 4.78182294884063 49.5490659661914 704.906720977397 3
158 4.92596805568775 41.7328566078835 620.861522166853 3
159 7.36140314902532 166.294071080676 3380.58497339729 3
160 4.68163594933975 29.5952005042049 493.630397590654 3
161 6.04587338527811 45.655050664757 386.370021804216 3
162 7.77880977796677 50.9160208544206 1162.26364632665 3
163 5.13927919888526 28.1274764926605 132.720935026376 3
164 3.71900167657059 19.5956684514476 446.091999835999 3
165 5.99696353547098 51.8625483112043 237.633975881315 3
166 3.50377922383885 51.2300228755944 909.019098146239 3
167 4.71825470054914 23.6855321561057 770.257369121663 3
168 8.37018035908117 105.90649286758 1531.47621485198 3
169 5.0306039975748 24.4220358941972 338.789143647611 3
170 8.30102982467803 41.4902900061807 439.829255610019 3
171 5.70169005808676 37.3781281446083 710.843544220894 3
172 6.37262886468609 67.6522486051989 426.5081327975 3
173 4.14898707538565 49.870207929096 1642.80169383169 3
174 4.73113420432171 77.324779394501 1022.103363124 3
175 4.41801615292626 59.2934340178277 984.632663838937 3
176 5.63724177371296 16.1734154186864 589.880780711826 3
177 3.1590773774307 37.8945361930948 244.561796380265 3
178 2.73592743245902 30.3834715508336 430.038888571008 3
179 5.73649690933764 16.6156827379163 698.520922003878 3
180 4.16315767621739 41.9129084449388 504.620999238681 3
181 5.51185105981172 22.3837759408591 328.796124057109 3
182 4.18473105120187 11.6850362229597 124.931618058103 3
183 3.87995439260616 28.1065300931571 340.708259369953 3
184 5.75655827144823 76.1141313738845 1055.89906379532 3
185 5.35822269024708 42.7731886076827 865.432652208741 3
186 5.30861145581255 32.6780845415444 331.089998741399 3
187 8.61363785134792 16.9622151400314 489.362227685725 3
188 4.0698153685631 25.0668572918361 181.344287477018 3
189 4.68808084168988 18.6820295912335 294.648123796051 3
190 5.80624635071909 57.3348836847933 715.089834350519 3
191 2.52787757858938 22.2058577526884 551.830549990813 3
192 5.34013817014816 23.591931219797 157.721181253716 3
193 4.60752500751978 43.5565396198449 401.221158138179 3
194 7.30850054723183 4.56288624626184 484.988931813081 3
195 4.3815157498118 21.3869303413464 424.852662818956 3
196 6.88812749305077 19.3463292408106 716.019826235238 3
197 6.9231363544504 37.3540668083151 1192.68950927953 3
198 7.6930371789689 23.5841723992803 205.569776309478 3
199 7.01522002351347 8.99760680887188 218.583725973964 3
200 4.60339125192653 60.5457047987449 431.065437138441 3
