id E0 Emax ED50 gamma
1 4.69335770602974 20.4633676655223 165.579831892907 3
2 3.90831925130327 5.3713961010137 172.775677668231 3
3 4.81375709997479 149.49401331561 842.818730322027 3
4 3.34842344579845 46.5919087559118 458.754448844636 3
5 2.81782421120173 107.612329345909 935.917793369681 3
6 7.32255270270015 18.8493121337565 178.164714184979 3
7 9.24223502745851 37.1654162454184 1411.8436079123 3
8 2.7498908667741 19.5502864528922 467.522080143194 3
9 5.1904324634969 12.1615179235372 67.3815243167222 3
10 5.80300484497143 27.1547771522391 660.428600751314 3
11 4.91084173065911 24.5190051602818 560.50314670877 3
12 6.45599480402498 21.4394946868614 225.987420961585 3
13 7.39163593089445 24.0576611874551 134.966162877478 3
14 5.30747764476939 120.767344696935 444.683141664806 3
15 3.6147089503498 36.7036353772192 633.010688524965 3
16 10.6406303960814 44.5291589113673 917.431743171674 3
17 7.11197285032381 9.95406939307246 120.279983323043 3
18 4.14431225145978 58.7128550626085 592.237495683227 3
19 5.65996687038847 13.9126566103023 141.502234407263 3
20 4.87884109348848 20.1125330967501 524.916418366585 3
21 4.47331502316406 36.6204145258352 442.276996243077 3
22 5.86539003526418 14.6463543357538 677.169838060824 3
23 8.05355309846501 16.4761532392912 200.229752983247 3
24 4.48720359961283 10.4314805744968 206.273980529759 3
25 4.38998248193959 21.19730336256 844.305555013074 3
26 5.52193488466324 14.7967451509049 396.190253305445 3
27 3.95088960125865 62.3610902218779 326.798895504148 3
28 9.24530772150528 11.63742477447 101.745054651767 3
29 7.60151194717905 9.842807873731 227.883502098611 3
30 4.16243854266132 25.1387044650106 355.400541115861 3
31 4.53331406707918 26.4326983394637 125.697472670939 3
32 3.49524523506939 6.90896334093444 147.008592072887 3
33 4.93970784082486 39.6074681071934 386.278436398614 3
34 6.28466601069789 63.9035623506269 824.95100506771 3
35 4.24291918495449 50.2331626039793 641.469790864284 3
36 5.37107463371002 13.9822221746537 349.989766054349 3
37 5.5922303194393 27.6449338270481 776.554480113752 3
38 9.65454338792468 53.1918753397275 1256.44307064275 3
39 4.69917128416851 78.2276609168223 631.21629648212 3
40 6.78000150749802 76.9512398378462 695.904763851693 3
41 3.82645511934718 20.7185155305246 217.556523465666 3
42 4.17740218137826 65.3263347283559 438.975845629901 3
43 3.93753244534015 43.1484767338981 556.84118134122 3
44 5.31525854388454 31.5992113779451 657.74994155656 3
45 6.97859441647465 106.99422176615 978.678831507956 3
46 4.43635362375513 21.7199749984893 579.078137876056 3
47 6.71898999099368 24.7601084480078 325.18140089877 3
48 6.21417540493401 8.5804487331909 177.77936762656 3
49 4.87458895838127 41.4161592840897 214.813569459752 3
50 3.98780867100804 21.9413761007101 87.7452467247162 3
51 4.9831461632497 74.2206992606644 1458.00760040162 3
52 6.39546258455404 16.5878469877641 383.702403106792 3
53 6.41733438681903 46.4492699463852 2594.37245320417 3
54 3.34954954877973 101.57905786379 1921.40276774677 3
55 6.32119734511 74.2979959787601 674.550963115099 3
56 3.68595447355847 18.2766213446683 177.219743128026 3
57 4.57604245195159 26.7098014110206 137.357408875758 3
58 4.4223038767816 23.6068164237741 334.939382275475 3
59 2.30045918473416 58.9475346270605 454.582454813442 3
60 6.69451989358384 33.6744167048124 1201.28497560741 3
61 5.64123780915455 24.8792080283163 437.141509399666 3
62 4.5163614973164 39.4552596209282 450.217126301924 3
63 3.45165035122549 16.7674080783159 343.856898086897 3
64 5.06204564811171 45.0029486076795 915.14007923614 3
65 3.95886905037358 107.651181587912 557.84760986471 3
66 10.8223254394786 28.0220639514918 648.176094803984 3
67 2.88475932041358 17.0663107949071 528.350035395162 3
68 8.22002747906824 26.1320984471417 359.846377184578 3
69 3.09505216203873 23.1207132162562 1197.16035656854 3
70 3.38712963539637 62.7518499698607 447.252714911795 3
71 5.06996952683194 29.1721587082608 331.690963530619 3
72 5.78943327167183 37.5883096497294 366.711036868139 3
73 6.11891456715738 17.8939368523622 650.062606488775 3
74 5.12097265656411 128.111110173138 816.250071051468 3
75 3.47440806942238 30.8067393765494 324.918027449506 3
76 5.85406922837778 16.1152095211496 679.947806641477 3
77 5.21981890273488 77.1842754872337 736.89992118933 3
78 6.38916430218312 11.1377411321942 125.248155004192 3
79 4.11911990861933 21.7054839938477 153.037537877698 3
80 7.04020535884782 24.5877220941372 174.297683648111 3
81 5.74970633529795 11.0251475694377 535.049682430752 3
82 4.99245997091075 20.4135776336627 441.017783947295 3
83 4.7413361263081 43.6399830451134 632.661219472119 3
84 6.46793581676411 10.3654071106013 246.412655616383 3
85 4.53336922346516 19.3563711603496 794.523158066365 3
86 4.1726535220008 22.4050357463822 621.297704709783 3
87 5.19373804504588 74.0422345681799 1124.08298470283 3
88 4.56036945767536 28.1040637374442 740.078291226728 3
89 4.07664197431882 18.3698441202712 274.053075223158 3
90 4.44981776562079 61.8664408378003 1012.26835357127 3
91 4.23823766205694 22.7531511947629 376.829896029013 3
92 4.6273729466043 63.4899747807114 279.781806669999 3
93 3.69265458317647 111.945837942809 850.271640389132 3
94 6.42911470485742 9.61753826744647 295.952866507751 3
95 4.78434154014964 27.9127085838005 289.742877315917 3
96 4.42574507849152 27.8139991798283 539.653042807036 3
97 7.38058623736288 54.7463325560182 615.935267899199 3
98 4.69305717189634 32.3254735154928 229.068427086525 3
99 3.30336924500383 24.0381754017451 377.584954314178 3
100 5.17402589398564 44.9645918709226 392.820437686413 3
101 6.09216285134561 18.5132437517333 310.484941422978 3
102 5.11787935326224 5.45123080443 92.6061643471861 3
103 3.93830480461728 25.3723015732913 226.322802029495 3
104 5.51480863579122 31.7865085953701 579.064025373136 3
105 5.57014321389003 67.9357942470239 1195.5779769302 3
106 7.02936473667438 34.1921962040122 512.073164747759 3
107 5.4857653264767 37.3962789187111 403.429891352267 3
108 5.73107022448692 29.51342522999 1400.30983054049 3
109 6.92801107334416 65.8784323486008 313.713252446592 3
110 3.78035259514211 20.1711608057364 213.317094138055 3
111 3.68534713244709 13.0950998994283 1031.24333473025 3
112 5.26997040158845 53.6490675866749 839.573040007564 3
113 5.80322779136203 23.4543756607246 258.35870762702 3
114 5.14174710776008 23.5035067663649 174.412450131323 3
115 5.81190099730602 157.144776590569 906.321402028037 3
116 6.94987336190904 57.8872313564465 867.780253631605 3
117 4.93716872862256 83.8189506867735 413.908900638365 3
118 12.4558199777414 39.6145839921288 1065.45130524258 3
119 7.54495361318824 21.3921966105199 401.755667818269 3
120 7.64104067028715 36.0364042708278 688.33562576907 3
121 7.0482431443293 47.6875276435654 413.710372182177 3
122 5.00990922591291 12.9242995489585 312.370737201966 3
123 3.06780740652691 11.3170975851233 149.512426264149 3
124 5.10508192076183 43.6651590124338 301.965612183679 3
125 6.01564024644062 43.9493972407972 563.911653191127 3
126 4.34557006189803 34.9088258501243 631.059479130475 3
127 4.72366500739633 35.4616662966448 287.376576840415 3
128 3.40302799392226 38.9025144681118 141.632525003102 3
129 4.02478531377936 15.4678864098885 667.906490740609 3
130 5.44960299753596 8.46345822758399 836.596084448411 3
131 6.92154471369752 50.4058170229019 816.108509142042 3
132 5.8174854732315 62.9776040960676 1683.91504378799 3
133 3.81388291406465 90.9560078180223 837.656809690989 3
134 5.32453445949766 16.1772114242249 240.462400605536 3
135 4.63835728926953 34.9059512083984 1537.24827837134 3
136 5.02318091496875 16.9851673629448 547.809340095056 3
137 4.50457440735156 91.2375303633802 1018.99972743612 3
138 7.19224891312956 75.5627076379203 475.749649579064 3
139 3.70386413748067 55.3116329863546 396.996414001034 3
140 7.3477253641762 33.6476637605692 485.275631890399 3
141 3.66120553097873 54.6982245051134 1087.86587123751 3
142 5.14781088967 10.7413653590546 663.91917154727 3
143 2.80417104251144 67.4267752560202 360.350709151786 3
144 4.21652879399188 30.2842954699445 1939.98163775224 3
145 4.92874431873975 93.5875885738572 840.032461326398 3
146 4.71416450737204 7.99536575078184 184.657925799439 3
147 5.98243474900489 44.5677035885594 128.66171500834 3
148 4.65328583515974 118.870541911917 1391.6441686824 3
149 4.95421830910898 81.1400686103083 1012.05670063306 3
150 5.1373357123339 9.24847172733196 112.514380464865 3
151 7.1805955283443 78.536773925227 2562.43981233926 3
152 4.84431044448425 29.0406779249748 402.42754383764 3
153 8.88916051804411 39.1911388720438 168.27046215665 3
154 4.59268957075268 30.4561555349972 474.071279425013 3
155 7.67308227592822 21.0112079036164 286.521929414796 3
156 7.29471766593923 16.1431407063906 317.21585406628 3
157 3.21199559026036 47.6269744373616 1473.53772955674 3
158 6.27793973410957 71.7566612117902 337.02542632531 3
159 6.70169417032866 84.5185576759499 837.640231546579 3
160 4.48322567371598 19.7193213136996 200.546723852111 3
161 3.00436688830302 62.4892032840038 2200.67960888494 3
162 1.88204453964947 26.791762858663 494.268941993891 3
163 4.18148573939362 65.4880990902217 1162.06637434192 3
164 4.12567561830833 9.72168317153291 121.511965509069 3
165 4.0011009899005 48.5905656677913 563.192215604235 3
166 4.71874693079514 16.5649554453111 1013.98783183632 3
167 7.86023506060616 96.7018284457331 2168.79248660885 3
168 6.08958118416215 11.4920010027431 776.40056929552 3
169 9.0566644917519 17.9908013733744 469.916944551146 3
170 4.29422751918986 37.9131306377398 197.793477121934 3
171 3.25669444628291 23.5122797861269 621.21351639674 3
172 7.70495971559302 86.9077166868619 388.942097126279 3
173 8.38428783720861 28.5552059268858 123.677100474304 3
174 3.27180913295644 70.6156334321676 2285.04533580547 3
175 5.03456620659082 24.3063059103489 513.677500377568 3
176 6.87532236109038 7.90611835488122 206.960007762324 3
177 4.80849005149779 20.3051498334762 705.779634765679 3
178 7.48800427577554 50.5215751389522 949.283797290106 3
179 3.64838783042626 162.094779492548 962.195498848953 3
180 4.96051986039702 51.3290883685817 259.855889512179 3
181 3.94564178038129 33.8695521922909 250.890055548347 3
182 4.63464808175373 68.349716806095 1012.43769534883 3
183 4.44101938938996 50.8746589761193 1246.6417797641 3
184 3.27571538035789 38.0607050684983 458.719874023552 3
185 4.22410201188327 34.3847578736641 201.854246049611 3
186 6.82612472191906 14.383738567082 206.310274730279 3
187 5.23798962155418 27.1706905885644 147.879296246442 3
188 3.0607015249087 98.5874177869338 412.481871552717 3
189 5.66588379848359 35.2721533542328 422.544788919013 3
190 7.04220349510764 67.8839675801751 527.75183958729 3
191 5.73063385599819 12.4225999213345 407.819916036362 3
192 7.02842864866628 27.2539636000523 708.954334537275 3
193 4.58792485621935 21.5515737559277 493.206663539535 3
194 7.25666076243711 19.0171576989972 944.950512664248 3
195 8.72082423379898 60.5855516690519 605.821401915738 3
196 3.97679837878063 16.8414400998782 748.487756458312 3
197 4.26069579856541 37.4434833831403 542.473701211713 3
198 6.21743285315265 60.5760951105071 390.75451140524 3
199 5.15347697695374 28.0422994352448 495.664146868982 3
200 8.48541302144498 29.9599271083155 143.467356656558 3
