id E0 Emax ED50 gamma
1 5.95089012699566 44.4316758846857 348.824174755749 3
2 4.65520174791487 66.6676111818307 390.906712398491 3
3 5.46536976729426 82.0258640220743 350.910580300849 3
4 4.7049048140589 29.4826888537721 357.503585292689 3
5 4.15741617747144 30.8053513347715 113.679907600469 3
6 5.43185236152036 111.848459769662 428.824292808 3
7 3.41114775236687 27.7611115357264 769.534874163613 3
8 4.56710825642093 42.5260699125988 482.9225135303 3
9 3.42804756742356 8.26422564321677 217.843459439797 3
10 3.89869196052509 13.1853933407704 1010.62421434543 3
11 8.19452270893314 23.9573146776038 369.235339463731 3
12 4.34503552112601 33.9437248408831 755.625112924291 3
13 5.27091725894526 49.8986522331791 209.56079201001 3
14 4.72476292315543 83.3777173489887 1441.26957629226 3
15 8.7548185354632 39.8116782364728 473.945503877786 3
16 3.71326572497475 33.6083378548103 229.723455907523 3
17 5.75125028119531 39.902367788262 505.249790433978 3
18 8.27955096125505 34.9089856786132 430.39334805177 3
19 6.78503150346101 8.64507035598729 179.177839922474 3
20 3.60260184026804 66.6480342806176 399.163143909677 3
21 3.72668085053064 29.4752845070915 313.021578612009 3
22 3.4745956607457 30.2417961913521 1367.82071894953 3
23 4.83894641728216 31.2604973015731 594.618148104691 3
24 4.65854443875387 51.6559166058923 565.570705416505 3
25 6.23586453168572 15.8124478037136 201.883658938422 3
26 4.92048847339076 62.8308913809008 2056.88994802149 3
27 6.26500195872296 30.6722833532406 460.224837651394 3
28 5.25602622420838 24.1443476629257 744.783907056036 3
29 4.8627154069872 39.1815537951961 801.944103065803 3
30 5.09360784715212 78.0338427691193 553.848799449763 3
31 6.28706786970467 43.2384185655777 959.020369451728 3
32 4.68812027299542 63.1409992688372 434.487780555668 3
33 2.70950353820817 15.4837110863366 1285.74627271198 3
34 3.92221616154257 50.7667865396457 646.420913691355 3
35 5.37243867212746 27.4450727053238 828.107270733801 3
36 5.59418414977178 40.0941403683599 369.154990612605 3
37 2.73199162205759 14.2601629380456 682.107754952116 3
38 5.5356877084372 42.6135504490342 513.769757298174 3
39 3.55056952284456 31.2110790595009 763.942542726756 3
40 5.97651641046236 29.1655291522731 477.855939752117 3
41 3.83012407715686 27.3712474604175 133.9247768556 3
42 4.33137490353645 30.4374138449543 525.702697777806 3
43 5.02320168232577 15.7736155708733 392.951205086061 3
44 4.25779645879405 29.1892412994511 2671.27899646747 3
45 4.17389901871894 18.1673721138267 250.75434101898 3
46 4.95532087901504 68.2731252647519 557.548747303628 3
47 7.63267592068862 60.775523840949 787.654551773417 3
48 4.38797759342886 35.711968462066 435.195340039705 3
49 4.92214614306791 57.9469766319018 497.439718812447 3
50 5.89435185435551 33.9576295735955 341.337133621617 3
51 3.90358019658816 12.281120836347 264.077865269955 3
52 3.02047676406198 33.8933946030519 388.874088313747 3
53 5.96251171151232 46.5335198517927 1534.5423732009 3
54 5.10266303780944 68.5928247105968 1605.87017615784 3
55 5.88364913508228 8.40399070436212 123.827748202332 3
56 3.71205499058038 45.6040437221912 376.876226681927 3
57 5.81821841270333 62.0767556441017 444.640362577721 3
58 8.26248731704771 95.8009260890148 1707.16833933127 3
59 4.09825119805595 15.3591039582655 466.323064915254 3
60 2.89331439261043 8.94042552629936 453.62648476138 3
61 6.72151716713449 35.0865014232014 697.744813653603 3
62 7.95401022915923 34.5099020220286 366.448201577475 3
63 3.91550429672598 37.9696805422237 702.676417502281 3
64 8.64389845141434 12.8899828743916 47.8441124805777 3
65 8.57570444612203 16.1740049982062 284.880954893675 3
66 3.93684675180966 12.7760299565938 539.609987294178 3
67 5.31484927709693 10.7478217691862 687.851082789236 3
68 4.73950892867424 91.9567917379455 1255.49108962324 3
69 3.86611372546221 59.6017138374378 732.328635802533 3
70 3.11349685846097 11.8859677288386 436.863239748015 3
71 4.01242364504866 15.8807145928642 385.623197878499 3
72 5.40864133662432 23.4472487242694 357.685144643186 3
73 5.67336884205098 8.52378867883047 200.118292150586 3
74 6.00314482088126 17.8671802423419 188.368170007705 3
75 3.50912888336609 96.3740061974675 536.484090601279 3
76 8.29496385194749 49.171571653648 366.393756807658 3
77 7.022851258161 78.9875393468098 3028.10211353718 3
78 3.69036441143801 35.9638002406362 685.429458693956 3
79 3.78069585000185 39.0331169808203 414.006862276141 3
80 5.35702727401015 17.139464690535 256.544818460181 3
81 4.34314476504294 18.804501954994 245.868470971261 3
82 6.41963058044007 141.568957563322 1249.24516971888 3
83 6.62949245614322 33.75222751053 328.947745119492 3
84 7.17676463986827 41.0282968792851 710.087592852397 3
85 5.60874500265983 35.9616025748256 1332.1307885671 3
86 7.34343973792803 31.9872830643012 385.248872486265 3
87 3.10942062495976 74.930408723438 383.050944139533 3
88 4.88574672562865 44.5102682350042 501.558739031928 3
89 3.63801613513058 69.7393847354352 2097.85342143691 3
90 6.15116411373109 10.7377699615928 509.216567478034 3
91 5.9532486788894 58.795593048305 1083.03307201783 3
92 3.17679057099066 17.8994780793714 924.759916913417 3
93 4.05110304160833 37.0725687312598 796.956938388493 3
94 4.99077405026286 67.6927430558792 907.008883730221 3
95 3.88480050283947 29.2948189320112 264.326053710019 3
96 5.47543077454646 24.1860729318962 455.582170158338 3
97 3.56395367031324 9.23148469969069 301.549788033144 3
98 6.12444073224714 41.2941066082874 571.313597201696 3
99 7.70494158283658 23.2024940193116 554.429526942947 3
100 4.97046003540803 61.621262884561 1290.73256417202 3
101 4.35548797390113 19.193338247574 562.69630595746 3
102 3.85131414861781 51.5624487678049 1755.02314179041 3
103 6.03089961699569 56.1223146524535 903.736902399555 3
104 4.96135740419004 22.8285229336124 537.068948827737 3
105 6.66795587676987 6.5139003933222 421.664706530811 3
106 3.48967503895342 75.4894272002344 1020.58110023386 3
107 4.42672822486929 49.6145797932892 967.427577288646 3
108 2.30043578515497 15.8841511007042 322.912355540187 3
109 4.14071444276465 116.380485267315 645.710751604524 3
110 4.87290275116282 56.8957698599184 325.884180529461 3
111 5.82421289704348 74.7829860185424 1255.0955121466 3
112 5.06875935320449 27.6412112487039 470.657564623321 3
113 3.81625381094974 32.5664144037341 313.791504521785 3
114 3.3580246157427 15.3093439121985 525.824755712587 3
115 3.39057703719944 35.4203470881068 373.180481111596 3
116 4.78827089040055 70.9165780935 2337.02363869149 3
117 4.66927528952795 41.3630438378734 342.924870487386 3
118 6.09693925426605 28.1767629517046 488.051650449497 3
119 6.03256012280732 146.462773228514 983.653612830975 3
120 3.00335747981719 12.8937651986 186.964858345063 3
121 4.88578929413725 25.0273151998261 380.201326745194 3
122 6.47773860189085 43.0743007790506 955.545793782884 3
123 6.20554043283546 103.010691303726 1239.92080321005 3
124 7.87373417116272 54.2288350603364 1696.24386085134 3
125 5.26731863290463 28.5824813194806 126.469960974393 3
126 5.7568774920534 29.4819945530284 147.560000356164 3
127 2.30726506175414 32.8527671371482 1081.70786055505 3
128 5.94245189900481 15.1348500545838 521.662068509774 3
129 3.34455867118452 35.1860968203641 770.719184899209 3
130 4.33110747682327 43.8188537556572 503.329303057275 3
131 4.70565428589837 29.1769981496701 508.045356839072 3
132 3.42386618536956 67.675933556328 648.557745795744 3
133 5.55920951382981 11.7125583499957 286.175691014534 3
134 3.43174572975541 37.5322809828345 1159.80223096691 3
135 4.94500429815638 26.1649158209529 247.973599239289 3
136 3.62495298189886 15.727296346573 617.86854712207 3
137 4.20205464475861 13.8507626148238 183.484447774811 3
138 5.9499594807463 68.6968978053237 1623.50259359097 3
139 3.65365506751301 34.5827546506443 714.908929174077 3
140 6.32703255081726 50.4895438918211 1433.05459323025 3
141 3.76479999664867 28.4762450091571 522.765451913755 3
142 6.04514569677421 30.3817133636851 592.506922200271 3
143 6.28812025159531 30.8200341868325 490.011818782143 3
144 4.25849133878703 54.4681610914855 499.071264466966 3
145 9.57899682833307 58.8689309426832 1018.826718273 3
146 6.55443842502122 69.5615447643323 1081.87343970823 3
147 5.06942968009661 20.453370680045 274.100068484404 3
148 4.91596052337356 20.4936285579853 1075.73762414242 3
149 5.22157081058561 25.2921456274669 601.194549492008 3
150 3.80890965043585 14.7167320226703 685.062327997654 3
151 3.81188567176478 29.3011736943406 488.51938794653 3
152 3.53725157195647 21.6270208881815 589.959116030737 3
153 5.19282085261737 52.6592869242711 887.716967710121 3
154 4.30006563598644 28.0033978363291 352.490481967803 3
155 5.70994306388958 40.9476252024268 188.726947983651 3
156 5.38642764239463 37.9178885915277 706.759931348874 3
157 5.791031076647 22.3178811696264 472.369511201153 3
158 3.59422834625674 73.9750228127056 516.805062730574 3
159 4.66817714357266 13.3129497000128 819.624221269363 3
160 3.91540810529635 54.2586167116367 1355.09578888738 3
161 5.20418667463778 94.9976658469815 296.838421018599 3
162 5.62430751726126 65.4201130756256 1115.91337912452 3
163 5.13706936684676 28.4823888146783 382.755927818275 3
164 3.81581077121024 27.4837513512559 625.392898221835 3
165 2.12670592410511 11.8131005660701 237.600951388483 3
166 5.23582585826932 38.8278736753292 444.793380535201 3
167 5.05291760499083 14.8394443959167 605.179586978271 3
168 4.02092410965299 54.5481423186879 661.920328030914 3
169 5.25424045258478 13.3913542106872 388.066320335038 3
170 11.1532397226392 135.895178508867 673.650255621563 3
171 5.74226148671634 39.9503792307652 633.468054404065 3
172 6.36195468179464 17.8687372521432 148.681511117449 3
173 10.6046476329976 60.3148020787478 557.642304738805 3
174 5.08026358409181 14.4930890766239 1267.8131865206 3
175 7.53938141193044 50.8087169588944 396.912262815447 3
176 6.12533882333041 17.8864139797434 455.719795058502 3
177 4.82090223269255 22.3220600923245 293.799452068049 3
178 5.40725122099524 28.8225247595541 604.020071607245 3
179 7.77262373112209 12.6983463530648 300.918717343936 3
180 6.28514010273173 33.0372867690773 338.176038158397 3
181 7.25344430184302 14.9645536589846 269.771248278152 3
182 6.05247911800062 12.6917103195313 490.508663542957 3
183 4.89012871735693 47.2615286043754 994.199569385824 3
184 6.42808030574437 20.4943973877371 728.82703915703 3
185 3.994760556808 11.5660912794159 206.730294552865 3
186 6.71027364681368 18.3983332150727 512.068020826335 3
187 2.49067680617456 38.266432425302 329.805937692285 3
188 6.93377397669847 55.8462693055349 437.47696201072 3
189 4.26667366465592 33.854390316826 286.896985155426 3
190 7.37629719613364 25.2339103822789 1425.09862295071 3
191 3.00785847481817 23.25748985163 938.719038257822 3
192 5.24721292978563 104.300305685358 2024.62126472436 3
193 5.77546395934798 27.8045625272216 491.172590016747 3
194 4.64450384158495 40.3913209890243 2073.36315974957 3
195 5.13184351111977 88.4067623821645 1184.44641706165 3
196 3.29625374832449 23.1059633467689 284.661104883815 3
197 7.98754196041818 46.0926581857295 317.523735366032 3
198 10.6413144702701 157.227044106759 885.442430518047 3
199 3.10129240002167 7.21689993873336 340.831767953107 3
200 4.73512663209313 38.2306821592513 347.411321728392 3
