id E0 Emax ED50 gamma
1 4.90248463036397 29.1860587650039 185.076587173009 3
2 5.27599779862653 18.7405437441854 128.557375801299 3
3 5.4635759974501 23.2224633911703 1176.88065651121 3
4 6.11583087607195 27.4976266392761 333.070582500723 3
5 3.22462452319441 24.4061871516359 122.553855872497 3
6 5.43571149682318 34.1301043706213 1667.65264836519 3
7 4.03125306296338 179.226900653824 695.689068595908 3
8 5.97766148974681 31.6864641148609 277.365013096223 3
9 8.13057642083603 11.3561249441743 490.213012363265 3
10 4.1418770141154 18.5658623268163 1493.46626225431 3
11 4.0722816389042 91.9751085272427 948.447881168896 3
12 4.0850131334793 60.3059091009874 1278.52310835495 3
13 3.50734519629436 84.9009718658639 570.431519148068 3
14 4.53361592484796 27.7799987335667 418.764075424422 3
15 8.38060095243922 19.9168365835044 426.072835078352 3
16 5.39047598313561 29.0100549789874 667.295802365472 3
17 7.49188979729284 64.2249834882304 1409.80252295188 3
18 3.71822802592288 34.3485443326044 112.221316369557 3
19 5.3538931036123 12.3154705151022 153.55799540664 3
20 4.5815430144217 103.47886323347 2583.38520643028 3
21 3.1620125371366 71.7840505541618 1278.01711874343 3
22 5.86159788509605 13.6573014633157 383.894367252161 3
23 3.42668445927811 16.3154822552502 372.935579492921 3
24 4.69355900708532 81.3943190133895 1571.78972050068 3
25 9.83076640201966 21.4864185839779 439.380267767711 3
26 3.74406073723969 24.8176213840446 440.158719339775 3
27 4.87342034660188 45.6566412058134 244.267073869759 3
28 9.61161791233369 85.7182870190787 900.808327838301 3
29 4.58099829406273 21.7461392666324 109.73274511687 3
30 5.06230724211612 58.1035386600799 1235.15590535598 3
31 5.14220908266134 63.4903469677109 1144.46410811239 3
32 8.39126859338375 42.7139848821242 687.026888778019 3
33 3.75901304657836 121.641811410392 714.800462774312 3
34 5.2090031430066 9.18173162311192 388.135590745796 3
35 4.47453986251837 27.588216190867 1438.23060012169 3
36 6.26665570541363 13.5513410193185 166.250092710615 3
37 4.25729175869876 18.0621373950491 386.028986889862 3
38 4.36605672116189 44.7766264575346 1064.78550170611 3
39 3.79634589833754 31.3953129376255 814.744418028502 3
40 5.48179836287449 21.3752365597493 399.990098352586 3
41 3.37064512341081 11.2873306186084 236.130058976501 3
42 3.55445160704715 30.3417599466851 313.510864210009 3
43 5.23881723622788 4.81572611602655 74.9449955719591 3
44 5.68200641925462 20.2909904694273 559.797510186942 3
45 4.51258773754314 17.8766950186845 592.307453901193 3
46 3.98917239913032 25.4550503811896 229.239293572771 3
47 2.36576285732571 64.5157411242153 815.87863246411 3
48 4.61159069749237 21.0604860585969 453.142606569115 3
49 4.89258922723138 7.4503843011925 68.4264277267054 3
50 8.37591341352747 27.9083491879476 643.157310126609 3
51 4.67898261472922 22.3023672046836 225.587949333676 3
52 7.74605523042527 39.1954125833616 780.967416391995 3
53 2.82057806810318 155.034604291662 943.410335331394 3
54 4.84099386569553 20.3832615394647 118.40087638512 3
55 6.6188609510912 20.0648470196152 344.853852273571 3
56 4.26166590008848 51.3206362455132 948.930842860598 3
57 6.23481933787885 77.997134677455 797.8693124672 3
58 4.3957355488459 29.7023703338565 404.614608045672 3
59 4.3800344593922 19.5667110580406 346.432069630305 3
60 6.97407403422791 40.4279773768249 252.071789154273 3
61 5.93364624270881 20.4525090961582 163.953186429733 3
62 8.28923775777682 38.1742111836511 518.766906333381 3
63 7.19763822150498 10.1233269126788 251.08362449381 3
64 4.17690061113889 15.5116979762142 207.501375131963 3
65 5.34058065204141 31.202568796581 1556.7841239342 3
66 4.49191497787429 118.95601047846 932.708306587146 3
67 4.25056677920608 38.8108200909361 767.574135982874 3
68 4.0300531074999 35.7787496640133 581.958687194374 3
69 5.19562016646789 13.7663609961166 491.190171034324 3
70 6.26692836747608 49.2187681213547 719.085666233136 3
71 4.69691087951494 29.9066813383313 327.10439674508 3
72 4.7092971274211 38.3663431790613 284.648220906143 3
73 5.29066184478502 79.5975854209978 807.087854197644 3
74 4.94797673069191 59.8486446410448 516.150649539395 3
75 4.53415217742262 19.8252908722628 487.195728874637 3
76 4.18380923723272 38.9791132814453 464.623997580124 3
77 5.56051948288811 33.8513053646088 452.485406895699 3
78 4.50020653135486 12.9257652540036 500.452289623243 3
79 2.95033973099344 36.2352016090979 973.470970657265 3
80 6.2498553056464 39.5362784749828 493.48751501114 3
81 4.36020223658732 33.7733697868456 504.416005232987 3
82 6.10135528459125 22.8654460442595 1022.82325221648 3
83 3.38323291586633 44.5484676315567 351.300963368947 3
84 3.11704690534601 47.3100349225259 1016.06917182656 3
85 4.54801379806056 75.3081357607168 438.572308988803 3
86 7.86806237387924 14.8622853473226 721.311592913472 3
87 6.64717013081316 24.399763576511 1547.09897766293 3
88 4.51863561030508 25.4883938772622 299.027663705795 3
89 5.34161613066495 26.0968669383324 261.811506782406 3
90 4.72775178535834 31.891730243654 287.154997051589 3
91 4.45492483914623 49.2730881802503 511.349837308499 3
92 5.69279503971319 22.3138941044263 1331.57270289908 3
93 5.29268473879513 14.2155907904291 314.62742928239 3
94 5.04160619955105 69.2916905287524 691.931685568565 3
95 3.8373941473035 16.8981810363525 154.48683939854 3
96 4.96302862473889 43.8316004846523 630.65944256062 3
97 6.15407341584609 166.693941628385 752.448788290582 3
98 3.59379226953784 31.3856218630539 177.553083592365 3
99 6.09122287823343 73.2998696067008 336.084511412022 3
100 3.46585114659168 46.8512851022253 254.051308784427 3
101 3.61551221402226 213.195327358548 3102.61725002619 3
102 5.1704583337068 26.5616121462715 796.256706150496 3
103 6.36513961847412 47.0043975897644 634.230574698958 3
104 3.27035642775652 74.0987592673929 1807.78465134026 3
105 5.34936529808264 28.8345209000861 218.531151975464 3
106 2.99720022685137 15.0314788847312 518.225588254564 3
107 6.53040248073824 11.6162418764297 449.326366010872 3
108 3.37636110121173 62.6252760858549 831.128652358184 3
109 6.31296556366735 39.1560327085955 611.645732121062 3
110 4.05447045575005 44.2633773158654 828.11997863342 3
111 4.54974308593002 46.9637234981295 258.350542198764 3
112 6.8261014147152 6.68870075546082 165.296789222462 3
113 4.29816890488342 48.7511246211402 855.011842087138 3
114 4.09038399761149 39.1992547195608 514.074794886641 3
115 10.171890941247 64.3576017382174 450.69381559033 3
116 5.29413162187958 17.2891308788165 238.06330503219 3
117 7.47858511878681 9.11711310136694 393.378406419243 3
118 5.64398834519161 28.1208279656349 260.568831721007 3
119 4.04334882099445 99.8204857920321 240.334636439158 3
120 3.7255162666777 32.8471870987694 640.767321660989 3
121 6.29181663060093 17.9116277523263 1722.16902044092 3
122 7.17547167224345 45.9331373864864 777.515327997588 3
123 5.84369664352591 21.8377089915298 974.708190896675 3
124 3.97682475543396 21.2821383193687 725.87586078957 3
125 7.54503843578138 21.7184847956754 824.015510666657 3
126 4.11556485370147 21.4460676594086 1026.92072938197 3
127 5.74090471232386 18.9371961417582 378.203412392411 3
128 3.82927399194143 95.4258180412448 690.217306550288 3
129 3.97889427281062 9.76535918182919 191.302922080429 3
130 8.7954324962222 153.448329196701 1141.4347633576 3
131 5.60391146072495 8.22099738928528 269.290515447738 3
132 4.66848124968278 22.9408454259619 375.086135871101 3
133 4.58644177432598 25.1557113733834 317.956135920933 3
134 4.33733923046655 10.4613508247504 483.185859699601 3
135 4.26123802815369 12.7208519514626 279.127582155446 3
136 4.21568887369369 80.6174749260867 2003.76932904087 3
137 5.70058554872128 20.0841772895581 295.960750183763 3
138 4.83660179661019 26.5145663514288 885.270861962261 3
139 4.65434724283422 56.5232636737341 1566.8029062259 3
140 3.9911351530326 31.2341331261166 145.636170698105 3
141 3.54133385126887 10.0777963644103 295.928535060909 3
142 4.2754958263315 97.5725391579778 1260.8659172704 3
143 3.41849609575002 13.8972830522504 319.095634445753 3
144 3.89584856927347 33.3212021620102 1215.26847559219 3
145 4.19866279417861 58.3228524304404 373.956414823925 3
146 3.52212534230969 31.7999926086019 699.731939370869 3
147 6.00780982352468 25.2146334582028 683.181828835282 3
148 6.62197566436767 49.3515082611653 270.634306819677 3
149 6.02946767304731 11.5860126074007 213.237560831981 3
150 2.80371534679264 19.6083494890598 302.401851845513 3
151 5.56383273366244 30.5694416196586 442.362062425417 3
152 2.90760748458888 73.3163726006236 423.125064114413 3
153 6.75055963089177 68.4576764773122 709.973928262979 3
154 3.8021305395914 35.8009210350888 138.314506341903 3
155 5.42894007749313 60.0346078924832 722.856675413351 3
156 8.47106565498545 128.602881098505 821.160705369438 3
157 6.21426015048436 52.3704266045228 1105.34637150959 3
158 6.29340576272571 12.4646073097658 647.348349765658 3
159 8.28001156318811 20.9825170401963 348.706743228836 3
160 5.91177224547728 30.474659785054 366.521202310437 3
161 4.62805574178202 32.0516246360055 1023.39531851752 3
162 3.89922531926856 27.7233534180976 399.103067944669 3
163 3.06418673254755 16.8920123575048 345.621534636063 3
164 6.97886602014595 41.3870543931729 1089.25785555711 3
165 4.31619683040514 21.7947825260641 2233.83749778638 3
166 3.38273730316859 107.02728395654 972.907415231513 3
167 4.85199234367921 14.7098280940508 282.178860108597 3
168 3.63130654773841 26.2512151578177 309.026772227026 3
169 4.46343134811677 27.8866896095112 222.07690440793 3
170 7.80686191961329 41.447251193727 303.584881413346 3
171 6.72355084978617 33.4148969994563 542.454556135621 3
172 3.40997092790912 31.2645095405093 445.618618134732 3
173 6.71162767725444 9.48137311415299 82.4563837711491 3
174 6.14224842170182 25.7005700105371 453.982770842631 3
175 3.14798776264538 45.2261366686747 599.479134251532 3
176 5.51591463960546 20.4332922733252 531.452056650798 3
177 4.64220486084411 45.2759735358815 1146.40484641653 3
178 6.29799311919713 36.6856783621782 562.595189087288 3
179 3.06179399605415 31.8496491348723 1770.51810092089 3
180 5.29302775949412 16.9697592637844 171.901349361273 3
181 4.82732838755519 54.6417931639433 340.647154888858 3
182 6.46127075309119 16.7208784479304 447.326805456771 3
183 6.94779297712615 11.4386899095816 319.293337192518 3
184 6.88235094660766 11.8545784770251 433.959618544817 3
185 5.97593024916203 15.4019358552061 244.749249382991 3
186 4.00580207920313 6.83062537028746 179.717849760628 3
187 3.31615072403258 41.9639976882947 526.391388096532 3
188 3.76162380950467 23.1922943892538 448.758810894052 3
189 3.76476998227319 71.9413825273345 665.003233383507 3
190 4.73490700325973 63.2014592311987 617.897053960439 3
191 2.592823040378 22.1912828728277 472.963610467862 3
192 5.14198831324121 25.7123116213069 542.638306757304 3
193 10.081914637453 39.3459357787381 479.203029059854 3
194 7.6265890973246 45.862206258554 2192.31592594358 3
195 3.83920325424496 20.5203954329016 787.017071081345 3
196 4.09342179711499 41.6899002063063 728.161529284066 3
197 3.60181346834942 53.5889303262985 364.728676932021 3
198 7.07240283500597 71.6854980513649 772.987797424152 3
199 4.25616607119222 30.8877487715415 449.905248140671 3
200 3.8701182974894 49.585458184691 421.31720388831 3
