id dose y
1 0 5.20046557098712
1 100 5.26530033720502
1 300 11.6211312103444
1 1000 45.5939332808429
2 0 6.77813808471289
2 100 7.10995882888906
2 300 7.95847212605835
2 1000 16.6375093354907
3 0 4.86699975743439
3 100 4.57524881817936
3 300 4.22935313089797
3 1000 22.0977114033506
4 0 6.15622093073636
4 100 18.2813507926651
4 300 27.2359989620401
4 1000 28.7785173438686
5 0 4.7711183674597
5 100 7.04341766593426
5 300 15.0443577303886
5 1000 23.2454886067582
6 0 7.17589921074495
6 100 9.02436599926943
6 300 28.2714983687116
6 1000 56.537193372633
7 0 3.33412798968598
7 100 4.85954042940575
7 300 11.4039553681992
7 1000 39.2045795978673
8 0 5.55248627218515
8 100 6.40237327487616
8 300 11.9254316361933
8 1000 20.6100928478408
9 0 5.75265686052812
9 100 5.56523637540896
9 300 6.60147336744675
9 1000 31.9806665493454
10 0 2.85536663370957
10 100 3.17392003906978
10 300 14.7936398423971
10 1000 54.764819733522
11 0 6.75397043292251
11 100 7.15790783088549
11 300 17.6221326895888
11 1000 26.0474400962972
12 0 3.29417196388217
12 100 4.77464382029875
12 300 8.987967063395
12 1000 25.1816437432499
13 0 2.92001186897949
13 100 4.06961022198465
13 300 18.6675171193005
13 1000 32.9036603751965
14 0 4.10533632736575
14 100 5.15749750367043
14 300 15.2308101103152
14 1000 45.7340424847298
15 0 7.53522680369964
15 100 8.85802535696876
15 300 12.5056720116393
15 1000 32.5853384489184
16 0 4.85822605310269
16 100 3.97023154682229
16 300 12.6786597965548
16 1000 23.9512995866965
17 0 4.47651076626714
17 100 6.42002992333646
17 300 19.6546400434914
17 1000 26.6366055531823
18 0 5.19337797444528
18 100 6.26068566641272
18 300 16.8999621064842
18 1000 35.0358398614211
19 0 3.94541391905151
19 100 4.94035839972108
19 300 5.45090623414522
19 1000 35.2251895417843
20 0 3.83276907851077
20 100 10.7776997997826
20 300 42.134135252266
20 1000 44.1293228280374
21 0 4.32267431803475
21 100 4.44298881964519
21 300 10.4729383799148
21 1000 10.9411067441289
22 0 3.41876157929209
22 100 3.6454377972889
22 300 4.28650304868566
22 1000 19.1885026109583
23 0 2.30785571827078
23 100 5.97282789069804
23 300 20.9085034084172
23 1000 24.272869934678
24 0 5.78868587720604
24 100 6.91578901936562
24 300 15.9576990434178
24 1000 38.560044619719
25 0 3.47525278228745
25 100 4.06866518870192
25 300 4.54571445286956
25 1000 7.8732125198505
26 0 7.72780200613888
26 100 7.95275986314472
26 300 9.90993084422014
26 1000 22.1276620666388
27 0 7.87835515275644
27 100 8.62049409942638
27 300 17.2231646143712
27 1000 17.9803311169476
28 0 3.87292909587814
28 100 5.21598706080045
28 300 7.81329977258641
28 1000 37.6634876673402
29 0 2.73049278694443
29 100 3.25534892331025
29 300 3.52753532938829
29 1000 8.33973110700692
30 0 5.8054460265795
30 100 6.47164707580209
30 300 8.43040142296601
30 1000 18.8534491894864
31 0 3.64985489046776
31 100 6.21791908784017
31 300 26.5017212375851
31 1000 37.9598590443268
32 0 3.51269482972469
32 100 3.38563323802045
32 300 3.6143621919178
32 1000 8.21390295222877
33 0 3.6276511108939
33 100 4.01007731652833
33 300 21.8744590533135
33 1000 58.9825442656918
34 0 4.541824209987
34 100 5.14060756806687
34 300 4.28905413415014
34 1000 8.12941256296793
35 0 2.73175006133065
35 100 2.54302266296074
35 300 5.63138666364494
35 1000 44.427921114626
36 0 4.5839683271059
36 100 3.78941742262996
36 300 8.22001545368073
36 1000 14.4235134117434
37 0 4.63868543359467
37 100 4.89659166799051
37 300 14.8157280436067
37 1000 24.5654999860843
38 0 3.3419041670872
38 100 2.99925918682646
38 300 5.34731263126534
38 1000 37.7569545011396
39 0 4.84119155198456
39 100 5.41770304302565
39 300 18.3275041776789
39 1000 41.23488936104
40 0 3.52356827600087
40 100 3.60348671973684
40 300 3.99748925883598
40 1000 4.20569478145476
41 0 2.37905000303142
41 100 2.8037191438494
41 300 4.10891032826115
41 1000 16.9655216755512
42 0 4.75201592838558
42 100 6.4054496351187
42 300 6.0686145987376
42 1000 18.7846658906557
43 0 7.98028972797503
43 100 8.47454408137278
43 300 18.1455877261613
43 1000 38.2359059519078
44 0 6.79061398850383
44 100 7.47220063079086
44 300 8.82200244264848
44 1000 57.2366727517441
45 0 5.24568810682164
45 100 6.8300393057989
45 300 9.18198573668272
45 1000 40.1214127508334
46 0 7.16995389418625
46 100 5.49208148236831
46 300 7.66332815145548
46 1000 20.1115344621418
47 0 6.87263927725734
47 100 6.05540152823996
47 300 21.1053094246387
47 1000 34.6838801289002
48 0 5.2211599380999
48 100 7.73204172126714
48 300 27.7456117660389
48 1000 40.7744570895207
49 0 3.81743099143393
49 100 5.29162350040014
49 300 11.2896170138784
49 1000 21.4771043923511
50 0 2.81579713370498
50 100 3.50759025559509
50 300 4.76058265146786
50 1000 27.393915568656
51 0 6.13288389147284
51 100 5.8589800405144
51 300 7.91545521011219
51 1000 56.7698431441544
52 0 6.10227085108772
52 100 5.44348608258466
52 300 7.00187265340158
52 1000 42.621110433694
53 0 6.49553109087418
53 100 8.29228407208002
53 300 10.3650508782652
53 1000 33.5240577081867
54 0 6.50747891828071
54 100 7.23688902883205
54 300 7.66128074158613
54 1000 20.3730867502106
55 0 3.65589407641011
55 100 5.20507367615651
55 300 16.8329120900207
55 1000 106.459895072239
56 0 6.16365274415331
56 100 5.66868211974226
56 300 9.09481265702764
56 1000 18.1779113012987
57 0 4.7720164227971
57 100 5.17010873221185
57 300 9.6076789685285
57 1000 27.732595877372
58 0 6.79200204258991
58 100 5.78818376113815
58 300 5.17780311168196
58 1000 10.5687314269272
59 0 4.73467440760267
59 100 5.25946792635179
59 300 24.9829923380451
59 1000 49.4401197999817
60 0 4.27336798749272
60 100 5.48097868487306
60 300 8.07493837221449
60 1000 16.0300287178717
61 0 5.47537928142978
61 100 4.22257375735773
61 300 6.97520314215313
61 1000 40.210439188863
62 0 7.39880525308452
62 100 8.56068680049627
62 300 13.0784923989319
62 1000 71.3194677682968
63 0 5.8651593187976
63 100 6.14927625465381
63 300 5.63129106860776
63 1000 18.8129738660987
64 0 4.39906893054026
64 100 4.70183323365577
64 300 16.4647385614606
64 1000 28.4338519027482
65 0 8.47739762678115
65 100 8.37697307735307
65 300 9.02822865010584
65 1000 27.1461267426927
66 0 4.95073720826366
66 100 6.07663592839194
66 300 16.4049517214184
66 1000 34.2148446579716
67 0 4.90806602238378
67 100 4.78911717408517
67 300 8.67837666522924
67 1000 34.1654262366257
68 0 7.28182559994358
68 100 6.10805450413546
68 300 6.84517808106905
68 1000 25.6065608883246
69 0 3.58920012421603
69 100 3.93950491017316
69 300 4.46591132492783
69 1000 18.8979143737276
70 0 2.20283895671414
70 100 3.14652485492668
70 300 11.0296213921842
70 1000 29.379389162624
71 0 5.99040938240698
71 100 4.73773353085155
71 300 6.86116838864432
71 1000 19.2920728463098
72 0 2.58010435481879
72 100 3.82013267528761
72 300 13.6909519156005
72 1000 30.0297221830198
73 0 4.56204877829171
73 100 11.2299540043492
73 300 24.5444476930571
73 1000 26.3359858731454
74 0 2.7115431487294
74 100 3.52681309671019
74 300 11.4286360957421
74 1000 21.8389751623446
75 0 3.29180466983731
75 100 3.65122027638223
75 300 7.8799649806505
75 1000 12.0905439243475
76 0 6.80704930690456
76 100 5.89921287572907
76 300 7.51657548779034
76 1000 27.2335219603871
77 0 4.58951915358327
77 100 6.58295976422203
77 300 27.917425741513
77 1000 33.1485903758976
78 0 5.11579347099445
78 100 5.26263464685307
78 300 9.70234037484958
78 1000 28.5270929069307
79 0 4.70528683173707
79 100 6.27524926833768
79 300 24.1886421953316
79 1000 39.1111299838448
80 0 3.42868691186547
80 100 3.69622945770275
80 300 6.16702920027643
80 1000 34.7075715298166
81 0 6.9351409425898
81 100 9.09176353122486
81 300 13.8631730268122
81 1000 40.1989251759724
82 0 3.93328681478703
82 100 5.5978725157287
82 300 30.3467611424659
82 1000 48.2003171114371
83 0 4.106711387949
83 100 5.69427943682799
83 300 6.75563284570703
83 1000 15.0036607680333
84 0 8.3431711820488
84 100 7.72285117611339
84 300 9.46758173574157
84 1000 29.6430614884673
85 0 5.06971691233346
85 100 14.1376290517124
85 300 23.4879553279989
85 1000 25.4650576866837
86 0 3.14508755738789
86 100 5.44195949476783
86 300 12.0648685058583
86 1000 24.2993667546462
87 0 6.58104758119001
87 100 7.10257033793184
87 300 8.47896219678926
87 1000 16.8474723524033
88 0 6.72029037319986
88 100 15.6133234047615
88 300 24.9483338881974
88 1000 28.15457693357
89 0 3.317396718365
89 100 4.16997998153166
89 300 10.8767252159079
89 1000 20.0283400237985
90 0 4.32550736168671
90 100 4.77859611878351
90 300 10.7135783548184
90 1000 32.941854063663
91 0 8.71970441909233
91 100 9.98964039951413
91 300 9.9366691024337
91 1000 20.4353106019879
92 0 3.85351171680988
92 100 7.10571454653376
92 300 24.7664770857259
92 1000 27.1115238753061
93 0 3.99701327126933
93 100 4.71523516533929
93 300 15.1672888981311
93 1000 34.5094019389099
94 0 6.15258534743026
94 100 9.90286339926034
94 300 37.6910621496668
94 1000 65.0036855165711
95 0 4.13062580092194
95 100 4.36453527400675
95 300 22.9859435917971
95 1000 41.8853337129596
96 0 3.61955278525736
96 100 5.00612484130688
96 300 7.39285207549789
96 1000 19.3177731745516
97 0 4.97425671912583
97 100 7.41209449432314
97 300 12.2843887905776
97 1000 14.4992016803701
98 0 4.34777604178869
98 100 6.81148055919469
98 300 22.1221948337408
98 1000 36.9164530455557
99 0 4.27140001420096
99 100 4.27037663882936
99 300 5.61675844069895
99 1000 31.0620750679723
100 0 3.95139739656329
100 100 5.14127156865747
100 300 18.9908977133133
100 1000 27.9878716699637
