id dose y
1 0 5.35655843087208
1 100 6.02466595189162
1 300 21.7686516721895
1 1000 39.4443869138227
2 0 6.30527264376768
2 100 7.26524054596546
2 300 7.27757086623269
2 1000 28.0261492974649
3 0 3.30261706413667
3 100 4.94989399279041
3 300 5.93003690482225
3 1000 31.6503795118296
4 0 4.52510711708548
4 100 4.60994369206587
4 300 5.63779464193914
4 1000 19.9630257413503
5 0 4.23107200484606
5 100 3.31736355048367
5 300 5.00908448590259
5 1000 20.2376574651618
6 0 5.3377840355807
6 100 10.0264821704202
6 300 24.6677070582283
6 1000 27.6458733444777
7 0 6.03172998999614
7 100 5.07273620503703
7 300 7.44505132954203
7 1000 26.5419132612418
8 0 3.74760687467253
8 100 3.8024974891889
8 300 5.5447710217081
8 1000 18.7843015659804
9 0 5.45055302270627
9 100 5.81746679816582
9 300 10.2009183254237
9 1000 28.7767048123529
10 0 5.38176760658766
10 100 6.79483330412013
10 300 15.1913745647255
10 1000 37.5812604267622
11 0 4.73098352251928
11 100 5.35427150122711
11 300 11.4852899854766
11 1000 33.5638625718795
12 0 4.40190498629531
12 100 4.33398543556607
12 300 5.83626439973941
12 1000 39.613434153628
13 0 5.60790662578802
13 100 9.84915136627498
13 300 23.0304784427672
13 1000 24.468982915463
14 0 5.13662971994173
14 100 5.7112485416822
14 300 15.7528591739034
14 1000 17.6503832291461
15 0 3.73888229565768
15 100 4.27918596360967
15 300 9.18575081751541
15 1000 18.282764489301
16 0 7.61060783125801
16 100 8.93217971239701
16 300 9.424991488174
16 1000 37.9595757061252
17 0 6.81122127456858
17 100 7.32773194519915
17 300 22.9696177107639
17 1000 55.1637308432742
18 0 2.7532304822518
18 100 3.63588004682176
18 300 8.97695047342959
18 1000 22.5748892115281
19 0 9.30599406921658
19 100 11.3739627859819
19 300 29.2739557319154
19 1000 51.6699630662792
20 0 4.89660009536139
20 100 4.26978601623753
20 300 4.8594087106347
20 1000 32.1222199841846
21 0 5.23996536060505
21 100 5.37876217629565
21 300 17.2812237223238
21 1000 32.4835566888745
22 0 5.31091659913748
22 100 4.70196918016449
22 300 5.18003248197287
22 1000 5.32816264833081
23 0 4.21377520354844
23 100 3.90968290544109
23 300 7.46001774231746
23 1000 29.9583622784472
24 0 4.10797887440668
24 100 6.53530514106356
24 300 20.8228332104039
24 1000 33.0634809479396
25 0 5.79319887652653
25 100 5.27836136969221
25 300 8.46514519540796
25 1000 40.9901031963389
26 0 6.01476413933426
26 100 5.87923358187629
26 300 11.5121496766066
26 1000 33.5501489120736
27 0 3.80226484386156
27 100 4.87369683193753
27 300 5.01284196290919
27 1000 10.0935064178873
28 0 3.19032299482407
28 100 3.13342512029641
28 300 7.36996416246905
28 1000 26.9851737240328
29 0 4.59039166301928
29 100 6.21926250001864
29 300 12.6529684828927
29 1000 11.3407040684614
30 0 8.84156206024925
30 100 10.0605338220494
30 300 15.6634368204582
30 1000 26.9620354163369
31 0 7.81468874260028
31 100 7.71725466138894
31 300 10.7880664706087
31 1000 16.4720166780085
32 0 8.80906613934154
32 100 7.87236104724667
32 300 10.8091323399155
32 1000 32.4282621541382
33 0 5.66135641114101
33 100 4.77616232033189
33 300 5.67694795745092
33 1000 18.1144245267889
34 0 3.51663259211796
34 100 4.79776975640246
34 300 25.8711939626064
34 1000 57.4220045834313
35 0 5.46365527306222
35 100 4.37672788847592
35 300 7.05096850557173
35 1000 20.0388906086961
36 0 5.03162277818369
36 100 6.71286045995367
36 300 22.0919438616522
36 1000 33.3230018228265
37 0 4.28882416715631
37 100 4.53974883072026
37 300 12.8660300161498
37 1000 33.3127703514278
38 0 5.60651438146533
38 100 5.12759388474339
38 300 6.09138322849946
38 1000 24.3845524681206
39 0 6.22958453538002
39 100 5.2982405949898
39 300 7.04014041038663
39 1000 18.390513473918
40 0 4.65214678726169
40 100 5.63735514670345
40 300 20.3865840776642
40 1000 47.5947058300968
41 0 2.71784007864759
41 100 2.88531543351009
41 300 6.87009941477662
41 1000 22.9288757052622
42 0 3.00865193790225
42 100 6.56244463491151
42 300 27.0679549862882
42 1000 33.7476216971666
43 0 4.59781371279395
43 100 4.87101518518131
43 300 6.42602896732115
43 1000 14.4926924383716
44 0 4.29230813727785
44 100 4.99453626062958
44 300 8.94709223801441
44 1000 19.3456290320506
45 0 4.21371516999775
45 100 4.45314440270253
45 300 8.4021809806054
45 1000 13.1125352451242
46 0 2.9619140869879
46 100 3.52796143539934
46 300 9.76104419522539
46 1000 113.41433690299
47 0 5.21954179946241
47 100 6.57038254738885
47 300 17.0227632851058
47 1000 32.8586718567783
48 0 7.15712860021945
48 100 7.47166718855465
48 300 22.4121444312832
48 1000 23.4700601180747
49 0 4.9930575338642
49 100 7.7818328829929
49 300 19.4389474366514
49 1000 23.6123229062925
50 0 4.86463476624507
50 100 4.13366048911646
50 300 6.25084147868463
50 1000 33.1101332477773
51 0 5.08720967893993
51 100 4.57752569059532
51 300 8.70775843190849
51 1000 20.0178535118619
52 0 3.41164777461293
52 100 3.83913390772963
52 300 11.6359401117354
52 1000 21.420866783609
53 0 2.93665326017153
53 100 2.87939486507221
53 300 3.99181192573406
53 1000 30.5236936801966
54 0 8.66503201947187
54 100 7.86147481949168
54 300 8.6408149320711
54 1000 11.870188374042
55 0 5.33915915082467
55 100 5.11899776079759
55 300 8.6398084948595
55 1000 94.3007360913051
56 0 5.82262934842946
56 100 6.2168539088898
56 300 6.15313027011845
56 1000 13.0164084177768
57 0 6.61483914914601
57 100 6.23961498323326
57 300 8.6594428857153
57 1000 19.485599198474
58 0 5.08844148615998
58 100 4.86471397572593
58 300 5.23950738004888
58 1000 9.1233218107775
59 0 5.19765650135062
59 100 6.13449153460082
59 300 19.6706591770413
59 1000 45.6485919213131
60 0 9.16307492025717
60 100 8.89900981708629
60 300 9.13720588840184
60 1000 12.7836266844251
61 0 4.92780781218451
61 100 5.49627055541739
61 300 9.38186491087716
61 1000 33.5386798615002
62 0 4.58806767454661
62 100 5.30381116456749
62 300 10.8840726515714
62 1000 32.4023922022073
63 0 3.28132295716763
63 100 5.07728280828606
63 300 12.9829440101601
63 1000 16.1381335631241
64 0 4.7696503337557
64 100 4.24244059166386
64 300 8.7549331038651
64 1000 62.6516292039754
65 0 5.24392796866936
65 100 6.19756805116244
65 300 11.772085336294
65 1000 125.763686702763
66 0 3.9086672138945
66 100 4.74713268897747
66 300 4.78242440058386
66 1000 10.3095139236805
67 0 4.7621773884192
67 100 5.83437520161895
67 300 18.9926835274165
67 1000 24.1653643827171
68 0 2.51279089559319
68 100 3.33484694323063
68 300 10.5429983473757
68 1000 35.3539025698303
69 0 5.05581428789746
69 100 5.67208036830765
69 300 5.55184872600123
69 1000 12.5019376304407
70 0 5.65072959781062
70 100 6.20290210952895
70 300 11.9116708810888
70 1000 26.3394978293297
71 0 5.08396718932905
71 100 4.55472307712347
71 300 11.1436331819068
71 1000 26.2452567805319
72 0 4.80040423784632
72 100 5.50087212819203
72 300 5.56759047117932
72 1000 6.09597897006478
73 0 4.83635348806098
73 100 4.64931538972158
73 300 5.69773968739548
73 1000 28.4966491387813
74 0 3.77291595945311
74 100 3.94271134893425
74 300 3.93294974377549
74 1000 17.2588316571723
75 0 5.50270933209602
75 100 6.29712489749155
75 300 5.95431652020242
75 1000 18.8806038351251
76 0 1.69681050955298
76 100 2.16817056462057
76 300 3.33074246049996
76 1000 16.8828858730937
77 0 8.90439144277649
77 100 8.80267664382153
77 300 13.641494463732
77 1000 28.9009096066373
78 0 4.2824268150399
78 100 4.7835559481803
78 300 12.1067749422018
78 1000 26.9585940702592
79 0 4.61705575884723
79 100 4.73618687029583
79 300 6.72386206664926
79 1000 35.2645398375712
80 0 4.09824874905348
80 100 3.94001547010998
80 300 6.09445573255062
80 1000 35.3481481416691
81 0 5.00056115350089
81 100 5.28931265672427
81 300 5.93050050271784
81 1000 23.1550633326659
82 0 2.96579015794628
82 100 3.49623008009988
82 300 11.479321111192
82 1000 37.3639958878595
83 0 4.84929230242479
83 100 4.96222559537727
83 300 19.0823144569224
83 1000 39.5282501834941
84 0 4.46679734054976
84 100 5.04366753689491
84 300 15.2299771264609
84 1000 28.8790363132421
85 0 5.8342833691174
85 100 4.59966085865906
85 300 11.0836410693901
85 1000 46.0093577215043
86 0 4.61171211019597
86 100 4.54516532122602
86 300 9.10263002440044
86 1000 25.8401905852792
87 0 4.17109132448978
87 100 3.7608617014117
87 300 11.9516228800016
87 1000 54.9142639846519
88 0 5.84250716158817
88 100 4.7817229299602
88 300 8.91973370736005
88 1000 53.1935210800171
89 0 6.3043837807111
89 100 6.82105169213812
89 300 7.25514711048368
89 1000 12.816741038104
90 0 6.0524892183113
90 100 6.55519549852703
90 300 5.86296830508149
90 1000 18.9247557492654
91 0 4.42973764821302
91 100 4.78614951739786
91 300 6.21168318734835
91 1000 17.811433703309
92 0 3.1956260057628
92 100 4.69750989664867
92 300 16.3719736505407
92 1000 19.2429983558832
93 0 5.32088147512587
93 100 6.15053430825473
93 300 8.48914119154012
93 1000 43.4929709399395
94 0 8.37933937452621
94 100 8.90102449867519
94 300 16.5297837522325
94 1000 38.2559781069426
95 0 4.54842117782042
95 100 5.4426942771908
95 300 10.0129129484693
95 1000 21.2779562930641
96 0 6.31632022807848
96 100 16.7291761730573
96 300 26.0534304884038
96 1000 28.4021385554279
97 0 4.2648356352987
97 100 3.45181399898626
97 300 6.12435266999498
97 1000 18.022406857091
98 0 5.16203905167102
98 100 4.15289991392703
98 300 6.28463569006423
98 1000 26.4366668836469
99 0 5.11898152183979
99 100 7.57656376372143
99 300 24.8027408748785
99 1000 35.2968704560038
100 0 4.7171320571457
100 100 4.65662817079718
100 300 12.7178282283947
100 1000 15.3794378198437
