id dose y
1 0 7.11855183892911
1 100 5.89487613975446
1 300 6.7435540378358
1 1000 18.1834667763228
2 0 5.5538352284387
2 100 7.07417799063679
2 300 36.4526237648114
2 1000 97.2022685891054
3 0 5.67913039680362
3 100 6.01249449544634
3 300 6.22094293658874
3 1000 32.3006287399669
4 0 5.63467037985952
4 100 4.91380471415525
4 300 5.64564081567579
4 1000 12.9424931051215
5 0 4.93424316566182
5 100 7.17280268983054
5 300 24.3245592889127
5 1000 27.2962165138667
6 0 5.52938971735732
6 100 4.66365889997092
6 300 6.05388979891699
6 1000 28.7166035019626
7 0 5.72784525532594
7 100 5.72189372716815
7 300 12.3399447910293
7 1000 44.8162838214372
8 0 5.83042748648029
8 100 4.73265826758384
8 300 8.32783282077194
8 1000 52.873064528576
9 0 3.6867258562223
9 100 3.70961422818993
9 300 11.3317001406597
9 1000 18.6154793364342
10 0 3.18572213320678
10 100 3.89119558230725
10 300 10.3150300764072
10 1000 34.219099675013
11 0 3.89930161003939
11 100 5.045775364857
11 300 6.33865492371338
11 1000 34.7851915058974
12 0 5.23520987216568
12 100 4.80689087730118
12 300 19.3769603925452
12 1000 99.2204212026888
13 0 5.60145659924471
13 100 5.92258340719354
13 300 11.5004179734467
13 1000 39.2950506947376
14 0 5.28362539766297
14 100 5.19042134813
14 300 5.46417864555026
14 1000 26.4040221280638
15 0 4.25759240334737
15 100 4.63222514963193
15 300 13.4709210179591
15 1000 39.9598557013693
16 0 3.06233397025194
16 100 7.40992519255028
16 300 19.8645216579223
16 1000 24.5411185989439
17 0 5.72660918587552
17 100 17.2235099941325
17 300 21.3654980385577
17 1000 20.0074030020565
18 0 5.74928491073157
18 100 5.9541269466141
18 300 7.12429841739952
18 1000 26.866086918195
19 0 3.60236679747167
19 100 4.4877408656599
19 300 11.8418714979822
19 1000 16.1786301086397
20 0 3.72182106093918
20 100 4.91391732242657
20 300 15.7820457070426
20 1000 43.4617283422113
21 0 5.47085254462912
21 100 5.81979441976256
21 300 9.73301916445834
21 1000 76.2474494097287
22 0 6.47869256261208
22 100 5.76885113234031
22 300 12.3504862298553
22 1000 28.3047538179167
23 0 7.36121679685044
23 100 7.90774597483918
23 300 11.1725190101207
23 1000 26.5062000128393
24 0 3.80386167674623
24 100 4.02696193562754
24 300 11.2178901920397
24 1000 28.389223961038
25 0 5.20525323343787
25 100 5.73036975779716
25 300 16.7194339314617
25 1000 29.6300208543861
26 0 6.63930168546982
26 100 6.67600207153128
26 300 13.772738745872
26 1000 17.9918794661592
27 0 4.15829771575012
27 100 4.01879105794112
27 300 8.84573355224366
27 1000 49.0966834544318
28 0 7.63246275231598
28 100 6.57647297676937
28 300 11.1261320522298
28 1000 86.9710609064885
29 0 9.79113974620295
29 100 7.86504327874599
29 300 10.6544448557519
29 1000 19.867245216729
30 0 2.74758633757555
30 100 3.58849288951328
30 300 14.862648141221
30 1000 33.7510522604493
31 0 10.9526961807805
31 100 15.2152158967299
31 300 18.0832982069112
31 1000 18.1630253944848
32 0 5.2770505448125
32 100 6.88973464034822
32 300 13.3766477619571
32 1000 34.2286120130126
33 0 6.80552373452658
33 100 5.92475021121198
33 300 8.38116159939813
33 1000 60.9928365095063
34 0 3.7149809758532
34 100 3.39537690255359
34 300 4.0185757378927
34 1000 10.2576352312565
35 0 5.32961391662806
35 100 6.77077898164484
35 300 7.71143508299641
35 1000 24.6985741872511
36 0 5.50004342498313
36 100 5.80952259615926
36 300 13.0595870997691
36 1000 48.7473323532514
37 0 5.43883408253973
37 100 6.82044820881265
37 300 6.95783499016171
37 1000 40.1351817186046
38 0 2.99282066444759
38 100 3.62375730578132
38 300 4.08159649913943
38 1000 22.0908644895373
39 0 3.89148144312258
39 100 4.0847765040464
39 300 4.98622092420939
39 1000 26.9520628885321
40 0 6.59699580510093
40 100 7.28144667203088
40 300 11.9371964371613
40 1000 32.954228404971
41 0 4.01834893451926
41 100 4.02186124720816
41 300 3.83333019400927
41 1000 8.12259681672294
42 0 3.0729749317532
42 100 3.54593217443892
42 300 3.87626024414191
42 1000 20.3039069066877
43 0 4.21236815367277
43 100 4.53825039391385
43 300 11.62246831745
43 1000 73.718052786353
44 0 7.56083748907978
44 100 5.47304302858108
44 300 9.04665833990918
44 1000 29.7217109617101
45 0 7.99871759541605
45 100 10.8089990519174
45 300 39.0371313907104
45 1000 69.3561228779466
46 0 5.03796208425939
46 100 4.27047807193361
46 300 9.49963552659245
46 1000 14.1428589506472
47 0 3.51145533395099
47 100 3.47500063368559
47 300 4.57652070890214
47 1000 13.8879201326122
48 0 4.52206718268003
48 100 42.8902050311333
48 300 88.9311341331396
48 1000 78.1543898977143
49 0 5.34504244408227
49 100 5.81219300331922
49 300 11.8220892693744
49 1000 36.7681523445422
50 0 5.98575940749402
50 100 9.57150061464991
50 300 10.6610593879322
50 1000 14.6467066882371
51 0 6.79775090693048
51 100 7.34105498648306
51 300 9.64564262108517
51 1000 22.8382609915488
52 0 2.82377438362674
52 100 2.47186484705925
52 300 11.3250497182673
52 1000 53.6962373224179
53 0 4.86090861606221
53 100 4.86688966012786
53 300 10.2935524421159
53 1000 24.91304682531
54 0 7.83257586700065
54 100 8.36882769416611
54 300 14.6993212143649
54 1000 37.2061461357647
55 0 5.27510440937795
55 100 7.66166600203903
55 300 43.1257490967454
55 1000 95.8574320038956
56 0 5.24666299357531
56 100 5.02519675026332
56 300 9.34702793497252
56 1000 24.839233185454
57 0 10.6327450654539
57 100 11.3618274678554
57 300 15.5043623024773
57 1000 37.0138011711609
58 0 5.42216701097553
58 100 6.7718042788669
58 300 12.2856833686357
58 1000 28.4663482421106
59 0 3.19212116509187
59 100 2.94268103193102
59 300 5.0064180919044
59 1000 22.3439302831837
60 0 5.6866808915603
60 100 6.05875356994676
60 300 11.0444609860089
60 1000 28.8127790049266
61 0 5.4255203989907
61 100 5.88871664631569
61 300 15.9292280231145
61 1000 126.123298670264
62 0 4.86854589349925
62 100 6.21487489671187
62 300 13.5720373802486
62 1000 112.487383899557
63 0 4.88278840294634
63 100 6.94519972304145
63 300 7.84228924944096
63 1000 17.7650468692826
64 0 5.84553583216456
64 100 6.43113319212436
64 300 13.286293158236
64 1000 35.3749608056926
65 0 3.88366639732665
65 100 4.06537170755134
65 300 4.38717558750046
65 1000 13.4304726875204
66 0 2.97489944950695
66 100 2.91993232790949
66 300 4.83226007957579
66 1000 78.8191621844878
67 0 7.52842362846989
67 100 6.8431048473696
67 300 9.73975894965982
67 1000 21.1624941474766
68 0 3.58362325770972
68 100 5.3765297625551
68 300 15.0943100453458
68 1000 16.4142055282116
69 0 4.74683177949533
69 100 4.32933118204391
69 300 11.2847691737617
69 1000 24.3451296688356
70 0 5.01402044103755
70 100 6.27133555475057
70 300 6.20713956093496
70 1000 9.46893963505446
71 0 4.79936947572417
71 100 4.39426712829828
71 300 8.00316860263143
71 1000 43.4087418915032
72 0 4.86850167882181
72 100 4.95691605341045
72 300 18.0960848745365
72 1000 58.7697669816435
73 0 3.08380788617332
73 100 3.90282893294003
73 300 16.1879964008662
73 1000 30.3860822237952
74 0 3.65473164551688
74 100 3.17552037489093
74 300 8.80116622802432
74 1000 43.5859683265189
75 0 4.39816359273924
75 100 7.33241306251549
75 300 21.9022124544993
75 1000 22.3749312833435
76 0 3.72617989684076
76 100 6.97241455563314
76 300 53.1183461276703
76 1000 115.327195600378
77 0 5.19478347347753
77 100 5.32176678591236
77 300 6.15852017861222
77 1000 42.1994667741795
78 0 4.45921685209128
78 100 4.99835535474627
78 300 8.77854863590591
78 1000 16.9350762301852
79 0 4.82438664742618
79 100 7.05873753427447
79 300 33.1614036430161
79 1000 52.5132837634168
80 0 4.80291314785098
80 100 3.86644170563391
80 300 5.01748353188795
80 1000 14.184387782197
81 0 4.84311057195713
81 100 5.13689935098497
81 300 7.12992628772841
81 1000 37.1713189679457
82 0 3.37306104041002
82 100 2.92891831444285
82 300 10.0508529696858
82 1000 21.4742422332535
83 0 4.54653517309127
83 100 4.40883524885919
83 300 6.61135578078603
83 1000 22.0936547914064
84 0 4.53159377722823
84 100 5.54083658977326
84 300 10.2188121748154
84 1000 53.2756140207614
85 0 4.43435697267246
85 100 3.96918188268342
85 300 3.69190517875886
85 1000 11.4647552321173
86 0 5.96287403827067
86 100 6.3371928349848
86 300 6.67202241374143
86 1000 11.9272575698332
87 0 3.68870176974264
87 100 3.08888884941237
87 300 5.0935461092823
87 1000 22.9876780639509
88 0 3.55724689556345
88 100 3.64628458071363
88 300 4.7548296223587
88 1000 17.0022932039575
89 0 8.10047994937139
89 100 7.10486156686798
89 300 7.18023496047973
89 1000 19.2978396170418
90 0 4.75683349923982
90 100 4.05807368168715
90 300 6.5327875152046
90 1000 46.2016945350187
91 0 6.5562650269579
91 100 5.74069806990838
91 300 15.6475519245501
91 1000 28.6250100256931
92 0 5.75181543143562
92 100 5.86819159300055
92 300 13.5442569395351
92 1000 25.2679291881474
93 0 4.67739905209108
93 100 5.73157909770751
93 300 5.50577659568427
93 1000 21.0722585980511
94 0 4.58778457128584
94 100 5.00370814085926
94 300 6.48406410494441
94 1000 18.6869892266765
95 0 4.6400541103164
95 100 5.20833423674155
95 300 4.46685655675035
95 1000 19.6983102139765
96 0 5.25918918865211
96 100 5.82770054394243
96 300 28.6191047138121
96 1000 44.4400508157094
97 0 3.70075510898077
97 100 3.73297819641718
97 300 4.68571413434472
97 1000 14.0560319517615
98 0 4.13838333953329
98 100 5.59205154389181
98 300 14.1358245561757
98 1000 16.1927093395167
99 0 8.97111154646496
99 100 8.43576043854443
99 300 10.4589634928026
99 1000 42.5173364562304
100 0 5.22750390425482
100 100 5.74360081386013
100 300 16.0233990746894
100 1000 29.7381577238244
