id dose y
1 0 4.22028926025769
1 100 4.36614106967588
1 300 4.83029562190532
1 1000 9.38230020179721
2 0 4.2180314991728
2 100 5.2223574368373
2 300 9.16018927240572
2 1000 42.9023211805521
3 0 5.08178855558298
3 100 5.651107632048
3 300 10.4867405918667
3 1000 38.1186261521112
4 0 4.5662934338367
4 100 4.74554507782069
4 300 13.9237142329703
4 1000 36.9725399481604
5 0 5.04719761030389
5 100 5.50057379491141
5 300 15.1035601360746
5 1000 21.5264125241065
6 0 7.9026370630283
6 100 7.90354156032731
6 300 9.02095647028944
6 1000 30.2449235444706
7 0 3.74301761989803
7 100 3.5527111927905
7 300 8.6718217238138
7 1000 43.3953539400624
8 0 5.89992633447327
8 100 8.54405120167375
8 300 30.3495986183616
8 1000 41.7960492654605
9 0 3.55240418943571
9 100 3.57405491916804
9 300 4.65359127049042
9 1000 16.9764125916266
10 0 8.00516922392883
10 100 8.68303031970092
10 300 19.001429444239
10 1000 18.9142097196611
11 0 3.21104804094829
11 100 3.55469139739333
11 300 4.27461816185677
11 1000 10.449100016256
12 0 8.34107560683131
12 100 10.3224837294341
12 300 15.6335445300898
12 1000 23.3813794726048
13 0 6.745975743412
13 100 9.40243990315858
13 300 36.9665490790046
13 1000 59.5330624962357
14 0 4.16610691175288
14 100 4.49577981045619
14 300 7.94599667329247
14 1000 28.881221849033
15 0 5.44043035007783
15 100 5.6314950014367
15 300 5.925231554127
15 1000 24.6923170643214
16 0 4.37415140139439
16 100 9.31544693882951
16 300 38.4392100926668
16 1000 42.2473057705957
17 0 7.30451951453534
17 100 6.36229091729298
17 300 7.78862957484821
17 1000 19.5712543236586
18 0 4.17664844572156
18 100 7.3643408584495
18 300 23.6297214813444
18 1000 21.717396529258
19 0 3.92250499453449
19 100 4.3321459454566
19 300 4.04894000786479
19 1000 10.3826151597087
20 0 5.35302020786776
20 100 6.33498125502936
20 300 12.9868294753632
20 1000 46.015929375211
21 0 4.90697505065571
21 100 5.00648368846578
21 300 6.97249251359615
21 1000 19.1997008664749
22 0 4.62964578174472
22 100 5.9304391889398
22 300 8.08767704468547
22 1000 48.7083875284604
23 0 5.12778813989473
23 100 4.8715891865489
23 300 5.87105840527621
23 1000 19.4710908133959
24 0 4.17666489362317
24 100 5.66769653136485
24 300 6.53267263867133
24 1000 29.630953535197
25 0 3.06976183705092
25 100 4.43885973118501
25 300 19.2004317314741
25 1000 20.9522536454765
26 0 5.26986663663316
26 100 5.41429466052406
26 300 6.21226002198334
26 1000 36.4624519063113
27 0 6.47078127929409
27 100 6.52214818434137
27 300 6.89891281751507
27 1000 12.4382851467306
28 0 3.58184944189583
28 100 4.61700403670146
28 300 8.12486480358926
28 1000 31.363586296011
29 0 4.60703643749603
29 100 4.91332777436434
29 300 7.91201645195502
29 1000 29.7464402215717
30 0 4.92367640809462
30 100 4.81602204951034
30 300 10.9383102922189
30 1000 24.8493788665669
31 0 5.51366642003137
31 100 7.53232001154708
31 300 13.2047632119028
31 1000 22.2114452571176
32 0 6.6958540589519
32 100 5.17093932017756
32 300 5.56226553926126
32 1000 10.6705272463341
33 0 4.75229458976715
33 100 7.67771638009182
33 300 30.0807950125369
33 1000 41.0453155194994
34 0 6.47929115488577
34 100 13.2117946902266
34 300 49.5194200391276
34 1000 60.8210219300968
35 0 6.32038293411938
35 100 5.32750865573012
35 300 11.602995711579
35 1000 31.5915854093316
36 0 7.38431075844739
36 100 9.80171713603717
36 300 28.3568180707281
36 1000 27.9746987697509
37 0 2.87581735519389
37 100 3.40553326192477
37 300 6.89276762192121
37 1000 33.2581393860269
38 0 6.19259538834724
38 100 6.42665699646203
38 300 13.6269452603174
38 1000 18.3588204951622
39 0 5.41942942457494
39 100 5.81323689632816
39 300 6.22137141176736
39 1000 25.5290895195318
40 0 5.88188162788023
40 100 6.01203122032825
40 300 17.0725434608503
40 1000 57.4531038136508
41 0 10.0900640319329
41 100 10.84956842394
41 300 29.8579988235224
41 1000 34.7185055652973
42 0 4.84234951317697
42 100 4.85990457746469
42 300 8.34214917600914
42 1000 31.97688109454
43 0 4.83920545308291
43 100 5.38827288421785
43 300 14.3972788784838
43 1000 42.0090770441483
44 0 5.41044338138546
44 100 9.70201578849728
44 300 54.2134114263997
44 1000 101.154646673373
45 0 5.06639770382379
45 100 5.21794680382499
45 300 12.8776608572918
45 1000 19.1791721192363
46 0 9.92130388944373
46 100 10.4965165032328
46 300 13.6705285825467
46 1000 15.8650956170798
47 0 4.36630133902154
47 100 4.25722710949666
47 300 5.26331365975755
47 1000 25.1549309976102
48 0 6.20988983271917
48 100 10.5485160588331
48 300 14.5578332176161
48 1000 16.8229976219943
49 0 3.21210470502329
49 100 3.51434718844336
49 300 5.86046110033684
49 1000 9.76760161071023
50 0 6.54758690300878
50 100 17.7497930114373
50 300 22.6053393218339
50 1000 25.8459279495166
51 0 5.99498175296704
51 100 21.9618067432769
51 300 75.7119941952908
51 1000 74.9444010254975
52 0 6.9117811880847
52 100 29.9187417977737
52 300 32.9216897980174
52 1000 35.8822841749224
53 0 6.7168725398384
53 100 6.00604390945423
53 300 9.96687412787784
53 1000 56.7987098394403
54 0 4.26371181194631
54 100 5.40314675105895
54 300 17.6860992847598
54 1000 75.2100789063521
55 0 5.67424911287441
55 100 6.77822732939736
55 300 11.1860218396317
55 1000 22.1631141427353
56 0 2.91613602888794
56 100 4.18026536978631
56 300 4.31887226504703
56 1000 28.6579278378005
57 0 7.66474281490727
57 100 6.69985641278547
57 300 14.5246081340781
57 1000 67.0200732554567
58 0 7.16428581354375
58 100 7.53063423482414
58 300 10.6007821659918
58 1000 23.7551583246255
59 0 5.44319615296075
59 100 5.78905806377956
59 300 10.3972578303659
59 1000 15.3115563528869
60 0 5.01036122309147
60 100 5.69620659032009
60 300 9.0540136398091
60 1000 20.4866418586307
61 0 3.61666838151909
61 100 4.38214777894157
61 300 4.15917449737358
61 1000 11.1655286025902
62 0 3.55644152742912
62 100 4.0934224519107
62 300 12.6588140483005
62 1000 18.1130619546681
63 0 5.91146243539746
63 100 5.63807870274195
63 300 6.99857210221886
63 1000 9.09751882661822
64 0 1.63144935162566
64 100 2.98891863017754
64 300 8.64520055152637
64 1000 32.757540654461
65 0 3.97781665977858
65 100 5.0003145414467
65 300 18.9037735940206
65 1000 28.3318223190859
66 0 5.72078674268351
66 100 7.93645714415254
66 300 14.930555238991
66 1000 39.3890791242762
67 0 4.75082859930046
67 100 4.58279590524403
67 300 7.29372457611656
67 1000 48.5444750068463
68 0 3.05567398669829
68 100 3.5287089800228
68 300 4.77408691493102
68 1000 40.9573231928468
69 0 4.72341621603875
69 100 5.82858726878904
69 300 7.32879499608802
69 1000 20.4121114554954
70 0 4.3978124615043
70 100 4.40475214980809
70 300 8.66068733741275
70 1000 19.4764827202866
71 0 4.79193464516749
71 100 4.42517360707498
71 300 10.9625603697453
71 1000 15.3318396616723
72 0 4.15249524481498
72 100 4.08586386895243
72 300 11.7598961762202
72 1000 22.5312660742522
73 0 6.63754360698846
73 100 7.26654328839977
73 300 14.6481455211714
73 1000 29.8951965842538
74 0 4.09725122809778
74 100 5.91592875967798
74 300 7.70106588912706
74 1000 45.4122390959389
75 0 3.07925127332427
75 100 4.57570215068523
75 300 15.9734464114907
75 1000 37.335693471611
76 0 4.19215053604428
76 100 4.78526328008691
76 300 7.24681460146737
76 1000 43.1154704586265
77 0 5.6079707437772
77 100 7.72399425936134
77 300 39.1495080154375
77 1000 77.6033480981426
78 0 4.88063293504721
78 100 4.34761941966318
78 300 11.0699878329092
78 1000 11.2894311497579
79 0 5.81029120537914
79 100 7.84664407175645
79 300 28.9540530446257
79 1000 35.8141342943829
80 0 2.90550506202207
80 100 3.57513032639595
80 300 14.7198296506992
80 1000 101.959306773898
81 0 4.42808561042093
81 100 5.37021323832456
81 300 19.5481419629418
81 1000 36.1741210746412
82 0 7.13128812132922
82 100 7.29805247583407
82 300 9.78021047503756
82 1000 38.3630931145012
83 0 5.45434349721513
83 100 6.9799200062131
83 300 29.3098397608024
83 1000 43.8023247300034
84 0 6.05417129543936
84 100 8.3113629678924
84 300 31.8520031636775
84 1000 50.5456093697103
85 0 4.60550325439775
85 100 5.42267993660516
85 300 12.2508832679517
85 1000 27.1674685191256
86 0 8.14580134311341
86 100 5.82308605217237
86 300 6.55360513733206
86 1000 14.8527145987184
87 0 3.38553022997945
87 100 4.06914916323386
87 300 12.722974628917
87 1000 57.7231364904799
88 0 4.11087897237484
88 100 3.60857103633524
88 300 3.3907732280014
88 1000 7.64955020178074
89 0 3.81785266441653
89 100 4.05522461067822
89 300 6.45612495507971
89 1000 28.5975673655131
90 0 2.67264904747105
90 100 5.5148179964918
90 300 18.4234858547522
90 1000 18.6762184867219
91 0 2.52934766865485
91 100 4.21794246687912
91 300 6.05313619805479
91 1000 46.0508593534772
92 0 5.68629366485589
92 100 7.21633448876093
92 300 8.58490291137071
92 1000 15.3611138074597
93 0 3.74148103040457
93 100 4.46018278332276
93 300 10.9977970977095
93 1000 12.908090545974
94 0 6.36038406087258
94 100 5.97226800570653
94 300 7.66896009220237
94 1000 20.2448003048939
95 0 3.48163426619719
95 100 3.87729576526889
95 300 6.07984593632855
95 1000 18.3247157258268
96 0 10.0497194138477
96 100 8.38691661790035
96 300 10.4826606823657
96 1000 32.4878799645588
97 0 7.11728140019588
97 100 8.42904433419166
97 300 7.87543552017433
97 1000 32.1714370941631
98 0 6.04810312137319
98 100 7.77376891086734
98 300 25.8370355820578
98 1000 55.5720887090117
99 0 4.96883074485053
99 100 4.14501565108167
99 300 6.49545045446122
99 1000 17.5604298564157
100 0 3.31814243273323
100 100 3.43821033376112
100 300 9.79448866496816
100 1000 45.992656581513
