id dose y
1 0 2.58749510305549
1 100 3.00795414723749
1 300 3.94601367419096
1 1000 11.5855268685432
2 0 5.18197481795865
2 100 5.02232456575413
2 300 7.22491928056117
2 1000 20.5260689103572
3 0 5.63461100190552
3 100 11.5468942414633
3 300 17.7840673698609
3 1000 22.1472365836432
4 0 3.51627743207649
4 100 5.64898390687075
4 300 38.3218546632624
4 1000 66.5991665154417
5 0 8.69500023259711
5 100 10.5805469521029
5 300 10.0639214679043
5 1000 31.1855022990467
6 0 3.54454105146914
6 100 4.25869007119884
6 300 7.91913392443752
6 1000 20.5337389290452
7 0 8.37856871083337
7 100 9.1438208629948
7 300 10.5310257470368
7 1000 19.3965910600649
8 0 4.73440079114391
8 100 8.72848961929977
8 300 17.0128298594959
8 1000 23.4311965581432
9 0 7.04817245888833
9 100 5.13539657674927
9 300 10.2830425268767
9 1000 13.9396379073623
10 0 3.40883374850183
10 100 3.2913001665831
10 300 4.61232254696974
10 1000 19.0992930546019
11 0 6.48264974695421
11 100 5.55775793150053
11 300 7.19448282827076
11 1000 23.4900959388256
12 0 4.27411597810259
12 100 4.098658595976
12 300 7.57289641272147
12 1000 30.0455515593114
13 0 4.07131191279543
13 100 4.45186959367752
13 300 10.3884178860786
13 1000 39.3410584325999
14 0 5.486561739477
14 100 5.39503433417667
14 300 5.93815194261283
14 1000 12.6483723494924
15 0 4.59980625783248
15 100 4.79707138041794
15 300 4.660335301617
15 1000 9.26383667058627
16 0 3.88722913744951
16 100 3.4539344065648
16 300 4.607458515586
16 1000 13.7661666456085
17 0 3.90533907919241
17 100 3.78105682846793
17 300 7.94930653090503
17 1000 21.2078337395672
18 0 3.35437696913459
18 100 3.51912656346458
18 300 4.36970884312462
18 1000 19.5699653922288
19 0 5.13077528632391
19 100 5.68295510096451
19 300 10.7884401831418
19 1000 13.9814022289448
20 0 3.06422503786034
20 100 3.48281137979594
20 300 5.63209640365885
20 1000 38.1440814871495
21 0 6.51199439709956
21 100 7.77225359751468
21 300 20.3287723635421
21 1000 52.8543247403275
22 0 3.62621675764059
22 100 3.87350639317389
22 300 27.070087465935
22 1000 119.631002180631
23 0 7.84680200729598
23 100 6.39799974241069
23 300 6.99963600216587
23 1000 14.6548223814272
24 0 5.01938400007159
24 100 4.50275564942519
24 300 4.68670238105448
24 1000 8.43529526203204
25 0 3.3866255758379
25 100 4.57591137694444
25 300 5.36782645498601
25 1000 23.9664903207748
26 0 5.89708812682989
26 100 6.17796644604046
26 300 11.3853140199856
26 1000 44.3586026521972
27 0 5.41345546760912
27 100 5.54833357297433
27 300 5.05795119727146
27 1000 30.2504521610182
28 0 5.80837044568014
28 100 5.9995897864749
28 300 6.81529461762373
28 1000 9.4199827992288
29 0 3.41614516234591
29 100 3.87693240382367
29 300 15.9286667728799
29 1000 65.7377878645407
30 0 5.28689289282918
30 100 5.37738957419629
30 300 5.0574442426592
30 1000 8.26718105892324
31 0 2.18318144005226
31 100 2.22084377630893
31 300 3.13632625558366
31 1000 28.3198258827474
32 0 1.88913989219264
32 100 2.74596641714789
32 300 13.2961629352392
32 1000 24.094419192095
33 0 3.93954626127714
33 100 3.49279727844823
33 300 5.63230645890213
33 1000 35.3228223751066
34 0 3.38151478636079
34 100 4.1149132079594
34 300 7.53302754217972
34 1000 13.2899821060613
35 0 2.28428217850365
35 100 2.66256738043999
35 300 10.9714328221163
35 1000 43.4185284658171
36 0 7.51822522300162
36 100 4.46589182857896
36 300 5.81887686115999
36 1000 12.1548354898763
37 0 5.41464016076505
37 100 5.26088914321463
37 300 7.92693180601292
37 1000 30.2169125950915
38 0 5.20523699190959
38 100 6.94986660306146
38 300 29.0353704188795
38 1000 44.2659782501147
39 0 5.79018773509866
39 100 5.81932935069343
39 300 6.14373744062242
39 1000 13.9474998317925
40 0 4.25981788840904
40 100 5.09261124327114
40 300 14.918395117266
40 1000 64.7735252300594
41 0 5.20056057713336
41 100 5.879923158104
41 300 9.95833615411817
41 1000 37.8272166144959
42 0 2.52934156611623
42 100 2.92566411350013
42 300 4.01616437049881
42 1000 12.4835432506538
43 0 4.73665465007287
43 100 5.33485803339016
43 300 6.68351546163276
43 1000 16.7872033645537
44 0 6.99626564168066
44 100 6.87502199114864
44 300 7.88608720905074
44 1000 22.1901186111311
45 0 8.44906758218336
45 100 11.1484250935009
45 300 20.546205708796
45 1000 33.5508152064403
46 0 5.13100393802189
46 100 5.90160331751339
46 300 7.15828547024515
46 1000 28.7257505931989
47 0 5.11177343474658
47 100 5.57815181285827
47 300 10.1529907005986
47 1000 25.1381386804044
48 0 5.9911064878554
48 100 5.09299977123227
48 300 9.59108377287833
48 1000 35.1003440925363
49 0 2.96561201292891
49 100 3.19614652044265
49 300 9.9634461569986
49 1000 34.679582570553
50 0 7.29308838544995
50 100 7.47284973695947
50 300 8.61141963180735
50 1000 43.0875925922073
51 0 4.44040392883993
51 100 4.97876039268081
51 300 24.0111419248114
51 1000 46.2797720003758
52 0 3.9944765750843
52 100 5.06128008611598
52 300 4.56141494212755
52 1000 13.4082888890698
53 0 4.07084583623517
53 100 4.98997542318861
53 300 17.375003439675
53 1000 31.4707251172032
54 0 5.2523054333075
54 100 5.48789041591315
54 300 6.24720916465135
54 1000 13.8667940438086
55 0 8.23387717887041
55 100 8.5019999092474
55 300 14.5053198493248
55 1000 25.9389367604535
56 0 3.83242365838446
56 100 3.79816831111584
56 300 5.93114542066882
56 1000 18.5634435515827
57 0 3.58565640348766
57 100 3.55096268336196
57 300 4.73474474575947
57 1000 19.7574278811699
58 0 5.26836567457357
58 100 4.78864905382876
58 300 6.51450544242949
58 1000 29.7537172935808
59 0 6.25540412110808
59 100 6.9133199253845
59 300 9.00734237383557
59 1000 25.4874024100824
60 0 7.69077219402822
60 100 10.6361909982895
60 300 20.3504887054266
60 1000 26.5155447900325
61 0 6.42781870425017
61 100 6.25767893321853
61 300 13.9332506102503
61 1000 82.9195141151248
62 0 7.11678217040075
62 100 6.53453359019022
62 300 8.76166113849098
62 1000 18.6388513766855
63 0 3.75999649253037
63 100 3.13239239451254
63 300 9.56042557220764
63 1000 32.1502929327518
64 0 5.24029600250786
64 100 4.71264538030291
64 300 7.35892727481967
64 1000 15.8861180531441
65 0 3.4438361712372
65 100 3.44562246950529
65 300 10.3969121196691
65 1000 48.9231297488964
66 0 4.47558639315558
66 100 4.8743136569895
66 300 5.54493213633623
66 1000 11.3183582959324
67 0 8.15339942662528
67 100 8.37449186524471
67 300 9.92468026879025
67 1000 18.8442327534642
68 0 3.73275543831058
68 100 3.87113441922447
68 300 5.93009182960061
68 1000 28.6334643621452
69 0 7.56957613818302
69 100 11.6100073424087
69 300 27.3683351579871
69 1000 23.9570549590375
70 0 6.76996822961148
70 100 7.51027927029233
70 300 28.9454735387195
70 1000 145.271872618207
71 0 5.53004672222522
71 100 5.99162851809528
71 300 6.0931176375957
71 1000 16.8669606683304
72 0 7.03511712503353
72 100 7.14804636150949
72 300 7.41452641496433
72 1000 17.1550824873912
73 0 4.67816067705586
73 100 5.00776516554402
73 300 6.91435402455329
73 1000 19.2794019997671
74 0 2.77959827399792
74 100 5.49211802941283
74 300 12.309269115689
74 1000 11.032651800187
75 0 9.61623232628174
75 100 13.1693200146786
75 300 28.3936230919682
75 1000 26.9808991595902
76 0 3.64134050778265
76 100 3.72694270217108
76 300 6.48513317532705
76 1000 51.9447923892468
77 0 5.43954092912122
77 100 5.27888328753063
77 300 6.18332864138078
77 1000 30.3850251625013
78 0 5.3325517331059
78 100 5.97360137628089
78 300 15.4143390934853
78 1000 23.0449308321025
79 0 6.89033106696961
79 100 8.2675814429043
79 300 13.4202130489804
79 1000 20.7592271633465
80 0 6.27868416984378
80 100 4.94178521640044
80 300 4.67547755684263
80 1000 12.7747153961242
81 0 2.5295036836824
81 100 3.28059031610584
81 300 2.82539352993258
81 1000 6.39316703628464
82 0 4.76313109727293
82 100 5.65375584386387
82 300 11.7223663304519
82 1000 22.5961167626193
83 0 5.72462556076224
83 100 8.30617274658311
83 300 30.2152428177732
83 1000 41.2263148834984
84 0 5.69763303619391
84 100 6.55943826740312
84 300 11.2828168665357
84 1000 35.6598622928296
85 0 6.14149775577072
85 100 6.34585677290037
85 300 12.4761558898851
85 1000 29.3281952471667
86 0 5.22263743171649
86 100 4.99826128463402
86 300 7.07894332586731
86 1000 29.5433856011722
87 0 3.51258407966013
87 100 4.17427676676079
87 300 9.34161426108271
87 1000 15.9753131994526
88 0 5.71807939856022
88 100 5.33272922269336
88 300 7.59900374659828
88 1000 8.82465234708238
89 0 3.33560537855955
89 100 4.72094318887795
89 300 15.9832742628396
89 1000 46.1118246397604
90 0 2.64699805762467
90 100 2.80505155041901
90 300 6.08687630121078
90 1000 51.8411239922805
91 0 6.61405908091824
91 100 17.1952469900578
91 300 18.7967985306471
91 1000 18.3729016307941
92 0 4.93925239878978
92 100 5.06912123731174
92 300 5.69633082421257
92 1000 23.4982594343437
93 0 4.36985901298695
93 100 4.61078268900245
93 300 6.09793242422687
93 1000 14.710745520096
94 0 3.34681581675538
94 100 4.39720395896867
94 300 19.2420214933875
94 1000 22.6624367669989
95 0 3.35127108457517
95 100 14.7358152421536
95 300 17.6914722343412
95 1000 19.4804412632521
96 0 2.30889830953785
96 100 3.29148800520048
96 300 10.2776649434764
96 1000 27.9297826290139
97 0 2.94662708421741
97 100 2.9647220938275
97 300 7.75481640857433
97 1000 80.5795084084778
98 0 4.81674795089642
98 100 5.48537794797874
98 300 7.94575229446691
98 1000 16.8253572939822
99 0 5.5635548981273
99 100 5.9762358254881
99 300 7.49467345527676
99 1000 15.9988668493377
100 0 6.21693214478473
100 100 4.24174034147147
100 300 5.04721133270194
100 1000 23.2251679606512
