id dose y
1 0 4.37658755290034
1 100 5.20804033098992
1 300 19.1647182998211
1 1000 32.8401682029809
2 0 8.72352573768665
2 100 10.2695822533424
2 300 10.7108753381888
2 1000 21.7040554732584
3 0 2.46891934447662
3 100 3.05984764679835
3 300 3.32492064205543
3 1000 13.6533249849481
4 0 6.77024928639373
4 100 5.98358536386281
4 300 6.5898654165322
4 1000 9.82057136080781
5 0 5.01774067170618
5 100 5.93986676672428
5 300 9.07669696439529
5 1000 26.6382557913589
6 0 4.98593774941959
6 100 6.4244181171533
6 300 12.99243800324
6 1000 19.82361084093
7 0 3.46674940042334
7 100 3.60332477407326
7 300 7.38916980784601
7 1000 53.950020884102
8 0 4.31671724727584
8 100 5.84017868671035
8 300 9.23671971947385
8 1000 12.2728182287474
9 0 4.37787658031178
9 100 5.41596505534509
9 300 21.0975312317408
9 1000 115.674151938965
10 0 3.23357902966248
10 100 4.52675925365266
10 300 9.81779382545286
10 1000 10.8550132889175
11 0 7.27413781251288
11 100 7.36756318280461
11 300 7.66419877738845
11 1000 29.1504447441391
12 0 10.5426822391487
12 100 13.8342611702122
12 300 34.9923328460891
12 1000 68.1292703235791
13 0 5.0410479717259
13 100 7.47839543467483
13 300 30.3900085013612
13 1000 45.5349137388219
14 0 3.42401808990752
14 100 5.35439919765452
14 300 26.7224512478149
14 1000 88.4672759330477
15 0 5.13318802860309
15 100 4.81117014818395
15 300 6.57488122423571
15 1000 20.9524571915498
16 0 4.34540277096309
16 100 4.72863506896702
16 300 9.57963722996696
16 1000 17.6028259936815
17 0 5.84271203560682
17 100 7.36132412941675
17 300 33.2544454699378
17 1000 92.257684984503
18 0 5.01151617461013
18 100 6.53544772606478
18 300 12.0494402991898
18 1000 22.6902856086721
19 0 4.80396013508409
19 100 6.02151454344511
19 300 16.3192274681945
19 1000 52.5608275878935
20 0 8.28604149320883
20 100 9.09503857359711
20 300 9.56139203578556
20 1000 21.099106645259
21 0 3.30981582677718
21 100 3.27160413712458
21 300 6.4779207210128
21 1000 10.5365575115993
22 0 3.1854569114024
22 100 3.67898498980421
22 300 9.62198141067229
22 1000 29.4068113103286
23 0 3.41616941015244
23 100 4.46369068810268
23 300 7.40246265478459
23 1000 36.5757651731941
24 0 9.94095222924082
24 100 12.0406857957131
24 300 8.89519877254927
24 1000 12.0326286850334
25 0 4.21106004754469
25 100 4.36259521309914
25 300 7.72699806147345
25 1000 12.0689249458506
26 0 6.09346371322067
26 100 6.65785611320346
26 300 11.1551493281152
26 1000 24.4477314370344
27 0 5.48263596699017
27 100 4.12662110361804
27 300 4.87162112136554
27 1000 19.4816391426588
28 0 5.29588706305135
28 100 5.10093791794158
28 300 6.00396626315841
28 1000 12.1199285482457
29 0 4.59023531721275
29 100 5.24588133062578
29 300 7.82160276955388
29 1000 55.7738732680535
30 0 3.04930381909341
30 100 3.42986256547098
30 300 9.67571056724715
30 1000 28.632890128043
31 0 4.54378040111056
31 100 3.58838391746816
31 300 5.22076289430686
31 1000 18.8224671245493
32 0 7.41988736436906
32 100 7.38045297866766
32 300 11.7469421488245
32 1000 44.2743974588592
33 0 3.25824105955394
33 100 3.62214695188007
33 300 14.0903821212195
33 1000 28.6148997380537
34 0 5.96968695545221
34 100 7.64301899190382
34 300 10.4632338645899
34 1000 34.5650283638457
35 0 9.55390355801328
35 100 9.35693936183871
35 300 23.0072802555905
35 1000 25.2879340786763
36 0 6.32102807579555
36 100 12.9742053724278
36 300 30.9293716880494
36 1000 32.4822695314093
37 0 2.82314537053823
37 100 5.7701417692312
37 300 14.5362934652901
37 1000 16.4790488425599
38 0 5.40503772819177
38 100 6.5580083281099
38 300 12.6961565116646
38 1000 23.7071856470279
39 0 5.91536154309033
39 100 6.40297117347026
39 300 16.7329315507345
39 1000 59.5237784113145
40 0 4.5506668515803
40 100 5.01365919581925
40 300 5.33502705708825
40 1000 13.5189631019949
41 0 5.80567324054761
41 100 5.49766448532654
41 300 17.4387641839123
41 1000 24.8970902436485
42 0 3.51394647975115
42 100 3.85927568999085
42 300 7.24347730303672
42 1000 14.0318092803709
43 0 3.49776215937173
43 100 3.51204021134235
43 300 3.94275903157919
43 1000 10.8286332956038
44 0 7.70588892968221
44 100 6.26811352890766
44 300 10.9453807303383
44 1000 21.4860765256274
45 0 4.68341697689342
45 100 11.6641349957178
45 300 32.7355452391882
45 1000 34.134517610613
46 0 5.22715616376533
46 100 6.99742977917329
46 300 23.3163789135962
46 1000 60.6450984443344
47 0 6.07013479454777
47 100 5.4991667775936
47 300 6.57239405358795
47 1000 25.7714935763089
48 0 5.0170739466366
48 100 4.31746869858158
48 300 20.8600415326215
48 1000 53.9329907501689
49 0 4.48725762925548
49 100 3.85501261010198
49 300 7.54621115499242
49 1000 28.3128079338101
50 0 5.13941824445943
50 100 6.75631226156161
50 300 10.5778943747251
50 1000 18.3956912689043
51 0 11.744461776599
51 100 9.3158173595484
51 300 13.6266718822824
51 1000 39.7000948116418
52 0 4.31637909279893
52 100 5.20132796681246
52 300 23.0664363735615
52 1000 35.7592606495352
53 0 5.88722112685789
53 100 7.32232180493253
53 300 24.6340969501928
53 1000 38.1516897886364
54 0 3.51754811324401
54 100 4.3519557075616
54 300 10.9278768261155
54 1000 107.541877277554
55 0 7.04444960880803
55 100 7.7421660242592
55 300 13.9442262722244
55 1000 54.6055017590321
56 0 2.13508237997091
56 100 2.18709810784992
56 300 7.38667189475536
56 1000 18.9192282565236
57 0 3.253534586897
57 100 4.33704473079521
57 300 6.65173078619151
57 1000 20.1279742690297
58 0 6.60615046466528
58 100 7.5881520244971
58 300 16.3615287476119
58 1000 19.3644083743872
59 0 3.75369686117756
59 100 3.88012691719644
59 300 8.80395701188002
59 1000 51.9773440581108
60 0 5.73106979705923
60 100 6.11364274399335
60 300 7.4871892260452
60 1000 10.3759660623659
61 0 3.80136884067181
61 100 5.90799804549343
61 300 22.1080799007888
61 1000 33.0012315307275
62 0 3.40900385935039
62 100 4.14086086973576
62 300 4.26904195479589
62 1000 22.0900743790415
63 0 4.73926742166435
63 100 4.40379970367938
63 300 4.35986547966911
63 1000 8.68431681579422
64 0 3.93528701544122
64 100 6.20816768254729
64 300 16.3222668729312
64 1000 18.9729572524654
65 0 4.71580189781674
65 100 4.98787461627936
65 300 7.92994875009955
65 1000 19.8261472816873
66 0 6.35813178133403
66 100 8.28098131249628
66 300 7.47709539604844
66 1000 25.4839537353155
67 0 4.41811181924337
67 100 4.08284652840549
67 300 4.48435656202902
67 1000 17.0248241274851
68 0 4.93050335823626
68 100 7.06803867728016
68 300 19.9920337756846
68 1000 21.8651796497481
69 0 5.61240844091119
69 100 5.03605412233837
69 300 6.85002078903024
69 1000 18.2253965591071
70 0 5.49755120713275
70 100 5.97681534039423
70 300 13.1903737190904
70 1000 31.752206433227
71 0 5.92966875048779
71 100 5.36231425819467
71 300 13.4400566859746
71 1000 81.943001048432
72 0 4.10003151119994
72 100 4.80627279818117
72 300 10.4194691360076
72 1000 19.5693778729218
73 0 8.34911650725566
73 100 8.54331542831442
73 300 25.8364017472336
73 1000 38.8404338539119
74 0 2.76832180563214
74 100 5.10834846499865
74 300 28.7548448227283
74 1000 59.2491754889702
75 0 5.11871696555484
75 100 4.63656899077365
75 300 5.57174871419089
75 1000 16.617516692463
76 0 5.30072310392957
76 100 4.96079931745438
76 300 9.47938159805314
76 1000 14.0710119109532
77 0 2.40230325703837
77 100 2.60963985812096
77 300 4.37859177584716
77 1000 17.5115443234201
78 0 2.66195280672826
78 100 2.85531220942799
78 300 4.3545231920567
78 1000 27.1167830226274
79 0 4.5897700025268
79 100 5.62870392049579
79 300 6.18697868870048
79 1000 21.799161671759
80 0 3.88171753898707
80 100 3.91859675299369
80 300 7.51093998526349
80 1000 57.1308660241213
81 0 6.14483481187174
81 100 5.97525613537395
81 300 5.94281366139222
81 1000 27.9531858449725
82 0 6.7601812911439
82 100 6.09139509727154
82 300 12.3486692912228
82 1000 30.8056545054872
83 0 4.51019384770326
83 100 4.36262317562572
83 300 6.13158700883798
83 1000 20.7988853952658
84 0 5.73343894287799
84 100 6.23835691713682
84 300 9.72244508280723
84 1000 11.44822461004
85 0 6.76537137936107
85 100 5.53623908676021
85 300 6.98595859301842
85 1000 14.8960516535863
86 0 9.94107835645007
86 100 9.00753950232465
86 300 16.8569752369508
86 1000 33.067702559311
87 0 7.47126082594156
87 100 6.69033051499513
87 300 7.13862440877915
87 1000 24.7269641231149
88 0 3.25325023929521
88 100 3.3631806432715
88 300 5.06237140995081
88 1000 24.9425288286092
89 0 6.20436876102214
89 100 7.09024899144782
89 300 18.5876595791421
89 1000 19.5398555126237
90 0 4.2288011001672
90 100 4.70163699168208
90 300 12.4493578005452
90 1000 19.3424967423028
91 0 5.24122827687637
91 100 4.80537033294674
91 300 9.97842035776726
91 1000 89.0627545844052
92 0 5.11741429463035
92 100 7.40953636816843
92 300 27.7425322637166
92 1000 28.1707338585201
93 0 7.72434801246747
93 100 11.1661322051501
93 300 22.3042013331973
93 1000 25.536401464586
94 0 4.68215064329474
94 100 5.28341388775648
94 300 13.3060317596446
94 1000 33.0004044467869
95 0 3.97963370850367
95 100 4.62948240795834
95 300 5.72802334964041
95 1000 31.3478482385013
96 0 6.51557679938846
96 100 6.42963806028125
96 300 13.1657119915212
96 1000 49.5459314471635
97 0 3.96516059838115
97 100 3.68363846788507
97 300 5.21076397713198
97 1000 14.7116187204864
98 0 7.89466339571408
98 100 9.56343476550926
98 300 14.9804037162036
98 1000 42.5171614181667
99 0 1.99070492842578
99 100 2.86616129544895
99 300 9.52769957438912
99 1000 15.6045277270028
100 0 3.11979898704004
100 100 3.13358376986867
100 300 5.8102350423311
100 1000 22.8594056763514
