id dose y
1 0 3.93487867276155
1 100 4.69489653281643
1 300 6.52846609501764
1 1000 28.6578592273527
2 0 6.22531970149311
2 100 6.77975494743714
2 300 13.137613631296
2 1000 29.7734686450435
3 0 5.49290232976093
3 100 5.77132815262465
3 300 17.7399647157601
3 1000 59.279133723098
4 0 5.235480468039
4 100 5.24285421454412
4 300 6.59900582845672
4 1000 16.6418950128434
5 0 4.53403568900173
5 100 4.52704805255244
5 300 7.35216630842221
5 1000 49.2315513485413
6 0 4.16594042607397
6 100 7.37376658345082
6 300 18.2158596463392
6 1000 20.8225633689154
7 0 5.85390786723743
7 100 6.51633337663893
7 300 7.24449040018592
7 1000 28.8964551425346
8 0 5.11129133349871
8 100 5.58670764307399
8 300 6.75102587840975
8 1000 15.2856653039726
9 0 5.37541612326243
9 100 5.66994086392958
9 300 14.758077543123
9 1000 27.490702842726
10 0 3.4772340561352
10 100 4.11707833841957
10 300 11.4215721743364
10 1000 40.4704764141904
11 0 7.6665026647718
11 100 8.56475331691679
11 300 9.86332467735958
11 1000 21.7186555687801
12 0 7.5727180408724
12 100 6.61950348174655
12 300 8.10083280071198
12 1000 37.9440390999351
13 0 5.3383621954315
13 100 5.10335584384401
13 300 7.23319953158227
13 1000 15.1379114817113
14 0 3.67836673639169
14 100 3.42081040565891
14 300 8.29218777358347
14 1000 21.3035745111697
15 0 4.76796099755434
15 100 6.56130378538207
15 300 20.2206938169972
15 1000 26.9385639256961
16 0 4.65531490709841
16 100 4.11556184684101
16 300 5.6292369068395
16 1000 26.9389002000875
17 0 2.96490405981155
17 100 3.42631243023988
17 300 3.28684558207989
17 1000 3.78736890935409
18 0 6.20532712408309
18 100 6.29243814896278
18 300 7.5253865660912
18 1000 31.1009329884844
19 0 4.39168686400126
19 100 5.01385489817239
19 300 10.3403484306901
19 1000 64.3588104875611
20 0 5.04259490972263
20 100 5.50804367197165
20 300 9.17447851175868
20 1000 15.2855366093492
21 0 5.41410878910136
21 100 5.97357408510773
21 300 18.7322516576196
21 1000 26.7475796822587
22 0 4.18883510836505
22 100 4.09297614014209
22 300 10.5598285890984
22 1000 12.9156011034619
23 0 6.90806442211876
23 100 10.5431499845312
23 300 30.8847640197862
23 1000 33.7883023070464
24 0 3.86099913914374
24 100 4.26565143619398
24 300 15.4766382290814
24 1000 35.9921345233747
25 0 2.81190140547895
25 100 3.41977430218817
25 300 16.0489546126314
25 1000 40.3795625411902
26 0 4.21676677404761
26 100 3.84205130695011
26 300 6.7984414314987
26 1000 15.5313799787191
27 0 5.18764879403176
27 100 21.6819771285575
27 300 56.613325073534
27 1000 58.6991423401211
28 0 6.29380548314389
28 100 5.14343930902646
28 300 7.78777145703016
28 1000 14.5022081492705
29 0 5.92364524504904
29 100 8.76874543046907
29 300 31.9266259466311
29 1000 98.8157962584117
30 0 4.22106170258538
30 100 5.49196964621558
30 300 14.9735170700988
30 1000 30.7039975424204
31 0 3.42370240802037
31 100 3.74962693243663
31 300 13.5937419338185
31 1000 27.5281859153106
32 0 7.26290189375489
32 100 20.7049419749434
32 300 25.6237275081039
32 1000 25.4934109818671
33 0 4.76993860252508
33 100 4.6095853115005
33 300 7.93309799597213
33 1000 16.9377185002289
34 0 4.74673908052772
34 100 6.47391959622925
34 300 19.5054295223513
34 1000 42.9716718889583
35 0 6.47673646234629
35 100 8.48046560768804
35 300 22.7266504669077
35 1000 34.1287823477421
36 0 4.67237340034191
36 100 3.93263374131898
36 300 10.3570156952774
36 1000 21.0833633226928
37 0 5.01598428168326
37 100 6.1893126068116
37 300 13.5856594507169
37 1000 26.9035287577147
38 0 2.91653976031027
38 100 3.48116325519515
38 300 6.29126463225712
38 1000 28.1875638565367
39 0 4.46222259070061
39 100 4.68918123048305
39 300 6.33950785254197
39 1000 39.1762582295126
40 0 6.84241458564584
40 100 8.62230325408217
40 300 28.1806239793866
40 1000 80.7951003585649
41 0 6.62177725372444
41 100 6.34568143777919
41 300 6.90685042429021
41 1000 16.8760194273871
42 0 4.16090122463179
42 100 4.25110631921151
42 300 15.5976953350237
42 1000 57.4480662957292
43 0 6.2031837247293
43 100 8.50302486680177
43 300 14.6499336303256
43 1000 24.4462171368996
44 0 6.27297645682415
44 100 6.5531379050849
44 300 9.31199690121587
44 1000 79.6095108868647
45 0 6.1429368132151
45 100 5.23278602140144
45 300 7.70932891639985
45 1000 10.7876787530486
46 0 4.1690384904625
46 100 4.77631929037157
46 300 6.75710103698976
46 1000 52.7351631188235
47 0 5.55694738430906
47 100 5.98430755926731
47 300 8.38473189274154
47 1000 9.67716360130343
48 0 8.81838682833942
48 100 8.74504004303981
48 300 13.4271928761268
48 1000 79.9714077585742
49 0 5.38150544545448
49 100 5.85556720225222
49 300 7.18112973015519
49 1000 30.6810356502976
50 0 4.13323359199252
50 100 4.86617142786592
50 300 6.84632203139555
50 1000 29.6110745575857
51 0 3.49824502359245
51 100 4.25824019941223
51 300 4.06617706320887
51 1000 19.721994137017
52 0 3.89578670849503
52 100 5.72980120986501
52 300 9.93545070015066
52 1000 65.3757373138988
53 0 4.78034803644224
53 100 5.37021416073338
53 300 6.49574973053774
53 1000 23.8219227522659
54 0 3.58081596404518
54 100 4.13058646319274
54 300 15.6042443587711
54 1000 48.0301591776241
55 0 6.18058340581281
55 100 6.57196532598914
55 300 21.641517404272
55 1000 45.0401316807463
56 0 2.79210394664655
56 100 5.76143897404653
56 300 23.7909764169203
56 1000 29.3997358497829
57 0 4.26425438215323
57 100 4.25441699460351
57 300 13.0414824348651
57 1000 32.151946373951
58 0 3.74799052091194
58 100 4.1874743747278
58 300 4.94935353534454
58 1000 14.0550464271239
59 0 5.7225774090648
59 100 6.67540768264082
59 300 8.02527191402475
59 1000 21.4598511086773
60 0 3.72204863979814
60 100 4.58112762700897
60 300 4.89625189895715
60 1000 10.2764204554445
61 0 5.590061995519
61 100 4.94341688128647
61 300 6.31818176627486
61 1000 24.0434595574741
62 0 5.39362813957388
62 100 4.72867804642221
62 300 9.03237409242022
62 1000 22.7777874623136
63 0 2.755722253976
63 100 5.69468157485263
63 300 19.2974870219716
63 1000 26.2672721914574
64 0 3.77889783721518
64 100 4.03617228863503
64 300 5.00910914494216
64 1000 11.4439643071556
65 0 3.47061879442798
65 100 4.09618171644598
65 300 4.44785835388797
65 1000 11.1605608727787
66 0 4.84493108990338
66 100 5.53996771975905
66 300 15.2256070446127
66 1000 31.9246244407763
67 0 2.49597159250885
67 100 4.39269901603932
67 300 14.5959904854369
67 1000 30.509029964023
68 0 2.64959316233488
68 100 2.73581585055157
68 300 11.9757042946561
68 1000 43.4084311316182
69 0 3.34629904270007
69 100 3.49383803567531
69 300 8.45318339674297
69 1000 13.2870817121347
70 0 3.76691121116671
70 100 2.71423615771716
70 300 4.07845113154067
70 1000 11.8412708675112
71 0 4.69247481921165
71 100 4.87666038455253
71 300 9.00288024405875
71 1000 27.0796579151723
72 0 3.97425018922839
72 100 4.57256352305053
72 300 12.7920266565941
72 1000 30.9191093109046
73 0 3.58096216520577
73 100 10.279126565303
73 300 19.4031006908089
73 1000 16.4319527549122
74 0 6.21634321336336
74 100 6.28369050657198
74 300 6.614747866635
74 1000 9.35598642932375
75 0 4.82966606429826
75 100 17.4733021171575
75 300 63.2500511095866
75 1000 65.402446337505
76 0 5.69109105366956
76 100 5.06762314460923
76 300 7.26384116963914
76 1000 35.3813269254475
77 0 5.21275727216323
77 100 5.23075522340132
77 300 14.6194139708486
77 1000 37.3235996050881
78 0 3.81725933744978
78 100 4.29136737877568
78 300 6.11761969979769
78 1000 39.0784730050326
79 0 2.7502187879335
79 100 2.86910467676365
79 300 3.59852585859724
79 1000 15.7968214778052
80 0 5.71181380466279
80 100 6.15709110340406
80 300 7.99348250448867
80 1000 39.6914330548176
81 0 4.08844128534055
81 100 7.04101567030019
81 300 30.3650276925814
81 1000 61.4559848869793
82 0 4.31454529735845
82 100 5.25181048902978
82 300 9.84241204085227
82 1000 42.5318284466185
83 0 3.81821528033121
83 100 4.32927087948585
83 300 7.12185043956821
83 1000 36.2206587360944
84 0 2.910315527811
84 100 3.6528489815464
84 300 10.1547316214713
84 1000 30.85539295854
85 0 6.01108805272658
85 100 5.71209742393829
85 300 6.67143285754245
85 1000 38.65954491857
86 0 3.59850172669408
86 100 3.35804416011391
86 300 5.19405371781016
86 1000 29.2801719537114
87 0 3.52791812133189
87 100 3.44291004425267
87 300 4.95549821889186
87 1000 17.4166085420556
88 0 3.64071145291362
88 100 5.21183260969259
88 300 12.1688744166452
88 1000 9.95363038290905
89 0 5.29526882700266
89 100 6.85678389190472
89 300 6.05457585338178
89 1000 11.7416833846664
90 0 4.52820399420262
90 100 4.29326947303328
90 300 4.58708016443573
90 1000 19.4663014933814
91 0 6.20361085365861
91 100 5.89877244335752
91 300 12.6412049003589
91 1000 24.5377963468374
92 0 2.57531654303945
92 100 3.78290394345116
92 300 8.5725629800626
92 1000 21.737343937371
93 0 4.24106321634243
93 100 4.15149441477937
93 300 5.12665849229707
93 1000 9.03735921305723
94 0 7.57146316598455
94 100 7.41415999833717
94 300 10.5024016301973
94 1000 32.5172249341601
95 0 5.87013054214498
95 100 4.79756989342425
95 300 6.21633502639556
95 1000 31.047509179485
96 0 5.25518258846292
96 100 5.33091577979225
96 300 20.5627047225538
96 1000 38.0809438550808
97 0 6.21743805519503
97 100 6.27531311084739
97 300 12.9308992468523
97 1000 36.0924076199938
98 0 4.30626876452242
98 100 3.60873199006036
98 300 8.97427803804168
98 1000 20.2676044742146
99 0 4.54214170952114
99 100 5.65117159529043
99 300 19.6417415403061
99 1000 25.1880468931341
100 0 4.95969013327867
100 100 5.06711057576164
100 300 6.41363466695676
100 1000 19.9871991516954
