id dose y
1 0 2.82498762450436
1 100 3.20370290560175
1 300 8.10716475095901
1 1000 15.0054290152312
2 0 3.54257715300469
2 100 4.31688448719796
2 300 6.25624942285838
2 1000 22.891993971799
3 0 4.40547057983906
3 100 4.40848228136084
3 300 10.2661689137815
3 1000 23.5437048520491
4 0 3.50422692741086
4 100 4.60547401196741
4 300 18.1738753570447
4 1000 27.2662307771077
5 0 4.38840953960665
5 100 4.46469505838675
5 300 6.26423343293207
5 1000 40.8045156187101
6 0 7.0629795144282
6 100 6.58000913356362
6 300 8.06298636393549
6 1000 29.2526550112673
7 0 3.91292314182452
7 100 5.89312559560291
7 300 11.3127846649455
7 1000 46.883524623959
8 0 3.7234628424768
8 100 4.32633681394627
8 300 16.1339463068978
8 1000 60.4593506454196
9 0 4.70567724973194
9 100 6.38533362218073
9 300 9.03719400353556
9 1000 9.0392435628687
10 0 3.02793974474805
10 100 4.84620966721398
10 300 16.4966625125084
10 1000 16.1448462246651
11 0 5.36384264254439
11 100 6.17073628764695
11 300 5.5351873897648
11 1000 16.5715486081941
12 0 4.34982789074439
12 100 5.62705233872803
12 300 4.43579611673809
12 1000 18.7879870360333
13 0 5.38177795911607
13 100 6.2596289123982
13 300 11.3157103686716
13 1000 47.8975810199913
14 0 2.46891063638483
14 100 2.76360586201736
14 300 3.28899785704988
14 1000 7.40071559387108
15 0 5.20725583779265
15 100 6.799936276929
15 300 7.62881142003189
15 1000 17.4443705469474
16 0 4.58112720873505
16 100 4.73842610764949
16 300 4.90586756171124
16 1000 12.8318523934982
17 0 5.50787392040687
17 100 6.45248697290992
17 300 18.2296464847525
17 1000 19.1028190251072
18 0 7.59065390239594
18 100 6.81231056576777
18 300 10.1864341541544
18 1000 17.0494772233827
19 0 2.2344812090291
19 100 5.46511982736337
19 300 20.7954543664004
19 1000 22.6984963420256
20 0 5.91740975333968
20 100 6.82993944212119
20 300 20.5283055192941
20 1000 70.9567029010211
21 0 5.8644191953299
21 100 5.19503448609382
21 300 6.89991423379432
21 1000 38.8444522026312
22 0 4.31737763788554
22 100 4.92466149776162
22 300 18.2160345845196
22 1000 25.0950942910025
23 0 10.9026898006496
23 100 8.57513391446097
23 300 12.8936491498558
23 1000 44.1448646395637
24 0 8.352559825861
24 100 13.6234824143087
24 300 30.5568012402097
24 1000 29.6644235691423
25 0 5.96808152080069
25 100 5.76618507172973
25 300 5.21008239084431
25 1000 33.8369725172254
26 0 3.67804563023342
26 100 3.63079013691472
26 300 4.28005768822043
26 1000 11.2871777712307
27 0 4.3855404149069
27 100 4.05345784908677
27 300 4.60719143565304
27 1000 22.4064696718054
28 0 9.03426624651944
28 100 10.8334768700326
28 300 26.8856677198925
28 1000 39.8950897322644
29 0 5.29534253561771
29 100 15.9119120289017
29 300 30.1783803859492
29 1000 35.0544540861975
30 0 6.3718330633762
30 100 6.0679513697292
30 300 8.4095340337106
30 1000 70.4731499576459
31 0 3.73971486305407
31 100 3.61486474467969
31 300 6.34329185642608
31 1000 27.6469695657289
32 0 6.04199976550746
32 100 6.27926098491509
32 300 7.62493540695196
32 1000 30.980251044286
33 0 4.33441273024108
33 100 4.30608552703466
33 300 10.1823857721307
33 1000 28.7341238425998
34 0 3.52621214387646
34 100 4.22355336872727
34 300 13.9800756544767
34 1000 162.204143613848
35 0 5.4590037683248
35 100 6.44316434326705
35 300 26.3589565155212
35 1000 44.6766855005833
36 0 2.79378273012368
36 100 2.95951449878298
36 300 18.4032368547089
36 1000 88.0509717285796
37 0 4.13630454086539
37 100 4.36399288097203
37 300 4.9752443163749
37 1000 18.0653327578252
38 0 8.70926379563691
38 100 12.1698032510299
38 300 18.3795496769536
38 1000 17.6985495912207
39 0 5.8960346334792
39 100 5.54259723459226
39 300 7.78926721418031
39 1000 14.0081398569235
40 0 4.44808049204396
40 100 4.43842516675637
40 300 5.14585079372237
40 1000 16.9833182770185
41 0 2.64762136340293
41 100 3.82943459921289
41 300 17.4743821051407
41 1000 28.7473471093633
42 0 9.72232086599228
42 100 11.6454505635666
42 300 38.9163179615647
42 1000 40.5221052447991
43 0 6.36535400254609
43 100 6.645572442341
43 300 5.20305743388632
43 1000 23.781209689419
44 0 7.78379902513415
44 100 5.55482256243518
44 300 8.17773877739292
44 1000 19.9544882103861
45 0 3.12259463795608
45 100 3.89062436624561
45 300 4.42076388820214
45 1000 11.6702285281144
46 0 3.81257935481145
46 100 3.12213740148481
46 300 8.19701845439096
46 1000 56.0903133825406
47 0 6.3648554495657
47 100 4.3742370729528
47 300 7.56325065038496
47 1000 44.6345064573426
48 0 7.75943303477031
48 100 9.78684158728303
48 300 22.5008170063815
48 1000 30.8946281620827
49 0 7.43308097658973
49 100 6.74015367307546
49 300 8.0115421418783
49 1000 30.4223381086785
50 0 3.89574976270483
50 100 4.2824935480654
50 300 6.06394777618697
50 1000 32.2933163707558
51 0 6.23613171973088
51 100 7.23777141564197
51 300 10.7214064201301
51 1000 30.1855522361187
52 0 3.57248056333679
52 100 5.49237951091906
52 300 19.0920572939654
52 1000 25.4630716058741
53 0 5.60771579462945
53 100 7.26794919259545
53 300 6.33352678514622
53 1000 12.6590621480138
54 0 4.48584998977606
54 100 6.93134908677926
54 300 10.0271805848411
54 1000 29.2673529682051
55 0 4.93237680237442
55 100 4.44394442144527
55 300 6.29148974596475
55 1000 41.9911607322685
56 0 4.59470104016084
56 100 4.75226270766169
56 300 7.30368783804489
56 1000 12.6393890604905
57 0 2.66645902741502
57 100 3.0251177964042
57 300 5.07827201084478
57 1000 20.1832446658892
58 0 5.76492900658084
58 100 7.93507747078958
58 300 25.306914722062
58 1000 46.74548466364
59 0 7.04014580647828
59 100 20.65441824747
59 300 37.0586326699864
59 1000 37.2845797630556
60 0 4.41052688988521
60 100 4.70491507748935
60 300 4.9446718688207
60 1000 13.3238870434536
61 0 5.23901751224648
61 100 6.35981751623327
61 300 9.44080819821485
61 1000 19.066348186198
62 0 5.14616160118221
62 100 5.08676404217677
62 300 10.188073880162
62 1000 16.7192303574065
63 0 6.51530620176996
63 100 5.65301912946141
63 300 10.7383799674997
63 1000 14.5167469691531
64 0 5.31992716333326
64 100 4.90678655434149
64 300 8.29398273938621
64 1000 45.0102991607348
65 0 7.3590881850105
65 100 7.43461157950896
65 300 10.1756655819358
65 1000 25.0603665270148
66 0 5.03922054304851
66 100 5.13961777723989
66 300 7.62316971533444
66 1000 28.7120842163896
67 0 4.05593269600764
67 100 5.01931323597255
67 300 14.8009213248397
67 1000 32.2903686864308
68 0 4.33409488342254
68 100 4.30719315501834
68 300 7.22145191671422
68 1000 30.5632935739519
69 0 2.98375665611981
69 100 3.57193078734478
69 300 10.0124922712723
69 1000 18.3343148906672
70 0 4.41188060663561
70 100 8.71579140962297
70 300 41.1793235856142
70 1000 58.618658897914
71 0 7.09374716643182
71 100 8.45664123830406
71 300 8.26004991546987
71 1000 13.5168304179452
72 0 7.47611386501367
72 100 7.24645852465945
72 300 9.61552942044526
72 1000 33.9527896781471
73 0 8.12459634069768
73 100 7.18247714849688
73 300 11.0029843132344
73 1000 23.1235776053903
74 0 6.11583025412782
74 100 7.28311300056536
74 300 15.4577010853027
74 1000 48.3677620223909
75 0 3.71356312982798
75 100 3.68163706652229
75 300 9.97347562276714
75 1000 19.6848130397733
76 0 3.25953316096791
76 100 4.7103602224759
76 300 17.6476984607392
76 1000 21.2490831924776
77 0 4.56891796817975
77 100 5.45890520412093
77 300 11.2026084419621
77 1000 22.00716186111
78 0 4.37884425191427
78 100 4.63538716815093
78 300 4.36869648829914
78 1000 25.9383710880643
79 0 4.4570817125428
79 100 5.27893627425567
79 300 9.22878302203914
79 1000 45.2205067869231
80 0 7.48970736010756
80 100 6.47003511300823
80 300 6.67217084863641
80 1000 11.3951994472814
81 0 8.61758780866878
81 100 9.58967476407134
81 300 20.7134518923672
81 1000 35.3607317113988
82 0 5.78506206100631
82 100 6.49525467084701
82 300 18.3284221259997
82 1000 30.8912458049295
83 0 2.50928287747577
83 100 4.91201700968204
83 300 13.1157090081088
83 1000 16.1743099329804
84 0 6.07365674466557
84 100 6.33787605643897
84 300 20.9067325049873
84 1000 31.5062664744055
85 0 6.41162527509914
85 100 6.34606012199255
85 300 12.1476150642193
85 1000 16.5661084196304
86 0 4.53288476243332
86 100 4.84068773980627
86 300 13.8329177149588
86 1000 53.0841973415065
87 0 5.63439716538328
87 100 7.23026448704891
87 300 16.3537858627825
87 1000 20.6554307608624
88 0 5.56266139338877
88 100 5.55720298684098
88 300 9.6246258517441
88 1000 42.3640639534845
89 0 3.8182609536079
89 100 4.43576764075343
89 300 7.80209764336895
89 1000 14.270817491657
90 0 6.21073357670229
90 100 5.6569456658395
90 300 8.54208899534438
90 1000 30.8991421701455
91 0 4.18527986996104
91 100 5.4736182791774
91 300 12.0454841230955
91 1000 38.6507224130436
92 0 7.15585531672749
92 100 8.70805937877748
92 300 16.148885890315
92 1000 41.396724691798
93 0 5.88845532404349
93 100 5.6539082751935
93 300 7.23137886959724
93 1000 15.4588314832016
94 0 4.93103014650129
94 100 4.27251060081542
94 300 5.49432572716992
94 1000 31.3120820348112
95 0 6.16080131496723
95 100 5.82379016563524
95 300 6.99898685555576
95 1000 16.1818792034407
96 0 3.73583286776181
96 100 5.53335001341546
96 300 31.6424751777226
96 1000 46.1643800500805
97 0 3.93626788520741
97 100 5.11641700561433
97 300 14.2860563837636
97 1000 51.8544914165141
98 0 4.67554107633866
98 100 9.02467160069772
98 300 28.8301770605325
98 1000 34.1378617035865
99 0 4.07158943504188
99 100 7.38151831498772
99 300 32.9781546702779
99 1000 54.6432285425922
100 0 6.4824712058403
100 100 6.26224293510744
100 300 8.98390589002646
100 1000 35.9893946966459
