id dose y
1 0 5.02341345641637
1 100 4.76815848086598
1 300 19.039244784758
1 1000 31.7174390542997
2 0 7.61632281022309
2 100 8.02336337603863
2 300 22.6214188689044
2 1000 54.0750634381822
3 0 5.38789597794829
3 100 5.90429362459953
3 300 6.96422720959338
3 1000 14.2815953433439
4 0 3.99837008512399
4 100 3.57040384343168
4 300 3.61022875292898
4 1000 7.74685842618947
5 0 7.59520927354215
5 100 11.5609088427892
5 300 16.648104829202
5 1000 25.0695724511679
6 0 3.7263430001255
6 100 7.75907007212001
6 300 13.9133856028157
6 1000 13.8955973241544
7 0 2.87195598319011
7 100 2.79486953557023
7 300 4.558093697839
7 1000 22.9781426407156
8 0 4.47273794684461
8 100 5.46097302759227
8 300 26.1156594550471
8 1000 73.3309352791988
9 0 3.67451588323947
9 100 5.0426874633525
9 300 21.8251594386569
9 1000 32.5611778516141
10 0 7.79950579056895
10 100 9.02365751447212
10 300 15.3219953385687
10 1000 22.6890791470251
11 0 4.48337649497152
11 100 4.53139093496194
11 300 7.97568426945818
11 1000 22.8616997142422
12 0 3.38110360705631
12 100 6.68679852105001
12 300 23.4058182111592
12 1000 22.8870741494613
13 0 5.34394437657749
13 100 7.03831270951766
13 300 20.5131838701673
13 1000 35.734676721539
14 0 2.72238270786146
14 100 2.14197587290152
14 300 5.77328132674646
14 1000 12.5396909557672
15 0 3.76115601319153
15 100 3.5784564871375
15 300 6.22029799752288
15 1000 21.2221454976049
16 0 3.56612538048461
16 100 5.04158031381029
16 300 17.3716468004819
16 1000 23.0148340669266
17 0 3.28579709786424
17 100 4.17420389561759
17 300 14.8251449394311
17 1000 29.0539221047181
18 0 4.29127460413232
18 100 4.6939844772409
18 300 4.32319782994489
18 1000 6.09928824953118
19 0 5.47085646903968
19 100 7.72348751231897
19 300 19.9394471358291
19 1000 31.8563761048876
20 0 4.78158860453101
20 100 4.7834954087125
20 300 10.8346474599247
20 1000 38.3317067938294
21 0 3.43112434942748
21 100 3.17275673380693
21 300 8.21281624130417
21 1000 19.5074564764015
22 0 5.12548362303675
22 100 4.30411261723766
22 300 11.8544452855141
22 1000 47.9494954879165
23 0 5.51172012177996
23 100 6.36970611022914
23 300 6.67702680681318
23 1000 14.8464761341701
24 0 2.70628905217996
24 100 3.40506308408863
24 300 16.6861907991058
24 1000 22.7003082799642
25 0 6.12928562811212
25 100 5.45175170367643
25 300 12.6288036186495
25 1000 38.9355285373603
26 0 7.1003032600148
26 100 7.97364798712402
26 300 9.53822917515986
26 1000 22.3804214284944
27 0 6.34036117693404
27 100 5.9756890657327
27 300 10.1480507030498
27 1000 20.9348688827497
28 0 4.92759963558284
28 100 5.50635916761408
28 300 11.7907482253386
28 1000 77.4101193847594
29 0 4.95271415362681
29 100 11.8313877306376
29 300 53.833512593067
29 1000 53.661634941131
30 0 5.32246348704842
30 100 5.69218750795086
30 300 16.1843963955004
30 1000 23.8871982020761
31 0 5.29726706971336
31 100 7.42432180642794
31 300 17.0114708117158
31 1000 18.586686162966
32 0 4.26338781671665
32 100 4.76896621942762
32 300 8.3926497731057
32 1000 16.7629739348402
33 0 5.07015894849248
33 100 5.39795465482648
33 300 23.8749834546061
33 1000 64.5776458849379
34 0 7.72317647224723
34 100 6.90464159635584
34 300 14.3238829957152
34 1000 30.6541399888334
35 0 3.37922802047531
35 100 4.66698053625791
35 300 7.83054995085553
35 1000 48.7996887079743
36 0 4.01469539753978
36 100 5.31349706105445
36 300 11.1384396014182
36 1000 22.8481841256315
37 0 4.55391358160324
37 100 5.598742040747
37 300 8.24908979520537
37 1000 48.5839288757757
38 0 4.26626763660596
38 100 5.48681214789706
38 300 9.18309679961428
38 1000 16.8043598191596
39 0 10.4420823814191
39 100 12.3283233894408
39 300 12.5886547992919
39 1000 43.1345758957874
40 0 2.5686596902603
40 100 2.87734055351667
40 300 2.68693675500022
40 1000 9.70899034893161
41 0 6.33037668495163
41 100 12.6066321445107
41 300 19.8979364490763
41 1000 19.9719348578972
42 0 2.38338646023206
42 100 5.91997008551177
42 300 9.02459801583678
42 1000 9.85975483005335
43 0 4.97842816863288
43 100 5.29782549608265
43 300 7.26362857626331
43 1000 29.3434324114422
44 0 3.44873553175715
44 100 4.52812053310316
44 300 19.3444344600938
44 1000 45.958625880455
45 0 4.42462859007687
45 100 5.90991538276458
45 300 11.0404576508298
45 1000 23.3737836327941
46 0 4.36844112501516
46 100 4.86902845201419
46 300 15.8533194515838
46 1000 21.37369992944
47 0 4.7906061446854
47 100 4.45551137978195
47 300 4.96426453514858
47 1000 23.4453204974887
48 0 5.93292965748209
48 100 6.40836932929984
48 300 8.4201697540079
48 1000 50.7640028709623
49 0 8.3245857168726
49 100 7.62706176343607
49 300 10.7521802225125
49 1000 29.6363205299454
50 0 6.94061558824486
50 100 6.23689022669005
50 300 7.68603635749845
50 1000 36.1060637238972
51 0 6.19807825913827
51 100 5.32759560465346
51 300 9.37950733716554
51 1000 44.7772087857281
52 0 4.26537171074602
52 100 10.6388297445479
52 300 18.9395198135425
52 1000 17.6225492139518
53 0 2.9005358385322
53 100 3.27399202928904
53 300 6.63532381420364
53 1000 59.4975421723731
54 0 4.9504193973854
54 100 4.23749480337917
54 300 6.86762975647432
54 1000 27.1570221824643
55 0 9.55765431031974
55 100 8.44945613541207
55 300 12.0719894456848
55 1000 38.2827815870519
56 0 5.10080760401151
56 100 5.78740371832535
56 300 11.8934968968485
56 1000 33.0473444511556
57 0 5.66468816063932
57 100 5.57137992383146
57 300 9.87736972417293
57 1000 65.7725407197981
58 0 6.56447428312624
58 100 13.710622953608
58 300 27.1627971712677
58 1000 30.509879485068
59 0 5.28394997193945
59 100 5.22221528625967
59 300 16.2234819927042
59 1000 37.0027490832515
60 0 5.72871547447153
60 100 5.39498273183668
60 300 7.68297408218773
60 1000 37.3635781965343
61 0 4.21998706184641
61 100 4.32614101523253
61 300 6.77667088131663
61 1000 25.5980376568648
62 0 8.82262052648752
62 100 9.64222361263137
62 300 18.4585799431663
62 1000 45.9177578941512
63 0 6.50325706726002
63 100 7.34769621152274
63 300 10.0811589264994
63 1000 37.4329479268325
64 0 3.84334929534404
64 100 4.45004538345093
64 300 7.25027198760649
64 1000 36.097163795278
65 0 4.21665298161609
65 100 6.16742843450745
65 300 13.0417545317246
65 1000 16.1233283292245
66 0 6.51699737478772
66 100 6.22638675398159
66 300 8.41291524417148
66 1000 32.6864547635994
67 0 5.28150597273847
67 100 6.03819947471246
67 300 11.0566012086547
67 1000 33.0762352733748
68 0 6.40620342373025
68 100 6.48508410742218
68 300 6.46615696423811
68 1000 22.4180717331833
69 0 3.59059243254043
69 100 4.52732975534974
69 300 5.60519089200655
69 1000 20.2381886824085
70 0 2.94665102283943
70 100 8.05817443916213
70 300 21.7890577192438
70 1000 27.223307071737
71 0 3.1426657405424
71 100 10.8986218150006
71 300 22.0745690470987
71 1000 31.7593024501603
72 0 3.18233828083113
72 100 2.94383939604035
72 300 4.9749120084858
72 1000 12.0023186480903
73 0 2.63751961070403
73 100 2.07939494813734
73 300 5.1521867690447
73 1000 43.5860105491349
74 0 2.95683533638584
74 100 3.05594753230242
74 300 4.60094612876759
74 1000 8.20346068789338
75 0 3.27991802733416
75 100 4.54279428932988
75 300 11.2582536614216
75 1000 37.3337873579013
76 0 3.62701024847454
76 100 3.57127574312708
76 300 5.03155318924945
76 1000 14.9909169442932
77 0 4.0459715037582
77 100 4.74441655072651
77 300 4.93597634077824
77 1000 19.4309210894793
78 0 3.91137441821379
78 100 6.73786892897404
78 300 21.0568637477577
78 1000 23.3520983257343
79 0 5.37059102093963
79 100 5.06137113835946
79 300 5.95435428755534
79 1000 15.2944588803361
80 0 4.84776755528765
80 100 4.69445666543866
80 300 5.52377235057845
80 1000 24.9717845716828
81 0 5.71832612233028
81 100 5.73991735605267
81 300 9.17223077067607
81 1000 55.9157814186796
82 0 8.47470283963464
82 100 6.21793239451186
82 300 15.7167661624755
82 1000 29.9238831168274
83 0 3.66280671876127
83 100 7.0061252392593
83 300 11.6512457738821
83 1000 9.82181820914958
84 0 4.63961562604371
84 100 23.0294241698182
84 300 75.5941449636658
84 1000 86.9537010266782
85 0 3.81585757380118
85 100 4.5183662173247
85 300 12.3503327315171
85 1000 15.2987360330538
86 0 6.05466670098545
86 100 6.00903034050493
86 300 9.82724383079615
86 1000 37.4048395512099
87 0 4.27754239257233
87 100 6.2330869869729
87 300 18.745897653616
87 1000 27.736132717369
88 0 3.54886944712464
88 100 3.94805961736195
88 300 6.39860986380241
88 1000 13.4200725946145
89 0 4.70227055625607
89 100 4.6181386691919
89 300 14.2275045621167
89 1000 20.4563457638352
90 0 4.83203528370253
90 100 5.60025709800416
90 300 16.8968722599275
90 1000 22.5413260594463
91 0 3.55986692607787
91 100 3.6982148194918
91 300 3.35145459400561
91 1000 5.29469205816856
92 0 5.8059083772708
92 100 5.91110055080867
92 300 9.54704426083878
92 1000 25.7285520683353
93 0 7.15796762494988
93 100 7.07224258132342
93 300 10.0381326907449
93 1000 16.9841661360756
94 0 4.60664606050935
94 100 4.36286144296269
94 300 5.8393949731693
94 1000 23.940367532438
95 0 8.33007302287883
95 100 7.99140071406879
95 300 9.69732410048627
95 1000 19.9753938109637
96 0 5.30322422570429
96 100 19.3175078482771
96 300 40.5692249845534
96 1000 49.4941429445618
97 0 4.31871569988273
97 100 4.81623319475099
97 300 6.87624330549004
97 1000 16.4132870269307
98 0 4.08399395489791
98 100 3.82193271656926
98 300 5.76237341799054
98 1000 19.7770101408372
99 0 4.65904263551741
99 100 4.22256602543434
99 300 6.22507995740312
99 1000 30.4341924163049
100 0 5.74213000278399
100 100 7.40881088493715
100 300 17.4539129500139
100 1000 17.2734110907525
