id dose y
1 0 5.51095471141459
1 100 5.44162425717396
1 300 6.7919027288359
1 1000 19.4216355629311
2 0 5.59576922989408
2 100 5.8891945626583
2 300 10.3968698752536
2 1000 30.1769102133263
3 0 3.95136244142375
3 100 3.8147167899944
3 300 4.75157038612967
3 1000 25.6747503674873
4 0 5.76416018186904
4 100 5.78116350773035
4 300 7.44161637608368
4 1000 26.4750467080875
5 0 7.52877460060813
5 100 7.77873884467002
5 300 11.0221707725903
5 1000 37.3064366056561
6 0 5.3337152834744
6 100 6.53287959051752
6 300 17.6738045230584
6 1000 27.5380768270279
7 0 4.00677962266071
7 100 6.49714522989696
7 300 26.5757118072204
7 1000 57.6684009466216
8 0 4.24463571848795
8 100 3.92579595398771
8 300 8.05422363423984
8 1000 23.2522867389886
9 0 6.26038031727955
9 100 7.18612854095839
9 300 9.35183179744315
9 1000 29.4567345220358
10 0 6.22055827660597
10 100 6.09693387568294
10 300 21.0837656802409
10 1000 49.0895604442294
11 0 5.62432477993769
11 100 4.72043177997369
11 300 5.06321314680245
11 1000 11.477507094296
12 0 8.53576304991432
12 100 8.54477281092195
12 300 10.3354339874926
12 1000 49.1621491314143
13 0 6.60182387376446
13 100 8.10411870243054
13 300 21.2402756185298
13 1000 29.0214251302029
14 0 3.19978858711412
14 100 3.38173845280445
14 300 6.42350088257533
14 1000 71.1386454260969
15 0 5.66050723850421
15 100 6.28890990277289
15 300 19.0687946206344
15 1000 56.8485293518766
16 0 6.60174618740295
16 100 8.95235898206444
16 300 7.21504099886753
16 1000 9.46619888143912
17 0 2.47093042425919
17 100 2.79043771780756
17 300 5.45032216827778
17 1000 19.2705898886952
18 0 5.69231956156648
18 100 7.14777055219899
18 300 11.6079418288429
18 1000 17.6202189363112
19 0 6.44449513738752
19 100 7.74494389442791
19 300 16.0348976118371
19 1000 38.9464503778074
20 0 4.25400990554735
20 100 5.3629051428626
20 300 18.7460661694832
20 1000 95.7207074702527
21 0 3.19449886374744
21 100 3.1060953090318
21 300 4.39175115300473
21 1000 16.4521366942646
22 0 3.6579016680496
22 100 4.30687188720441
22 300 6.4202021245804
22 1000 47.8537438712741
23 0 4.47724680853634
23 100 4.99593310084856
23 300 8.59611213182743
23 1000 51.7315731612073
24 0 4.77550128551234
24 100 6.08363882584295
24 300 10.30609467869
24 1000 33.5002170778676
25 0 3.2820942975484
25 100 3.88661735187712
25 300 7.17813467809748
25 1000 59.4229116824981
26 0 3.63927071810942
26 100 3.54821336258679
26 300 4.85553261539707
26 1000 44.2337166122237
27 0 4.83905150644888
27 100 5.82275088995301
27 300 14.9212170780558
27 1000 35.5706083033974
28 0 7.29694359475198
28 100 6.80672353840188
28 300 15.2639899229769
28 1000 62.0855503250352
29 0 4.94270852907221
29 100 6.90633531185757
29 300 14.03313715391
29 1000 58.9775392413114
30 0 6.51926266336592
30 100 9.72808782805956
30 300 13.567092463719
30 1000 15.5045968600597
31 0 5.60398902407193
31 100 5.26723844654316
31 300 9.99040195558231
31 1000 58.5154127039858
32 0 3.71088148976464
32 100 5.10543214785914
32 300 7.36769265925289
32 1000 17.04823170869
33 0 5.73758052242615
33 100 5.8848884951664
33 300 9.60233020858616
33 1000 14.56524213739
34 0 4.65779049896345
34 100 4.39459752871131
34 300 9.14686882620443
34 1000 22.7268840459972
35 0 5.0001294717116
35 100 18.1730140234817
35 300 61.6142107281406
35 1000 55.8876317246087
36 0 6.07418336237703
36 100 6.55396669645958
36 300 30.5218452128987
36 1000 57.5720985545219
37 0 4.49455192156581
37 100 4.58359337948477
37 300 6.21893400161954
37 1000 37.3858661825727
38 0 4.78900334033573
38 100 7.0417992236901
38 300 12.9164098329389
38 1000 44.3656695136639
39 0 3.8565929451091
39 100 3.59234248921958
39 300 4.5178169081139
39 1000 9.00520045013024
40 0 5.4237838311424
40 100 4.73429623987996
40 300 6.09853406454951
40 1000 23.938895306334
41 0 3.88432430051656
41 100 4.12879543719253
41 300 4.18308318203986
41 1000 13.0067073112924
42 0 12.0155565317628
42 100 14.3874795616573
42 300 14.7904197598591
42 1000 28.2674730704115
43 0 7.97840672341427
43 100 10.8789612252394
43 300 23.0778568131999
43 1000 42.4690818442402
44 0 5.03795798156095
44 100 6.42097217905148
44 300 9.94554915105721
44 1000 16.4842780230512
45 0 6.40126776304292
45 100 6.92035637774625
45 300 9.6990316055502
45 1000 35.8308812062564
46 0 6.03878088376242
46 100 7.97513710312573
46 300 8.95547241631451
46 1000 36.0653966053018
47 0 3.26162850422308
47 100 3.07724523846334
47 300 3.87267522783482
47 1000 6.58488436501368
48 0 5.26809484522766
48 100 6.36192272485198
48 300 16.4507624939947
48 1000 22.9357857321796
49 0 6.07126073546822
49 100 8.33049228315022
49 300 24.2052564418997
49 1000 31.0335542119408
50 0 3.60503292565535
50 100 3.86290635118053
50 300 5.06488461954884
50 1000 34.7609749678182
51 0 3.08443494735055
51 100 3.50310548209509
51 300 10.7003275772014
51 1000 59.0478972707366
52 0 4.09100806491619
52 100 13.903084624891
52 300 23.4504169192492
52 1000 24.2548736383125
53 0 7.15108319735759
53 100 6.84040257981921
53 300 15.0446877955505
53 1000 31.0654991587187
54 0 7.28995546139094
54 100 6.42940403363913
54 300 8.00689586679716
54 1000 25.3871122226606
55 0 2.86292914617381
55 100 3.2257173743384
55 300 9.79326325358239
55 1000 39.5517924711716
56 0 6.96696680493382
56 100 6.67555974077627
56 300 10.3986117087918
56 1000 48.4645756304065
57 0 6.3815817631755
57 100 7.62264372707846
57 300 11.8601221758334
57 1000 45.4294816951804
58 0 6.1346913109794
58 100 7.43896102874012
58 300 23.9459503570849
58 1000 31.4958021330237
59 0 6.54687608910344
59 100 8.02500192822404
59 300 27.9513859800883
59 1000 37.0971085017002
60 0 8.02293570023604
60 100 8.09011929863344
60 300 13.0684248785525
60 1000 26.6803600869735
61 0 3.90783696974656
61 100 3.7570354393971
61 300 5.03564824364426
61 1000 23.7885375624387
62 0 4.40209332554336
62 100 5.293682447023
62 300 17.7660827621471
62 1000 46.0079314088249
63 0 3.49537459400278
63 100 8.95374199225055
63 300 18.2070467292049
63 1000 19.602344051346
64 0 4.04061935270077
64 100 3.80815801733151
64 300 7.65161206298989
64 1000 15.8004930334609
65 0 3.48283430295626
65 100 3.09202336381182
65 300 4.10708431115401
65 1000 8.02012727766951
66 0 3.57866354033697
66 100 4.99245305776056
66 300 11.5441872004018
66 1000 14.6657569893204
67 0 5.9055810120926
67 100 7.62917573747962
67 300 16.4241815456245
67 1000 40.6526935676342
68 0 3.54934270377173
68 100 3.06162725356064
68 300 4.82831161745198
68 1000 16.9022119728114
69 0 2.53716130606687
69 100 2.84079083244676
69 300 3.80215746105875
69 1000 14.1633092817716
70 0 2.69981855278237
70 100 2.53363959686274
70 300 4.00543658897063
70 1000 22.1534926721042
71 0 4.42051361071693
71 100 4.97137194455906
71 300 20.2787474916164
71 1000 83.9335915545739
72 0 4.05154730701998
72 100 4.21815344029263
72 300 12.7072254768555
72 1000 60.9614678796915
73 0 3.98897227137514
73 100 3.642513849539
73 300 6.67573537613763
73 1000 12.0214972500658
74 0 3.77645294955302
74 100 4.47977058537029
74 300 5.9958320420548
74 1000 24.2665255147494
75 0 5.4893207300596
75 100 6.54268919686627
75 300 18.387485923854
75 1000 41.050045358327
76 0 6.75042407324987
76 100 6.60791750440609
76 300 9.71864003241887
76 1000 32.401239448577
77 0 5.03400635152145
77 100 4.27153881479165
77 300 5.36539404190754
77 1000 21.7901498984867
78 0 5.39121144843986
78 100 5.06657527576593
78 300 5.96041300805041
78 1000 9.71945994565211
79 0 5.3004958435754
79 100 9.15284880928618
79 300 30.0914457578178
79 1000 43.720711378151
80 0 5.18766793875342
80 100 4.93259370810679
80 300 6.7063079662841
80 1000 19.7997539235396
81 0 5.39546264952573
81 100 4.97349756334648
81 300 4.92352347286116
81 1000 14.0242473294892
82 0 5.95205443718748
82 100 5.11832256690371
82 300 9.67576072619678
82 1000 56.4689003735388
83 0 7.9813084538137
83 100 7.4990531285132
83 300 20.0343350308884
83 1000 30.5304684262986
84 0 5.1048890653969
84 100 7.5180433438026
84 300 45.4890167004362
84 1000 207.437364837948
85 0 3.68466345835828
85 100 4.28909741777389
85 300 6.46396404486125
85 1000 27.5833519038169
86 0 4.1070587884841
86 100 4.78303611338221
86 300 9.79501939650133
86 1000 19.2428639577663
87 0 4.12213754969371
87 100 5.14919929951214
87 300 6.29722705878773
87 1000 13.654152288124
88 0 3.91176732219039
88 100 4.52802421081069
88 300 6.55577779761009
88 1000 23.3758611028933
89 0 5.0820301447838
89 100 5.04727688415987
89 300 9.26896267219761
89 1000 13.7139711644785
90 0 6.0422188029062
90 100 5.81681863915551
90 300 7.44973562492441
90 1000 37.3554910411667
91 0 3.13698265322353
91 100 3.50122268391861
91 300 9.02186021658343
91 1000 27.6084359547028
92 0 4.36969832835273
92 100 14.4099593495666
92 300 18.0071079529197
92 1000 22.9046221015304
93 0 10.3777573357258
93 100 8.23483757132407
93 300 11.6189123434263
93 1000 27.3679915803044
94 0 2.49860391615757
94 100 5.58531032322125
94 300 32.8746023831357
94 1000 59.7556994791422
95 0 3.22507519884794
95 100 3.35124498097889
95 300 3.80068361018231
95 1000 20.4125458965877
96 0 4.41918863800362
96 100 4.47650005476203
96 300 8.1316189744912
96 1000 17.7957730426269
97 0 5.65117967663065
97 100 6.95077028978905
97 300 24.5197133073159
97 1000 41.4713797519187
98 0 8.41659658744507
98 100 10.1035572073197
98 300 13.7838352804898
98 1000 17.8227593018968
99 0 2.21939056314097
99 100 3.31828632599285
99 300 15.7981834039759
99 1000 34.7651818340106
100 0 4.45621893238075
100 100 5.38674655755537
100 300 9.77427912364447
100 1000 20.3601518530435
