id dose y
1 0 4.52396420273129
1 100 4.37637319009961
1 300 4.16025435450114
1 1000 8.3839847915767
2 0 3.88683996842566
2 100 4.4519664354417
2 300 10.9140037385013
2 1000 20.168299809533
3 0 3.95920800172339
3 100 3.69702135724065
3 300 4.1700922309845
3 1000 19.0245606813147
4 0 5.69830507375487
4 100 9.64044726469091
4 300 13.7731860854359
4 1000 14.4829714197371
5 0 6.58961051354726
5 100 7.42155545807847
5 300 9.94885563476625
5 1000 54.7242902471587
6 0 5.5513665423583
6 100 5.49749618670823
6 300 14.9613862104074
6 1000 52.1850974208544
7 0 4.3950806404673
7 100 4.16209825644982
7 300 11.7653985520052
7 1000 17.1362484974186
8 0 5.57601544071269
8 100 4.11762889430252
8 300 8.99273697686309
8 1000 26.26300634616
9 0 4.40735778952858
9 100 4.16176536977647
9 300 10.3721380019909
9 1000 27.0003074031728
10 0 5.49349023597347
10 100 4.39867550729768
10 300 9.87227787447105
10 1000 17.6218976482447
11 0 4.48766281066191
11 100 4.71572871675978
11 300 18.5185508906001
11 1000 30.8832178386433
12 0 3.29774438979539
12 100 4.20916365213399
12 300 9.29238801275483
12 1000 25.2500911216345
13 0 4.29810223933956
13 100 4.59627212100272
13 300 8.94007757072014
13 1000 32.1989923122271
14 0 4.17677838506325
14 100 3.91917074944898
14 300 3.35585046305547
14 1000 8.62446271730948
15 0 7.17754293165593
15 100 7.88756529871238
15 300 7.6273986867247
15 1000 8.89813323439191
16 0 3.53947183172855
16 100 3.58575919566034
16 300 3.38395581734221
16 1000 14.780697683945
17 0 4.01225320142332
17 100 4.37289086639792
17 300 3.65606101008417
17 1000 8.69901826441083
18 0 4.10221770782825
18 100 3.18311253279669
18 300 5.17727612476059
18 1000 15.9970448936473
19 0 4.81146328623309
19 100 6.01200320190914
19 300 21.848494551569
19 1000 61.5491054566541
20 0 9.23167135518673
20 100 8.16082412493139
20 300 7.51815764702113
20 1000 20.0289535661622
21 0 4.83282924197056
21 100 5.72815808033408
21 300 12.0302243043927
21 1000 17.1479556778101
22 0 4.45854312124905
22 100 5.06558284164439
22 300 8.38964936905016
22 1000 23.2592396847572
23 0 4.09148860176443
23 100 5.22878909331693
23 300 18.9332848758307
23 1000 18.742241422778
24 0 6.84777791933398
24 100 9.10054822484299
24 300 29.2218097817752
24 1000 45.6348048674822
25 0 8.96750522093059
25 100 8.2843707435362
25 300 9.94175985721927
25 1000 19.2628954831732
26 0 3.13332621288745
26 100 4.28357217438864
26 300 4.62901170322444
26 1000 15.4336812455316
27 0 6.08177826842622
27 100 6.38979018224456
27 300 11.0121931898244
27 1000 32.4942750477259
28 0 4.84516808436329
28 100 4.85867319282301
28 300 5.59013374547333
28 1000 21.0017961775926
29 0 4.85806180220888
29 100 4.97423770765679
29 300 9.14337193960271
29 1000 70.0910750323423
30 0 5.45638457678279
30 100 6.88333140002771
30 300 11.5602106974247
30 1000 17.2174402721389
31 0 7.30888467543442
31 100 11.5001023406995
31 300 25.5741795505634
31 1000 35.4241279655624
32 0 3.92697090657458
32 100 5.49468018148649
32 300 11.242043753053
32 1000 43.9206075772558
33 0 4.91598459062858
33 100 4.7329359424699
33 300 6.94974532002168
33 1000 33.9336906000493
34 0 3.11503510233641
34 100 4.56689639335754
34 300 18.062905707105
34 1000 41.3637237804506
35 0 3.45233988157279
35 100 3.15630271352905
35 300 13.33824378957
35 1000 19.1681929615913
36 0 6.7700567092353
36 100 18.9671598075872
36 300 35.1057575523585
36 1000 36.6688007582468
37 0 4.16492607578538
37 100 9.89921319105123
37 300 16.8755372179277
37 1000 18.2009937639435
38 0 5.75295067974272
38 100 6.82818235508831
38 300 7.879706168514
38 1000 23.4724900723693
39 0 3.73842384795647
39 100 5.31008932358349
39 300 20.2864500023432
39 1000 30.2318159627595
40 0 4.66167365829914
40 100 6.86839543914583
40 300 28.20881360096
40 1000 39.2556623531065
41 0 5.41759953809306
41 100 5.7486383979222
41 300 19.2596936813167
41 1000 25.2445522217715
42 0 3.96334839089656
42 100 4.22763156453004
42 300 16.6585690791303
42 1000 23.4495829318647
43 0 5.45987381120209
43 100 5.56027571039579
43 300 5.83668301991764
43 1000 25.3306181649994
44 0 3.14829689677352
44 100 3.0780526722613
44 300 4.02708294646922
44 1000 39.5369935873189
45 0 5.30752060717673
45 100 6.03274766906217
45 300 6.07591520791081
45 1000 19.3793968753381
46 0 6.24812093436231
46 100 7.56375841782203
46 300 7.68436123249306
46 1000 33.5849265641075
47 0 4.01018790397348
47 100 4.33192088190956
47 300 5.68557735645692
47 1000 23.3726372117052
48 0 4.38065776733738
48 100 4.67271609932499
48 300 4.59671766515395
48 1000 15.4477272697359
49 0 6.05798437535679
49 100 7.19789800698098
49 300 10.8256964130464
49 1000 23.0819260953039
50 0 5.74578506012862
50 100 5.12153837968791
50 300 10.9371770327252
50 1000 21.3522983101203
51 0 5.27301396108663
51 100 7.08920995225878
51 300 20.1371104775691
51 1000 31.0324217982037
52 0 4.30037982516054
52 100 3.77761363799383
52 300 3.30308569898069
52 1000 11.0937853271317
53 0 6.31827764322095
53 100 7.22767464397839
53 300 16.2866407460701
53 1000 18.520813396841
54 0 4.12553569968313
54 100 5.01998777840328
54 300 24.7671639367586
54 1000 53.6499303622533
55 0 8.79297383795691
55 100 9.47943817851726
55 300 20.9521985284198
55 1000 36.4766453660042
56 0 5.63709180327414
56 100 4.14383540290732
56 300 5.50040847614138
56 1000 12.4205928957476
57 0 6.11540328569904
57 100 5.98779365556472
57 300 11.9399184532296
57 1000 28.4115028158961
58 0 9.10650530871081
58 100 10.2881241701907
58 300 14.3550040395119
58 1000 47.0122167568636
59 0 4.96347228237165
59 100 6.43794370935813
59 300 11.4418583603439
59 1000 21.9489103681238
60 0 3.93166197432105
60 100 8.92950024270681
60 300 22.9136433305386
60 1000 27.4587078756183
61 0 6.26671202915144
61 100 5.69868369830879
61 300 9.5346697577162
61 1000 15.5079631640809
62 0 7.16609420912863
62 100 6.86905797534445
62 300 8.41737781978422
62 1000 17.2340351926119
63 0 6.04986567555568
63 100 4.72322640822
63 300 7.12435614221584
63 1000 22.7099427605948
64 0 6.51871235792262
64 100 6.3406577160144
64 300 7.54834804564937
64 1000 42.464978579642
65 0 5.74999430590756
65 100 5.23750727265824
65 300 8.64454537130973
65 1000 22.5518509298774
66 0 7.23268022940143
66 100 8.34758156038428
66 300 14.9532319389106
66 1000 77.5124912738676
67 0 4.47796312871039
67 100 6.21192501449652
67 300 10.9659288291682
67 1000 25.5276958172111
68 0 7.13010525533653
68 100 5.95866351542322
68 300 13.7897477345243
68 1000 36.5766679869866
69 0 4.83116194995188
69 100 8.8591406903373
69 300 22.5627285587278
69 1000 26.8667956790231
70 0 4.63977173905389
70 100 4.08118355602359
70 300 10.669904476432
70 1000 21.5743611238616
71 0 7.06082389512394
71 100 5.7331483406309
71 300 8.53313577175608
71 1000 46.5100804190605
72 0 6.65765067731291
72 100 6.62852808963141
72 300 9.13700365333816
72 1000 21.8619041464121
73 0 5.06514493507196
73 100 4.34184418936872
73 300 13.903890345418
73 1000 21.3787865187951
74 0 5.60339818970956
74 100 5.02309313473832
74 300 6.38113284559514
74 1000 27.7695349568655
75 0 8.01819104041966
75 100 11.9484710660754
75 300 26.5116128557665
75 1000 39.5951063070256
76 0 4.48388429134626
76 100 6.41195552579083
76 300 16.9095866234089
76 1000 19.3199197786256
77 0 4.80982829623237
77 100 4.98184026914569
77 300 5.37972306627428
77 1000 17.296162376611
78 0 4.81681550323267
78 100 6.72579728532458
78 300 7.59180203777385
78 1000 22.7870630309421
79 0 7.28958068115944
79 100 6.7745792595599
79 300 11.1082786532966
79 1000 31.2358136829858
80 0 4.18666833841263
80 100 5.35844462257046
80 300 5.23133214208648
80 1000 36.618602393031
81 0 5.16329319850946
81 100 8.41535255526976
81 300 31.4127211394414
81 1000 45.0548384568492
82 0 6.85382216042849
82 100 7.16356364375339
82 300 11.7874265911548
82 1000 35.0264776043465
83 0 4.60102065841631
83 100 5.95258567053904
83 300 9.67033691711468
83 1000 57.3591903152873
84 0 3.71177156137751
84 100 4.38566498330647
84 300 10.9715818831657
84 1000 20.3166853560961
85 0 3.83358550109087
85 100 4.383717724681
85 300 8.54126413202974
85 1000 14.1302051721437
86 0 8.37873780642569
86 100 8.35852967546396
86 300 10.6887597301877
86 1000 24.913077045098
87 0 5.05034062451615
87 100 5.51922021713871
87 300 19.46433240597
87 1000 30.4642815063834
88 0 3.80591310154228
88 100 3.54778807384153
88 300 5.78513918442678
88 1000 28.7219872736926
89 0 6.10281752733154
89 100 7.19054612963105
89 300 17.965117837011
89 1000 50.6109401226331
90 0 4.43856872147401
90 100 5.16613123424853
90 300 6.02345377486492
90 1000 18.9886031624792
91 0 4.59789647087832
91 100 5.83406705140562
91 300 18.5706444637091
91 1000 33.9514820640244
92 0 3.23858681379202
92 100 3.33141005494806
92 300 9.15004561086175
92 1000 27.4504608075939
93 0 4.45050186313188
93 100 14.0715700033672
93 300 15.8771474726879
93 1000 19.2873751689252
94 0 3.82107096399995
94 100 4.7846399981677
94 300 7.90390977456526
94 1000 53.4660275553893
95 0 2.31070250512756
95 100 5.15687203138355
95 300 25.8939235451461
95 1000 49.0594820616726
96 0 5.32177847888138
96 100 6.25506386454914
96 300 23.684077674984
96 1000 67.6311515311623
97 0 3.03770821632479
97 100 3.7228186304273
97 300 9.39997974580155
97 1000 16.5311183111803
98 0 4.96575048531209
98 100 3.81346163793497
98 300 10.2819333783262
98 1000 36.7709246211808
99 0 4.9623855942256
99 100 4.82599403319029
99 300 5.16465690613527
99 1000 11.3759337591245
100 0 6.17224336537606
100 100 8.81014074518002
100 300 22.2893919563155
100 1000 45.994844416411
