id dose y
1 0 9.87949326161855
1 100 8.80618120958326
1 300 14.8320180297705
1 1000 32.520614091074
2 0 6.03047789145197
2 100 8.15073317294783
2 300 19.5429691825294
2 1000 26.3494157615573
3 0 7.25740491422144
3 100 7.78216148695996
3 300 13.0756052124414
3 1000 45.3033543131411
4 0 4.47430268386073
4 100 4.43748939273359
4 300 19.1859863756875
4 1000 27.5451913390402
5 0 4.80173346095593
5 100 5.6055599469579
5 300 8.71552040899615
5 1000 30.5642753474668
6 0 4.8715317533773
6 100 6.88630975217754
6 300 8.45071386034909
6 1000 30.9352366134978
7 0 3.94589960701793
7 100 6.71926103104492
7 300 31.134602903132
7 1000 53.1891274212654
8 0 6.10258201750551
8 100 7.60739464174936
8 300 34.2322990204404
8 1000 74.6488054398097
9 0 3.65102309675587
9 100 4.93669067224187
9 300 16.8065789494526
9 1000 25.3159394693351
10 0 5.64431010929898
10 100 5.82541734013694
10 300 5.86646302451998
10 1000 9.33197562886882
11 0 6.36917505513452
11 100 7.55575376219586
11 300 6.98385323826913
11 1000 10.443410989471
12 0 4.97286690067984
12 100 4.73396516355803
12 300 7.54089952798746
12 1000 24.0951388597059
13 0 7.80645920917371
13 100 9.35058995685381
13 300 19.1798794780531
13 1000 36.3810899926773
14 0 6.50065498978407
14 100 7.42817383304088
14 300 33.191134574218
14 1000 102.277363007511
15 0 3.41782786843708
15 100 2.90326327519397
15 300 3.82976213251625
15 1000 15.0883034554874
16 0 4.98618670575034
16 100 6.70003899455589
16 300 27.9224152572125
16 1000 77.0941537501483
17 0 3.99890667330977
17 100 5.14831777265847
17 300 10.2835832647437
17 1000 15.4455687105975
18 0 7.09209391419284
18 100 7.44515263725331
18 300 16.4130720934884
18 1000 15.653536812713
19 0 5.21021714868588
19 100 5.00314883615599
19 300 10.0775641206532
19 1000 32.8915361782018
20 0 8.4238874396058
20 100 6.38738819966995
20 300 9.05086168401496
20 1000 14.6863053461531
21 0 8.02031616944282
21 100 6.66859348273946
21 300 10.3318990831402
21 1000 25.5800376910656
22 0 5.54211421321495
22 100 4.65107065896747
22 300 5.1941161339168
22 1000 9.33050557605699
23 0 5.33592687142677
23 100 6.01127601863421
23 300 17.0562180110735
23 1000 54.5467307750961
24 0 4.51065206423668
24 100 4.81599041568731
24 300 16.8560947654152
24 1000 35.6288751174835
25 0 4.32021959494197
25 100 4.20169919785062
25 300 4.84668795905105
25 1000 23.5575242389527
26 0 3.80103067368068
26 100 4.40715716827342
26 300 14.9931135774473
26 1000 59.8326006158296
27 0 3.85852011486747
27 100 6.02061043675641
27 300 14.9408177905908
27 1000 24.4190638327707
28 0 4.9951907491117
28 100 6.18050580207499
28 300 20.5454891260625
28 1000 38.6481900792673
29 0 4.82545033810841
29 100 5.75271255055097
29 300 14.6086277954559
29 1000 25.3105144073144
30 0 6.01530362712581
30 100 16.5200869197768
30 300 28.0901500220361
30 1000 33.6664702524379
31 0 3.67565208367646
31 100 4.13260448441815
31 300 4.83870114257698
31 1000 25.1505076499928
32 0 5.3020902292306
32 100 5.05635942323948
32 300 8.40708579549985
32 1000 16.7153560999879
33 0 8.07063392918638
33 100 8.7643268645696
33 300 11.6759218023788
33 1000 69.0829609717119
34 0 6.17099535829827
34 100 6.22026187055099
34 300 14.9908504953219
34 1000 14.5342418495282
35 0 7.07586273926993
35 100 5.87723693739732
35 300 10.3493593933025
35 1000 67.6598450229017
36 0 4.82100815047291
36 100 5.66710024995139
36 300 5.23559766760485
36 1000 18.8034313502768
37 0 11.0074448587398
37 100 10.9828838654224
37 300 29.8833871680007
37 1000 124.725791174324
38 0 4.72269190962186
38 100 6.63640236455139
38 300 7.78988069760305
38 1000 44.6697015877306
39 0 3.9926781933675
39 100 4.57301212012541
39 300 5.08112160429416
39 1000 18.1621006235425
40 0 4.5764768249494
40 100 3.80439727996583
40 300 4.79936442905779
40 1000 11.7834696793719
41 0 5.47661588120039
41 100 7.29584477981833
41 300 31.2252001885307
41 1000 87.9274534728157
42 0 6.1434978413898
42 100 6.37516692880255
42 300 9.27634263110827
42 1000 26.3075329529399
43 0 4.54389780642984
43 100 4.23311487148263
43 300 4.22651257116697
43 1000 9.179784075156
44 0 3.64868216540042
44 100 3.16075174917889
44 300 3.53517011923187
44 1000 9.03470740548741
45 0 3.41273625498696
45 100 2.87513156986201
45 300 3.05517330635702
45 1000 9.79531964736222
46 0 3.10665643382167
46 100 3.79602493011366
46 300 5.49411020612508
46 1000 42.2986252536743
47 0 4.53684836774893
47 100 4.96468582002581
47 300 14.1701102455278
47 1000 22.2845322772625
48 0 3.17936035813262
48 100 3.46426606476433
48 300 9.51637508423221
48 1000 13.3593991151261
49 0 4.45647766859156
49 100 6.41221987533199
49 300 13.0258368617743
49 1000 26.4231765044843
50 0 7.97319319755846
50 100 6.68211857356952
50 300 11.0801790121845
50 1000 33.5766506460378
51 0 3.92762566364349
51 100 5.13137145310805
51 300 14.0071893650704
51 1000 40.5229325636812
52 0 6.33354526138982
52 100 6.2650751623322
52 300 30.3846218310065
52 1000 63.9895441080319
53 0 5.00015827254314
53 100 6.74828663003125
53 300 30.9207419297315
53 1000 55.4930308019512
54 0 2.06334176184378
54 100 6.67148240227403
54 300 16.6543620426997
54 1000 20.1219581338648
55 0 3.41140752513219
55 100 3.68173357926364
55 300 6.20112395636587
55 1000 13.7924209004709
56 0 5.75124132431794
56 100 6.34140125222865
56 300 7.94547936431985
56 1000 35.8252493378066
57 0 9.03844214474503
57 100 9.91120609299834
57 300 9.01504227248902
57 1000 24.6553936452336
58 0 4.76361992046198
58 100 5.66531963841438
58 300 19.2168574838709
58 1000 33.0786864175948
59 0 5.73637287215626
59 100 4.89511950027838
59 300 5.95615649844507
59 1000 14.0278447455813
60 0 2.86210843988895
60 100 5.85971829928314
60 300 21.2572451112935
60 1000 20.0506609819625
61 0 5.17030527588805
61 100 5.67849251001767
61 300 7.30104755964063
61 1000 31.5818027845327
62 0 2.68738475105657
62 100 2.87535924335889
62 300 3.17148519558141
62 1000 21.0955190555097
63 0 7.15065324773266
63 100 5.69986462523523
63 300 12.4500254435335
63 1000 25.8104910536712
64 0 4.89490512260643
64 100 4.65398738598436
64 300 10.2808193072012
64 1000 26.88149492594
65 0 4.9405464044912
65 100 6.82220372776946
65 300 27.6636768903131
65 1000 45.5415336256241
66 0 6.82178045926238
66 100 6.1665771162058
66 300 10.2853295533827
66 1000 24.3675778532001
67 0 5.22692063368531
67 100 6.19497573213736
67 300 7.65203121084894
67 1000 35.600973331178
68 0 9.06760007074533
68 100 8.86758424957049
68 300 7.94512727032879
68 1000 9.27643959230617
69 0 4.17068651958035
69 100 4.77032622627682
69 300 5.28768177434405
69 1000 9.61228200437152
70 0 5.97787446693022
70 100 7.35252773107112
70 300 7.69733592031549
70 1000 14.7078421770458
71 0 5.45110042400494
71 100 6.17463938477672
71 300 6.37070065070711
71 1000 18.4819045050264
72 0 3.81220729603668
72 100 3.98700366008451
72 300 5.1281968669148
72 1000 16.3643737931105
73 0 7.43177418945237
73 100 9.35425764355706
73 300 10.8700796290049
73 1000 40.6158794931698
74 0 7.50791974291513
74 100 11.4583810953787
74 300 17.9244445228478
74 1000 18.1003818587851
75 0 4.00015231740632
75 100 6.28139504218584
75 300 37.0905211986508
75 1000 73.6249552429312
76 0 3.44589787157351
76 100 7.75405897205208
76 300 23.5186969463117
76 1000 42.4020907452992
77 0 5.36104130212493
77 100 5.61091758787297
77 300 7.39843457563892
77 1000 9.43255604099093
78 0 4.40362834207382
78 100 11.803910859194
78 300 24.5513444480109
78 1000 24.4424773481461
79 0 4.57277046977397
79 100 4.4500827079726
79 300 6.06348835329
79 1000 20.8656614996594
80 0 4.52428624752754
80 100 5.03865273035903
80 300 5.15847096546357
80 1000 13.0489822511362
81 0 5.432754191138
81 100 5.14709987046643
81 300 9.75891187528486
81 1000 38.4147952994415
82 0 6.11419481946539
82 100 6.97613446676528
82 300 11.0290103935283
82 1000 24.5391747798697
83 0 3.41270453824119
83 100 3.72442503630011
83 300 8.61679148531838
83 1000 44.2381876890968
84 0 5.56968703295014
84 100 6.01501378298314
84 300 6.17196360719174
84 1000 26.9373125007606
85 0 5.33563769719281
85 100 5.15175356974625
85 300 5.73638703589371
85 1000 13.4930556796109
86 0 9.02003416646733
86 100 8.16931137273991
86 300 9.39931958123853
86 1000 24.9132800303601
87 0 4.78012935978998
87 100 7.08222031788257
87 300 11.517874083279
87 1000 28.7956374149154
88 0 5.44638107908891
88 100 5.53817631681098
88 300 13.0395543173597
88 1000 29.5769251585642
89 0 5.66313892341727
89 100 6.50055961946757
89 300 13.3286048940884
89 1000 17.5256406148737
90 0 5.17799148424525
90 100 4.57901906702643
90 300 5.93181304080468
90 1000 17.0983034982463
91 0 5.15397953034091
91 100 4.03273550206409
91 300 6.32349537161905
91 1000 30.5154923137693
92 0 2.72534438320963
92 100 3.42638730351521
92 300 11.732926965205
92 1000 14.7484131870855
93 0 3.45842448770877
93 100 5.06143708067831
93 300 12.5647505118749
93 1000 32.7488666745829
94 0 6.90941744254708
94 100 8.80711850286662
94 300 16.7479198759177
94 1000 16.4565144180568
95 0 5.27620164218552
95 100 4.38647533556061
95 300 7.896256539972
95 1000 31.0236561659034
96 0 2.87092349052608
96 100 4.46984691894747
96 300 17.4456273342192
96 1000 32.9270737486249
97 0 4.32997568846258
97 100 4.8282072606808
97 300 8.24266376666758
97 1000 39.9361982979647
98 0 6.13746484456898
98 100 5.93418319729761
98 300 20.0560324451
98 1000 54.8301963472631
99 0 7.74335921560576
99 100 7.9881576606012
99 300 10.9379051545696
99 1000 53.6661385306221
100 0 5.24348394341803
100 100 6.94843724268266
100 300 19.623140216444
100 1000 48.6437391230514
