id dose y
1 0 7.246568755576
1 100 7.00012428215606
1 300 20.805055423296
1 1000 47.1429287879223
2 0 2.89409656385832
2 100 5.11310347872841
2 300 18.385856196436
2 1000 28.3086857680303
3 0 5.68099850021245
3 100 6.1609167275281
3 300 18.1273242412706
3 1000 42.3668094104561
4 0 3.27422198841928
4 100 4.22295349007266
4 300 17.1781630066279
4 1000 22.5940258350268
5 0 5.2716168101993
5 100 7.14385011366078
5 300 24.5969778181379
5 1000 49.1565967680638
6 0 5.76904634799471
6 100 6.67850819991363
6 300 8.45891263685017
6 1000 45.2022813626148
7 0 6.9112260794451
7 100 6.95866215324734
7 300 10.980092448931
7 1000 31.6333883091033
8 0 4.51112665687302
8 100 4.55834467774444
8 300 13.0006826004152
8 1000 31.9899607078211
9 0 7.64300629959293
9 100 6.67563914599121
9 300 10.4750077497445
9 1000 15.9466917844404
10 0 6.51477810925088
10 100 4.96833586916546
10 300 6.66554812718914
10 1000 35.2362974525563
11 0 2.86272971151632
11 100 3.35680064090488
11 300 9.69364679874653
11 1000 37.3245474622141
12 0 4.00873944343338
12 100 5.16097803229513
12 300 6.49476718741624
12 1000 12.8185777524511
13 0 3.80807403469918
13 100 5.74445445730411
13 300 8.63136239907686
13 1000 10.2742279582938
14 0 3.22118204487105
14 100 7.6499104592615
14 300 28.3163744336954
14 1000 41.7841677001658
15 0 6.86328638050897
15 100 7.39737123683628
15 300 9.22932536661287
15 1000 27.9682893736021
16 0 1.69968627741076
16 100 2.26407958877566
16 300 5.61791196245882
16 1000 19.7801520346738
17 0 6.10366219721032
17 100 7.43081784694394
17 300 12.7215786731445
17 1000 39.8233319560117
18 0 8.03849827804053
18 100 7.45465501289762
18 300 6.95155315841028
18 1000 27.8412739082789
19 0 3.2024032462248
19 100 3.43072589031677
19 300 20.7176663721233
19 1000 49.4312728172429
20 0 5.16907783319033
20 100 5.14156585856616
20 300 7.38327265247838
20 1000 29.3028404701706
21 0 5.69787809390375
21 100 6.1079773767129
21 300 17.3907353477317
21 1000 14.980113430385
22 0 5.51411445992887
22 100 6.00544528223915
22 300 7.61139539060189
22 1000 39.649045776726
23 0 4.30198570102754
23 100 6.19010807850177
23 300 8.18704028763375
23 1000 65.2112443950295
24 0 3.08703806297157
24 100 3.04357335851286
24 300 3.42413725288029
24 1000 10.706420970488
25 0 5.71516093398509
25 100 5.59303386806588
25 300 5.72781843801445
25 1000 26.5582165398322
26 0 8.02362468670491
26 100 9.61365278815192
26 300 18.5872739205585
26 1000 22.9657242338297
27 0 3.51343552694297
27 100 3.55419283136484
27 300 4.89686972653715
27 1000 27.0775954437208
28 0 7.66831686333018
28 100 15.0787948181955
28 300 26.5050904667342
28 1000 25.2879422009602
29 0 4.08034134807603
29 100 4.33827344060143
29 300 6.41465907954734
29 1000 20.585987649013
30 0 7.71837123100529
30 100 8.44814474844801
30 300 21.601223776894
30 1000 38.5059743252146
31 0 7.8161932303336
31 100 11.2988445546698
31 300 14.1885045387308
31 1000 56.3119201448295
32 0 10.4421618057231
32 100 8.83658389051522
32 300 16.5509829249588
32 1000 19.033621222058
33 0 5.28084205238116
33 100 5.67342262714945
33 300 8.56886549522535
33 1000 21.5912034959455
34 0 4.36439513645348
34 100 8.99853863473736
34 300 12.4880438992241
34 1000 17.3271075764598
35 0 4.03864925995065
35 100 4.55488384383418
35 300 4.54283255436123
35 1000 14.9648526430224
36 0 5.9153932965007
36 100 6.01479399759985
36 300 11.7812602704356
36 1000 28.7819451624104
37 0 4.53157339001218
37 100 4.69807958398328
37 300 6.32122291881105
37 1000 20.3025595051605
38 0 7.79530177033474
38 100 9.8199262273614
38 300 41.1624525590006
38 1000 66.0922158567313
39 0 7.17937725668255
39 100 5.81031121994126
39 300 10.5898831570948
39 1000 22.6000543864398
40 0 5.19310207633908
40 100 5.83534518496582
40 300 6.50719593193677
40 1000 12.5612225127764
41 0 5.50165899189389
41 100 5.47709963921506
41 300 8.29905712391596
41 1000 65.1451246506802
42 0 5.09499017581298
42 100 4.72593235584303
42 300 5.63856773763659
42 1000 17.7022829604535
43 0 5.88911241210239
43 100 6.44314014966946
43 300 8.83276041544077
43 1000 39.9337384259429
44 0 7.08471149018854
44 100 7.61164674546424
44 300 17.3322087669343
44 1000 22.7490284173794
45 0 4.99712321674098
45 100 4.19854496658055
45 300 10.6881579959256
45 1000 37.2905509723485
46 0 5.57189105728602
46 100 4.65559244575264
46 300 5.24186064583533
46 1000 15.5809349950566
47 0 4.74756791930876
47 100 5.59354060132026
47 300 10.3048904580708
47 1000 55.2461625178052
48 0 5.34757183435842
48 100 5.56980076599124
48 300 15.7966994172396
48 1000 19.6251854617878
49 0 3.68203437257504
49 100 6.51492787624908
49 300 14.7647024992964
49 1000 17.1421821920208
50 0 5.51573812280819
50 100 5.618502341688
50 300 13.3789479468527
50 1000 51.1246898487382
51 0 4.96990441312617
51 100 6.81795339554038
51 300 22.3482545881341
51 1000 32.0664586136422
52 0 4.54110792013046
52 100 5.02515717840491
52 300 10.3674875793782
52 1000 64.0085803894958
53 0 5.39112854687199
53 100 6.05113606216551
53 300 6.78081088995422
53 1000 31.7210292333669
54 0 7.42533791095302
54 100 7.61722763783043
54 300 8.50159941703473
54 1000 39.1915017290631
55 0 3.73118972626601
55 100 4.50891272072418
55 300 21.5442384694132
55 1000 25.7558272963462
56 0 3.4391627153103
56 100 2.99701530191327
56 300 11.9665007588866
56 1000 43.3186688214177
57 0 4.85529911894088
57 100 5.28744933539943
57 300 14.9487679908451
57 1000 53.702161676808
58 0 6.70567367649353
58 100 5.89918491300693
58 300 13.1418736957046
58 1000 25.8527580482391
59 0 2.86634301829649
59 100 2.8954650049562
59 300 10.0830498075757
59 1000 30.1814630439488
60 0 5.75947854496744
60 100 5.00572643117304
60 300 5.58746239553741
60 1000 7.93992680523646
61 0 3.32315105352574
61 100 6.86756201004527
61 300 34.9940629874397
61 1000 73.8082399177302
62 0 4.94160548832999
62 100 7.75979828603862
62 300 9.1668947550382
62 1000 10.903544405575
63 0 4.5126337813249
63 100 3.84483790562162
63 300 9.81088854955876
63 1000 48.9117928123182
64 0 4.84605249352601
64 100 4.67623849391168
64 300 20.7773557305278
64 1000 31.308050853652
65 0 3.30788773438364
65 100 3.05830851436747
65 300 7.85021213526598
65 1000 34.5218506617575
66 0 3.99376809511838
66 100 4.86297853665913
66 300 9.70517575978229
66 1000 29.3881723925138
67 0 4.61134421901006
67 100 5.56364762442963
67 300 6.46075868193611
67 1000 15.3921912232311
68 0 3.96421972084565
68 100 4.12063238625083
68 300 12.9705703944277
68 1000 87.9797677196508
69 0 2.14328780604439
69 100 2.7774316128179
69 300 8.09977901300895
69 1000 9.76829213281121
70 0 6.9782362668041
70 100 5.994345624129
70 300 6.56660722897847
70 1000 15.3226590302776
71 0 4.83071105754965
71 100 5.4504732205352
71 300 5.87985699172526
71 1000 15.9540069144943
72 0 5.79187069711719
72 100 8.26067559157326
72 300 25.893785417946
72 1000 23.7269489854104
73 0 12.1793869537127
73 100 11.645060331877
73 300 16.0064636636465
73 1000 28.4345559021304
74 0 9.0942214359939
74 100 9.0706156272767
74 300 10.0280409140188
74 1000 12.3165426247937
75 0 5.60716421039575
75 100 5.91993894826834
75 300 20.07145083061
75 1000 35.4848002597177
76 0 5.07236120268992
76 100 6.08846108872144
76 300 12.1435399433559
76 1000 20.8009522443898
77 0 3.73070430925635
77 100 5.09669909369803
77 300 6.74367474182806
77 1000 31.7712734724766
78 0 3.48445878065844
78 100 4.48002274892959
78 300 13.5541980667256
78 1000 44.4668102350901
79 0 3.20188656391232
79 100 3.97952543075426
79 300 15.9665952398179
79 1000 42.6462976920098
80 0 3.70592093949261
80 100 3.07258226662029
80 300 6.44750186621888
80 1000 26.6045207854156
81 0 8.05590331498845
81 100 10.4277943149271
81 300 8.32845718147447
81 1000 18.7558093122173
82 0 3.27741498757462
82 100 7.08118831324572
82 300 23.3576820954899
82 1000 27.3645247204647
83 0 6.89961817724639
83 100 6.6248280014362
83 300 10.1065518626058
83 1000 14.3523760741951
84 0 3.93891316361774
84 100 4.80815301972243
84 300 10.968850819714
84 1000 22.7888126721943
85 0 4.72691270173467
85 100 4.97428072760596
85 300 6.70246482773855
85 1000 19.4622519784078
86 0 2.5354382873118
86 100 2.98824678616193
86 300 9.34690661821067
86 1000 20.3998533561638
87 0 3.39381010596401
87 100 3.34590921269351
87 300 10.5501314180102
87 1000 25.1674389162123
88 0 4.64716834257039
88 100 5.21353049779852
88 300 5.07064615387621
88 1000 27.1603300751768
89 0 2.2853521112498
89 100 2.21253838856782
89 300 6.93015763662457
89 1000 16.9923343614453
90 0 5.5695665228723
90 100 5.16766937845764
90 300 11.2296891088612
90 1000 17.1053864512761
91 0 7.14371210847367
91 100 7.62352924401431
91 300 13.3891187481126
91 1000 95.225416785998
92 0 7.82067136679958
92 100 9.26631030684546
92 300 12.2314796485487
92 1000 62.4326190055044
93 0 4.92244105781292
93 100 4.69525077050663
93 300 17.1879055954879
93 1000 50.7703341821309
94 0 8.31815331472044
94 100 6.02903354578314
94 300 8.88022892808414
94 1000 22.9695126967924
95 0 3.22237213570622
95 100 2.82175447043879
95 300 3.75582227682816
95 1000 9.01606253459889
96 0 4.19850405712965
96 100 4.36271606137489
96 300 10.9436779699629
96 1000 51.5409902979084
97 0 8.07809789504591
97 100 7.89605348977828
97 300 12.6392525012646
97 1000 55.5366851326383
98 0 5.71511860943902
98 100 4.9494279967133
98 300 5.02125967225324
98 1000 7.44603812819951
99 0 4.91187874371933
99 100 5.17385701429667
99 300 8.94876002904184
99 1000 16.6732723698846
100 0 7.01497712990326
100 100 8.46569316830793
100 300 9.32217557137515
100 1000 47.6366355751343
