id dose y
1 0 5.96242604305798
1 100 7.87167360986872
1 300 28.2484646225958
1 1000 53.4307559387904
2 0 5.10481753692992
2 100 6.04619138151521
2 300 13.0351900500465
2 1000 35.0338588516684
3 0 7.27925205954598
3 100 7.47222928766733
3 300 20.2873408674619
3 1000 53.7704395768497
4 0 3.6442731405986
4 100 4.1325195999173
4 300 6.08375412787625
4 1000 23.0192834626387
5 0 3.30202125315225
5 100 3.09876042870066
5 300 4.71382763186937
5 1000 11.7755622188696
6 0 6.94187987996159
6 100 6.75199041939194
6 300 10.0924721735279
6 1000 28.3424639792561
7 0 4.90161539826303
7 100 5.26075756840733
7 300 7.89490987142513
7 1000 41.9648451718299
8 0 4.85548976768719
8 100 5.90454833240614
8 300 22.0609168820221
8 1000 28.6983219991931
9 0 3.6869062138517
9 100 3.97635279811901
9 300 12.9843146022858
9 1000 23.0264924248768
10 0 5.15508853536578
10 100 3.62826397444874
10 300 4.8988580913739
10 1000 14.1381716345063
11 0 5.59995404997107
11 100 5.88635748149582
11 300 7.22347777905215
11 1000 29.0866006614209
12 0 9.66678569735508
12 100 9.62121882221731
12 300 10.1320340100771
12 1000 39.5313915171044
13 0 3.5295358431183
13 100 4.56420184387603
13 300 14.2392397740963
13 1000 19.2623431550972
14 0 4.33386165765715
14 100 7.04831755456509
14 300 7.47478243844126
14 1000 25.2665938577127
15 0 6.0541717821462
15 100 5.03811262180595
15 300 10.6602170589213
15 1000 71.6597331698339
16 0 5.36809867883118
16 100 4.3714109976836
16 300 6.02048181693746
16 1000 17.8679183786479
17 0 6.00236513679277
17 100 5.48430451340398
17 300 8.05762276925993
17 1000 19.0352235635922
18 0 2.24281572715183
18 100 3.56240170038878
18 300 12.1898515337896
18 1000 12.875657300308
19 0 6.86528056842198
19 100 6.70842213101707
19 300 6.04696218459576
19 1000 11.1836488673073
20 0 6.83248849549374
20 100 10.0911408828752
20 300 47.8846494220704
20 1000 113.78890631374
21 0 7.72751868704381
21 100 8.34142079793656
21 300 10.5727331690909
21 1000 22.4807993480548
22 0 3.45679656170744
22 100 4.67093305681736
22 300 9.91028141086838
22 1000 19.6381396119874
23 0 4.61656338592457
23 100 7.1570403049397
23 300 17.3926476985588
23 1000 20.0009875402935
24 0 7.15003880869461
24 100 7.74237894606143
24 300 33.0436772698336
24 1000 61.4839568224082
25 0 4.84857857343017
25 100 6.36232180947283
25 300 23.59679901812
25 1000 74.6136252665023
26 0 5.10530513589515
26 100 6.44817826653871
26 300 10.0056621721321
26 1000 25.4960775249621
27 0 4.20378192461127
27 100 4.10887781338968
27 300 5.45406751459751
27 1000 23.6666481667464
28 0 5.66871354793096
28 100 5.41491277866703
28 300 11.3637537581399
28 1000 37.2815917359246
29 0 3.54299480776649
29 100 8.5767274507417
29 300 22.3615888325331
29 1000 26.347820332191
30 0 3.28909741811008
30 100 8.99218687358127
30 300 16.7476517114927
30 1000 18.1143964486602
31 0 4.64104078091117
31 100 7.04867783971622
31 300 16.5880159920593
31 1000 19.5566682083454
32 0 4.10054807903329
32 100 4.21708884210964
32 300 13.2437335353685
32 1000 48.4609024029666
33 0 5.07171551414233
33 100 6.82582857102633
33 300 14.8874166954168
33 1000 16.7358381031337
34 0 3.59966159816628
34 100 3.93756868984807
34 300 12.9270352423341
34 1000 35.0823103255319
35 0 3.80090800682877
35 100 3.35131107650383
35 300 6.33416090550904
35 1000 49.0611714413564
36 0 3.86055651351747
36 100 4.17737086788629
36 300 9.88882274402731
36 1000 13.1875968681282
37 0 4.94650215516003
37 100 11.415590322123
37 300 30.9993152864387
37 1000 39.9201467660837
38 0 4.20547669388335
38 100 4.57586515540585
38 300 6.43780962307347
38 1000 45.1073777712948
39 0 4.96712299316786
39 100 6.51377340427693
39 300 13.2767824490197
39 1000 16.5647130476078
40 0 4.2500639468949
40 100 5.02018855051716
40 300 5.59362846284353
40 1000 19.7685669947239
41 0 5.75658133017293
41 100 6.85695527402094
41 300 9.8612741488265
41 1000 25.2483323389454
42 0 5.85019021471517
42 100 6.57868709832162
42 300 15.0589342652258
42 1000 37.0899043775828
43 0 5.79495574519696
43 100 6.2179239223795
43 300 24.7460436986448
43 1000 59.2814474660987
44 0 4.06213384227363
44 100 5.25588501205849
44 300 15.4454143417679
44 1000 23.1122767523817
45 0 4.52574656250365
45 100 5.11618272815627
45 300 13.5300297690822
45 1000 41.0462506293663
46 0 9.19673464062361
46 100 8.88207501005217
46 300 9.28612623265906
46 1000 12.4535556016223
47 0 7.85286515161504
47 100 7.98207071763079
47 300 10.281746264951
47 1000 40.1454606280323
48 0 5.90038574133155
48 100 7.65186939018087
48 300 35.7967338955501
48 1000 56.6357399812635
49 0 5.87978548103962
49 100 7.03118952987702
49 300 11.8984457143958
49 1000 16.7861172507841
50 0 6.56309116262126
50 100 7.21962307527715
50 300 13.1237825801615
50 1000 24.047752274933
51 0 4.86338719252995
51 100 4.19792023069151
51 300 8.58881794015072
51 1000 44.8649278583646
52 0 4.79282732282127
52 100 4.55658665864395
52 300 7.21019941094332
52 1000 28.2345154644927
53 0 5.5599369577633
53 100 5.61622268875069
53 300 6.37890282992627
53 1000 8.62978742818698
54 0 3.5063126904645
54 100 4.33955421154479
54 300 9.25138098899684
54 1000 36.8360299940525
55 0 6.05198896497714
55 100 5.43863105313203
55 300 8.40497606284977
55 1000 19.1726978082753
56 0 4.64622951649588
56 100 4.46157577702366
56 300 8.60429562441845
56 1000 30.4326912037782
57 0 5.45789730551436
57 100 5.04453631745145
57 300 7.80152509537534
57 1000 12.2231040026351
58 0 5.44372160007394
58 100 3.9820831879824
58 300 6.58334455923418
58 1000 29.1758433588636
59 0 2.71278604230859
59 100 6.92686488652061
59 300 17.4238358940254
59 1000 22.3577024873963
60 0 4.27544825519863
60 100 5.82659552081406
60 300 8.14722750345992
60 1000 27.3256376287554
61 0 8.15940962173545
61 100 7.7248081356527
61 300 10.687407400483
61 1000 31.9069779111268
62 0 4.22860779950802
62 100 4.61886071179882
62 300 4.55080728643097
62 1000 21.9970021606411
63 0 2.66860680767001
63 100 2.57464036885675
63 300 12.2083433014975
63 1000 55.6404263344796
64 0 3.5180392010082
64 100 3.70645775749021
64 300 3.64957753113489
64 1000 10.6976914246119
65 0 2.5698167933492
65 100 3.20436542742063
65 300 4.78977692627844
65 1000 33.4701960934955
66 0 9.08854691159454
66 100 10.6499061595081
66 300 9.25804723166608
66 1000 18.2874665277819
67 0 11.0725561910757
67 100 8.46595784512938
67 300 12.6987505783027
67 1000 24.2062227938216
68 0 4.01513446001911
68 100 4.11472637032732
68 300 16.0164715756862
68 1000 32.0522215545582
69 0 2.65989359754365
69 100 8.36061542738381
69 300 23.1800710894903
69 1000 25.14646356972
70 0 3.94057103298396
70 100 3.63761281748242
70 300 6.46462300977638
70 1000 15.3522427199065
71 0 4.89655547549895
71 100 4.78624900053145
71 300 8.74278322794699
71 1000 31.1793641879902
72 0 6.43566766256828
72 100 7.95560749346054
72 300 16.644470625996
72 1000 25.1742076892386
73 0 4.89969231836909
73 100 39.0074157244489
73 300 46.0181061056449
73 1000 44.5488684243838
74 0 6.26086143606971
74 100 5.94482029540387
74 300 14.3920464632628
74 1000 70.023354803461
75 0 5.32858338361522
75 100 21.8971255760272
75 300 84.0387362925272
75 1000 102.115495862337
76 0 5.59278562947204
76 100 3.95653448242091
76 300 8.76217505947864
76 1000 24.724633881486
77 0 4.70204380965871
77 100 4.7733531025636
77 300 15.7341749468387
77 1000 38.5135011530962
78 0 2.95261278269147
78 100 2.91483918801658
78 300 5.21317245957454
78 1000 20.5725786305724
79 0 8.32669950264864
79 100 8.04850918741197
79 300 14.563388162491
79 1000 39.0621840413553
80 0 4.39526294025363
80 100 6.61409060256136
80 300 20.748842225148
80 1000 28.7016520967184
81 0 5.36188730043121
81 100 7.90186810692848
81 300 8.93636850781584
81 1000 36.2372114220332
82 0 2.27854546081418
82 100 3.69748064178062
82 300 33.2467361164769
82 1000 151.667205393201
83 0 5.82238477799049
83 100 7.37304227558656
83 300 24.822796220944
83 1000 30.3996845977759
84 0 4.28766787084169
84 100 5.95155844108969
84 300 11.2036866042782
84 1000 20.4555359053342
85 0 4.49625240388366
85 100 5.53441609565601
85 300 16.6541024022974
85 1000 40.8446087043824
86 0 3.48840619137813
86 100 3.56504733467329
86 300 9.5349916113954
86 1000 22.2044142305078
87 0 5.55090166546523
87 100 5.79363953718439
87 300 6.31102556661751
87 1000 64.0592050156566
88 0 5.07618140263285
88 100 4.96763452090288
88 300 11.8607040358422
88 1000 38.4482389483632
89 0 5.0533332324219
89 100 5.5174644292153
89 300 11.6313059920237
89 1000 29.545112406787
90 0 3.81280044210832
90 100 4.41228209607528
90 300 10.4145427055468
90 1000 30.2966433473711
91 0 6.50203547284446
91 100 7.24710126387627
91 300 9.71394803214622
91 1000 32.1806558198288
92 0 3.7416206392612
92 100 3.59748360998835
92 300 9.94314057340654
92 1000 54.9050065433301
93 0 3.88113601032878
93 100 3.87638624417118
93 300 4.49681679814816
93 1000 14.6805001667299
94 0 7.08677203421123
94 100 11.2008806721744
94 300 21.8310784074929
94 1000 22.7086601219402
95 0 3.85108741688584
95 100 3.78720425410639
95 300 7.73558842312446
95 1000 20.2473447478345
96 0 3.91128562706778
96 100 4.19619248563363
96 300 8.83338462655248
96 1000 30.4368870525525
97 0 5.91163326621669
97 100 4.84719397578782
97 300 5.6708547863385
97 1000 15.3078514657709
98 0 7.38577545128138
98 100 7.53471741423661
98 300 12.7251126638393
98 1000 21.4367925102536
99 0 7.22921642316407
99 100 6.37860413354858
99 300 6.37015438456317
99 1000 28.216582647225
100 0 4.17215976431821
100 100 14.1642130470207
100 300 64.4715009037269
100 1000 79.1675502531706
