id dose y
1 0 4.53003612148681
1 100 4.49728215452421
1 300 4.82190147209066
1 1000 23.369287169337
2 0 6.16833457913709
2 100 4.75082205680617
2 300 5.83715551241716
2 1000 25.7507473188527
3 0 3.62779288310387
3 100 3.58518199327082
3 300 6.98093641680591
3 1000 71.6336652806899
4 0 6.48723226824375
4 100 9.87154561572264
4 300 26.2071949156666
4 1000 43.3766917453954
5 0 4.67629645189621
5 100 9.02585669229316
5 300 9.6607508702084
5 1000 10.3265412601755
6 0 5.86757571832952
6 100 8.03896714357268
6 300 31.908153995107
6 1000 32.1714390348993
7 0 6.68660473272431
7 100 7.67013026753054
7 300 17.0774204239336
7 1000 19.6674014925428
8 0 5.4312312817215
8 100 6.00747475277409
8 300 10.9158687597675
8 1000 23.6942795911826
9 0 5.33809518504132
9 100 6.57128240107215
9 300 7.99381208937293
9 1000 26.9222850583427
10 0 4.1323503510054
10 100 4.17256541197681
10 300 7.09092607990998
10 1000 21.9171946517959
11 0 3.40188886063305
11 100 3.76963027249189
11 300 5.07238510783161
11 1000 27.226708924608
12 0 3.21902803924164
12 100 3.345120118234
12 300 6.01985785885172
12 1000 31.4907242145949
13 0 6.2953301880819
13 100 8.18517253340649
13 300 14.2337106428675
13 1000 19.0840825286695
14 0 4.05094013590501
14 100 7.68114721728213
14 300 16.91054679073
14 1000 38.624917126433
15 0 6.04785784122371
15 100 7.96443244588967
15 300 11.3843710093748
15 1000 12.9567705696108
16 0 4.20049145732158
16 100 6.11135372646207
16 300 23.4101506913178
16 1000 36.7495023543264
17 0 4.17800257128877
17 100 4.26722394494765
17 300 9.05025817279764
17 1000 35.8887249455356
18 0 3.54396589958444
18 100 3.11705494486292
18 300 5.53210666585415
18 1000 19.329669482019
19 0 6.78097832503643
19 100 7.14379680786531
19 300 10.1881305726756
19 1000 27.5567770382536
20 0 3.4198280778629
20 100 8.27258309012716
20 300 27.7207718277152
20 1000 30.495198242569
21 0 3.93261415233389
21 100 15.2233851728785
21 300 26.7230483524653
21 1000 24.6986048985748
22 0 6.89622996880981
22 100 8.46055966663664
22 300 17.4517278552983
22 1000 38.8629741513637
23 0 4.30725267850101
23 100 4.6316696741232
23 300 6.16016502429413
23 1000 12.4784881784223
24 0 6.73643151912993
24 100 7.63509682145818
24 300 26.7588902325903
24 1000 37.7204543751659
25 0 4.90772615854201
25 100 6.7649726012443
25 300 17.7409672599683
25 1000 34.291632242765
26 0 6.28572803040175
26 100 6.28009440763546
26 300 25.2915173878538
26 1000 60.4680208362317
27 0 6.28324437615647
27 100 8.73969726547389
27 300 18.9170424753951
27 1000 28.8067683635803
28 0 3.06274879795908
28 100 7.78887579089622
28 300 31.5165467829838
28 1000 47.5411480284791
29 0 3.25699434882308
29 100 2.84636245513551
29 300 3.56381973682443
29 1000 28.6387722870229
30 0 3.97175109471706
30 100 3.72362705880481
30 300 7.69942866554432
30 1000 50.6508223904236
31 0 5.08440400966535
31 100 9.08753385263621
31 300 15.1003806003761
31 1000 15.9668253777114
32 0 3.53321579437949
32 100 7.74274299608116
32 300 24.2413526685699
32 1000 31.381041004557
33 0 2.30554888046226
33 100 2.61654335848694
33 300 3.05660441552273
33 1000 10.14757512602
34 0 5.65931424438263
34 100 6.14482814181769
34 300 6.02840225196541
34 1000 13.9305573423281
35 0 3.55822665768266
35 100 3.21684836845492
35 300 4.95181869559446
35 1000 11.6232029015407
36 0 6.71462649790166
36 100 6.31094936228871
36 300 11.2219200678437
36 1000 15.6045507470065
37 0 6.70508051970296
37 100 8.06159005913205
37 300 13.6202101151418
37 1000 17.6194870877188
38 0 3.26996869611501
38 100 2.91560789076449
38 300 5.61111960368676
38 1000 9.5840306353279
39 0 3.14128518401466
39 100 5.76080544378234
39 300 12.7287717056638
39 1000 16.2860852212785
40 0 5.53075157630478
40 100 5.11943773766072
40 300 20.1064126060268
40 1000 39.0688706230498
41 0 4.95416511197738
41 100 6.27755973262287
41 300 21.7702329560658
41 1000 44.2928706426566
42 0 4.66510129490517
42 100 5.66746515782332
42 300 19.0593182920156
42 1000 62.320776000467
43 0 3.68022449480805
43 100 3.54903720671805
43 300 3.99089119136211
43 1000 28.0679443149422
44 0 11.0572334953023
44 100 10.2054493957953
44 300 18.8069152667723
44 1000 57.8043181056267
45 0 4.02736361788665
45 100 12.0280865400281
45 300 21.6019164904438
45 1000 19.2928090226982
46 0 6.12560678238571
46 100 6.80190190633613
46 300 9.06202444443455
46 1000 61.5937940053838
47 0 5.64572613406855
47 100 5.52446938427933
47 300 6.93683451554277
47 1000 9.24692863500283
48 0 6.61159260694129
48 100 8.44959968794326
48 300 15.0928420040471
48 1000 16.88916510642
49 0 8.67164001068529
49 100 6.58642059637448
49 300 7.62027449173762
49 1000 16.1522860316176
50 0 3.09608564774802
50 100 3.68363314677783
50 300 21.1122724682337
50 1000 58.4871507935789
51 0 8.01156785170577
51 100 8.26814184117439
51 300 16.7460214102192
51 1000 67.8071506884867
52 0 5.19485962215944
52 100 12.7376484314706
52 300 44.0496498274789
52 1000 46.6853033522763
53 0 10.280659619954
53 100 9.72679324206424
53 300 13.0380919152038
53 1000 19.0184109723136
54 0 10.6114115400384
54 100 9.8124451547397
54 300 11.7773434130898
54 1000 28.4794798008379
55 0 3.52439133179253
55 100 5.09042448284035
55 300 14.3037004211721
55 1000 42.0040397867227
56 0 6.07635834290733
56 100 6.9027781109862
56 300 15.2170380143633
56 1000 48.4530760857565
57 0 5.48679836704804
57 100 7.93233268901928
57 300 11.8695776755344
57 1000 59.0377990274886
58 0 4.43079390338939
58 100 3.63551029363415
58 300 4.69940400647751
58 1000 28.577525140307
59 0 3.74771148507618
59 100 4.42021986367607
59 300 14.7872700557727
59 1000 31.6699235580641
60 0 3.4656573805673
60 100 6.909332236442
60 300 39.6553275092901
60 1000 64.9961876808423
61 0 4.19371330290043
61 100 3.96294466679193
61 300 9.36250768186522
61 1000 60.3853896631035
62 0 3.06334647783972
62 100 3.14077599017643
62 300 12.1655467043639
62 1000 97.0376533657165
63 0 4.84531862808317
63 100 5.04283616601721
63 300 5.53150621518676
63 1000 16.6851021055883
64 0 4.95828353437849
64 100 4.97953093560723
64 300 4.4343121864965
64 1000 10.4457541617733
65 0 5.15757037060219
65 100 5.46401737697097
65 300 10.7647048345592
65 1000 13.8112629009592
66 0 4.17219104692569
66 100 4.02023742563948
66 300 8.96589486517933
66 1000 20.7535339580543
67 0 6.82522898079414
67 100 6.03126985797535
67 300 6.19699200933879
67 1000 8.51138514738754
68 0 6.26330305981445
68 100 5.69411162108165
68 300 9.85302279287751
68 1000 22.7544124535914
69 0 4.63793719000662
69 100 6.56186714319035
69 300 15.3098092076939
69 1000 33.3311112338137
70 0 5.97872481278466
70 100 6.23554766415241
70 300 17.4389362990099
70 1000 25.9613871662807
71 0 6.93591889471216
71 100 5.75775852038807
71 300 8.96815548551365
71 1000 20.7923816494037
72 0 4.31566253443015
72 100 4.05999681006516
72 300 7.85867160020941
72 1000 29.8890201620395
73 0 5.02981367545931
73 100 5.84960528135212
73 300 6.49502378446621
73 1000 20.7285099087192
74 0 7.58956227271366
74 100 6.21451851132379
74 300 7.18152244532275
74 1000 8.51138390627396
75 0 3.19205768435619
75 100 8.88892504442013
75 300 42.9506127155533
75 1000 54.7404103844452
76 0 5.55768213623234
76 100 7.23789705491081
76 300 9.24569611828297
76 1000 53.7192675627647
77 0 3.61951990773523
77 100 3.49160983882882
77 300 4.41656713529006
77 1000 26.7991491093538
78 0 6.49808114009994
78 100 5.09944274283426
78 300 15.6402545085059
78 1000 58.0837726167208
79 0 3.57356849968558
79 100 7.59876740331032
79 300 17.2605231636938
79 1000 15.8497231008604
80 0 5.46738166034124
80 100 5.71992718496414
80 300 9.56627919625286
80 1000 41.1439978155146
81 0 4.068661095405
81 100 9.64097488749005
81 300 16.5046138033812
81 1000 17.5779806330594
82 0 7.27202630320723
82 100 8.01486895844129
82 300 16.1625115242621
82 1000 48.6478111182699
83 0 3.18202500627669
83 100 3.48252185030352
83 300 4.27957802375155
83 1000 12.4981022395942
84 0 8.28796582096702
84 100 8.52543960776934
84 300 9.99338884492719
84 1000 27.7081318027396
85 0 4.83905597760742
85 100 6.04054326411424
85 300 17.1992070888276
85 1000 27.1448298084645
86 0 4.89722973155923
86 100 4.88600690751624
86 300 9.95647663078108
86 1000 28.025056153848
87 0 4.0057928252069
87 100 3.9264531449781
87 300 3.15304111923916
87 1000 9.97341742836984
88 0 4.35817429047898
88 100 4.38136310560388
88 300 5.30040121892302
88 1000 41.2258637151804
89 0 3.03583376249655
89 100 4.21179115656995
89 300 11.5841417634604
89 1000 25.1956258785805
90 0 9.99652554253665
90 100 12.5000123593357
90 300 17.5087273221273
90 1000 42.510276358184
91 0 4.67058517543179
91 100 4.80702005924425
91 300 5.4612195723861
91 1000 24.0794152644674
92 0 4.35503416419087
92 100 4.95818576941659
92 300 23.5818258495819
92 1000 55.8078884206864
93 0 5.37415413349763
93 100 5.8618615252802
93 300 9.39690037971151
93 1000 17.7114001612604
94 0 4.71924299004637
94 100 4.34723007712847
94 300 6.50403281343373
94 1000 25.1431533192759
95 0 4.04335438887304
95 100 5.62604101380789
95 300 7.10042443016332
95 1000 26.9649732522894
96 0 3.16332647598838
96 100 7.62017524950022
96 300 11.8834454332983
96 1000 14.6962661580914
97 0 8.32117325904476
97 100 8.35523205264498
97 300 9.34711386145096
97 1000 26.2060519020552
98 0 3.98827101477962
98 100 7.89301983673929
98 300 34.7677939292563
98 1000 47.6953521858018
99 0 6.30275921827855
99 100 9.40608958671629
99 300 15.8954890687896
99 1000 15.7582929434
100 0 4.05568664085998
100 100 3.93331515367634
100 300 4.92854320595125
100 1000 23.0535609908716
