id dose y
1 0 5.08707189252136
1 100 7.14960006732637
1 300 19.2079855634671
1 1000 19.1964112639943
2 0 9.6047523466059
2 100 8.35452159662984
2 300 13.8671781764269
2 1000 34.7743354336002
3 0 4.33733435278072
3 100 5.10108642639773
3 300 5.31663670448281
3 1000 30.9324044880785
4 0 3.754941309523
4 100 4.22638385923591
4 300 4.4266983221645
4 1000 11.2021138573268
5 0 4.35012775532086
5 100 3.47518777537335
5 300 7.43293493676885
5 1000 24.2601946774898
6 0 4.48126217602671
6 100 5.34672230337314
6 300 11.5615474087045
6 1000 33.423261453765
7 0 4.67571436747811
7 100 4.36164931717181
7 300 4.57532004083043
7 1000 9.25654362059503
8 0 3.76725897655318
8 100 3.76356237400653
8 300 4.70397697302226
8 1000 15.5087894121435
9 0 3.80005748019777
9 100 3.95814519847159
9 300 5.34596271821917
9 1000 27.1525647995358
10 0 5.58556178799588
10 100 6.1148990704732
10 300 13.0532404575733
10 1000 29.0033641533043
11 0 7.93214913881402
11 100 8.64349959170076
11 300 10.2898229745537
11 1000 21.4293844658156
12 0 4.6228634117022
12 100 5.48710785762448
12 300 12.5226830919782
12 1000 13.0502870256241
13 0 5.77281040366269
13 100 6.84399580773467
13 300 23.7510192982446
13 1000 43.1398619234808
14 0 5.08234646443098
14 100 5.24530214493121
14 300 6.42828568629073
14 1000 14.184039798171
15 0 5.00532426038069
15 100 5.96728126241095
15 300 9.02996789955282
15 1000 34.0288088414001
16 0 5.99997984682713
16 100 8.2107197629507
16 300 21.646075597619
16 1000 27.9607464700709
17 0 6.19289337612234
17 100 5.8813213943587
17 300 7.8806858116544
17 1000 16.9419397535693
18 0 6.60047878219597
18 100 17.2108453881332
18 300 34.7247428360153
18 1000 47.3136990903705
19 0 6.65449399028312
19 100 6.66613148949768
19 300 9.04006441075843
19 1000 21.6951409848478
20 0 5.63434664901202
20 100 6.59999527041075
20 300 11.308204410089
20 1000 25.5667089226237
21 0 5.75848859577247
21 100 7.33132674400028
21 300 14.817901842296
21 1000 27.6595113149948
22 0 8.01854411888941
22 100 7.59525319842853
22 300 18.3286454269966
22 1000 51.4776896511547
23 0 4.95335419966812
23 100 4.65232538032503
23 300 7.57688093293456
23 1000 42.8256017352066
24 0 3.29988844438323
24 100 5.7574328109845
24 300 24.6988457421828
24 1000 40.135586222827
25 0 7.54097274666943
25 100 7.82515877665143
25 300 6.81086161081611
25 1000 10.6195280066657
26 0 3.85089186364299
26 100 4.53276738949695
26 300 6.60192449118961
26 1000 28.3918999038031
27 0 6.1669957307093
27 100 5.30651573115166
27 300 5.92164208316489
27 1000 9.8690323540309
28 0 4.85239878300619
28 100 4.5171643294693
28 300 4.82505499203043
28 1000 14.2959859071606
29 0 7.2106504916193
29 100 6.52877563211194
29 300 20.4775284572592
29 1000 41.9412006186552
30 0 3.74694697168726
30 100 4.3456183214157
30 300 12.5375330655245
30 1000 23.3796040080347
31 0 7.50002411199599
31 100 10.527338178195
31 300 25.7741537369721
31 1000 33.4640113442832
32 0 6.73479396611722
32 100 7.11685142071026
32 300 10.8832739310393
32 1000 19.9971414268928
33 0 6.13107588972759
33 100 4.83277917179255
33 300 11.3881438277743
33 1000 15.439646544005
34 0 2.76801108686738
34 100 3.65028421110174
34 300 6.2414030153016
34 1000 33.7161838569172
35 0 4.98161217685279
35 100 5.57107490233833
35 300 9.13763813120132
35 1000 22.0155834289425
36 0 5.73850047247758
36 100 6.39652773417113
36 300 6.65729835280975
36 1000 23.7328880654689
37 0 2.98706401997524
37 100 2.78865421472303
37 300 7.15270223448609
37 1000 20.6931949150542
38 0 4.57764508123297
38 100 4.70342068433619
38 300 4.85107838146664
38 1000 10.8423296644532
39 0 7.5023366116772
39 100 7.03243602007181
39 300 13.0220879370887
39 1000 19.1945961000327
40 0 6.87547930878084
40 100 7.44028555405772
40 300 9.15863479925659
40 1000 20.0844542823199
41 0 3.94259712659535
41 100 4.70706699176008
41 300 12.2058073424858
41 1000 24.2873581576341
42 0 8.28716789520491
42 100 10.4856661821664
42 300 21.0994936035308
42 1000 23.2424128046389
43 0 3.57576536536432
43 100 5.82463341926397
43 300 12.3330651508959
43 1000 14.8900460521786
44 0 5.31002321100674
44 100 7.41188405875556
44 300 20.6088568378065
44 1000 72.1887010550957
45 0 3.35698304160999
45 100 4.08154577112901
45 300 3.8635491183705
45 1000 15.7669570717663
46 0 7.06171871260089
46 100 7.96323322988162
46 300 12.3177588216165
46 1000 35.8935602655622
47 0 4.91315053215213
47 100 5.04222388150487
47 300 17.8115743724736
47 1000 64.1088182959649
48 0 5.25218502700263
48 100 5.10062887776631
48 300 9.42180635730907
48 1000 14.6639135257881
49 0 4.68294520286354
49 100 5.11991163670454
49 300 23.5464498781557
49 1000 24.8956982520194
50 0 6.13881740891716
50 100 8.29234210363744
50 300 19.7458112733596
50 1000 29.9484876475178
51 0 5.72827832475854
51 100 5.79120379107331
51 300 5.28796499894308
51 1000 14.9671785291955
52 0 3.84045142672719
52 100 3.81952829140662
52 300 5.84885467432905
52 1000 35.4613237583534
53 0 4.42322185184823
53 100 3.5024030336003
53 300 5.02223750147604
53 1000 12.3863501929861
54 0 5.65736715146205
54 100 6.11508640386561
54 300 12.0991100412717
54 1000 33.7779667518261
55 0 4.75594010449784
55 100 11.6115016576432
55 300 43.5452282378046
55 1000 54.1002933030506
56 0 5.07665119041415
56 100 5.3869526348564
56 300 5.16883962995785
56 1000 26.3310966914174
57 0 6.05909376705295
57 100 5.93379235773937
57 300 7.32388386714988
57 1000 17.2963100761859
58 0 3.79173403790072
58 100 3.31546026373921
58 300 3.8773577565406
58 1000 7.62259586640021
59 0 2.93816436900745
59 100 3.27125172474215
59 300 5.53762802885523
59 1000 9.3731893225211
60 0 5.9206367096342
60 100 6.93976189428601
60 300 8.89142824959676
60 1000 35.3073339161283
61 0 5.23350993603764
61 100 5.55437024730533
61 300 13.3548809960076
61 1000 66.705837541895
62 0 3.09139924451473
62 100 3.22549708185437
62 300 4.25936806000874
62 1000 27.7827600687242
63 0 3.57436535983305
63 100 4.13595289925994
63 300 15.048509638706
63 1000 21.7690286977466
64 0 4.95706098937954
64 100 5.62842394261802
64 300 9.19694965510636
64 1000 30.8115931516799
65 0 4.93718919940361
65 100 5.47171283820916
65 300 8.35138362851442
65 1000 20.4786835208264
66 0 2.90004961270407
66 100 2.88790538423585
66 300 4.60812381981628
66 1000 15.3436301956659
67 0 2.80285035662109
67 100 5.27240404803361
67 300 9.53750690195436
67 1000 10.5372935964495
68 0 4.9769622969074
68 100 5.72413686060356
68 300 9.43048070902127
68 1000 18.7872697089957
69 0 4.49117898941148
69 100 4.77341448020322
69 300 14.5582830995053
69 1000 25.9322025721214
70 0 5.17541314272945
70 100 4.89358348641426
70 300 13.0738459444567
70 1000 18.3698524514106
71 0 3.28257681624392
71 100 4.29665323785767
71 300 16.1873091885536
71 1000 39.6903804346515
72 0 5.17352298365657
72 100 6.764464072355
72 300 8.68949259742399
72 1000 30.8830327358387
73 0 2.99075377634645
73 100 3.49692460174488
73 300 5.5892398259755
73 1000 20.364920402823
74 0 4.92373988987755
74 100 7.59595881189199
74 300 29.0954490022112
74 1000 80.184037992165
75 0 4.83573735255036
75 100 7.30627078839689
75 300 17.9877678476639
75 1000 31.6948450451195
76 0 5.9116291698582
76 100 7.93372633935371
76 300 15.5696440107169
76 1000 23.5204326996747
77 0 4.5169736529899
77 100 5.44235951056445
77 300 7.50691419960371
77 1000 33.2055878004377
78 0 4.78394440347958
78 100 5.23232556003442
78 300 14.1557655309495
78 1000 75.7781227560035
79 0 7.65207924147973
79 100 8.93015661490396
79 300 9.35240284361525
79 1000 12.3865952042344
80 0 7.66920687784554
80 100 8.97648303790771
80 300 14.2900228876155
80 1000 17.0797876367457
81 0 7.35167920033459
81 100 6.98222063034504
81 300 6.90640960168938
81 1000 15.1989957654141
82 0 5.76155659831533
82 100 4.69452685205216
82 300 11.104316128681
82 1000 49.550706694676
83 0 6.1233535202316
83 100 6.0724914129052
83 300 7.02049606838272
83 1000 19.9710675076022
84 0 6.43051725633433
84 100 6.05102356526525
84 300 8.45800380088326
84 1000 31.7144684281514
85 0 3.16739149238025
85 100 3.3782877391218
85 300 7.36474679600763
85 1000 37.5511900912419
86 0 6.34276406011676
86 100 6.80426451904977
86 300 8.85959890114993
86 1000 23.0996138293391
87 0 8.64559171137223
87 100 9.46598946216356
87 300 21.8142205569385
87 1000 48.3634194351726
88 0 6.14173700591305
88 100 8.63307416793333
88 300 12.8723570450492
88 1000 16.0379332636662
89 0 6.98855333245373
89 100 7.24288903196665
89 300 14.7570058330798
89 1000 51.0315147813964
90 0 4.17649495258882
90 100 4.81672575658056
90 300 10.8977975987936
90 1000 33.3292253867991
91 0 4.06830787390378
91 100 4.89644320515549
91 300 16.3594959481956
91 1000 24.8657315972256
92 0 3.75299259646015
92 100 4.61290489176065
92 300 12.5244768370996
92 1000 36.3777170360731
93 0 4.67361599638843
93 100 3.49823601938819
93 300 10.8881768816553
93 1000 30.0612899146922
94 0 3.79958085954732
94 100 6.57946820275538
94 300 34.69097743994
94 1000 58.0914573308586
95 0 6.6441183523031
95 100 6.9865913400702
95 300 7.76984199381415
95 1000 30.0676120433149
96 0 4.24204019976861
96 100 5.51142473943174
96 300 25.4128422236634
96 1000 36.6017453595847
97 0 3.2193272567708
97 100 3.28441377779605
97 300 5.25607426348294
97 1000 37.5205647548963
98 0 4.62900623118266
98 100 4.60615733712617
98 300 5.00250476084921
98 1000 15.5289058025282
99 0 4.62674977716552
99 100 5.28584421507024
99 300 8.64419278765958
99 1000 31.5340572757458
100 0 3.70579456210021
100 100 5.40377912781146
100 300 14.5504078346118
100 1000 12.8004197343429
