id dose y
1 0 4.07740591767668
1 100 5.4702303569046
1 300 9.67114323534203
1 1000 10.5389734958961
2 0 3.71132576284756
2 100 6.90447469231012
2 300 11.6071296488002
2 1000 13.2068745870849
3 0 6.31654298643563
3 100 5.65776244348145
3 300 9.2323225134067
3 1000 22.7136260225355
4 0 3.23248800216008
4 100 4.61219240228085
4 300 18.6605851796466
4 1000 61.8124380580945
5 0 6.66945343512668
5 100 5.43262153257912
5 300 19.5908907556048
5 1000 62.9449642216113
6 0 4.44790785102484
6 100 4.48455842286716
6 300 6.54002647234861
6 1000 29.7076529207481
7 0 3.05231612792362
7 100 4.24884335852839
7 300 10.8333197869286
7 1000 20.3619164292401
8 0 4.79061847878142
8 100 4.71257297457645
8 300 6.88634923158958
8 1000 22.6773426351765
9 0 5.04353482043961
9 100 6.78142489417397
9 300 28.1316222513952
9 1000 45.122791743931
10 0 7.63775514649781
10 100 6.78839017893758
10 300 13.0446941596924
10 1000 55.9324970451497
11 0 4.3228954487343
11 100 4.08837323333375
11 300 4.66188183710237
11 1000 9.66055885718529
12 0 4.17670527421961
12 100 4.65802217320136
12 300 11.2828198578236
12 1000 33.2840022108204
13 0 4.33347166477414
13 100 5.40342425894649
13 300 6.63165490292117
13 1000 23.3059016760888
14 0 8.4804505706066
14 100 8.19167113095051
14 300 18.1392832112791
14 1000 20.6939111313914
15 0 5.30289987268421
15 100 5.90520987826637
15 300 10.5196995565853
15 1000 24.955639740371
16 0 5.58239525901978
16 100 12.8781870323249
16 300 43.5518880961901
16 1000 36.3418841527742
17 0 5.5707325924183
17 100 12.6644586454286
17 300 22.2798277953203
17 1000 27.6621488540682
18 0 4.16196609249933
18 100 3.97654601222336
18 300 3.44861823515905
18 1000 12.158306594045
19 0 8.74174471847289
19 100 8.63244067292136
19 300 14.0731764059707
19 1000 64.2514075154314
20 0 8.13908253452639
20 100 8.32740303515783
20 300 13.4344867939202
20 1000 76.8530574684496
21 0 5.92170535809569
21 100 6.25443949825484
21 300 5.54658056829136
21 1000 15.397942777826
22 0 5.43136808018106
22 100 13.1622141113881
22 300 37.2960379020614
22 1000 39.491801118744
23 0 5.95484784308941
23 100 4.61550252305903
23 300 17.6514031975709
23 1000 101.246107583928
24 0 5.89809437566778
24 100 6.75057719796202
24 300 14.3916635657115
24 1000 28.7326964047473
25 0 4.36865505960549
25 100 7.65163504284086
25 300 32.0617998762825
25 1000 49.2766699184657
26 0 5.85324610060788
26 100 5.45552551954125
26 300 6.95744952364387
26 1000 24.2017852995529
27 0 7.73349700539292
27 100 8.6825365321093
27 300 9.97875061175068
27 1000 27.0912409345162
28 0 6.22022973655322
28 100 7.71758576087965
28 300 6.61453858981592
28 1000 13.316753840466
29 0 3.50495165956253
29 100 3.17465138048102
29 300 3.88877314626823
29 1000 23.7831408603134
30 0 3.11495072294807
30 100 4.27055736733603
30 300 7.34286266015396
30 1000 22.8852699535093
31 0 3.52839158671018
31 100 5.04502825733102
31 300 26.5341726727692
31 1000 66.0403313086798
32 0 5.7897208073485
32 100 5.48854723311059
32 300 6.31378514090953
32 1000 27.0832399255714
33 0 4.18154982444761
33 100 4.25884693683837
33 300 4.50516041228894
33 1000 7.15427436288169
34 0 4.6705372998571
34 100 4.35012852792769
34 300 6.18849915008218
34 1000 14.3341056683044
35 0 4.64852624392059
35 100 6.22846215772283
35 300 7.28949017478618
35 1000 22.3786638750068
36 0 5.49135320313408
36 100 7.06034683572425
36 300 7.36770993246413
36 1000 33.5170585234485
37 0 3.72225833026527
37 100 3.89927636432148
37 300 14.5796383531501
37 1000 36.5824198866623
38 0 5.06490645897474
38 100 6.10661416961288
38 300 20.9072402198435
38 1000 27.7708140513975
39 0 3.74497454151041
39 100 3.63775237703262
39 300 6.26764363475944
39 1000 32.5521632951789
40 0 7.31612041091029
40 100 6.12371664261092
40 300 6.05434477872718
40 1000 18.30179202598
41 0 7.50246157869609
41 100 8.87756310523348
41 300 20.1985480972954
41 1000 25.7445542259814
42 0 5.01170179353113
42 100 5.88593736127408
42 300 10.9693458193262
42 1000 20.0627994877112
43 0 4.1802502154002
43 100 5.29966119262666
43 300 6.21983664975309
43 1000 20.2116613285072
44 0 6.45777132151919
44 100 6.22658710603637
44 300 6.88649608296928
44 1000 31.2976264020578
45 0 3.69919179048792
45 100 9.32448423543476
45 300 40.8473843451598
45 1000 46.2441838970439
46 0 3.77600603373069
46 100 4.12515015756395
46 300 7.32839136584518
46 1000 17.5841013170326
47 0 3.32334052178038
47 100 4.12124100529263
47 300 6.68795650025021
47 1000 40.4894576480519
48 0 4.47559084439656
48 100 4.73668181576539
48 300 13.0281913581673
48 1000 43.7008494982424
49 0 4.94065245542843
49 100 5.02701227536728
49 300 4.53923697314302
49 1000 23.1630977639017
50 0 5.52249556221206
50 100 5.24562031001763
50 300 7.74546597720273
50 1000 26.1006507324328
51 0 3.84930542726082
51 100 3.97355380373432
51 300 9.53900861871844
51 1000 21.1961557814938
52 0 6.89426373149171
52 100 7.91933796677976
52 300 16.9200467589636
52 1000 39.0038227311369
53 0 5.06093046821269
53 100 4.8231956693305
53 300 8.10264510041195
53 1000 27.7047668313267
54 0 3.87001398313316
54 100 4.40329922599567
54 300 10.6758872929489
54 1000 59.6399991048475
55 0 1.93888571502545
55 100 2.68314586448495
55 300 4.45561564457186
55 1000 17.3098666515034
56 0 6.16705665648177
56 100 6.53146765378563
56 300 7.87203479430946
56 1000 17.276927961198
57 0 4.3677697966065
57 100 4.13117201494265
57 300 7.85772200460471
57 1000 8.90331629709029
58 0 2.94288458439525
58 100 3.72789725868236
58 300 15.4887024648527
58 1000 27.9405424899364
59 0 3.56696093585878
59 100 4.23508568864392
59 300 14.3380840261961
59 1000 33.2086262484392
60 0 7.72464015236969
60 100 6.8395030254089
60 300 9.44056618237658
60 1000 53.5953121471879
61 0 7.9810711063711
61 100 8.32686608672504
61 300 8.50420062308567
61 1000 14.1234206180875
62 0 3.43133890473926
62 100 4.95177557788738
62 300 8.22347852495853
62 1000 58.5966267428588
63 0 6.70993948836176
63 100 6.1761506381723
63 300 9.68058168859186
63 1000 21.5017647089282
64 0 3.45496380146368
64 100 4.24092249879135
64 300 8.5735417226286
64 1000 13.4269618836106
65 0 4.3914542572538
65 100 7.2908998253554
65 300 10.5355759908418
65 1000 13.7041877380961
66 0 3.81536617071764
66 100 4.32937057716618
66 300 8.87729868940595
66 1000 10.9680402369526
67 0 4.14874282862368
67 100 3.89474865993981
67 300 5.31792497485865
67 1000 18.3551382653029
68 0 6.14640690878814
68 100 8.9082754437651
68 300 15.3864542748786
68 1000 16.9155799292089
69 0 6.38889568892629
69 100 6.15077102810428
69 300 14.048500290399
69 1000 18.5619371469215
70 0 4.81567783925317
70 100 7.68751006684864
70 300 8.08599143573591
70 1000 10.37632446902
71 0 4.35950885834383
71 100 4.81761919830363
71 300 4.39514292074371
71 1000 6.2838414357565
72 0 3.06796762765369
72 100 3.87872690238384
72 300 9.25790394184155
72 1000 29.4519784188645
73 0 5.00473319618479
73 100 6.11663297136504
73 300 5.25168222580479
73 1000 12.6107517736227
74 0 3.80617504677254
74 100 10.4453126625862
74 300 22.4497908831515
74 1000 21.3087970674538
75 0 6.55785039439189
75 100 6.41695659593896
75 300 6.79695549510517
75 1000 9.98734568791434
76 0 4.99359920143662
76 100 6.68347101656968
76 300 17.1036655644655
76 1000 46.8129071150076
77 0 4.34516897464761
77 100 3.9420585116877
77 300 7.65793342442003
77 1000 61.60311542809
78 0 4.02763668625167
78 100 3.54167139906179
78 300 4.23366954570557
78 1000 7.5932952671449
79 0 4.92658908282496
79 100 6.54938848701949
79 300 7.71845491808626
79 1000 16.6354833756647
80 0 4.33257224699801
80 100 4.34167986274005
80 300 11.4914676567399
80 1000 24.5778249806717
81 0 5.75238423798442
81 100 4.91494475582882
81 300 5.38638126529446
81 1000 11.4972197940111
82 0 2.97448687276073
82 100 3.78746514607399
82 300 6.27761765947236
82 1000 43.1509067286193
83 0 3.07543069642345
83 100 5.26076006129264
83 300 23.5071761157141
83 1000 30.2092312730912
84 0 4.37552112883867
84 100 5.56954575889302
84 300 13.94678764997
84 1000 18.0540102879281
85 0 3.34107532006363
85 100 3.7384175155913
85 300 4.66939306986493
85 1000 17.6960066748496
86 0 8.09034612210678
86 100 8.93860098897125
86 300 18.8320759877286
86 1000 38.9750813402879
87 0 6.64673635566069
87 100 5.26602854903361
87 300 6.7284055600693
87 1000 11.4786054483559
88 0 5.44773155565137
88 100 9.09122391098466
88 300 12.4809370382288
88 1000 15.036740184067
89 0 5.99780732256731
89 100 15.2915109853435
89 300 37.842533310025
89 1000 41.6103201072826
90 0 5.87981370512401
90 100 6.40018137454101
90 300 9.27271644681325
90 1000 49.9091176355132
91 0 5.62865884944169
91 100 5.62989613113714
91 300 6.09474771104152
91 1000 17.5445833076223
92 0 6.0904211538018
92 100 14.192944911277
92 300 37.8780916285967
92 1000 41.4779000635941
93 0 7.20001420836851
93 100 7.74519851947639
93 300 8.3495535608345
93 1000 39.6239649465073
94 0 3.33345220164749
94 100 3.18415899072706
94 300 9.59842037823311
94 1000 35.8289007173747
95 0 5.02627169797906
95 100 4.89814071640001
95 300 8.80385548802217
95 1000 25.5541139752012
96 0 7.00650058408312
96 100 6.21186051778959
96 300 8.34530147431498
96 1000 28.4474766428042
97 0 5.07639383462855
97 100 6.68486488885955
97 300 9.67271751484763
97 1000 20.2910480243177
98 0 6.79001377138396
98 100 6.77648369832616
98 300 10.2441043467089
98 1000 29.9758241686876
99 0 3.82112365738674
99 100 5.09079342544971
99 300 15.6150489947203
99 1000 32.3790262817345
100 0 4.13195555823546
100 100 4.43071189921768
100 300 6.53192646498607
100 1000 13.1778887203056
