id dose y
1 0 3.96309606879883
1 100 3.68737004175067
1 300 8.043075020802
1 1000 24.747589448015
2 0 3.80977075722957
2 100 4.23344385378437
2 300 8.55758919709108
2 1000 26.9410389894116
3 0 2.05701954393475
3 100 2.49279639052383
3 300 8.97410679273338
3 1000 34.3924538663777
4 0 5.52308536826461
4 100 4.48059208080613
4 300 6.38428180720258
4 1000 26.7248292995005
5 0 4.12159115036831
5 100 6.7539904605657
5 300 16.103737128193
5 1000 17.2673390463749
6 0 3.31053052677584
6 100 2.98148792323021
6 300 3.54879083550861
6 1000 8.19841414718085
7 0 3.93317374275545
7 100 8.5519983504381
7 300 21.5121977210866
7 1000 23.3864643734533
8 0 3.48429963712169
8 100 3.2156572909977
8 300 7.09156903172926
8 1000 40.0878309543335
9 0 4.52810361015134
9 100 4.40977218416156
9 300 10.2666195566188
9 1000 16.8176128981818
10 0 4.66478854657917
10 100 7.34027047640816
10 300 24.5907941993569
10 1000 26.8681659554441
11 0 3.07366849868422
11 100 2.97913993180391
11 300 5.5075152701677
11 1000 29.0766356445046
12 0 6.34221310606558
12 100 7.5754605723146
12 300 9.3731892763198
12 1000 29.3093629591481
13 0 4.4350713125105
13 100 4.49066068185009
13 300 5.67619964193325
13 1000 24.2476207751989
14 0 7.25198894634143
14 100 7.95849687159471
14 300 15.9279272642153
14 1000 82.6269243098894
15 0 2.25464734118554
15 100 3.67205376077817
15 300 10.4524662873429
15 1000 37.3928531284701
16 0 4.69389746488671
16 100 17.04515512627
16 300 20.6322710038967
16 1000 22.6268140929897
17 0 2.9179432957661
17 100 6.06595660372715
17 300 10.5048252865344
17 1000 10.5483046591298
18 0 3.84891217420282
18 100 4.91444348367611
18 300 10.5987776947376
18 1000 24.8998555794381
19 0 5.88538024472409
19 100 5.21447820227863
19 300 16.4847004262554
19 1000 66.4444376842365
20 0 4.0100930089007
20 100 6.80148075974284
20 300 10.3387806212758
20 1000 10.1142062331402
21 0 7.39433378662376
21 100 8.01617438953466
21 300 13.9821260780955
21 1000 21.6954551619624
22 0 7.26685369799595
22 100 6.85901145056747
22 300 13.280923460892
22 1000 48.0538243134331
23 0 4.07733402041445
23 100 5.24166485402214
23 300 12.8834047717779
23 1000 22.6031587018766
24 0 3.67147020382313
24 100 3.96586186505153
24 300 5.89443841846577
24 1000 20.7198486465205
25 0 4.20394412094687
25 100 4.64988278620468
25 300 7.47777285230667
25 1000 17.7970395659417
26 0 4.89326871277791
26 100 4.35060581403349
26 300 10.7760329526451
26 1000 65.4910387492902
27 0 7.80867600986925
27 100 7.98517171602105
27 300 9.94465823813083
27 1000 36.2041736354434
28 0 7.38345943343327
28 100 6.74394857929129
28 300 7.58941426687201
28 1000 19.4844764658734
29 0 4.9732495467128
29 100 5.6329704655291
29 300 25.4055592528579
29 1000 39.4134968338731
30 0 6.57533554653268
30 100 7.43281521258301
30 300 8.52606867196611
30 1000 31.5661880776035
31 0 3.5132288059345
31 100 2.68081070575279
31 300 6.55138344088294
31 1000 27.8120499781873
32 0 4.24548810768269
32 100 3.84646144294772
32 300 7.23998403156018
32 1000 51.7135403430291
33 0 3.37030012644245
33 100 9.56952751990619
33 300 16.9199763798971
33 1000 21.2537008460334
34 0 7.96640428909197
34 100 7.00895764846278
34 300 16.9260792930266
34 1000 26.5707605696211
35 0 2.57631285441877
35 100 2.52187446508022
35 300 5.5647387265218
35 1000 13.2025772163153
36 0 5.36078831677586
36 100 5.87546158718883
36 300 6.85031720008572
36 1000 43.1605191159879
37 0 3.96283922687319
37 100 5.53907357443863
37 300 23.8878630891265
37 1000 33.5941411007745
38 0 3.89371572657027
38 100 4.20404361799731
38 300 6.23456040802013
38 1000 26.3963642793182
39 0 4.8166410965788
39 100 5.53677483241567
39 300 25.9597107208262
39 1000 61.6124491208463
40 0 3.37564529024418
40 100 3.69275057839918
40 300 4.87873153561399
40 1000 31.2870722688026
41 0 2.06147854362077
41 100 2.64182586439244
41 300 3.06118279613377
41 1000 17.9723854784716
42 0 4.87551294588306
42 100 5.02410754254167
42 300 4.82442768810892
42 1000 18.4839361799424
43 0 5.55247088376442
43 100 5.16558841645726
43 300 7.04038228236634
43 1000 34.7663695006327
44 0 4.89236796791407
44 100 4.74780377328608
44 300 11.6421060339084
44 1000 21.4499691070843
45 0 4.67224791844461
45 100 5.07650901156364
45 300 7.86208284740065
45 1000 24.161234382945
46 0 5.93557304586641
46 100 6.24492628117838
46 300 14.5551438458341
46 1000 32.9218188955797
47 0 4.22774450763777
47 100 7.16335329244506
47 300 16.1086026934296
47 1000 22.8279602221621
48 0 7.25005065001322
48 100 7.77150500378431
48 300 10.8874981182885
48 1000 53.1600055391005
49 0 3.65959312079079
49 100 4.51382383232355
49 300 10.0650319863278
49 1000 54.4383117578223
50 0 5.10982386884657
50 100 5.31642128651998
50 300 6.54975219442072
50 1000 9.88474551469434
51 0 4.64781351455059
51 100 5.1370082347639
51 300 15.5376167784931
51 1000 68.4321702484126
52 0 3.98294119039172
52 100 3.67472926645978
52 300 12.9433662071659
52 1000 34.6840306505004
53 0 6.33432227185776
53 100 7.67611558511932
53 300 17.6873676876617
53 1000 37.5342530411666
54 0 4.3218666482556
54 100 4.29644738457493
54 300 10.0390702280555
54 1000 18.3455983178053
55 0 4.17896615830562
55 100 4.57084531023129
55 300 8.61312591589934
55 1000 13.5087387007965
56 0 9.1811296856168
56 100 8.41785783037865
56 300 13.559932827019
56 1000 36.9988321100101
57 0 2.19209359578646
57 100 3.12393563334539
57 300 7.2040085027122
57 1000 16.7965632860451
58 0 4.72984426953383
58 100 6.87224543296302
58 300 6.55837200290174
58 1000 21.9025670339391
59 0 7.40422540660381
59 100 10.7937952079382
59 300 32.7302970961948
59 1000 41.5579264416004
60 0 4.94108604109281
60 100 4.97314186278863
60 300 15.6814282778022
60 1000 34.61103440651
61 0 4.3906858667931
61 100 5.4620418151101
61 300 14.8876718518551
61 1000 39.8652244048752
62 0 11.594742202651
62 100 14.541884858916
62 300 35.0726188218562
62 1000 44.5402946075814
63 0 2.92380601602485
63 100 3.10804248709409
63 300 4.05533387930823
63 1000 30.4874645690153
64 0 6.36117013433035
64 100 5.88151267606816
64 300 15.3753244684351
64 1000 60.5557447105191
65 0 6.04260085899702
65 100 9.03011774298219
65 300 7.60286607431244
65 1000 20.4412777137121
66 0 4.58115588187223
66 100 5.35820470646481
66 300 6.20661776220996
66 1000 29.0285839711496
67 0 5.1544708417344
67 100 5.95771425695717
67 300 15.05634476927
67 1000 75.6517865988913
68 0 3.16636942532452
68 100 6.30263212660355
68 300 8.43664241598987
68 1000 6.82968940966305
69 0 2.48846426462168
69 100 2.7705553444102
69 300 13.6438821026967
69 1000 55.2250993094795
70 0 3.92656264531495
70 100 6.12447464649447
70 300 21.9799588645815
70 1000 22.1924555895031
71 0 4.2677978368351
71 100 5.41314406251816
71 300 16.7513259325936
71 1000 31.7239534758414
72 0 6.13735132009184
72 100 6.30500561749226
72 300 8.49619094744702
72 1000 12.3509551757865
73 0 3.85271474639216
73 100 12.2517964071036
73 300 16.3605353676406
73 1000 19.8132503590491
74 0 4.45735032076031
74 100 4.99152602650402
74 300 6.56785820714433
74 1000 28.916916728118
75 0 5.11956677324777
75 100 8.76322818048833
75 300 31.2637636814656
75 1000 38.2002168867495
76 0 3.38837112804309
76 100 3.25996160640779
76 300 8.5837003196506
76 1000 15.6018801483445
77 0 4.47349547897121
77 100 8.234224607391
77 300 21.9718155594136
77 1000 26.6233382339553
78 0 3.9243266316492
78 100 3.89285619890233
78 300 6.52753340086669
78 1000 26.6123149680433
79 0 5.04843395395917
79 100 6.83320300591307
79 300 34.9243658919149
79 1000 36.2587138812786
80 0 4.78909617776846
80 100 5.76437431663977
80 300 5.69643130322197
80 1000 9.02032383492123
81 0 5.36796749871205
81 100 7.84802552269754
81 300 7.89986294633541
81 1000 20.3810198701816
82 0 3.81486641179976
82 100 5.7330308735012
82 300 23.3396428430014
82 1000 25.7923450605736
83 0 3.70742395006103
83 100 3.50302504352978
83 300 5.4121164176482
83 1000 27.2436987299052
84 0 6.60265496982858
84 100 9.29537537394734
84 300 22.2702724419582
84 1000 58.4253022901532
85 0 6.2474170487462
85 100 6.16026199606691
85 300 21.773623647024
85 1000 49.8658353842073
86 0 3.22217565892759
86 100 2.74550998818686
86 300 4.38534043012467
86 1000 21.7390581714049
87 0 6.0701459297145
87 100 4.71327270031852
87 300 18.4481181532861
87 1000 45.6356528945968
88 0 7.13894918950624
88 100 6.43857503847654
88 300 9.6829843602634
88 1000 49.6781370231236
89 0 4.0237983841019
89 100 3.08791209963358
89 300 8.1551425815385
89 1000 13.9491688678461
90 0 6.27608015777672
90 100 8.11075087517345
90 300 11.1540688448901
90 1000 12.3457469796366
91 0 7.1344524859503
91 100 7.13261407174642
91 300 13.1551690641187
91 1000 77.9162137713085
92 0 4.75852045837182
92 100 4.66506143544616
92 300 18.0013524981328
92 1000 37.6464010280407
93 0 5.52463160819158
93 100 5.2059311079869
93 300 11.7939427059346
93 1000 33.8418441284656
94 0 4.64766959112724
94 100 5.33612348564133
94 300 13.6919028653465
94 1000 16.5634628087382
95 0 4.06471807994278
95 100 16.7104083396322
95 300 28.1826622450792
95 1000 29.5153028767474
96 0 5.90005548243794
96 100 6.92791626687771
96 300 7.32002847364908
96 1000 19.0145066979503
97 0 3.60427432325022
97 100 5.59130549328172
97 300 35.9989802600062
97 1000 77.5846253997956
98 0 5.451213131841
98 100 6.38359818475029
98 300 6.86577165176992
98 1000 13.8278557398235
99 0 6.6665195110062
99 100 8.3000808236042
99 300 13.7828261115653
99 1000 52.6890477708977
100 0 4.05158514165995
100 100 3.8689100670783
100 300 8.33375270637522
100 1000 13.1854258240265
