id dose y
1 0 5.37017684363426
1 100 6.41627417443845
1 300 7.11860088146447
1 1000 16.3059211380932
2 0 3.62768894075186
2 100 6.13809789672065
2 300 24.4753364462147
2 1000 45.3610949709734
3 0 4.90977227521401
3 100 4.97863058158249
3 300 9.93576275140178
3 1000 28.0197612345339
4 0 4.30229417504083
4 100 4.21989487427607
4 300 5.6647004983255
4 1000 9.78369082634406
5 0 5.40092480760376
5 100 5.24165602022843
5 300 6.05297670397868
5 1000 32.5605732697092
6 0 6.86689833602429
6 100 5.83396158587711
6 300 18.1722076855597
6 1000 26.5197957927317
7 0 8.99339760105405
7 100 9.04678849770975
7 300 9.47138540652484
7 1000 13.7453621232489
8 0 6.05252019064669
8 100 6.54099833376144
8 300 6.93410057655242
8 1000 22.6331208951807
9 0 6.28057363899278
9 100 8.07567134751014
9 300 7.42632418935485
9 1000 33.476898936546
10 0 3.18282344717249
10 100 4.41723523873821
10 300 18.9300482725476
10 1000 33.8595193720319
11 0 4.44166689950159
11 100 5.60188819916196
11 300 9.31985983525242
11 1000 26.3804087553401
12 0 4.51054684137977
12 100 5.88604620622491
12 300 8.33429330090425
12 1000 35.4520053775766
13 0 4.0478578375287
13 100 6.63947230870125
13 300 41.0429135564951
13 1000 55.8524531111976
14 0 3.2566194499733
14 100 6.64039881663235
14 300 16.8534387789652
14 1000 27.6911646866842
15 0 4.92178133220344
15 100 6.34541038834202
15 300 6.56276802551606
15 1000 36.3620928475687
16 0 8.56043010996959
16 100 8.87295471272452
16 300 14.6941557844116
16 1000 31.9515091914947
17 0 5.53417939509339
17 100 6.94855723357565
17 300 26.2706725080419
17 1000 40.3051326364177
18 0 4.10428359930913
18 100 6.24111226252929
18 300 16.1359028890139
18 1000 19.9188174683999
19 0 8.50286222177482
19 100 7.86885968417706
19 300 11.2043306970105
19 1000 35.1213534461399
20 0 3.72226352403331
20 100 4.07188131646972
20 300 4.90370628378475
20 1000 20.8043784374028
21 0 3.9959253682751
21 100 4.22680912801166
21 300 6.92818159767533
21 1000 60.9048752251007
22 0 4.63229269485196
22 100 4.72808846850014
22 300 5.52537100143847
22 1000 41.917344364055
23 0 4.3065427925289
23 100 4.7826537438592
23 300 11.6894531491943
23 1000 23.5590357726896
24 0 4.13485362542787
24 100 5.08240062388034
24 300 9.22894252498594
24 1000 38.1944335533576
25 0 4.15423939000509
25 100 5.46815368334658
25 300 12.1970004299792
25 1000 22.2377253535588
26 0 5.2031376235473
26 100 5.55137556354303
26 300 14.0154462494342
26 1000 24.8964743788314
27 0 4.78448178632683
27 100 6.4103551354812
27 300 13.9918715206496
27 1000 18.454477071689
28 0 4.67937112147452
28 100 6.21032936087719
28 300 12.4487870655805
28 1000 45.4668888263228
29 0 5.10735693247596
29 100 5.69161137234131
29 300 17.7808953589839
29 1000 23.5384497623461
30 0 3.60493806578519
30 100 3.50513721595781
30 300 8.43295834832547
30 1000 32.882124275721
31 0 4.69681722442964
31 100 7.40214250544411
31 300 55.4075548553407
31 1000 91.3166047366374
32 0 6.45017903695504
32 100 8.48952054296435
32 300 16.6252636822797
32 1000 33.3380803307644
33 0 3.66277232157958
33 100 5.10298739150913
33 300 7.22110942975204
33 1000 20.5764643132009
34 0 4.10158953754198
34 100 5.31018670475229
34 300 5.09942216016348
34 1000 26.2367734736401
35 0 5.50259802630929
35 100 6.55248673220312
35 300 6.5732342187484
35 1000 24.5261012680919
36 0 5.05383437761317
36 100 4.38980211003951
36 300 8.58855193851499
36 1000 26.8030517222262
37 0 5.01341475834401
37 100 9.49351124475311
37 300 32.8191988583649
37 1000 37.8916712165599
38 0 4.816998204385
38 100 5.35316821019789
38 300 18.0671461829431
38 1000 33.2464111347932
39 0 3.64583353430034
39 100 3.81597272164641
39 300 4.40937802629363
39 1000 32.1223970065061
40 0 8.80537795349676
40 100 8.4612794412171
40 300 12.1276599379369
40 1000 47.0118510934173
41 0 6.38941410953398
41 100 6.08500941560166
41 300 8.38492752741415
41 1000 24.518914447579
42 0 3.51163418437156
42 100 3.88362734491249
42 300 6.8979773543821
42 1000 19.2385186846221
43 0 3.74329384985302
43 100 5.05618178785743
43 300 17.8836779590929
43 1000 47.7195657450529
44 0 5.52116003262984
44 100 8.77222939720304
44 300 17.0271059602931
44 1000 18.4547036496603
45 0 8.09699612167678
45 100 9.84077420137283
45 300 21.2429476413307
45 1000 27.4722930582378
46 0 5.20412440205843
46 100 4.34967939594175
46 300 9.45197612096402
46 1000 16.9749968596957
47 0 6.05987541883309
47 100 5.79778798758618
47 300 9.79829025592909
47 1000 27.1825212502201
48 0 8.9519560667618
48 100 7.88744021639162
48 300 19.7071848924298
48 1000 33.3431837888022
49 0 4.62049979017236
49 100 4.40062801078607
49 300 4.13085135769611
49 1000 6.4597808284883
50 0 4.9219711508688
50 100 4.40564182013357
50 300 8.34483359201594
50 1000 27.4815552446374
51 0 5.11574403926848
51 100 6.33650985226307
51 300 15.2944398096185
51 1000 52.8637048742388
52 0 3.19695096955516
52 100 5.86239887896815
52 300 23.3542296875979
52 1000 34.9109275821208
53 0 6.14502825720534
53 100 6.52761037406166
53 300 9.26404431695036
53 1000 38.8440745095747
54 0 4.7173495842289
54 100 5.76757797491486
54 300 13.4891717054139
54 1000 34.9707855524177
55 0 7.42970766322868
55 100 6.96043994224724
55 300 7.54496354914378
55 1000 18.0318261706506
56 0 7.12257021221655
56 100 6.19229638828641
56 300 11.3212068684475
56 1000 34.6286481868568
57 0 4.49985204752843
57 100 5.48823474537987
57 300 9.02241334016459
57 1000 47.566678931074
58 0 4.60288916603155
58 100 3.42573783322255
58 300 6.18387521793557
58 1000 32.0732664414533
59 0 3.22369842819864
59 100 3.49933718533282
59 300 4.58607732921624
59 1000 9.07935737976231
60 0 5.4656367302376
60 100 6.02164140386589
60 300 15.7455590609579
60 1000 40.6258516994375
61 0 4.54828699385649
61 100 5.08384509710724
61 300 5.8792145305182
61 1000 19.6420736651552
62 0 7.15144193956195
62 100 5.9837424138246
62 300 10.5374513044299
62 1000 24.6830395698713
63 0 3.49354469979694
63 100 3.28640989178133
63 300 5.13669722633569
63 1000 34.9882772904608
64 0 5.55655103275513
64 100 5.42325303331863
64 300 9.13250087221171
64 1000 19.4693443499318
65 0 6.51441020029543
65 100 11.8717015809733
65 300 39.2175782186695
65 1000 41.9841611223448
66 0 6.83608519966071
66 100 6.4635888824403
66 300 8.80078842562656
66 1000 34.3289036754383
67 0 3.84560422344036
67 100 3.53642695269555
67 300 4.1263619811718
67 1000 21.4989455236767
68 0 3.61993870417382
68 100 4.52162279837787
68 300 22.7401938775648
68 1000 46.6259712553243
69 0 6.100505060087
69 100 7.04971078348038
69 300 10.6386270445383
69 1000 49.8159339145866
70 0 8.67026346389817
70 100 8.44093415723281
70 300 15.9265771584459
70 1000 16.6808229240659
71 0 6.11707964762219
71 100 4.01988674227525
71 300 8.47580381441901
71 1000 36.034549975107
72 0 3.65517625506008
72 100 4.04049604987782
72 300 4.25379184941735
72 1000 9.34666405572825
73 0 3.57367380899959
73 100 3.96397254328581
73 300 14.7480662670386
73 1000 19.6529957238712
74 0 3.93520066745809
74 100 4.75294709477315
74 300 9.10148614890884
74 1000 42.4791277261277
75 0 4.70499630942657
75 100 14.1698456028244
75 300 21.535221484844
75 1000 21.8117682369494
76 0 4.71155512868249
76 100 6.28025584751466
76 300 13.4165830556803
76 1000 13.5712051568462
77 0 5.30958806681185
77 100 5.63698599152288
77 300 6.5548616495618
77 1000 21.8466451383923
78 0 3.8189938688629
78 100 4.07436271422804
78 300 13.0670112252246
78 1000 61.4724761931245
79 0 6.40011000782842
79 100 7.54040334235263
79 300 7.92675134801459
79 1000 21.382423086308
80 0 3.51733975943678
80 100 3.40199031552177
80 300 11.960616097863
80 1000 29.2382954289031
81 0 4.4733958554292
81 100 5.36445360035798
81 300 16.1658835637275
81 1000 57.3949407819915
82 0 5.05222650783841
82 100 5.23846067548844
82 300 12.6164567033061
82 1000 43.0978295269931
83 0 3.62974918287861
83 100 2.90924402841302
83 300 4.65274923406652
83 1000 18.6903994021001
84 0 6.81346046431891
84 100 6.96774994484401
84 300 7.54059342658871
84 1000 17.9537619464002
85 0 7.01585605355217
85 100 7.50676193145932
85 300 8.10396023079122
85 1000 18.8295647419104
86 0 5.75587426322284
86 100 5.85141689721319
86 300 7.02711780672088
86 1000 10.0794630155049
87 0 6.08747801930781
87 100 5.89668754591068
87 300 8.73653745962645
87 1000 17.5995015916774
88 0 5.64214874663303
88 100 5.84940208031154
88 300 7.66293365332993
88 1000 45.6143464743643
89 0 6.54774359492698
89 100 5.41852733892121
89 300 7.6772253563175
89 1000 11.4473040132136
90 0 4.8661829908578
90 100 5.83103743321524
90 300 6.45095560883732
90 1000 16.9115676553111
91 0 5.35279336656072
91 100 6.79653157009501
91 300 8.45114173417794
91 1000 14.1776305896491
92 0 9.27000542484922
92 100 7.64624695008285
92 300 15.683989111402
92 1000 23.8300803726854
93 0 2.81682260633404
93 100 3.82375273287748
93 300 11.4103868863737
93 1000 21.1453109482827
94 0 8.31783518334797
94 100 9.32704373572276
94 300 12.1008404281209
94 1000 31.071103973784
95 0 4.21562801674136
95 100 4.91877903923577
95 300 13.0868411688794
95 1000 82.7090415837339
96 0 5.45953719888837
96 100 7.13702323579789
96 300 9.87016946968064
96 1000 14.9903691266406
97 0 8.0998295325808
97 100 9.08253658791295
97 300 7.57621749483529
97 1000 8.19587291019283
98 0 4.77718085434614
98 100 6.73325017875212
98 300 20.7290043923957
98 1000 22.0157006012537
99 0 4.56076801781607
99 100 5.2112580337791
99 300 12.2086060201495
99 1000 13.1495996990113
100 0 4.80930569659905
100 100 8.43584671156788
100 300 21.6790685395961
100 1000 23.9224459130134
