id dose y
1 0 4.84249390167103
1 100 4.41535724253121
1 300 6.78080535077998
1 1000 20.6700712162578
2 0 4.5225717199977
2 100 4.4661826745142
2 300 5.68990155823641
2 1000 15.2373182848416
3 0 7.18301024759766
3 100 6.44858629566364
3 300 7.73483495134007
3 1000 26.7250598716148
4 0 2.61311622559012
4 100 8.54725368547803
4 300 21.9057217327441
4 1000 17.534136943308
5 0 5.91750922999161
5 100 5.54733709124771
5 300 19.9708663443172
5 1000 53.2647280387894
6 0 4.73731307508575
6 100 6.95453669080575
6 300 16.9474627808818
6 1000 94.2821092090299
7 0 3.42449146064687
7 100 10.0054409793102
7 300 29.8890061467932
7 1000 32.6772088148968
8 0 6.04044157580287
8 100 7.93808906819649
8 300 19.3728157154433
8 1000 87.6889215588289
9 0 4.45943615593366
9 100 4.98508339231358
9 300 12.8829828686993
9 1000 19.572682193013
10 0 4.62319046493453
10 100 6.02347548763715
10 300 32.3334187393091
10 1000 55.4124273774772
11 0 2.6998501530174
11 100 3.80943857932383
11 300 21.5492600623291
11 1000 59.3091237878998
12 0 3.03752193205857
12 100 3.3653441275402
12 300 3.79059556915095
12 1000 13.406489654066
13 0 4.78232661716342
13 100 3.95329611675378
13 300 6.4624609011046
13 1000 34.103134012026
14 0 3.89313407635677
14 100 4.54370795435962
14 300 4.89022566629856
14 1000 33.7244091406827
15 0 2.75831480267131
15 100 3.34622144865595
15 300 7.72075101671604
15 1000 25.2849918607761
16 0 3.88226366010844
16 100 4.63394948629124
16 300 6.86774868931482
16 1000 16.5280366040828
17 0 8.18151315976543
17 100 10.2267443173918
17 300 14.8255986948086
17 1000 16.8457275753153
18 0 3.54673675501253
18 100 4.34763725412428
18 300 12.3455357459342
18 1000 59.5308511515964
19 0 8.47931400273143
19 100 9.19707013113062
19 300 9.32118070934433
19 1000 34.5221347624028
20 0 4.82536386617163
20 100 6.39635822973182
20 300 24.1091917064225
20 1000 41.6102977425454
21 0 5.53719094858441
21 100 6.2520507178326
21 300 7.32872616340495
21 1000 27.5450078839835
22 0 4.3575485660745
22 100 4.63177887169406
22 300 8.03341876497188
22 1000 61.8663284148839
23 0 4.92633513946757
23 100 4.63266950374629
23 300 6.60110548562843
23 1000 37.8983397571272
24 0 5.93070206787017
24 100 5.70899792105115
24 300 22.6326137417848
24 1000 31.5256013576674
25 0 5.19654266906947
25 100 7.22120448929094
25 300 23.2552255184485
25 1000 31.1292690972441
26 0 6.20756764874165
26 100 6.08352013688946
26 300 5.68541664672629
26 1000 24.2931198305792
27 0 9.63391237434756
27 100 10.754764971574
27 300 11.9483002879792
27 1000 15.5191188316529
28 0 4.21978341240426
28 100 4.1506854236957
28 300 9.21741490454624
28 1000 68.3289425525081
29 0 4.75727761312065
29 100 4.05748442225616
29 300 5.70285950037977
29 1000 19.3397000945918
30 0 4.31384419733138
30 100 4.3084058627451
30 300 6.75243452051509
30 1000 53.3696956009999
31 0 8.73716553938494
31 100 5.90174943936838
31 300 10.3202869703974
31 1000 22.4272833940799
32 0 3.4805395081392
32 100 3.57160615826787
32 300 4.49711407874786
32 1000 20.6715210500841
33 0 4.47894925091655
33 100 4.55614145019953
33 300 6.33077125091513
33 1000 23.7793464684441
34 0 7.06969186561451
34 100 6.06834181356944
34 300 5.63117897064325
34 1000 15.9771215498571
35 0 3.52781661593039
35 100 2.99081960212738
35 300 4.49669281125028
35 1000 11.0881984504371
36 0 5.87455184102142
36 100 5.52391631023838
36 300 8.91667612732813
36 1000 25.8386135128549
37 0 7.85936544508061
37 100 7.79685531946236
37 300 8.20729224323555
37 1000 16.647596180487
38 0 3.88315221623508
38 100 4.38550275610666
38 300 9.99340803772037
38 1000 21.7673555312413
39 0 5.39878461341257
39 100 6.17814427808184
39 300 5.93669221095846
39 1000 17.6168525906361
40 0 3.7616996718297
40 100 4.41127463742701
40 300 6.34761122430096
40 1000 28.1030273571376
41 0 3.12121494678509
41 100 7.97090493192353
41 300 28.5735870829047
41 1000 47.737257907134
42 0 9.3817456646222
42 100 7.90631702344094
42 300 9.54543689759666
42 1000 26.5826970714386
43 0 9.3309405541077
43 100 10.7915370826435
43 300 20.5733798207499
43 1000 33.1157591434645
44 0 4.30514351760748
44 100 4.1449661005398
44 300 8.06282504907262
44 1000 36.0726221937744
45 0 9.01613016309481
45 100 6.21804201759608
45 300 12.4971008018233
45 1000 13.5783681801314
46 0 7.3119099206484
46 100 8.43934588957136
46 300 28.3654907014802
46 1000 41.4408257801093
47 0 4.33333025296764
47 100 5.00555001364288
47 300 13.9497123012404
47 1000 138.376761574331
48 0 4.69756737752533
48 100 4.5701054511811
48 300 7.46867336861613
48 1000 18.7303867646337
49 0 3.15888006849776
49 100 3.63945859865249
49 300 4.31082995867833
49 1000 14.0555965398451
50 0 3.70609382758509
50 100 4.50808402035883
50 300 6.91226646358877
50 1000 25.1239840664933
51 0 5.17401053537471
51 100 6.1234952488418
51 300 18.4912138242281
51 1000 46.7646531365833
52 0 4.480013776546
52 100 5.18073033603257
52 300 15.4906928680757
52 1000 19.5856867647055
53 0 2.87608788296747
53 100 3.19922243827492
53 300 4.87682860890309
53 1000 30.6082567147133
54 0 4.91050041743334
54 100 5.17649193432323
54 300 7.41439143089361
54 1000 18.1598150262675
55 0 4.60043366761918
55 100 5.29861880996322
55 300 6.63986755809594
55 1000 12.9349240870478
56 0 3.02482510576133
56 100 3.35255991105893
56 300 3.45214738131968
56 1000 14.6934311758193
57 0 5.93360355286375
57 100 14.0038155596199
57 300 28.8010210129076
57 1000 30.793924144835
58 0 11.6626956897486
58 100 10.1269554209355
58 300 11.5019825922197
58 1000 21.6196938841871
59 0 3.62706932332419
59 100 3.55755644445704
59 300 7.75804758657379
59 1000 14.5659231106056
60 0 7.22323890278036
60 100 7.01530457129137
60 300 11.6253297122482
60 1000 52.0317391110567
61 0 4.31733903883518
61 100 7.32270027160728
61 300 20.9438529424213
61 1000 26.8622967261923
62 0 7.61698482657386
62 100 8.5507651109577
62 300 13.1089624676706
62 1000 21.4493491085693
63 0 4.22895361912873
63 100 13.9878136254215
63 300 33.3898270004081
63 1000 44.3478201418147
64 0 4.88269013786788
64 100 5.81581982854282
64 300 6.23374082707465
64 1000 9.35703800987543
65 0 3.45666497265549
65 100 3.74895992510704
65 300 4.77356128133973
65 1000 9.76319979797602
66 0 6.01945829115247
66 100 6.69046239597578
66 300 15.6420825321528
66 1000 37.0773994499847
67 0 5.14813305892634
67 100 7.01381256514229
67 300 22.4649615661564
67 1000 32.0681960557962
68 0 4.02525456150404
68 100 4.17661782833082
68 300 20.5371456588478
68 1000 32.7918488366465
69 0 3.5739780928476
69 100 3.86515793721889
69 300 5.60175233662683
69 1000 25.3979434692269
70 0 6.45520096471989
70 100 7.7159063710704
70 300 20.1070243191864
70 1000 50.3590246503179
71 0 4.54577738358744
71 100 4.40162623197033
71 300 4.88940766911672
71 1000 11.0853988424107
72 0 3.90112551061042
72 100 5.1604251254706
72 300 13.6726324396967
72 1000 15.3843066330946
73 0 4.14741811268553
73 100 4.50828501587351
73 300 6.55007955565927
73 1000 20.0171385844101
74 0 4.22078345027068
74 100 4.46181081896422
74 300 15.5471316918877
74 1000 40.8584848111615
75 0 7.94871760192108
75 100 10.0635862836202
75 300 21.2058477648805
75 1000 18.2407250556293
76 0 5.33390478198357
76 100 5.41904520103977
76 300 7.72934962929921
76 1000 25.9199518511457
77 0 4.65648742664351
77 100 4.39222934513238
77 300 5.70389199073787
77 1000 8.2785126571732
78 0 7.67016379114346
78 100 10.2309901391341
78 300 16.1839784410811
78 1000 37.4637866396366
79 0 6.64423078265259
79 100 6.85860362331315
79 300 14.983774750584
79 1000 36.929324935727
80 0 7.76277259807886
80 100 7.24011483908244
80 300 14.8150442973011
80 1000 24.0617506267136
81 0 2.97085084157533
81 100 3.47126265647472
81 300 9.33201458925945
81 1000 34.3673761381563
82 0 3.58099891525142
82 100 5.69623634586565
82 300 34.2574082031202
82 1000 65.3767377151695
83 0 4.19200731532962
83 100 4.62167709764892
83 300 9.76057971554479
83 1000 61.1190128058436
84 0 3.99746585184262
84 100 2.8439643966342
84 300 6.87738097037289
84 1000 23.6394886078242
85 0 4.89462318540868
85 100 5.11683099220785
85 300 8.58697200867513
85 1000 48.9964721798655
86 0 6.02456067117481
86 100 6.59267006975723
86 300 7.14914194844814
86 1000 16.5431296968133
87 0 5.89937082371236
87 100 7.80213268750358
87 300 9.0194969233293
87 1000 8.18773372868175
88 0 6.33316537187554
88 100 7.86180026695569
88 300 11.2606924202195
88 1000 13.7252633289802
89 0 5.13046672755608
89 100 4.75231187133482
89 300 4.85049586033754
89 1000 11.7337917371059
90 0 8.65411267789591
90 100 9.63429628179454
90 300 41.4454996944919
90 1000 116.036881479052
91 0 5.9823575473695
91 100 6.73972144618974
91 300 10.0339885436958
91 1000 26.8201529566302
92 0 4.57513841318317
92 100 4.11720022504893
92 300 15.0264068086274
92 1000 37.1385121401288
93 0 5.13559940585132
93 100 4.90746071410781
93 300 5.93070823726958
93 1000 19.8557950724633
94 0 9.81191919342067
94 100 11.3328732622397
94 300 19.4757094791927
94 1000 43.9182751394994
95 0 5.88984096395909
95 100 5.71695204196631
95 300 9.54260976491105
95 1000 43.6139848974659
96 0 4.57941008672807
96 100 4.48634086441308
96 300 7.03506003671879
96 1000 26.1348690000347
97 0 6.44934298159843
97 100 6.32710928801181
97 300 15.2297163369968
97 1000 33.5502134598612
98 0 4.66560477708995
98 100 4.89390501811143
98 300 16.8192345795957
98 1000 78.1735061733851
99 0 3.57505557981819
99 100 3.48774587230246
99 300 5.26350092700454
99 1000 31.4098469294004
100 0 5.88024208681812
100 100 6.45418164713413
100 300 7.8567048882765
100 1000 30.7894454523651
