id dose y
1 0 5.59862717484144
1 100 5.03332088983785
1 300 5.45607770642155
1 1000 15.8322639696821
2 0 2.66737126333995
2 100 3.11507467543345
2 300 3.81649037632953
2 1000 18.497846811515
3 0 2.60434919762648
3 100 4.61991632342224
3 300 14.9750615503024
3 1000 20.7742999412653
4 0 6.70534247166814
4 100 4.99470022462822
4 300 6.23882867823583
4 1000 30.2583669446749
5 0 3.3054772844104
5 100 3.29994652006729
5 300 5.13417090048254
5 1000 41.1808279577562
6 0 5.12971104205541
6 100 6.25074817225754
6 300 9.80021323865146
6 1000 19.2746484561273
7 0 4.59023864920285
7 100 4.31392693503937
7 300 5.37251383109332
7 1000 14.1025472117389
8 0 6.33958987348987
8 100 6.17709436965746
8 300 18.454372306128
8 1000 35.0793656360534
9 0 5.60412261703745
9 100 7.39766131976115
9 300 16.8471496947225
9 1000 78.2444696987076
10 0 4.7188485648307
10 100 5.14924306682382
10 300 6.9426491465343
10 1000 25.5736497111559
11 0 5.88764543792728
11 100 8.52408139396269
11 300 15.6831406948079
11 1000 16.3360447935227
12 0 3.97114269463009
12 100 5.31118912712232
12 300 12.8951447767347
12 1000 15.2212773383999
13 0 3.3061805163106
13 100 4.10433494788863
13 300 19.2223967100826
13 1000 30.0912394804478
14 0 5.24046495922624
14 100 4.67403098837634
14 300 5.53749152428563
14 1000 9.92933895302658
15 0 2.95949957953589
15 100 3.39340454822112
15 300 10.8285619435424
15 1000 34.2210192181993
16 0 6.35041907702024
16 100 6.67304620007043
16 300 6.73590179253668
16 1000 16.188086866613
17 0 5.81216708613898
17 100 7.09453300190736
17 300 25.8583364382556
17 1000 85.3048469389698
18 0 7.05170937411653
18 100 10.2453851476154
18 300 21.0852381785275
18 1000 27.5498542122841
19 0 4.98447347543105
19 100 5.59691307019895
19 300 10.8303849483231
19 1000 43.7168353550925
20 0 4.9099677759723
20 100 4.10870864988554
20 300 8.96071054138747
20 1000 42.4221304903253
21 0 6.43320604027345
21 100 5.81283661705187
21 300 10.2756791544897
21 1000 18.8565753189511
22 0 5.40411366672934
22 100 4.77809286190875
22 300 5.16845170494667
22 1000 16.0417432081282
23 0 4.006338612406
23 100 4.33354526040114
23 300 4.24607373653245
23 1000 26.5051434146714
24 0 3.68409066357532
24 100 3.48391914808063
24 300 5.77613992884385
24 1000 16.3923149682288
25 0 6.25154792740977
25 100 6.21455512096846
25 300 6.55998300417594
25 1000 23.7943894272184
26 0 4.52945652376799
26 100 5.98391610829257
26 300 24.3781645903264
26 1000 54.7400845564501
27 0 3.48382863292
27 100 2.78153482762499
27 300 4.63507396933385
27 1000 29.4026931388902
28 0 4.08528750673671
28 100 4.64855592906965
28 300 10.5347733400569
28 1000 14.0493976634141
29 0 5.17480390785813
29 100 5.28827425246289
29 300 11.1435493984689
29 1000 13.5607401684554
30 0 3.05285793568141
30 100 2.7408390289422
30 300 7.40174708785626
30 1000 43.3300923643966
31 0 3.4496010108247
31 100 4.75626726985816
31 300 15.0801403133347
31 1000 18.7044615664464
32 0 7.67242990396809
32 100 6.37568358819122
32 300 11.3329189016509
32 1000 18.8764579732093
33 0 5.86396984172283
33 100 4.36727786308814
33 300 7.54143829389594
33 1000 50.2681413632738
34 0 7.68458649847757
34 100 6.59243173529611
34 300 6.54656540438006
34 1000 16.8632777761669
35 0 6.6579907387371
35 100 6.44521235506107
35 300 9.33009573926922
35 1000 11.0642598736084
36 0 4.23375606861379
36 100 4.33472092852707
36 300 6.99752721752588
36 1000 21.7449402414381
37 0 5.71302325365612
37 100 5.92267320741091
37 300 6.03999109159659
37 1000 19.9459242630967
38 0 3.97181226329152
38 100 4.38386943521121
38 300 8.91407109178078
38 1000 78.197502762408
39 0 7.62958080655789
39 100 9.16427624994517
39 300 15.0553218813228
39 1000 16.9010434773428
40 0 5.12202372214369
40 100 5.29836269844623
40 300 7.36967498005008
40 1000 17.1072832405949
41 0 7.37075946114682
41 100 8.14553999271458
41 300 10.5452009439999
41 1000 38.0308850148745
42 0 5.02257239025352
42 100 6.95051278269079
42 300 13.8562308976312
42 1000 26.0227233707763
43 0 3.75589663033233
43 100 4.86959274051082
43 300 8.98609258692097
43 1000 18.210997639067
44 0 4.57702652869986
44 100 4.83946930062422
44 300 5.83879400145231
44 1000 13.0542735368129
45 0 8.93785512296529
45 100 8.7958859501576
45 300 11.2913511764651
45 1000 52.8001673780854
46 0 3.49426297893982
46 100 2.77479483153472
46 300 4.24719666395701
46 1000 29.8644346496498
47 0 5.66473470342212
47 100 5.13301668764367
47 300 6.79879581471784
47 1000 38.0374937663122
48 0 4.19698390235964
48 100 2.85902758075551
48 300 7.84754155730671
48 1000 59.292767117672
49 0 4.98818898285246
49 100 4.96516003043036
49 300 8.98332924306323
49 1000 16.9428420128476
50 0 3.15191138041183
50 100 3.49955319378997
50 300 7.61568046576663
50 1000 28.2429975821948
51 0 5.92537322895557
51 100 5.696037023138
51 300 6.23486857040975
51 1000 38.8876146092111
52 0 6.32985218733005
52 100 8.07284390344824
52 300 14.8481586559433
52 1000 30.6275154859955
53 0 5.41607648460055
53 100 5.59730500982381
53 300 25.5143924229426
53 1000 80.7812106696075
54 0 2.81309103358771
54 100 3.72059472941088
54 300 7.07134387573939
54 1000 18.3522807250018
55 0 5.87454474274838
55 100 5.52175388208718
55 300 13.0014612185404
55 1000 26.5013215874673
56 0 3.26169649636572
56 100 4.64296875405012
56 300 4.97204563433673
56 1000 13.4533516462121
57 0 3.64887889337579
57 100 3.71930091310469
57 300 4.1853313424532
57 1000 13.6983204599856
58 0 4.10929095529893
58 100 5.05353182317862
58 300 8.84764747173999
58 1000 30.5277038032306
59 0 3.69816290497845
59 100 6.22953764069412
59 300 37.5412981640002
59 1000 85.0323987214979
60 0 5.75029749965073
60 100 7.06420220414533
60 300 10.7946964146648
60 1000 12.5681856019341
61 0 3.33309659765092
61 100 7.70236095293143
61 300 11.8101325794646
61 1000 10.7579422627099
62 0 4.27794998266682
62 100 4.97529410712187
62 300 6.78840572496773
62 1000 25.1161971018614
63 0 4.45547032807728
63 100 4.74600579593982
63 300 6.69176542131586
63 1000 38.4958174510468
64 0 11.9297921375502
64 100 9.33266035769092
64 300 14.0786747037571
64 1000 26.7056535448558
65 0 4.22096351213465
65 100 4.23178711688369
65 300 9.78395158821254
65 1000 38.8231308110987
66 0 3.7872288626199
66 100 5.07593783701383
66 300 9.38940477722715
66 1000 22.271184816147
67 0 5.53383180868878
67 100 3.84765045873613
67 300 5.14027510193
67 1000 5.78626608209474
68 0 4.84742092329892
68 100 5.33110190948921
68 300 9.88926685294931
68 1000 47.8608986004675
69 0 7.25191546202776
69 100 6.37329281633697
69 300 9.69689024598854
69 1000 26.4170749651709
70 0 6.40124888901178
70 100 6.10842419227695
70 300 16.3043937405378
70 1000 35.9454065461812
71 0 3.91225136876332
71 100 4.05080818555698
71 300 6.23170644999778
71 1000 27.7652461214512
72 0 6.73650698752073
72 100 5.90195803183441
72 300 11.0040390185987
72 1000 46.6608442863926
73 0 4.81070574405316
73 100 4.72716574977524
73 300 16.2184721084463
73 1000 26.774107793902
74 0 7.14333325014796
74 100 8.21071480550273
74 300 6.94832252114433
74 1000 20.5077182786467
75 0 2.36050459112952
75 100 2.74799812020076
75 300 6.74072023294159
75 1000 35.1295575258295
76 0 5.47182593712474
76 100 5.88049967056819
76 300 7.56735337058555
76 1000 34.2912586590689
77 0 3.55865599187874
77 100 8.32309558698053
77 300 34.1660888960316
77 1000 40.628021357081
78 0 3.90640036492576
78 100 4.40892827946788
78 300 5.92488840821372
78 1000 22.6709198899688
79 0 6.75772878449075
79 100 6.01415458851356
79 300 7.79130701875038
79 1000 19.428002248954
80 0 7.74521624221103
80 100 7.0759687874183
80 300 7.28960140860755
80 1000 17.7892184933146
81 0 4.97187796081999
81 100 5.52131854764422
81 300 23.5986009569714
81 1000 49.6080000582291
82 0 5.96184584633756
82 100 5.46041047725423
82 300 8.96260586981148
82 1000 25.3300663659381
83 0 3.54914253185732
83 100 6.19542469283674
83 300 9.66980530723409
83 1000 9.3621912838473
84 0 5.35983429320616
84 100 6.13703486804697
84 300 6.02258926082965
84 1000 16.9909457843882
85 0 6.56085320192066
85 100 6.16204924539317
85 300 7.49741501085467
85 1000 25.6168202296347
86 0 6.27352596770333
86 100 5.62091339387159
86 300 8.91251261650795
86 1000 39.7235377560131
87 0 7.56901616704892
87 100 8.68817876384029
87 300 14.7917472162025
87 1000 11.8660188658123
88 0 4.18156393742785
88 100 4.93142670790568
88 300 17.0863630316621
88 1000 28.1674988546833
89 0 4.13313422484917
89 100 11.8018004257973
89 300 21.6784949438087
89 1000 19.2051765883973
90 0 5.27694671555646
90 100 6.59579978088899
90 300 6.10666691715737
90 1000 13.3467756705833
91 0 3.51671141945305
91 100 4.6397266197666
91 300 12.1194780812524
91 1000 12.9125740556108
92 0 4.94922326504424
92 100 9.28735132810338
92 300 16.2346541383238
92 1000 22.3458435579652
93 0 6.22682915284228
93 100 5.77625955925642
93 300 11.9991176333568
93 1000 30.2583284322093
94 0 4.7186631011974
94 100 9.48274999064431
94 300 19.5595618463163
94 1000 23.5195719249418
95 0 6.29197658242204
95 100 6.44590796141718
95 300 8.33253640542123
95 1000 32.963974903711
96 0 11.6914473198353
96 100 11.2498502675248
96 300 14.7809044190202
96 1000 43.6288460483832
97 0 7.6822177861409
97 100 8.64228258710453
97 300 14.5167056791637
97 1000 76.1421933044426
98 0 6.96119232095437
98 100 6.77102405584983
98 300 13.4774459469611
98 1000 53.9279626370327
99 0 4.35297334682497
99 100 5.66988711570374
99 300 24.6896933125683
99 1000 43.3821534743776
100 0 8.12150224480918
100 100 7.64889626193263
100 300 12.8968805713983
100 1000 81.0712357498799
