id dose y
1 0 4.46141833470601
1 100 5.18307626517404
1 300 15.3256836126033
1 1000 21.9127084268794
2 0 5.72832496014078
2 100 6.75572511762065
2 300 17.0552351701819
2 1000 56.0426198665764
3 0 6.08102508788757
3 100 8.47103698199096
3 300 17.7456462255433
3 1000 28.9059257987883
4 0 5.43816830814892
4 100 6.89794060623676
4 300 22.0793062945304
4 1000 48.6534962159152
5 0 4.18799866116775
5 100 3.94319730618623
5 300 10.9445555814327
5 1000 13.3104235922788
6 0 3.38714203959532
6 100 3.19704420620268
6 300 5.05663063013464
6 1000 30.9940208326687
7 0 6.9305116468917
7 100 7.25672314687795
7 300 10.8354373173305
7 1000 21.7363149233226
8 0 6.08991982426671
8 100 7.07368906895186
8 300 9.64800538732115
8 1000 53.9163085163432
9 0 6.67905995655004
9 100 7.78182020315232
9 300 21.6117156637855
9 1000 42.2849254461113
10 0 3.50568645366313
10 100 3.50753060846694
10 300 4.26984155827474
10 1000 23.3123892921244
11 0 4.1799862001733
11 100 3.4875662326511
11 300 7.13794270512499
11 1000 63.7198123975453
12 0 8.36447946196887
12 100 8.91990553788051
12 300 14.5211483860232
12 1000 35.3624336372006
13 0 4.49149496838799
13 100 4.94756338561943
13 300 11.5139313012086
13 1000 27.025842787585
14 0 7.98326766273372
14 100 7.75433891323337
14 300 6.5786196149085
14 1000 13.956104406219
15 0 9.62941016210565
15 100 11.4598254597445
15 300 15.4884443020675
15 1000 22.2258909681879
16 0 6.37680658734583
16 100 6.6326189355969
16 300 11.7066712301238
16 1000 13.7424564855067
17 0 9.89595800773059
17 100 11.9993744452985
17 300 10.70454294898
17 1000 41.5389709374186
18 0 4.56210077239958
18 100 4.92823258666604
18 300 6.85997619391138
18 1000 36.1113067240237
19 0 3.55995853068205
19 100 4.31769600256964
19 300 8.82581227346543
19 1000 20.5590590398203
20 0 5.66404401950529
20 100 5.21703417106797
20 300 11.8897249460086
20 1000 21.7078263791058
21 0 6.12384248045811
21 100 5.1691722006759
21 300 6.74484713059412
21 1000 46.2380308436175
22 0 7.05074186431102
22 100 6.9795764334377
22 300 10.4387109755726
22 1000 24.7999330594898
23 0 8.79056783507795
23 100 8.8009648787634
23 300 11.9373030571802
23 1000 66.2929055306865
24 0 6.19816360636908
24 100 6.113781336759
24 300 12.9684947593396
24 1000 17.0294697309263
25 0 3.2757830985701
25 100 3.65004192172777
25 300 18.1584620498644
25 1000 27.7253566083036
26 0 4.37515259690257
26 100 15.2335350999453
26 300 33.2246100092005
26 1000 25.4707261417753
27 0 6.1074961998481
27 100 6.12895385164284
27 300 6.07759717151467
27 1000 23.4456789733045
28 0 7.40577132973467
28 100 8.01972659512226
28 300 6.95744591883576
28 1000 20.1131985143417
29 0 4.09343981399059
29 100 8.36135759307342
29 300 15.7336378847998
29 1000 16.9382964498322
30 0 2.4205176737127
30 100 3.13178716961679
30 300 9.09926859649432
30 1000 34.542172162178
31 0 3.55707716006991
31 100 4.04670039225461
31 300 4.72312921846292
31 1000 31.7441297534028
32 0 4.3847838053779
32 100 4.84784271798874
32 300 14.2188388654677
32 1000 26.4395200711207
33 0 5.97542386490547
33 100 5.80848125606391
33 300 6.85743867984668
33 1000 25.7271729107443
34 0 3.93896564149383
34 100 4.26424132886757
34 300 4.78858937527208
34 1000 36.7998855466024
35 0 4.59371614163787
35 100 4.82253253706388
35 300 5.79586236027731
35 1000 13.7974021973399
36 0 3.06564470582979
36 100 4.40474711032462
36 300 18.4130519303962
36 1000 41.2111380166091
37 0 5.22689811850031
37 100 6.6527753202662
37 300 12.432838348584
37 1000 32.5605575249374
38 0 2.42307031145753
38 100 3.03372439166201
38 300 6.26705050915202
38 1000 16.5624187026858
39 0 7.11458040284312
39 100 5.5895656441495
39 300 8.8853361481281
39 1000 19.1368498769921
40 0 9.86751032477366
40 100 10.3007789680291
40 300 24.838470094534
40 1000 45.771599559543
41 0 4.70326767844898
41 100 4.47792358341254
41 300 6.44611605875874
41 1000 30.6325613704394
42 0 5.61528491711985
42 100 6.52190535587663
42 300 7.36077495109624
42 1000 14.9417416905247
43 0 5.00080445368652
43 100 8.37385170490662
43 300 25.7020217135878
43 1000 37.7030373450704
44 0 6.06533533357165
44 100 9.11487397211238
44 300 35.3805631785932
44 1000 54.4992395563472
45 0 3.81809881836443
45 100 4.34492332605787
45 300 5.6605631314389
45 1000 23.8595059655033
46 0 5.28841699256262
46 100 5.53618783406105
46 300 4.55125322382563
46 1000 11.1753275076418
47 0 7.06123005915225
47 100 6.93755802368018
47 300 12.1089865146883
47 1000 73.6726262997056
48 0 8.44392813084758
48 100 6.58635596767559
48 300 8.48470288409214
48 1000 17.8302382165855
49 0 3.6370010896086
49 100 4.77181398855102
49 300 8.18225259465518
49 1000 62.4888932693796
50 0 8.65874687835406
50 100 8.1981353577182
50 300 12.892737963986
50 1000 32.0757097844876
51 0 3.62351226626768
51 100 2.6269501668025
51 300 6.00784240369887
51 1000 34.5298272358823
52 0 4.35885757148783
52 100 5.12001864540176
52 300 12.958109802869
52 1000 14.8014759197699
53 0 5.90785144250884
53 100 6.92029637155991
53 300 13.2617518262626
53 1000 30.7605153679651
54 0 4.02022586642408
54 100 4.40201963747197
54 300 10.9393522932714
54 1000 28.699825768576
55 0 4.27465878068488
55 100 5.35477578905836
55 300 7.56808857923065
55 1000 19.6082117530484
56 0 4.65595503943958
56 100 4.77463829908636
56 300 19.9965602683593
56 1000 33.5064432747289
57 0 3.73626347710496
57 100 3.51645284584247
57 300 4.49637636855095
57 1000 16.2099911181385
58 0 11.7792448954567
58 100 11.0540222376885
58 300 12.5710779062532
58 1000 34.7528220345189
59 0 3.30151682010582
59 100 5.34752216258645
59 300 22.1192157768659
59 1000 24.9840436727461
60 0 5.58113566397057
60 100 8.56854137034804
60 300 53.0826489677162
60 1000 90.1107397280737
61 0 3.35677438226548
61 100 4.52580722118001
61 300 8.11848630297012
61 1000 21.0697085816827
62 0 11.6704331225833
62 100 13.3944807221774
62 300 48.6529624091084
62 1000 51.6960878610463
63 0 4.00096663101983
63 100 3.5052401364759
63 300 5.19481369896252
63 1000 19.4348231928778
64 0 4.19130862561576
64 100 11.4882793219171
64 300 21.7665526601058
64 1000 18.7737893836983
65 0 2.30889709169261
65 100 2.96752924158573
65 300 4.99954465035555
65 1000 31.4224799733187
66 0 5.42154713297112
66 100 12.1269503584416
66 300 12.0524777935923
66 1000 12.3013436583461
67 0 6.39694050848734
67 100 6.7957779301331
67 300 7.75452439686829
67 1000 21.5548969382463
68 0 5.19056803548921
68 100 7.06562519084982
68 300 21.1382113203463
68 1000 27.296072597889
69 0 3.22652212850064
69 100 4.89898153588954
69 300 15.0534024876916
69 1000 25.830976564245
70 0 5.53717615387826
70 100 4.48432987669822
70 300 7.54282277100374
70 1000 43.1425147951398
71 0 5.30054750918048
71 100 6.02326868753099
71 300 15.1048899386726
71 1000 43.4789652981927
72 0 4.61757165259746
72 100 5.80618261668587
72 300 11.8069534277839
72 1000 70.6633083104351
73 0 6.29101858041828
73 100 9.50761169582599
73 300 35.4993535651901
73 1000 39.766928715021
74 0 3.71861905735241
74 100 5.19270619199244
74 300 7.24361113669235
74 1000 16.7917095451058
75 0 4.53957406040126
75 100 5.07655597586958
75 300 8.13684988159008
75 1000 11.8638140264036
76 0 5.30020443291154
76 100 4.40413761248742
76 300 11.2903074362097
76 1000 92.6489960460603
77 0 4.72508988801002
77 100 4.41736552623821
77 300 6.24198403156287
77 1000 31.6332516657084
78 0 4.19020685148396
78 100 4.16862229581949
78 300 14.6886219277231
78 1000 104.053244627
79 0 4.01247175017794
79 100 4.15648167465281
79 300 11.6280566568798
79 1000 17.6816901960587
80 0 8.66224209570319
80 100 12.1968787612153
80 300 28.1600901071433
80 1000 53.243912737077
81 0 7.8533273140564
81 100 9.60429305116497
81 300 10.2044863106191
81 1000 33.906963766223
82 0 3.89787648440848
82 100 7.20465291562824
82 300 14.8581590941868
82 1000 19.3086532008151
83 0 4.82032922283937
83 100 13.6276644858765
83 300 71.667747612164
83 1000 84.6034700355553
84 0 6.76232079761147
84 100 6.09288692242668
84 300 6.65403165453819
84 1000 20.1235743131969
85 0 5.2701082659988
85 100 9.309191202735
85 300 33.4786097104738
85 1000 40.3052782830938
86 0 6.84011641093245
86 100 6.72519339045178
86 300 7.71091865817392
86 1000 29.6311906917332
87 0 8.3945279166846
87 100 13.4602218126494
87 300 23.3303512624323
87 1000 24.4374797313545
88 0 4.68144792496277
88 100 6.48161386752421
88 300 9.02796504430473
88 1000 16.3624357957053
89 0 4.46272210748955
89 100 12.4259589113457
89 300 23.3767289386394
89 1000 29.5542673502794
90 0 7.07752999158963
90 100 7.61576090205692
90 300 25.9062631593157
90 1000 34.3536068749219
91 0 3.00390704932083
91 100 3.39288643110641
91 300 10.6029649951641
91 1000 17.8955879867147
92 0 6.60446921318829
92 100 7.1782868349418
92 300 7.68098866558917
92 1000 9.3822712215934
93 0 6.60136780651349
93 100 8.25213130011259
93 300 9.03168706200655
93 1000 20.8389029703081
94 0 5.27208424394594
94 100 7.70221300414446
94 300 26.868362646749
94 1000 33.6607401511134
95 0 7.58023029679055
95 100 8.16717364202729
95 300 23.6274161713407
95 1000 75.2005444901422
96 0 6.26751904695176
96 100 5.90526692431665
96 300 17.6626683943108
96 1000 75.0252255450176
97 0 3.34469665800222
97 100 3.23323051457543
97 300 11.3420444537661
97 1000 55.8677033825521
98 0 3.20484664168982
98 100 3.4918465844266
98 300 3.77363903717538
98 1000 14.7254472829109
99 0 3.45555868117837
99 100 3.76998744336231
99 300 13.8502931808789
99 1000 66.6738448565373
100 0 5.21747130311685
100 100 5.00695337020097
100 300 5.94796071872631
100 1000 14.177113274152
