id dose y
1 0 6.58715431649195
1 100 6.65873972294268
1 300 11.3629624710791
1 1000 15.7335695714767
2 0 7.5342179603704
2 100 9.41518928927724
2 300 17.2649760898772
2 1000 19.8834801753226
3 0 6.1942343465236
3 100 5.27454746024158
3 300 9.0240421222082
3 1000 28.9453901066175
4 0 5.96385738175219
4 100 5.49113646937968
4 300 21.1353600543871
4 1000 31.6472824144778
5 0 5.49853365466212
5 100 10.4397952638403
5 300 34.8966174663197
5 1000 37.8827092880681
6 0 3.5844432947596
6 100 4.2311106513879
6 300 6.37645114542029
6 1000 36.9422115090439
7 0 3.87401211230162
7 100 4.16326300611383
7 300 11.4833315941034
7 1000 17.9200023615963
8 0 8.51310955639446
8 100 9.39782894856615
8 300 13.5927497239541
8 1000 31.0144868380781
9 0 4.39798965915876
9 100 4.52179907867086
9 300 5.58465168664682
9 1000 19.8860546364736
10 0 3.89400819463481
10 100 3.46788872075304
10 300 5.15866759400251
10 1000 14.2441648023526
11 0 5.66148006983787
11 100 6.27233668639547
11 300 6.41703162752608
11 1000 24.1748219262403
12 0 3.74757959364973
12 100 4.6962077505969
12 300 7.83636140989735
12 1000 16.4628632829352
13 0 2.66826877481446
13 100 4.68456238597091
13 300 9.71496295886454
13 1000 13.5547192819024
14 0 4.10495076318384
14 100 5.84591586909186
14 300 17.2264012600151
14 1000 29.4869483107006
15 0 7.89092645608707
15 100 10.4802004513511
15 300 22.1537537670406
15 1000 23.8106975992206
16 0 8.41998551852167
16 100 7.71389290342826
16 300 9.9477270897278
16 1000 22.2988348802155
17 0 3.46512607476814
17 100 13.6122279300347
17 300 28.1985399513488
17 1000 22.6210169882278
18 0 4.26925542814983
18 100 4.31877888680595
18 300 6.16970390134144
18 1000 25.3594597694003
19 0 3.20135835994934
19 100 2.92228922917075
19 300 4.54645752720078
19 1000 26.7597949677941
20 0 5.01346645395231
20 100 5.73393711022043
20 300 23.4173453153559
20 1000 38.2745408609369
21 0 5.50201699036917
21 100 4.84900468153196
21 300 6.05062866821416
21 1000 16.1557535910673
22 0 4.23500676256471
22 100 4.18753373480013
22 300 15.1051772022126
22 1000 38.5500553189403
23 0 5.87267107800098
23 100 6.74106782250086
23 300 8.89819945735149
23 1000 34.6316546969097
24 0 7.44558311382894
24 100 6.75081544866539
24 300 17.347044164255
24 1000 44.8351537627753
25 0 5.27929077484575
25 100 8.28191534254832
25 300 26.6681818864969
25 1000 67.4173566061734
26 0 3.44723840982775
26 100 3.61971752691386
26 300 4.8452009172418
26 1000 27.9132226054739
27 0 3.00095148207186
27 100 6.80029861137994
27 300 48.3929569148737
27 1000 74.6588114094238
28 0 3.10020533448918
28 100 3.76306155763391
28 300 5.38873212825521
28 1000 39.7496773873624
29 0 4.85645922396515
29 100 5.5448637029516
29 300 15.2127486856746
29 1000 23.1409657559084
30 0 4.30552292658892
30 100 4.25383297346367
30 300 9.33771278584542
30 1000 21.5695287611987
31 0 7.14720971174798
31 100 6.21081712360861
31 300 11.7079953789338
31 1000 41.3824659000123
32 0 5.75080635017392
32 100 7.18263235269627
32 300 12.0467288274381
32 1000 22.5900168556474
33 0 3.35080592717468
33 100 3.19715017251386
33 300 4.47875048845321
33 1000 23.3208171600347
34 0 6.22834907486096
34 100 7.50213376875719
34 300 10.5795194207609
34 1000 23.8523720481963
35 0 6.72223884575309
35 100 6.38434352372834
35 300 5.04364060027118
35 1000 36.4699749771818
36 0 4.2413243288053
36 100 3.67122954980696
36 300 3.91145876227887
36 1000 4.17905629568797
37 0 3.5363494366076
37 100 3.82698768886967
37 300 8.71328056472317
37 1000 10.9106184495811
38 0 7.14138112841509
38 100 7.61504386824895
38 300 8.21210773077721
38 1000 32.2057013844385
39 0 7.06913955550029
39 100 5.69955023175686
39 300 7.22179786593995
39 1000 15.5344708041926
40 0 5.0897412668008
40 100 4.98589418705657
40 300 18.4671689359907
40 1000 63.1126039747946
41 0 5.09855447830716
41 100 9.40757646436385
41 300 26.7416010955654
41 1000 28.5371916611253
42 0 9.05002686016832
42 100 9.43341974822498
42 300 24.0635516100638
42 1000 75.7783916270028
43 0 5.03765584097285
43 100 5.31883253103905
43 300 10.7261411997861
43 1000 50.4667022490388
44 0 10.206760367385
44 100 8.51624922788838
44 300 8.25238042421087
44 1000 16.5159153647817
45 0 5.57766715184663
45 100 7.07103466425141
45 300 15.960471577011
45 1000 22.6246094066731
46 0 3.20504145877971
46 100 4.84965647539417
46 300 17.3648754392877
46 1000 72.1012333214534
47 0 4.6883700542753
47 100 4.95269616595613
47 300 7.85765150169045
47 1000 24.5942191440062
48 0 3.83294506669137
48 100 3.47308157473931
48 300 8.02245208640993
48 1000 46.2608435022748
49 0 4.56097709375358
49 100 4.68234189999196
49 300 8.59159948373563
49 1000 18.2892668623548
50 0 7.24685505407787
50 100 7.13683608722291
50 300 8.63136375950836
50 1000 20.7847273524188
51 0 4.21455625512036
51 100 5.73072671368251
51 300 11.7275565126362
51 1000 18.3249003081662
52 0 6.37861702496622
52 100 5.1757400918568
52 300 11.2018652312033
52 1000 24.3874440665042
53 0 4.90598651507564
53 100 4.90067627544397
53 300 5.57091748844276
53 1000 18.7855362169801
54 0 5.39028646638765
54 100 5.25224487482787
54 300 5.95723312046226
54 1000 28.1564642553097
55 0 7.07423979092314
55 100 6.07643708759251
55 300 8.90769743422656
55 1000 33.213279087647
56 0 3.04507538818052
56 100 3.79964623214629
56 300 3.74496443681798
56 1000 14.4840043233552
57 0 3.47083239390963
57 100 3.29570585455795
57 300 5.80074451793817
57 1000 41.1085249456415
58 0 5.3591789698871
58 100 5.20084541077687
58 300 13.6019039976311
58 1000 21.2302246657769
59 0 6.60228875453903
59 100 7.02606646472774
59 300 12.6965612783375
59 1000 17.8065865657037
60 0 4.43737000545398
60 100 4.97144568567133
60 300 4.15413889116791
60 1000 14.7925551422621
61 0 8.45812114176067
61 100 14.0339873760379
61 300 17.6150968407558
61 1000 13.897723251303
62 0 3.97667311467014
62 100 6.14065935321754
62 300 18.5801232077337
62 1000 21.4972284916669
63 0 6.56151969250074
63 100 9.10165353886519
63 300 20.0460693768564
63 1000 32.5367111574897
64 0 5.65947026289063
64 100 4.84289583307641
64 300 8.41076488595398
64 1000 14.8309231090033
65 0 5.10143956698333
65 100 7.01203882763327
65 300 26.745153672737
65 1000 29.6148451666233
66 0 3.85300735259711
66 100 3.71226498553021
66 300 8.26343555766282
66 1000 16.6289911900238
67 0 7.01026320612336
67 100 6.04539278247011
67 300 10.4383466179629
67 1000 32.9594846157615
68 0 4.00340952691645
68 100 5.61134989088729
68 300 19.5507376448767
68 1000 46.8628039330109
69 0 6.64900777083768
69 100 7.65851704804323
69 300 14.8983361057924
69 1000 43.8117185731653
70 0 3.72459089679722
70 100 3.84575558028505
70 300 16.2447745608044
70 1000 145.08494070736
71 0 7.65399289158302
71 100 8.8070188059866
71 300 20.4277831753282
71 1000 20.2986328837071
72 0 6.41004368729995
72 100 5.19426634549915
72 300 12.971613261209
72 1000 18.2972263984835
73 0 3.61566543236749
73 100 3.68341136621792
73 300 8.68277356213773
73 1000 24.9029412711546
74 0 3.49746681216813
74 100 3.37300369720324
74 300 4.9368612582569
74 1000 27.9267169659877
75 0 3.8252377471078
75 100 3.88131889712466
75 300 5.43767849181583
75 1000 35.2869658532604
76 0 3.96218791456874
76 100 6.39712110510758
76 300 12.9774073483534
76 1000 17.3978374395576
77 0 3.18149559865731
77 100 4.96575622170236
77 300 14.4258547436646
77 1000 20.2982414760625
78 0 6.66207750079564
78 100 7.50955275388818
78 300 19.5003755596653
78 1000 30.219731309533
79 0 6.90624984698926
79 100 6.28895926852731
79 300 8.08262167122094
79 1000 22.839418086369
80 0 3.17967193231915
80 100 3.11160494165566
80 300 4.84063175350277
80 1000 21.3707777465309
81 0 2.62615346236218
81 100 2.74045849207196
81 300 6.49212696076758
81 1000 13.20193265834
82 0 4.18059461130293
82 100 3.62190950907085
82 300 7.72590355569875
82 1000 21.1303676635246
83 0 6.31808260361697
83 100 6.09596469883375
83 300 12.8428457236153
83 1000 78.7518444185965
84 0 3.96035664292919
84 100 4.71878363006353
84 300 7.34050165967304
84 1000 17.8608025517938
85 0 2.72784441709838
85 100 3.14568492236062
85 300 11.3491856038322
85 1000 29.7576847687137
86 0 8.05840734246929
86 100 8.22316022673368
86 300 12.6317920647064
86 1000 17.0460689539752
87 0 4.90842681515363
87 100 6.40243951965735
87 300 9.33515312573947
87 1000 29.6879697239179
88 0 3.63891018530075
88 100 6.25281308311068
88 300 21.8741884135908
88 1000 30.6268288729457
89 0 7.24503689209875
89 100 6.90381459389333
89 300 34.5741023132772
89 1000 58.3901793414929
90 0 6.63375135122629
90 100 6.63414961591066
90 300 11.7110301134006
90 1000 53.7465686154122
91 0 3.27658347876732
91 100 4.27715488794296
91 300 12.2316177281706
91 1000 20.4290681321647
92 0 3.48850990670402
92 100 3.91276448648146
92 300 5.27314301035777
92 1000 23.7938251434567
93 0 6.60266889116935
93 100 6.61663015274177
93 300 8.37136969025622
93 1000 44.4573295499191
94 0 4.38332025968611
94 100 4.47253242166598
94 300 15.2449464698801
94 1000 26.3609004934506
95 0 4.7974836075979
95 100 5.55529411113648
95 300 11.6165971977017
95 1000 13.378525260632
96 0 4.04646346602095
96 100 3.47317672392972
96 300 6.39957923289073
96 1000 79.8912490544836
97 0 4.87397802904083
97 100 7.25886787054176
97 300 16.6201907490352
97 1000 24.0691403670754
98 0 7.6750640316278
98 100 6.34349921569782
98 300 10.0417060810197
98 1000 34.7823523505227
99 0 4.46756530400789
99 100 4.64002629574619
99 300 8.67454420482915
99 1000 41.2273428801317
100 0 4.17479066834003
100 100 4.111229822322
100 300 4.90887901976621
100 1000 22.2412988150688
