id dose y
1 0 5.38180467546345
1 100 4.37392090062499
1 300 7.38312299325414
1 1000 16.6369438260595
2 0 7.41528428755823
2 100 7.50309797016215
2 300 10.1346473878902
2 1000 22.066562301922
3 0 7.71328510332266
3 100 9.4203871587046
3 300 12.3814636576755
3 1000 34.5881851119176
4 0 6.98800762685177
4 100 7.30687470320542
4 300 11.4116092792879
4 1000 49.5410163324362
5 0 3.97985729548151
5 100 4.41978530451979
5 300 4.31241779598267
5 1000 13.8775182321998
6 0 6.2855880699946
6 100 5.80350749272644
6 300 6.68228064345517
6 1000 6.41182775298293
7 0 6.02808053699493
7 100 6.80464244493705
7 300 7.37043399062323
7 1000 30.5672510455682
8 0 10.433081004564
8 100 9.73835511925208
8 300 12.8254486609473
8 1000 36.4472146613221
9 0 5.07343193213223
9 100 4.99235512831271
9 300 5.38740482617265
9 1000 30.3376447854553
10 0 4.57380712634059
10 100 4.78283325530969
10 300 11.7506320192863
10 1000 32.0316100805109
11 0 3.62463105842204
11 100 3.21007192590756
11 300 5.71164940271625
11 1000 25.4737806790618
12 0 5.17685192440979
12 100 6.9356160179576
12 300 8.22594761870649
12 1000 40.3991745810877
13 0 3.85109564692327
13 100 6.78981848090381
13 300 8.4166317812468
13 1000 18.5055591507571
14 0 5.02278320176896
14 100 4.79700830219271
14 300 9.47831992752787
14 1000 97.4087264567763
15 0 6.27148894471066
15 100 7.27825092180831
15 300 11.1443080684397
15 1000 16.7068485368029
16 0 8.2167660040822
16 100 8.81701820157578
16 300 11.9713333416452
16 1000 16.4571986907651
17 0 11.4554605400617
17 100 7.79580414531279
17 300 14.4455935934644
17 1000 51.3278791408938
18 0 2.32158438099293
18 100 2.83006458322562
18 300 4.98901848684255
18 1000 19.6768923360894
19 0 3.74862256397897
19 100 3.52656602190263
19 300 3.69597510863639
19 1000 12.6096003905387
20 0 4.63647302892833
20 100 5.40317260701875
20 300 10.954444249843
20 1000 21.1371210895329
21 0 6.16278711125099
21 100 6.65814039331857
21 300 20.9139838545626
21 1000 43.5868595236077
22 0 5.71043733180135
22 100 6.09779074318666
22 300 11.9641022906508
22 1000 37.8484625063961
23 0 8.70420917500684
23 100 8.30757964274744
23 300 15.383887773752
23 1000 23.7077799867044
24 0 3.98126454735901
24 100 6.40236634867171
24 300 23.126962222111
24 1000 25.8131660026937
25 0 7.23698532760046
25 100 6.65208898706772
25 300 8.10143694907828
25 1000 8.27097138312522
26 0 2.91824086933691
26 100 4.01626739270088
26 300 11.7224879058021
26 1000 45.4485732494789
27 0 7.07101675921073
27 100 7.51495947951781
27 300 18.0556466325025
27 1000 54.1389797076908
28 0 6.09783361859362
28 100 9.08187504252445
28 300 30.455385077167
28 1000 32.2430572725292
29 0 4.05231853256553
29 100 5.20462630581406
29 300 23.2739848207184
29 1000 26.3763449593512
30 0 5.35651420267438
30 100 7.15108860180377
30 300 14.2928459696063
30 1000 39.4584900947584
31 0 7.77857614351491
31 100 9.07089469466846
31 300 13.6228917502833
31 1000 40.5659151411009
32 0 3.91675345399092
32 100 6.28949935431956
32 300 15.7884019066765
32 1000 16.0708870655919
33 0 5.41893347982012
33 100 5.65372474311561
33 300 6.22220392318113
33 1000 14.8172444588683
34 0 6.52428787808278
34 100 7.3254805898132
34 300 23.9174161981729
34 1000 30.772753025134
35 0 3.22824432083857
35 100 4.93972048030672
35 300 24.1998808188996
35 1000 46.4446000033797
36 0 7.7344282451142
36 100 10.7752672545595
36 300 28.1950813369405
36 1000 42.8856452779937
37 0 5.9118357983863
37 100 5.14716840994481
37 300 9.14179103432938
37 1000 57.5396410065373
38 0 5.88128241807998
38 100 6.59875128598675
38 300 7.64334558842217
38 1000 26.3462394961067
39 0 4.82421452934312
39 100 4.56365523102009
39 300 7.32531670939899
39 1000 32.3194242072021
40 0 5.290031464146
40 100 5.79359969121234
40 300 4.86075010390884
40 1000 26.6284402556059
41 0 4.62468982703319
41 100 3.9156421752005
41 300 6.66793124282248
41 1000 33.1952685799204
42 0 6.19502822538031
42 100 8.00148740781965
42 300 13.3784943155005
42 1000 24.7369674988565
43 0 6.95513702480862
43 100 5.55938192355671
43 300 13.8214950662672
43 1000 31.7438611059302
44 0 2.69415650783773
44 100 2.81408391629731
44 300 4.28451173950407
44 1000 31.8471919644448
45 0 3.66292638213001
45 100 3.17180275367737
45 300 3.05199357269357
45 1000 10.5010118466743
46 0 7.50155482911843
46 100 8.04856167516011
46 300 7.07367564138858
46 1000 20.9577470455032
47 0 6.01814579020456
47 100 6.82987623902974
47 300 21.5621159270666
47 1000 31.3212439650433
48 0 6.49582162887797
48 100 5.50497465492802
48 300 7.09525757818064
48 1000 11.8947934474403
49 0 4.63592013527975
49 100 5.91120305395647
49 300 6.99868759759572
49 1000 29.9166877636138
50 0 5.9916186507798
50 100 5.28865119475842
50 300 7.05167115946774
50 1000 21.4739118906572
51 0 4.50541046498419
51 100 4.28168831166642
51 300 10.7910339623232
51 1000 34.3373392628174
52 0 5.92916047666654
52 100 5.61277486690045
52 300 8.2719644181434
52 1000 46.3212733336509
53 0 5.42602727220543
53 100 6.10959021067399
53 300 12.4570513736083
53 1000 16.3370654516087
54 0 3.75738801223709
54 100 4.54022693957594
54 300 20.1157798013654
54 1000 63.5270355120942
55 0 4.85565427498018
55 100 4.30960300859053
55 300 6.33117770969915
55 1000 17.0986203074857
56 0 3.17768471447296
56 100 3.84480323439871
56 300 5.4625539451765
56 1000 20.0886892108751
57 0 3.15423157274586
57 100 4.73878148899123
57 300 16.8745997145746
57 1000 54.4967047547478
58 0 4.02357551444404
58 100 4.61639699825257
58 300 9.30762549806211
58 1000 28.1356834741492
59 0 4.18951153346538
59 100 4.96501221630606
59 300 16.5914039721417
59 1000 26.6936932082594
60 0 4.33529879470614
60 100 3.94696868844359
60 300 11.7771560006942
60 1000 32.3669848529355
61 0 6.23612696723929
61 100 14.4349457447174
61 300 43.1814757346776
61 1000 47.1718657857274
62 0 3.27897389759366
62 100 3.88798619744563
62 300 3.89601433166019
62 1000 22.6974420263971
63 0 3.96171891432468
63 100 3.54645749783458
63 300 6.40557121121683
63 1000 19.7968384931319
64 0 5.97345674716042
64 100 5.93024592436196
64 300 6.29032012527027
64 1000 20.2315906657881
65 0 6.42391354036034
65 100 9.40063869349388
65 300 12.9146499905484
65 1000 9.85590992909639
66 0 3.77797582102471
66 100 4.3050510934308
66 300 8.33188890758236
66 1000 28.68098256502
67 0 2.71437038399646
67 100 3.22366648465232
67 300 5.81153869894193
67 1000 10.3850152300254
68 0 5.7147006442844
68 100 6.08118193755779
68 300 13.5907529399513
68 1000 29.0094512181777
69 0 6.45335760017706
69 100 6.93996517232906
69 300 19.1064469895671
69 1000 23.316190733131
70 0 3.72145700260416
70 100 4.73149868638732
70 300 9.18511274114099
70 1000 60.2738182983529
71 0 4.17577223133725
71 100 4.71326941453056
71 300 3.79592276899458
71 1000 16.344249131313
72 0 3.84084808390914
72 100 3.96718584312979
72 300 6.34128110983954
72 1000 22.3602149814687
73 0 5.69364649953926
73 100 7.44258537120281
73 300 6.65764059055987
73 1000 12.1028667092589
74 0 5.7675997675702
74 100 6.71494246952378
74 300 15.9417609517831
74 1000 110.079198908581
75 0 2.50957417333987
75 100 2.92414340358953
75 300 8.84345204888498
75 1000 15.5251980623848
76 0 4.14937591563902
76 100 3.60970843313798
76 300 5.29947454506231
76 1000 18.8648956439502
77 0 4.71884740772221
77 100 7.5214749520245
77 300 33.6683326549801
77 1000 32.5975106400146
78 0 2.93250722900713
78 100 3.39031935909298
78 300 12.0353333966196
78 1000 14.210283194177
79 0 5.28382257513167
79 100 4.86283628221952
79 300 8.66394527874749
79 1000 18.8750777870775
80 0 6.41142439686935
80 100 6.84407375235628
80 300 8.69845407384626
80 1000 46.6593158183988
81 0 4.56797530909747
81 100 7.35497608943647
81 300 9.8164219406695
81 1000 9.04946228686783
82 0 3.05254618673862
82 100 13.0536205453902
82 300 37.8886504161827
82 1000 38.9606471175996
83 0 4.2545061105631
83 100 3.95090703781647
83 300 6.63074854832502
83 1000 52.3928214679707
84 0 4.51601152319189
84 100 5.4943930406781
84 300 10.8503993096576
84 1000 30.2747289921695
85 0 6.57458769941694
85 100 6.4524366201487
85 300 8.32181026523908
85 1000 15.1912620237409
86 0 7.1144217588911
86 100 7.21560824533388
86 300 14.2954414126619
86 1000 25.8315978018435
87 0 4.30223475685422
87 100 6.76486171995303
87 300 24.0154533231417
87 1000 29.6220673444108
88 0 7.94432072498487
88 100 8.79132180796299
88 300 10.6966085408569
88 1000 25.0619104388674
89 0 5.76528204825046
89 100 4.82531776184527
89 300 10.8333726191209
89 1000 40.1934356043305
90 0 4.2097442817912
90 100 4.91147016354264
90 300 20.0138136103508
90 1000 28.9231240968222
91 0 4.80997878094818
91 100 9.50944885286592
91 300 39.3683018147453
91 1000 56.8776176686889
92 0 4.17245328261235
92 100 7.245508108523
92 300 9.94519860765055
92 1000 8.29983886269345
93 0 8.19377356987613
93 100 14.0235058772948
93 300 24.8346544251473
93 1000 37.7428450350118
94 0 4.6635621560453
94 100 4.74190919942981
94 300 4.99358243670622
94 1000 22.7101869155741
95 0 8.5075011700922
95 100 6.13251723110884
95 300 21.5603450787672
95 1000 44.9044644499328
96 0 4.58243494312375
96 100 4.89032550232981
96 300 8.91247225405899
96 1000 10.713737332348
97 0 4.22245766049947
97 100 4.40340615356607
97 300 6.39562063818532
97 1000 27.2124011790361
98 0 3.92130164313904
98 100 6.6442105301138
98 300 40.1001476660688
98 1000 78.9396511172986
99 0 7.29324288908304
99 100 7.88533015532466
99 300 8.3899293375434
99 1000 16.5806006634813
100 0 3.99098260884196
100 100 4.27151431211865
100 300 3.30538987070478
100 1000 6.63548407740952
