id dose y
1 0 4.14832185671725
1 100 3.53519135533993
1 300 4.9788067396314
1 1000 21.0350583687064
2 0 7.73979793532795
2 100 8.69641734487098
2 300 15.1390800990751
2 1000 26.5024335085129
3 0 3.10533339587172
3 100 4.2177452649276
3 300 11.262183200215
3 1000 49.4118865390402
4 0 5.10874152475718
4 100 5.12547375333808
4 300 6.27101238652682
4 1000 10.2653814616254
5 0 6.11606793761523
5 100 8.27835837013298
5 300 20.7010554050859
5 1000 28.7627751567593
6 0 4.04951572808065
6 100 26.9160631106616
6 300 43.7791961925847
6 1000 55.8305429348638
7 0 4.06243807459665
7 100 8.11493357675857
7 300 17.434517083807
7 1000 18.370840324673
8 0 5.54610185028167
8 100 4.58251046741833
8 300 5.59208311278403
8 1000 15.0202488477678
9 0 4.40317098429343
9 100 4.72565478809533
9 300 5.98105395995936
9 1000 22.9258912802971
10 0 5.88451359170789
10 100 5.28932167042024
10 300 5.24107339281912
10 1000 17.3015612961663
11 0 3.25044805023684
11 100 3.19714531609007
11 300 5.30731257221069
11 1000 31.3036593666402
12 0 3.89093571233695
12 100 3.75420190339088
12 300 12.0666557691815
12 1000 17.2621111481002
13 0 4.65748092053854
13 100 4.57336489566972
13 300 5.12230530670623
13 1000 10.5824741563595
14 0 6.06479959231528
14 100 5.38740407505418
14 300 8.79676306961625
14 1000 14.2549524208991
15 0 5.12063065859597
15 100 4.27008134309254
15 300 12.143817886757
15 1000 29.466614349452
16 0 6.87964735237218
16 100 6.56041255566005
16 300 7.94949298004384
16 1000 27.6455851068879
17 0 4.99283489919465
17 100 5.30299588896229
17 300 6.70719322627509
17 1000 17.4480212465607
18 0 5.17638994192883
18 100 3.83802825545496
18 300 8.70795670561761
18 1000 50.6839445446543
19 0 4.18440771274519
19 100 4.76228912244919
19 300 5.759017172561
19 1000 24.047370717517
20 0 3.55810742787288
20 100 4.04113367029816
20 300 5.2005659758713
20 1000 25.6966102855287
21 0 4.8281721047106
21 100 6.32928081199924
21 300 15.0032056452034
21 1000 16.4640509454178
22 0 3.3605718294152
22 100 3.31254430584369
22 300 3.22381686646652
22 1000 11.0967767327152
23 0 3.82700128533329
23 100 6.54472265095552
23 300 38.5469434149988
23 1000 72.0915820385109
24 0 7.15323681576056
24 100 7.42170505803984
24 300 26.3826497794559
24 1000 71.0210512715857
25 0 5.85433453284844
25 100 7.98231444010065
25 300 27.1933718215234
25 1000 53.7143042399882
26 0 4.32378048220733
26 100 4.95707743489017
26 300 19.8554557541098
26 1000 41.3360218994158
27 0 2.74667279077096
27 100 5.25584872006899
27 300 35.0035822954594
27 1000 121.900614777522
28 0 3.27969597379086
28 100 35.507287638191
28 300 36.6410654997903
28 1000 55.5050079790774
29 0 8.06281948481087
29 100 7.05708448741306
29 300 15.632299377341
29 1000 33.8114851501276
30 0 2.31250710716753
30 100 2.38905284081454
30 300 4.60069980336832
30 1000 46.1735227189711
31 0 5.2680442102454
31 100 7.33302626053673
31 300 12.2159547313307
31 1000 24.7108652161571
32 0 6.3053827594978
32 100 6.46507201701817
32 300 12.5863195740251
32 1000 27.5398011570233
33 0 2.51366434918487
33 100 4.31237208484248
33 300 11.9388343837106
33 1000 27.1260163873111
34 0 6.1889591688539
34 100 7.42142526332001
34 300 17.8405916143627
34 1000 22.3479606223561
35 0 4.363614560179
35 100 7.21923894446464
35 300 23.2669129099713
35 1000 27.8303931875854
36 0 4.66313778871951
36 100 4.79530890211609
36 300 6.57118510772482
36 1000 23.422739214124
37 0 3.8321984561481
37 100 3.90160742259271
37 300 9.59577889625868
37 1000 9.76489637661645
38 0 7.03660181428012
38 100 14.7555494731705
38 300 14.0713560510274
38 1000 14.6361315743545
39 0 4.96678491904091
39 100 5.41040728576537
39 300 7.98694127173847
39 1000 39.0083526490837
40 0 5.02863783547262
40 100 6.76158302776701
40 300 10.0941922614954
40 1000 38.2711962844432
41 0 10.4135757745442
41 100 8.54227623775927
41 300 22.7255565908665
41 1000 27.2780369547232
42 0 7.23880358208824
42 100 8.74007721491753
42 300 24.8733073872999
42 1000 68.6101419415842
43 0 4.78336556548024
43 100 5.07888629383232
43 300 4.91647825277033
43 1000 15.9255287786082
44 0 4.37729819635921
44 100 5.65416754503965
44 300 4.22665980538714
44 1000 13.9784663684555
45 0 6.23832256447142
45 100 7.23070681066529
45 300 19.1120391262945
45 1000 50.6113293956896
46 0 5.05621798377998
46 100 6.2379421925638
46 300 21.1754272617164
46 1000 34.2140042484911
47 0 7.46105028859507
47 100 7.75500103120762
47 300 17.8907652925265
47 1000 43.0744719394621
48 0 4.98909417925972
48 100 6.00481148035048
48 300 14.2649928498417
48 1000 33.2682890129993
49 0 3.74627700989356
49 100 4.14898146249851
49 300 7.66423480351016
49 1000 13.3490494439975
50 0 5.10072480435069
50 100 5.87508463874432
50 300 6.57887385215932
50 1000 15.507249314764
51 0 5.64157150399764
51 100 5.11937615441368
51 300 6.56193134493381
51 1000 14.4402678410738
52 0 5.51779023168254
52 100 13.5480369850245
52 300 16.8847372598893
52 1000 15.1194434411574
53 0 7.28806770272209
53 100 6.87829941364184
53 300 7.11278712615083
53 1000 11.7033627125113
54 0 3.08670443302656
54 100 3.13191774035016
54 300 3.66813087761208
54 1000 19.9123122963309
55 0 7.78180818409164
55 100 7.10616329212787
55 300 19.0379364334274
55 1000 21.1229001319536
56 0 3.30083445515417
56 100 3.50939825183745
56 300 12.5819281003647
56 1000 40.8500249518973
57 0 3.15195718996118
57 100 3.45021444511816
57 300 3.43345574001321
57 1000 4.88181308894401
58 0 7.40596543880006
58 100 7.992191153526
58 300 9.42633098201621
58 1000 18.931301765404
59 0 2.85160316162936
59 100 2.9055810700868
59 300 4.74708559527597
59 1000 10.3737663668982
60 0 4.32611422278829
60 100 4.420685750178
60 300 11.1574537569586
60 1000 45.6308573758961
61 0 2.91836677099414
61 100 3.47561172044472
61 300 10.7549025097483
61 1000 15.6400453221156
62 0 3.37212148206925
62 100 4.93762639130748
62 300 14.0133088942901
62 1000 22.5271376904209
63 0 8.86489915587482
63 100 9.23619881957054
63 300 7.97989657940051
63 1000 19.9018202834395
64 0 7.50920349345819
64 100 6.01112104804884
64 300 7.1224774648523
64 1000 22.6535633620171
65 0 4.05479014242957
65 100 6.02982852865237
65 300 13.7958006246687
65 1000 63.1095457550593
66 0 4.16511287325035
66 100 4.60625225458224
66 300 7.95196426292627
66 1000 19.4556328493124
67 0 7.65978317284306
67 100 17.0937124888444
67 300 64.4335949554586
67 1000 85.0897587543622
68 0 4.83629962276811
68 100 4.70374317220263
68 300 5.17111521886542
68 1000 8.93620704975134
69 0 4.68301686332902
69 100 3.54738052711793
69 300 6.44155246981376
69 1000 32.3333370066299
70 0 7.40018985096865
70 100 9.68545429130301
70 300 28.9883111817441
70 1000 102.693818438977
71 0 4.33863148465184
71 100 5.44563104446785
71 300 20.0755091451077
71 1000 22.8408122734794
72 0 5.60219431960567
72 100 12.847344800476
72 300 38.2867313849946
72 1000 44.8077043209872
73 0 7.06270761265736
73 100 8.52006373035437
73 300 20.564743702527
73 1000 43.3619648942938
74 0 5.3732038437516
74 100 4.84898203365983
74 300 4.51344262957761
74 1000 9.85732568118537
75 0 5.25262773934178
75 100 6.4623642134703
75 300 13.1364762665962
75 1000 27.9762762862772
76 0 4.24816030319667
76 100 4.51537473414507
76 300 7.27645234533719
76 1000 12.8753476959439
77 0 3.66038348555108
77 100 7.4758719491027
77 300 32.1816370848685
77 1000 49.6380897189657
78 0 4.4861627534483
78 100 4.7052476799998
78 300 3.85174121077844
78 1000 8.79997591190324
79 0 4.83057626231088
79 100 5.31532294343718
79 300 8.49283885502876
79 1000 21.9854069976377
80 0 6.04007429403393
80 100 5.05928467452722
80 300 5.60939462497994
80 1000 23.6137705862855
81 0 2.71880512802316
81 100 3.09908482209931
81 300 6.65351128701576
81 1000 17.1667398342789
82 0 6.10242416535426
82 100 6.66024533159241
82 300 15.725652001678
82 1000 37.7801241960623
83 0 5.55041795557815
83 100 5.43470267625962
83 300 7.78790493184876
83 1000 22.3794555412862
84 0 8.01100752765441
84 100 10.3080286716266
84 300 28.0199990162625
84 1000 29.1280942895349
85 0 4.32233534678332
85 100 5.07090283454652
85 300 9.17987649378077
85 1000 22.621571746222
86 0 2.55987388392408
86 100 4.4908050353246
86 300 26.061286010516
86 1000 40.5749719779306
87 0 3.72187880123175
87 100 5.22342727747679
87 300 30.2161037043606
87 1000 210.826414645891
88 0 7.54449363209124
88 100 7.91226907528405
88 300 16.7678135062854
88 1000 30.3856551871971
89 0 4.61865763403796
89 100 5.91128087217451
89 300 21.7841982805282
89 1000 61.1030192398308
90 0 4.71406659070093
90 100 5.27605543536391
90 300 8.83103992590926
90 1000 18.7842153420523
91 0 4.230742574608
91 100 4.54441248326142
91 300 5.23340775979641
91 1000 9.28983414021512
92 0 4.60329936001581
92 100 5.42891449411554
92 300 8.55753873055385
92 1000 23.9611480588134
93 0 5.4816080000694
93 100 6.02298883637658
93 300 16.6161360257566
93 1000 52.383554871184
94 0 7.03832867718682
94 100 5.31864191824045
94 300 7.1731066558737
94 1000 28.7412653901398
95 0 2.95431751612993
95 100 3.15835511685777
95 300 4.4438114433705
95 1000 22.454493841684
96 0 3.32139559470748
96 100 11.0603528052462
96 300 103.73348069041
96 1000 94.085572333993
97 0 4.60354945341378
97 100 5.2584154001765
97 300 10.7283427488246
97 1000 22.5874889276551
98 0 6.1390183755533
98 100 6.31355462555145
98 300 11.6338702630516
98 1000 24.3592765010117
99 0 4.66672548607895
99 100 4.02204210163855
99 300 9.78468695744835
99 1000 14.4067472098059
100 0 4.81637784439154
100 100 4.35871463732976
100 300 12.9448155479416
100 1000 43.0189227003218
