id dose y
1 0 5.71871621806174
1 100 6.57158013671335
1 300 6.94776484401811
1 1000 18.4444943888764
2 0 3.34210904035298
2 100 3.29351021137385
2 300 3.17289028812371
2 1000 7.63952127410416
3 0 4.2992578886662
3 100 6.55971194028578
3 300 9.33488962500786
3 1000 34.6887330078472
4 0 6.76413732529251
4 100 6.37917156181644
4 300 7.03064088559526
4 1000 9.41340022767553
5 0 5.40909846504116
5 100 6.21257947402226
5 300 18.8937530935485
5 1000 119.905279816814
6 0 5.44125771042113
6 100 6.22421106315939
6 300 9.18864520907847
6 1000 22.2304329402649
7 0 5.27328240550839
7 100 8.6900770722444
7 300 12.7276901330423
7 1000 15.2445056820227
8 0 6.25897576384596
8 100 4.6705150648015
8 300 18.6978836107248
8 1000 55.2435173378424
9 0 6.33323357702245
9 100 5.41901795146035
9 300 13.4688262518111
9 1000 19.6112963521483
10 0 4.74610875678264
10 100 6.88521061262353
10 300 24.2123352545202
10 1000 31.6650937352935
11 0 2.60860793243416
11 100 3.16048347104485
11 300 6.45510596865716
11 1000 19.1737462065345
12 0 5.42233836741981
12 100 6.09489542859692
12 300 7.25549676383746
12 1000 17.4575071539651
13 0 5.21125935602564
13 100 11.0688917568991
13 300 35.1173627653081
13 1000 36.7259660515756
14 0 6.67184629275466
14 100 8.25748811317255
14 300 15.2241219381113
14 1000 29.4763210862753
15 0 3.68226188771895
15 100 3.96700610348634
15 300 4.29981022688982
15 1000 7.52648218056107
16 0 5.53663675344262
16 100 5.71672439593853
16 300 7.25457004303121
16 1000 22.1665262161362
17 0 2.66285978899441
17 100 3.41905454872362
17 300 9.83569099799788
17 1000 58.5545913358456
18 0 3.56198630736326
18 100 3.62018645618847
18 300 5.74014793782884
18 1000 38.0542972997968
19 0 3.39233013770579
19 100 6.29034774801887
19 300 23.489708495435
19 1000 25.226247024647
20 0 1.70937744066222
20 100 1.60134850465599
20 300 8.08655467441924
20 1000 59.3787845540388
21 0 4.52505295542825
21 100 5.69849862723379
21 300 26.3682389046962
21 1000 104.906312392983
22 0 5.25338013100446
22 100 6.00361016478887
22 300 7.2534043061889
22 1000 39.4759678217376
23 0 5.55476599235669
23 100 8.27497697008402
23 300 17.4263758607079
23 1000 21.9959437552426
24 0 3.46743859689786
24 100 3.94649749496689
24 300 4.54665947611965
24 1000 25.7834519408687
25 0 5.59009104214606
25 100 8.07557897745965
25 300 17.9914144631403
25 1000 32.5866218750047
26 0 8.76690488514428
26 100 9.80955476976937
26 300 9.72128969596185
26 1000 20.4792148062722
27 0 3.33876184184531
27 100 2.84505636627255
27 300 4.7884714926557
27 1000 17.1696449555215
28 0 3.64070191208461
28 100 4.33430998112871
28 300 4.91458457879358
28 1000 11.3034716028886
29 0 2.91700448601031
29 100 3.44778146218162
29 300 3.65138430786995
29 1000 20.4885792261722
30 0 5.29815496918702
30 100 6.42738674875922
30 300 17.2558880076802
30 1000 40.6316854268345
31 0 9.34707215384415
31 100 11.992158928253
31 300 13.1313449213157
31 1000 46.2629735753124
32 0 5.68603929524982
32 100 7.41250629861562
32 300 11.6343391693983
32 1000 23.422840829445
33 0 5.02368546254173
33 100 6.37415370083711
33 300 11.7426488065381
33 1000 15.8085591082377
34 0 3.49774429264864
34 100 3.96055414315818
34 300 5.46802897840589
34 1000 29.7387765957232
35 0 6.33703200766541
35 100 13.6657871040388
35 300 37.1848976484708
35 1000 48.4873967562318
36 0 4.86879014525304
36 100 4.82471044496152
36 300 5.28594834747914
36 1000 23.6993697771639
37 0 5.13918625270776
37 100 6.57642657828583
37 300 16.2401318272844
37 1000 21.774173279813
38 0 4.21163578365021
38 100 5.83897024359652
38 300 18.2261458510311
38 1000 26.4562830339207
39 0 5.99374857898372
39 100 7.92946970375231
39 300 30.197878956903
39 1000 51.1398259267988
40 0 4.61240296038566
40 100 4.84686402936905
40 300 7.7809028866014
40 1000 14.0868273947143
41 0 5.50639597220814
41 100 6.89766018644153
41 300 15.8415057733751
41 1000 56.4317511437818
42 0 3.67384207983738
42 100 3.99786909749969
42 300 12.0930559661342
42 1000 19.80111750091
43 0 2.92209671601104
43 100 3.74743871109415
43 300 6.51674393662247
43 1000 26.0392583834745
44 0 5.67177395056986
44 100 6.44139780549508
44 300 9.03429769371448
44 1000 52.3001027071189
45 0 8.18624795755053
45 100 8.04626208315207
45 300 9.56591181373103
45 1000 30.2504283216495
46 0 4.39434917359497
46 100 5.42106590631287
46 300 4.98399735589063
46 1000 14.6442536741247
47 0 5.48547719387141
47 100 6.93382699312719
47 300 10.965209696684
47 1000 51.0551389274341
48 0 5.02341872374473
48 100 4.80349708756663
48 300 12.2374523308431
48 1000 62.6362798122459
49 0 3.28693530599107
49 100 2.60312851538942
49 300 7.53304053656259
49 1000 24.6496631265683
50 0 7.6506013640429
50 100 7.50025901057989
50 300 11.3434633484574
50 1000 28.1406539108744
51 0 7.15646403909685
51 100 6.38143502726416
51 300 8.00294387879909
51 1000 18.7364938183926
52 0 8.47969624440541
52 100 7.85735283769891
52 300 13.1682208249016
52 1000 21.1076607908748
53 0 3.08224336526219
53 100 3.35935027078681
53 300 7.33074075770853
53 1000 19.0254294217028
54 0 3.99855100357885
54 100 4.24593318229156
54 300 5.49059668681437
54 1000 28.0457310678446
55 0 5.48178301425577
55 100 5.73195387182567
55 300 10.9255419031523
55 1000 12.5575888950649
56 0 5.3258260628224
56 100 5.7869493722394
56 300 11.2103109405275
56 1000 32.499512899414
57 0 4.32431008485616
57 100 3.24530662854475
57 300 4.94313264071874
57 1000 15.1657865899283
58 0 6.98756764480791
58 100 8.68678856286508
58 300 8.65449651264362
58 1000 33.5743428959743
59 0 4.28023460796535
59 100 6.65783687796318
59 300 17.4297468784352
59 1000 17.5890961189508
60 0 4.67033298349694
60 100 4.98303200880318
60 300 20.7396753916024
60 1000 64.3428774012055
61 0 4.70314894392386
61 100 6.99830163109211
61 300 19.224292493796
61 1000 30.6703500140556
62 0 3.30780453776299
62 100 2.95062069240448
62 300 6.03686022124192
62 1000 47.451450342845
63 0 8.97043818665643
63 100 9.5491390200978
63 300 16.789179120776
63 1000 47.1398643146061
64 0 5.35876294668042
64 100 6.90905687311301
64 300 6.77491098397121
64 1000 18.136430288717
65 0 4.33229158418759
65 100 4.00161507998112
65 300 12.996790654546
65 1000 25.1880086872257
66 0 7.40633755117873
66 100 6.99633879553364
66 300 12.098193385743
66 1000 28.8039981466528
67 0 3.82590824991792
67 100 3.4718410601527
67 300 3.19790070374045
67 1000 11.9917859891599
68 0 3.43115924920288
68 100 4.22569742242601
68 300 13.3353516925987
68 1000 62.0031377654831
69 0 8.60023226568789
69 100 8.47420113315849
69 300 11.9144397616915
69 1000 36.1254556693719
70 0 4.92263526417457
70 100 5.99268055721573
70 300 8.57756572851525
70 1000 34.835581982062
71 0 4.26074003108962
71 100 9.59491665306786
71 300 20.0328632634633
71 1000 24.8034230084625
72 0 8.96112579463308
72 100 9.03589466380327
72 300 10.3772084626945
72 1000 18.1107007989019
73 0 5.34663489564065
73 100 5.09107837268664
73 300 7.66022127823998
73 1000 40.8449416206573
74 0 10.0890805213154
74 100 8.793053841892
74 300 9.95977694559179
74 1000 14.387254575844
75 0 7.48707413690261
75 100 5.80849196445701
75 300 6.48329404644474
75 1000 11.6890248302183
76 0 4.1624031118086
76 100 5.0813932501522
76 300 8.92885724835835
76 1000 21.322693308964
77 0 6.17848876211147
77 100 6.50034222418209
77 300 10.9071682257185
77 1000 39.4868188158005
78 0 3.85468154156933
78 100 3.84314589282083
78 300 21.1635672665832
78 1000 87.1841322331713
79 0 7.96751234191549
79 100 8.74420721096237
79 300 21.8911831455798
79 1000 92.6990340649531
80 0 7.89115997351602
80 100 8.63719635776556
80 300 22.6853488938976
80 1000 27.2572138588036
81 0 4.65448853624438
81 100 4.72765361607032
81 300 5.94689348445848
81 1000 23.209037119275
82 0 5.29747459654917
82 100 5.3557118954736
82 300 6.69702708516287
82 1000 32.6575650326483
83 0 6.83648505765602
83 100 5.7112575172364
83 300 16.2136389181895
83 1000 24.5135971609815
84 0 2.99423857644516
84 100 3.34194055001647
84 300 5.07774052154111
84 1000 37.8125910419696
85 0 5.91577068150304
85 100 5.22811465977499
85 300 13.9855426852002
85 1000 54.8297392054864
86 0 6.95573414654571
86 100 6.37709090611487
86 300 9.10153615826932
86 1000 30.21554000347
87 0 4.03644075872437
87 100 4.54422843471137
87 300 4.60854890792821
87 1000 24.6898503343545
88 0 3.70011229525127
88 100 5.17787157627117
88 300 12.1168134861989
88 1000 24.8262185490045
89 0 5.64167344753044
89 100 5.57091913061166
89 300 18.7155630075223
89 1000 22.4271659211812
90 0 5.34019429070453
90 100 5.12543461684401
90 300 7.14026018309643
90 1000 14.7043343860397
91 0 3.85577131956072
91 100 4.21195264419212
91 300 12.7740211265387
91 1000 62.30518327773
92 0 6.25279528319343
92 100 5.60514891749332
92 300 13.3095659091301
92 1000 24.3818278019576
93 0 5.49343518130455
93 100 6.75789532962947
93 300 6.60367049521483
93 1000 16.8107561791068
94 0 4.60100439095101
94 100 9.35708368565608
94 300 56.3718285185736
94 1000 142.811361607797
95 0 5.40388809769743
95 100 5.00801065720431
95 300 4.80365990919638
95 1000 11.3307511103201
96 0 3.8018233837446
96 100 7.27461203123272
96 300 19.0157726199346
96 1000 43.1697023712868
97 0 3.25223433245345
97 100 3.17307796695317
97 300 4.31068372183583
97 1000 21.0018942778871
98 0 5.43687835138201
98 100 4.10338219434646
98 300 9.31293131201118
98 1000 27.4236486863513
99 0 4.54188432026025
99 100 8.79827816399254
99 300 15.5406585547041
99 1000 19.1337965904109
100 0 6.35449473585252
100 100 5.9790854972531
100 300 10.3700909144329
100 1000 19.265295295418
