id dose y
1 0 5.4876729215779
1 100 5.45081275319701
1 300 9.29217617505388
1 1000 39.017195779041
2 0 6.38053489561521
2 100 5.75292772836575
2 300 13.4864269186923
2 1000 47.3443029518982
3 0 5.77920970519856
3 100 6.40069529573558
3 300 6.10955107584002
3 1000 21.9922012065723
4 0 4.68114502306728
4 100 3.88962164101206
4 300 8.13363796235038
4 1000 39.6251821938154
5 0 5.76891322385308
5 100 6.68264784012505
5 300 8.31150721855337
5 1000 33.6272182997463
6 0 3.85591639655417
6 100 4.28404501901629
6 300 4.60737786031022
6 1000 18.6071447059821
7 0 4.54166659037643
7 100 3.89995451211581
7 300 8.05983841336128
7 1000 20.6494759096353
8 0 3.06936515659369
8 100 4.40285300971667
8 300 9.38827316353857
8 1000 25.1065048613511
9 0 5.28023064498407
9 100 5.92948084767333
9 300 9.18838968906222
9 1000 12.3619206188792
10 0 2.82595867616308
10 100 2.94095739025491
10 300 4.56621886776022
10 1000 23.1323830610215
11 0 4.76525343871714
11 100 6.81114774499266
11 300 28.9079495205543
11 1000 65.2285982828791
12 0 5.41807091733415
12 100 6.23988036925394
12 300 5.42446200713451
12 1000 19.031427618062
13 0 4.43382689941371
13 100 5.63595378042992
13 300 19.0845960158715
13 1000 36.8037823005305
14 0 5.85862821546327
14 100 5.6709623569822
14 300 9.42514507675739
14 1000 28.8543378417523
15 0 6.30678424588377
15 100 7.55297280717111
15 300 12.1821671915761
15 1000 13.1468319091579
16 0 3.80765158774296
16 100 4.41090268362837
16 300 23.4879088499156
16 1000 46.8753203754247
17 0 6.77665934889713
17 100 6.10828268337416
17 300 8.24732127118398
17 1000 34.5983855818423
18 0 5.32445003278146
18 100 4.91580998681058
18 300 7.95659455244431
18 1000 23.8714104580972
19 0 4.64958678205236
19 100 5.94028011249972
19 300 7.040264148881
19 1000 26.5173173140104
20 0 6.1103270500681
20 100 5.57019059446185
20 300 6.56151919019929
20 1000 13.3968455467321
21 0 3.94754001292401
21 100 5.63539463887272
21 300 11.9321475746195
21 1000 18.8034994961227
22 0 4.59193756918258
22 100 5.65850132608993
22 300 13.5677491826013
22 1000 22.2403462921524
23 0 2.69502678868862
23 100 3.45384590276214
23 300 8.0235992146189
23 1000 31.8981115741481
24 0 7.20976886251956
24 100 6.3999665691901
24 300 10.4491645211116
24 1000 39.1031867706318
25 0 6.47004896756258
25 100 6.52998383997617
25 300 7.07816954031125
25 1000 20.7094109199794
26 0 7.45237723898966
26 100 7.48169522531195
26 300 24.7855097399057
26 1000 41.2102012339825
27 0 4.84873447976723
27 100 3.61070675941632
27 300 8.42843961765722
27 1000 26.0026619893055
28 0 2.73585193130813
28 100 3.80098055559366
28 300 17.7048405773786
28 1000 32.6277736133636
29 0 10.675685544777
29 100 10.0550536122005
29 300 12.5983989289445
29 1000 27.0353765769116
30 0 4.52085229321032
30 100 5.37320214994062
30 300 5.93140132303932
30 1000 21.6650027016774
31 0 4.3828408867307
31 100 5.09619344088749
31 300 5.45561412919341
31 1000 19.0688571750405
32 0 6.56294487940063
32 100 12.5260789122291
32 300 11.894083956821
32 1000 11.0488997960305
33 0 5.78926756371976
33 100 5.18444186061384
33 300 8.62555313835983
33 1000 20.4092072526917
34 0 4.50108790240468
34 100 4.61865996041541
34 300 4.5361859273746
34 1000 8.05779267460401
35 0 7.99836827270691
35 100 8.29894277050513
35 300 9.7088180924542
35 1000 28.6178473227185
36 0 3.71776548992195
36 100 4.65696344938233
36 300 9.53553882262909
36 1000 12.6496841368437
37 0 4.97824297064555
37 100 5.23929448060682
37 300 7.73493603583147
37 1000 21.9008093163131
38 0 3.90067674566015
38 100 4.12486814257664
38 300 14.3527235032862
38 1000 46.6983521705113
39 0 7.47996726372256
39 100 7.81825779924128
39 300 19.7020562995671
39 1000 75.342562751498
40 0 7.66849235258741
40 100 8.61020232912275
40 300 24.2966254626804
40 1000 63.2291475814964
41 0 4.46069765323139
41 100 5.61218267901471
41 300 10.5693384710002
41 1000 19.6638903620489
42 0 5.90607936265149
42 100 6.13893696714557
42 300 7.02435872870739
42 1000 38.6255121431892
43 0 5.66350584937725
43 100 6.66963967036027
43 300 12.8809840325562
43 1000 18.7986771003954
44 0 3.51453356879807
44 100 3.97805477770551
44 300 4.85005345902856
44 1000 27.9491484487643
45 0 9.79748808493285
45 100 10.252451835405
45 300 15.8404276275028
45 1000 35.4954056036184
46 0 7.27559594358717
46 100 5.8606570886611
46 300 8.88841190897396
46 1000 33.0635217614079
47 0 3.58309757801378
47 100 3.61885776534823
47 300 5.55927177452514
47 1000 37.7559121946018
48 0 4.66020485848955
48 100 5.48044727222281
48 300 14.1255035336744
48 1000 21.6995679712627
49 0 4.40606618653628
49 100 9.59531286930776
49 300 17.767711996744
49 1000 24.0120361596247
50 0 8.28368106710558
50 100 8.982198579289
50 300 14.7517770988989
50 1000 14.1110519019989
51 0 4.6052221955747
51 100 5.46286044546376
51 300 23.0691238748873
51 1000 61.7922111303608
52 0 4.77998434886303
52 100 5.27293460518581
52 300 18.8201974754861
52 1000 34.5544801401164
53 0 4.0442199926498
53 100 4.61684721298151
53 300 7.49549837955987
53 1000 38.3211585799824
54 0 3.07128778554652
54 100 3.55946543981174
54 300 20.0023210473929
54 1000 39.6568119425414
55 0 4.90330581110118
55 100 9.62622141547196
55 300 24.4444388302254
55 1000 23.1633650038391
56 0 3.70754691388753
56 100 3.23383421630368
56 300 10.0589272326804
56 1000 31.0799777094271
57 0 4.86183502545817
57 100 5.39648004482161
57 300 6.63297226026449
57 1000 15.3078376016503
58 0 3.10393838138864
58 100 3.44360664207811
58 300 4.685933252469
58 1000 17.444548077579
59 0 2.24580750307762
59 100 4.35804395461301
59 300 13.743294374193
59 1000 16.8911060001351
60 0 5.96936547994659
60 100 6.54815638702634
60 300 13.9360226857533
60 1000 22.9885803908295
61 0 4.48308673508955
61 100 4.29773834688871
61 300 10.0972696438809
61 1000 16.4768336220221
62 0 2.94619060581982
62 100 4.5068037228723
62 300 23.6434580966137
62 1000 39.3764563725892
63 0 6.64086494052232
63 100 8.73780281265285
63 300 21.5316828768434
63 1000 84.7813249957065
64 0 4.56870097015102
64 100 3.89242952785444
64 300 8.83082154712067
64 1000 17.616586933335
65 0 5.17180932822088
65 100 10.0592511369492
65 300 29.7986871692849
65 1000 30.977300607034
66 0 5.31718736068154
66 100 4.55889221324107
66 300 11.9472305488042
66 1000 33.0619171168114
67 0 8.40418349780979
67 100 8.60442988390237
67 300 15.734932805963
67 1000 36.8203827370706
68 0 4.54104893032125
68 100 6.18207401687023
68 300 14.5521849979751
68 1000 13.5570800538134
69 0 6.12565078819891
69 100 5.60533536994325
69 300 8.52158796159673
69 1000 33.9701284507652
70 0 2.81699738459052
70 100 2.84451049697483
70 300 6.12861836891419
70 1000 18.8153960772102
71 0 5.11921367907071
71 100 5.5839819061201
71 300 7.75245884924919
71 1000 26.2933849589641
72 0 3.19104186284964
72 100 3.67487059609372
72 300 14.0498775383583
72 1000 72.335400391034
73 0 5.11799039103356
73 100 3.81542779667548
73 300 4.72578978673809
73 1000 11.2619784245623
74 0 3.91577427673985
74 100 3.17739719267842
74 300 4.19800315447112
74 1000 16.9517602783036
75 0 6.11513564472368
75 100 6.03874852655884
75 300 6.69626185832574
75 1000 24.0494089548931
76 0 3.91964282486589
76 100 4.3986431443195
76 300 4.0531616440462
76 1000 9.97622925187848
77 0 3.84150030807724
77 100 4.24613206570696
77 300 4.86283662950969
77 1000 16.7614625294007
78 0 6.40552703046235
78 100 6.87389575234648
78 300 7.04314259331063
78 1000 16.554280521794
79 0 5.83078897559189
79 100 5.07252155637887
79 300 6.00809516605807
79 1000 19.1098912535235
80 0 5.1795910577458
80 100 6.09505304887628
80 300 14.9342261820535
80 1000 50.977154236744
81 0 3.91049003335167
81 100 3.54147797117944
81 300 12.7022984079183
81 1000 37.4001433509449
82 0 5.53945023158048
82 100 8.679015062933
82 300 25.5228412523221
82 1000 33.425956566895
83 0 10.5297568147006
83 100 9.44767622356081
83 300 23.0356178977028
83 1000 26.7787735743424
84 0 4.29077216246906
84 100 4.75349497999566
84 300 10.1601138813133
84 1000 21.8455024069365
85 0 5.53040480331722
85 100 5.81224761280223
85 300 7.42916789496747
85 1000 43.8639702510095
86 0 3.88269952701099
86 100 4.6452972481905
86 300 12.5532740902673
86 1000 80.9037016314479
87 0 4.78677961602022
87 100 5.72629390479467
87 300 13.239098899618
87 1000 14.1741401357253
88 0 2.5239121434611
88 100 3.45606714066679
88 300 16.3572685331848
88 1000 29.357515650848
89 0 5.80535623114032
89 100 12.111048864833
89 300 32.1211629793126
89 1000 35.7015505816721
90 0 3.44481469218713
90 100 3.90546957035889
90 300 7.65689937126151
90 1000 24.5370359904636
91 0 5.10023474606603
91 100 4.34678065160301
91 300 6.34603996658741
91 1000 29.5459318203451
92 0 6.3271095351022
92 100 5.4161757933269
92 300 12.3192538133953
92 1000 56.7124515566582
93 0 3.88105279240013
93 100 4.12907414762058
93 300 14.4828597256543
93 1000 23.6583558097641
94 0 6.32891890373649
94 100 6.55663139974249
94 300 18.0468071038343
94 1000 77.3193933177779
95 0 6.74041954141399
95 100 7.17065211709909
95 300 15.4119694729749
95 1000 41.859569454492
96 0 5.64355601235508
96 100 5.45096580414156
96 300 9.83007341077545
96 1000 19.1700585474468
97 0 4.48731291911637
97 100 4.94589707786121
97 300 26.2008091634897
97 1000 82.0102691514069
98 0 3.28956670871497
98 100 3.74346087232853
98 300 6.77531870705151
98 1000 10.1919387422572
99 0 3.29525667611614
99 100 6.44355897466497
99 300 23.1061284183101
99 1000 23.8429619233851
100 0 5.6916661512759
100 100 5.11929350401704
100 300 11.4750857561911
100 1000 43.022607153607
