id dose y
1 0 3.71468762943392
1 100 3.17193967833126
1 300 3.94312734821158
1 1000 19.6810891142024
2 0 5.51618071508301
2 100 6.19297791333588
2 300 12.7892929568132
2 1000 52.4086488663781
3 0 5.789183448635
3 100 6.56537916543902
3 300 10.2734442414998
3 1000 52.63756074143
4 0 2.78925133516124
4 100 5.42439944962548
4 300 29.0054402492915
4 1000 81.32685464001
5 0 5.53498486517767
5 100 4.97369645089371
5 300 22.7180321481471
5 1000 56.1945764208249
6 0 4.10951127623189
6 100 5.22848614154118
6 300 7.38290242900942
6 1000 32.2422186720198
7 0 12.9471603859491
7 100 11.5730928463789
7 300 17.6027739368587
7 1000 32.5722041649355
8 0 2.96449432498075
8 100 2.81883334669571
8 300 4.01264071967899
8 1000 14.6520742048804
9 0 5.32594494096704
9 100 5.56134599260889
9 300 12.9329946731832
9 1000 21.5317547545011
10 0 4.68493315889648
10 100 4.72790859324306
10 300 8.56271297866302
10 1000 28.3319209047193
11 0 7.52636398647987
11 100 7.11428166219682
11 300 18.7532502957268
11 1000 30.3157422100279
12 0 3.9002945584339
12 100 3.98055959272759
12 300 10.4312567981164
12 1000 35.1565859426941
13 0 5.1120077391233
13 100 5.99927818607896
13 300 8.78884887263316
13 1000 16.4775165018912
14 0 5.32343999049129
14 100 4.51468903187215
14 300 6.31490728746298
14 1000 22.731735979556
15 0 8.23373741678708
15 100 8.17696488021744
15 300 12.874667188017
15 1000 31.3553146241169
16 0 4.43387929580311
16 100 4.00105564790706
16 300 5.3201939518879
16 1000 21.2873654198074
17 0 4.39297143639837
17 100 4.99752895038178
17 300 7.3312067642548
17 1000 15.4547416378946
18 0 8.55010692905899
18 100 8.92480420383994
18 300 13.819510434543
18 1000 39.3625855623239
19 0 5.43515999738406
19 100 6.00291741531622
19 300 10.120575918324
19 1000 54.3891364895698
20 0 6.28109164269666
20 100 8.20420141355609
20 300 17.9939507950737
20 1000 28.07935077707
21 0 4.34663583587982
21 100 4.96678324042707
21 300 20.2302748518247
21 1000 79.4744378556573
22 0 11.0002418994519
22 100 13.6051883156754
22 300 8.7880674394837
22 1000 11.3184592533243
23 0 7.75895174835263
23 100 7.24195441675324
23 300 10.2525225991839
23 1000 50.8428205452529
24 0 3.80275324922979
24 100 6.68425729044582
24 300 23.8245121198257
24 1000 25.344511523433
25 0 4.92444851730906
25 100 4.84615183919174
25 300 8.38151775626236
25 1000 60.5632073485674
26 0 7.13882522878902
26 100 5.47685683648446
26 300 6.90395767212475
26 1000 10.3657758305083
27 0 2.69028338252468
27 100 2.80717788008968
27 300 5.10785340839938
27 1000 34.1701073791551
28 0 4.85227886930568
28 100 4.24664513244702
28 300 10.3843890723181
28 1000 14.5455978818417
29 0 5.58117178093541
29 100 8.62261633734389
29 300 33.5408335032951
29 1000 54.9747502418162
30 0 5.91164120982994
30 100 6.05320581784295
30 300 9.58352137283037
30 1000 41.0301314646057
31 0 4.05351660454007
31 100 4.09149279095988
31 300 4.69133198902913
31 1000 17.6772425512059
32 0 4.8596227930906
32 100 4.85992641034816
32 300 5.21661559330153
32 1000 5.54978370177433
33 0 2.49526491864886
33 100 3.17533530503908
33 300 11.1580738591961
33 1000 15.3468959314548
34 0 4.94040176624861
34 100 4.74350032161758
34 300 9.13971661530491
34 1000 31.103672397523
35 0 4.31754118648107
35 100 7.86131914464069
35 300 33.3818599878779
35 1000 34.6603921578123
36 0 3.78736520043995
36 100 4.50263134252532
36 300 5.69853405213221
36 1000 21.0531926183601
37 0 5.38861429682428
37 100 5.98349202005097
37 300 13.3745606414293
37 1000 23.7105666084495
38 0 8.71732542579331
38 100 8.40741821743627
38 300 18.4184909051794
38 1000 31.07586760592
39 0 3.78566044793069
39 100 3.8916309482264
39 300 4.15890054322799
39 1000 17.6495669127617
40 0 5.77536678507064
40 100 5.54979492027617
40 300 6.72218651876643
40 1000 24.6226946162184
41 0 4.3256237976905
41 100 6.37340865442372
41 300 20.7071643360821
41 1000 29.1947459372811
42 0 4.72203396853754
42 100 4.82174895232175
42 300 6.26317125850833
42 1000 16.3340376775364
43 0 7.81907283003543
43 100 7.26966911938581
43 300 7.96479276305628
43 1000 17.308117365093
44 0 2.73406704692859
44 100 2.88371294083054
44 300 4.03950958848308
44 1000 50.1188274726541
45 0 3.43787902554599
45 100 3.68169283595136
45 300 6.80613908594096
45 1000 23.1333563043432
46 0 2.46478341791117
46 100 2.99720862022335
46 300 14.9926878133173
46 1000 26.6302540239686
47 0 4.68529974283805
47 100 6.91841249198013
47 300 16.2473302935973
47 1000 28.9684467531948
48 0 6.54040566172175
48 100 6.8188717601707
48 300 32.4588321153526
48 1000 103.897316148955
49 0 1.7112964980209
49 100 3.15504261027535
49 300 17.4652981895405
49 1000 24.7041259587331
50 0 4.0831824233887
50 100 4.37722932343115
50 300 4.86325974769322
50 1000 13.3886337818108
51 0 6.5895103113463
51 100 7.68887505101233
51 300 32.6166932578794
51 1000 122.823847930181
52 0 7.41939360747826
52 100 7.18642872920312
52 300 12.5319087619085
52 1000 27.9355752545537
53 0 2.32834179582531
53 100 4.37575757033804
53 300 9.04603962019352
53 1000 26.3010020250551
54 0 6.43110480665027
54 100 7.96285323564017
54 300 14.5930760317961
54 1000 28.9705762100788
55 0 7.93041413258466
55 100 8.27072845419278
55 300 9.00286214027771
55 1000 59.3610613354897
56 0 5.2203892747731
56 100 6.00297920018537
56 300 21.9097575058319
56 1000 52.3844851420524
57 0 6.07551557102586
57 100 6.84091355887107
57 300 8.54771382228881
57 1000 16.3426524251626
58 0 5.76894595877242
58 100 5.26519424409483
58 300 5.8036258877443
58 1000 23.983249334461
59 0 4.59910090043266
59 100 3.89631467474165
59 300 4.98239240094751
59 1000 35.9599563114468
60 0 5.46891848193668
60 100 5.68801115618832
60 300 7.18698700506135
60 1000 17.4910440273433
61 0 4.58212687181423
61 100 4.98258221989666
61 300 7.96140283574368
61 1000 33.7850899754836
62 0 4.24691958592513
62 100 3.98660922723582
62 300 5.4101612422702
62 1000 14.6270923471652
63 0 6.49516595016723
63 100 5.77436977807517
63 300 7.55569158363846
63 1000 11.2809292174545
64 0 2.82833031198151
64 100 4.301343809529
64 300 3.81826641986351
64 1000 17.9627112047193
65 0 4.33000525759275
65 100 6.47811139808392
65 300 31.4031621098365
65 1000 64.7678393946459
66 0 5.72925202891989
66 100 5.25578998833212
66 300 7.19595263312246
66 1000 36.6245937943757
67 0 5.00667454791117
67 100 6.40994917408534
67 300 7.16911215102353
67 1000 25.221518543448
68 0 6.48680413859523
68 100 5.80611048291243
68 300 7.0019089329455
68 1000 12.8036826712066
69 0 4.13578698125998
69 100 3.9975343703554
69 300 14.6810718251165
69 1000 81.8015377249949
70 0 6.9816066203523
70 100 6.32351619597413
70 300 22.5757248173785
70 1000 45.562133636521
71 0 3.44514044062647
71 100 3.94447653436753
71 300 12.2939357591782
71 1000 15.5677154603088
72 0 2.91092941114339
72 100 3.52740354293803
72 300 3.88847803763343
72 1000 30.9707358471161
73 0 3.72945808684712
73 100 4.99187520318152
73 300 15.0556061504329
73 1000 37.6114335928695
74 0 5.21211842658499
74 100 7.13046942390289
74 300 21.8450843966741
74 1000 61.3008718824913
75 0 4.20400796761507
75 100 5.70601689706266
75 300 6.30979841761104
75 1000 11.7193229772171
76 0 4.452098470492
76 100 4.96965651263727
76 300 5.99221429425968
76 1000 14.1723422183309
77 0 6.91290301929298
77 100 6.68701735006871
77 300 11.9858636176724
77 1000 39.0875859654195
78 0 6.59377202101814
78 100 7.16379126792979
78 300 9.02512740722197
78 1000 26.0750540604774
79 0 5.39577468442854
79 100 6.73345498638691
79 300 15.758340797959
79 1000 63.5698510651261
80 0 4.15218622672216
80 100 5.44610340989682
80 300 10.2934118603402
80 1000 33.1725851084582
81 0 6.44774226522236
81 100 7.51916251868958
81 300 10.7850850488432
81 1000 23.3411662777829
82 0 3.4755093666227
82 100 3.93370452490356
82 300 8.54379482235767
82 1000 52.0345236125594
83 0 6.74321041004117
83 100 8.37028966470459
83 300 8.3810007918935
83 1000 26.4338032609376
84 0 6.23388076693286
84 100 6.90959239789706
84 300 9.35823686547466
84 1000 17.5925704784526
85 0 6.64840636108484
85 100 6.6732686433387
85 300 7.24658845002378
85 1000 8.8093392240783
86 0 6.07917300081711
86 100 6.70298804413933
86 300 13.1006164850338
86 1000 22.4523382790246
87 0 4.2838216064028
87 100 3.59486919272052
87 300 7.1803849992087
87 1000 37.9875461303157
88 0 5.84025518332992
88 100 6.39564057453538
88 300 22.6468893799931
88 1000 30.3571864047831
89 0 4.85703235522009
89 100 7.59884747956543
89 300 8.02574003124328
89 1000 17.3804962957825
90 0 3.53312056449803
90 100 5.43809093309429
90 300 12.086406344842
90 1000 14.8834639269299
91 0 6.47908016022301
91 100 7.07013764641146
91 300 17.9815896865281
91 1000 24.7208731910345
92 0 6.47307236996679
92 100 6.09154024153414
92 300 14.4852641297017
92 1000 33.3859558337595
93 0 6.45853643463781
93 100 6.13022011250327
93 300 9.84190633008907
93 1000 18.5835806060313
94 0 3.25858493587743
94 100 3.65535632173818
94 300 7.64040072033017
94 1000 32.1644558642852
95 0 9.91302241655026
95 100 8.77764905363729
95 300 11.2528221991283
95 1000 25.8920892185517
96 0 3.99457949475521
96 100 4.23872598839624
96 300 10.1071780793571
96 1000 38.0136422319233
97 0 2.87179379869998
97 100 3.62827577288924
97 300 4.05213064460962
97 1000 23.9819194868936
98 0 4.76625239681776
98 100 6.21954104176292
98 300 19.9906606547341
98 1000 26.2265339266368
99 0 8.27007809208703
99 100 9.61145166199931
99 300 8.82953182792551
99 1000 28.4195380032709
100 0 4.05322913087614
100 100 4.29612947972987
100 300 15.1261020865374
100 1000 20.3147574037567
