id dose y
1 0 12.8141955981199
1 100 10.7920814634539
1 300 9.82139032929577
1 1000 24.4392117192701
2 0 7.34949317033
2 100 7.73377571959479
2 300 12.9208905851352
2 1000 26.1110710595221
3 0 4.57470299443042
3 100 6.20711165534077
3 300 14.6195461027197
3 1000 32.6227011302295
4 0 12.5555568845524
4 100 12.1783082004828
4 300 21.4306197984909
4 1000 90.5264419790127
5 0 4.66431004707591
5 100 4.97133892722094
5 300 8.71424477517631
5 1000 22.0709785238394
6 0 5.16147436196039
6 100 6.1239335712731
6 300 7.71944676093326
6 1000 23.8724619687401
7 0 7.46998286626204
7 100 8.8340471804664
7 300 11.9769257781522
7 1000 13.6288903862922
8 0 3.20752739741284
8 100 3.50457455203382
8 300 10.7318981762838
8 1000 27.9604225584614
9 0 4.55942497196076
9 100 5.33344157315697
9 300 15.6991865279832
9 1000 18.3490226171111
10 0 1.94345797442127
10 100 3.18481960885739
10 300 11.6973128164314
10 1000 22.1108449971252
11 0 4.33702742487597
11 100 4.17193341416948
11 300 8.03722397118334
11 1000 16.8195242383165
12 0 9.76524351192675
12 100 7.79731324729667
12 300 10.5967485185587
12 1000 36.2511210653982
13 0 5.51254325764283
13 100 6.9837658836393
13 300 18.6183097467269
13 1000 22.6981050593207
14 0 4.61266674124969
14 100 3.51876517774823
14 300 13.7596742125373
14 1000 71.2882600949503
15 0 5.3599237038392
15 100 17.6644898988385
15 300 52.2329018823559
15 1000 55.1955745254492
16 0 3.8476163854782
16 100 4.21027085130013
16 300 5.84337817490828
16 1000 17.4176349808876
17 0 3.85307611870013
17 100 3.45332122600577
17 300 6.18753467691116
17 1000 26.4269556741239
18 0 5.88642824102114
18 100 5.8176872031091
18 300 7.7625497900905
18 1000 35.0128070246089
19 0 6.18918762771077
19 100 5.06389902129292
19 300 5.64060075976042
19 1000 7.35880150922947
20 0 6.36709767725669
20 100 6.63927628706709
20 300 8.95843806738664
20 1000 42.5202322903961
21 0 6.31047771640854
21 100 6.43927436446923
21 300 10.0790014684117
21 1000 41.1389912645121
22 0 3.51385338416024
22 100 2.55819771806503
22 300 4.87795159483523
22 1000 24.5441228782436
23 0 5.21329059150099
23 100 4.56312961098755
23 300 11.3838417118187
23 1000 54.0097870951647
24 0 5.25255213166058
24 100 5.41196798284417
24 300 16.1842383390562
24 1000 109.108836701449
25 0 8.8157628215682
25 100 9.39477824728356
25 300 18.1915324851459
25 1000 33.0960461124686
26 0 5.80643377118851
26 100 5.14450206934533
26 300 7.72363136042374
26 1000 29.8771064168928
27 0 5.54202652231655
27 100 6.18268464277616
27 300 21.0328463711042
27 1000 26.2578187748415
28 0 8.66078786026347
28 100 8.0194661491885
28 300 8.32569046378148
28 1000 20.8910948278223
29 0 5.10627761441166
29 100 6.03372431041317
29 300 5.76538556064958
29 1000 10.1364685114045
30 0 4.11517544798318
30 100 5.09961535641353
30 300 16.678436273956
30 1000 29.2208303821521
31 0 3.68546144401969
31 100 4.44530173797036
31 300 10.4674715958597
31 1000 27.2262853607645
32 0 7.46468279932082
32 100 7.23759696136415
32 300 15.1724356240612
32 1000 38.6687938700646
33 0 5.96010760391249
33 100 7.02232211528665
33 300 18.0047815447351
33 1000 19.3738659583316
34 0 2.84029002053821
34 100 2.80759275938905
34 300 7.06427496181152
34 1000 24.2528671342882
35 0 3.66813785484088
35 100 3.5453925357797
35 300 5.39188909966147
35 1000 23.1750337383427
36 0 3.91770080098041
36 100 4.40314437766201
36 300 7.06004525470493
36 1000 7.87689248113231
37 0 2.77146604664543
37 100 2.06975471273793
37 300 3.13182183755572
37 1000 4.64181120912962
38 0 7.27338701419257
38 100 9.70443229609836
38 300 20.6228596761659
38 1000 32.1405569156891
39 0 2.75238207406466
39 100 4.13725794458462
39 300 7.65107919993109
39 1000 47.7644300632258
40 0 4.24781299824779
40 100 3.71739565229237
40 300 3.46236253760157
40 1000 8.25281235147587
41 0 3.65697880911813
41 100 3.47262178979526
41 300 8.50107277963649
41 1000 16.6044426685343
42 0 6.4452112731436
42 100 6.92514844509279
42 300 25.2380333345332
42 1000 76.4277498392134
43 0 4.26960455015474
43 100 7.20786094450238
43 300 28.2613717160862
43 1000 35.2853645536285
44 0 6.54543635921169
44 100 5.69475941342853
44 300 6.83768224690394
44 1000 26.0548191483519
45 0 4.77076065141721
45 100 6.47081019985981
45 300 16.6068452817021
45 1000 21.6672900805625
46 0 3.63189678074932
46 100 4.99878261895484
46 300 21.3625341930537
46 1000 50.1730996560079
47 0 7.319527700223
47 100 6.26506617559117
47 300 7.73609494825616
47 1000 21.839230085202
48 0 5.33821656309496
48 100 5.88196090270292
48 300 8.48005889446308
48 1000 18.2373299025414
49 0 5.62160119242241
49 100 6.42210755973502
49 300 10.1081074759897
49 1000 36.988845277014
50 0 3.93936402004621
50 100 10.5531185858983
50 300 40.8144276083895
50 1000 54.9535797036571
51 0 6.76478065888992
51 100 6.64331885799643
51 300 7.43042940941731
51 1000 30.8239569398868
52 0 3.44542393252746
52 100 3.14967902951424
52 300 4.31709992729158
52 1000 14.8297008299058
53 0 4.06744039046163
53 100 4.37516462141589
53 300 12.027815249413
53 1000 29.9122993229445
54 0 4.82528185783335
54 100 5.44837993564038
54 300 7.61783980979661
54 1000 25.7945433137861
55 0 5.71613894879148
55 100 5.85615748360461
55 300 7.87615068914471
55 1000 23.5122529731577
56 0 3.4306643476156
56 100 3.29339822636167
56 300 4.54480296840437
56 1000 18.7489173859206
57 0 9.85630450364806
57 100 12.3245449039527
57 300 25.5363283558096
57 1000 55.132686326731
58 0 6.00976630956115
58 100 5.50646542636992
58 300 5.86970092805982
58 1000 11.3683963877531
59 0 6.14303947727433
59 100 6.88915578431041
59 300 22.2363240972478
59 1000 61.8854072356704
60 0 6.1490805615982
60 100 5.85577764810024
60 300 8.8092123224468
60 1000 51.5279781656317
61 0 6.56758653037131
61 100 6.35718960918506
61 300 17.7490381328489
61 1000 21.0444824266541
62 0 3.33674451778535
62 100 2.90656017080858
62 300 5.37926343820089
62 1000 33.1830026695689
63 0 3.26034722880408
63 100 3.08716562813143
63 300 3.37722027334799
63 1000 8.53255626231131
64 0 4.03591704894552
64 100 4.40201119380182
64 300 15.1982701687468
64 1000 126.160313116031
65 0 4.56684272087316
65 100 3.58370203746657
65 300 7.8974269409817
65 1000 14.9009483577843
66 0 4.59063424600149
66 100 4.74350168658699
66 300 8.11654655485756
66 1000 59.4364947675803
67 0 4.89909673588281
67 100 6.83811975737428
67 300 8.7155543951876
67 1000 14.0291240629227
68 0 5.76970277294029
68 100 7.88640575752053
68 300 19.0420631859483
68 1000 35.7317932465858
69 0 2.75036790100835
69 100 2.7659393408263
69 300 8.8352938209333
69 1000 20.7035802070559
70 0 5.01193804753955
70 100 23.310003385492
70 300 29.3353511747677
70 1000 27.7207880725316
71 0 4.37572236604549
71 100 4.50972852772611
71 300 14.033943520906
71 1000 99.8081355124984
72 0 4.79051668604297
72 100 4.8651787371348
72 300 4.35072939094879
72 1000 18.9703704054271
73 0 6.05438749462554
73 100 8.76585074019692
73 300 23.6738006988461
73 1000 26.9182084417118
74 0 3.87545873502298
74 100 4.42893071018541
74 300 7.1916689319771
74 1000 15.4880665504462
75 0 5.00744951983513
75 100 9.76699090788366
75 300 40.2231942413646
75 1000 78.0165580864474
76 0 6.78964039276499
76 100 5.94756363051711
76 300 19.6555152188425
76 1000 37.2981372205695
77 0 8.76455931686445
77 100 8.03352943461233
77 300 7.1591813286253
77 1000 18.3593297519417
78 0 5.07721182395834
78 100 4.40725994618352
78 300 6.68575511911546
78 1000 13.5132838172456
79 0 3.43292303772643
79 100 3.82611553545311
79 300 6.85637076832256
79 1000 76.1960893394825
80 0 4.67022559662867
80 100 4.75977006294853
80 300 12.3544356069748
80 1000 56.925554478594
81 0 4.84498813313868
81 100 4.48069921249504
81 300 12.3106744611255
81 1000 30.6686383700552
82 0 8.90674698633462
82 100 8.73421116353979
82 300 15.5415774847233
82 1000 45.2787079653026
83 0 4.20572666983533
83 100 3.41178543130118
83 300 8.16060660404576
83 1000 28.0370487140192
84 0 5.19779831363057
84 100 5.17578062103671
84 300 11.963129245251
84 1000 30.0967343788708
85 0 2.52661523417671
85 100 2.96166130151551
85 300 7.81122547726344
85 1000 71.615301806659
86 0 4.18630994978712
86 100 4.27382225963766
86 300 5.91935791120789
86 1000 20.5511662186876
87 0 2.2239819943772
87 100 3.28603262915822
87 300 10.1662333650787
87 1000 56.3321411418635
88 0 3.9747312477752
88 100 3.26201094243697
88 300 2.72011248566344
88 1000 3.68363633045491
89 0 6.5159832265383
89 100 8.04700511766989
89 300 10.1477152178871
89 1000 49.3527643574193
90 0 7.08921667087841
90 100 6.5111451992
90 300 6.37061879198657
90 1000 28.0657235637255
91 0 3.12310710392326
91 100 3.78376370324716
91 300 7.32149981186111
91 1000 32.4184055645605
92 0 5.33015153944016
92 100 7.14767810758611
92 300 20.8249948655342
92 1000 47.995045942111
93 0 2.69752474513848
93 100 2.97963308696749
93 300 3.20346928600146
93 1000 4.47290836598059
94 0 9.08983689852182
94 100 9.83472810926676
94 300 12.1028039507862
94 1000 32.8682303617718
95 0 3.82507043640945
95 100 4.13920138255421
95 300 6.30283317936773
95 1000 58.0263192772982
96 0 4.99207366307321
96 100 5.03818402837001
96 300 9.2754039899524
96 1000 14.0690321210695
97 0 6.47695445511642
97 100 7.14701488620073
97 300 12.4701680400286
97 1000 14.9531614107605
98 0 4.0573861448906
98 100 3.42582213490691
98 300 6.46659811808654
98 1000 24.3235933595298
99 0 3.6611455309541
99 100 3.98217313472511
99 300 6.60529592378701
99 1000 20.8095089679359
100 0 6.27615802488077
100 100 5.1369977037619
100 300 8.29821929306127
100 1000 20.1101005813625
