id dose y
1 0 8.22353232351181
1 100 7.78429741036061
1 300 12.7917828220404
1 1000 20.2533329882205
2 0 4.99032252453142
2 100 4.46412405709999
2 300 7.79881187450212
2 1000 18.9524833133389
3 0 5.79106846235234
3 100 6.05935615104959
3 300 28.6367948213479
3 1000 38.4088083586741
4 0 5.01183436390724
4 100 4.72388484172278
4 300 6.55272267240227
4 1000 38.9301071700932
5 0 9.58696232451023
5 100 8.95496928276862
5 300 13.5339058155516
5 1000 45.3492914336248
6 0 10.8095137415409
6 100 13.0735323683689
6 300 19.5198272742186
6 1000 27.1209901347394
7 0 8.44836105942751
7 100 8.33670642162764
7 300 14.3874792639447
7 1000 24.8410074211991
8 0 9.47531572341612
8 100 10.4228827781866
8 300 18.7506051609562
8 1000 34.4273456053258
9 0 5.01302215075225
9 100 8.04419549043469
9 300 16.7413060216544
9 1000 19.6643414886855
10 0 6.2014754199118
10 100 13.4274820381563
10 300 24.5665000869269
10 1000 21.6324871105646
11 0 5.56903257861437
11 100 5.31969146757179
11 300 12.6852242818557
11 1000 26.0917704477241
12 0 4.8076955711496
12 100 13.0578220749797
12 300 31.3990035072018
12 1000 39.3055359621012
13 0 4.49691792129764
13 100 5.76320810222138
13 300 19.1521619890191
13 1000 41.1459146690525
14 0 4.39276343247386
14 100 4.90620849276995
14 300 8.98201574721879
14 1000 14.3885569089321
15 0 3.6464575721731
15 100 4.58864264354191
15 300 21.8034659518719
15 1000 87.1444011094489
16 0 4.89147267187689
16 100 4.86397919832951
16 300 11.5927982348911
16 1000 33.4334540706741
17 0 3.48338222628614
17 100 4.01095671287651
17 300 8.23204032664724
17 1000 32.1563207256652
18 0 5.30330224863416
18 100 4.63477622426317
18 300 6.4144044129344
18 1000 43.1965902088273
19 0 5.51967950498262
19 100 5.3284964361951
19 300 5.87700908495308
19 1000 45.653241782194
20 0 5.1723552124059
20 100 4.86418107218333
20 300 6.91506146314332
20 1000 31.19392775309
21 0 5.42795417359842
21 100 6.45925115539016
21 300 7.9260259212545
21 1000 36.8308180433951
22 0 6.78884433169842
22 100 6.87423293404815
22 300 27.8711289227532
22 1000 84.4020051058542
23 0 6.12354683158143
23 100 6.35256786447516
23 300 13.539045736975
23 1000 16.8183173128152
24 0 6.79521055927017
24 100 7.37772108190605
24 300 9.62082770416263
24 1000 22.7509822603045
25 0 3.1838063181407
25 100 4.25841609489149
25 300 5.50806266607928
25 1000 21.306651081477
26 0 4.29875528723864
26 100 5.30964979218234
26 300 9.4891523478381
26 1000 36.7407112361722
27 0 3.51842112860716
27 100 3.76134177731455
27 300 7.89426893030302
27 1000 11.3754132312349
28 0 3.61986519150216
28 100 3.37843756559042
28 300 4.8734384463979
28 1000 22.1370850381399
29 0 8.16731154106286
29 100 7.70721535512409
29 300 8.64804837368372
29 1000 28.2289239726575
30 0 7.26514483496474
30 100 6.25980935479672
30 300 5.78210371131823
30 1000 12.4812965573181
31 0 5.80178486515914
31 100 13.6826090269144
31 300 62.533403205433
31 1000 80.7181463673875
32 0 5.42251769795469
32 100 4.98665032327266
32 300 4.24182277704295
32 1000 9.86397098796601
33 0 4.35893289167077
33 100 4.0230230388888
33 300 4.3404440608058
33 1000 13.1712659024899
34 0 3.73508958351485
34 100 4.57187097762719
34 300 9.78932376120715
34 1000 24.8694012742566
35 0 5.95503010089033
35 100 5.81759586002198
35 300 5.31975507360607
35 1000 10.7932484648768
36 0 4.32551902893386
36 100 5.59247621189144
36 300 13.3068416869932
36 1000 11.4862322365757
37 0 6.78298483145538
37 100 6.24194677459435
37 300 10.4849234033955
37 1000 15.1355847555975
38 0 6.96405818562986
38 100 6.54562224024548
38 300 8.21350311741505
38 1000 25.0325389075394
39 0 6.9543656062471
39 100 5.94048858984642
39 300 8.05501931275196
39 1000 36.866748576187
40 0 8.16251381745287
40 100 6.81075002425213
40 300 8.35354246873909
40 1000 16.8436858579684
41 0 4.41967875535098
41 100 7.88597518252098
41 300 11.1881002456166
41 1000 11.0412796986288
42 0 5.21493196191993
42 100 4.74465839629896
42 300 5.4097421515494
42 1000 39.1476828409762
43 0 4.22782466281733
43 100 4.8430228887069
43 300 7.7942726053839
43 1000 19.4549465251578
44 0 5.53070337706663
44 100 4.8394511360818
44 300 15.194194165641
44 1000 66.8000269637838
45 0 4.62582331522125
45 100 4.82094292751611
45 300 20.470979991293
45 1000 41.3602735904899
46 0 5.84947452235893
46 100 5.19160145544224
46 300 8.7182152201394
46 1000 27.8159455286141
47 0 4.61085469659609
47 100 4.69463923813223
47 300 5.64382487752383
47 1000 22.1353191744729
48 0 4.24907212449004
48 100 5.16274266453759
48 300 9.11299718224275
48 1000 54.7553551060061
49 0 3.08924119752453
49 100 3.3138436742485
49 300 6.41957430097619
49 1000 53.770504302581
50 0 3.80909165856682
50 100 4.18298025012132
50 300 8.55981124986032
50 1000 19.9830799462328
51 0 5.52200444024095
51 100 5.82116466660115
51 300 13.8431123507714
51 1000 74.2383483007902
52 0 3.85235782333018
52 100 4.1091311601458
52 300 8.37569383942976
52 1000 27.7076200378955
53 0 4.01236135943484
53 100 3.07099084732663
53 300 3.79918889480616
53 1000 12.2789471999784
54 0 2.79159030777692
54 100 2.91656288082842
54 300 4.91439987956974
54 1000 27.404434563067
55 0 7.81085903309077
55 100 7.94418445671716
55 300 9.40426393570281
55 1000 17.7290164164908
56 0 3.32230688833449
56 100 4.19869828725076
56 300 7.23027708782978
56 1000 38.9266606198447
57 0 5.80297123712227
57 100 3.57852052919065
57 300 17.5939746405507
57 1000 46.4351403047939
58 0 5.06877487876127
58 100 6.81958696676948
58 300 13.8290218151595
58 1000 29.8700420881637
59 0 3.74358439292182
59 100 4.51685509976562
59 300 16.283833369958
59 1000 43.9141573851994
60 0 6.93487191609555
60 100 10.2546994165307
60 300 23.0852112489559
60 1000 37.8175049460373
61 0 6.36398901732419
61 100 5.84676275995705
61 300 5.74574561047309
61 1000 15.6797920657845
62 0 6.2611560235157
62 100 12.6169418282502
62 300 22.624178950825
62 1000 25.4162711314202
63 0 5.90321774080446
63 100 8.28083794534077
63 300 12.0395492453898
63 1000 54.0754032696216
64 0 5.62855281721459
64 100 5.08051198481062
64 300 9.80233160556521
64 1000 16.4906349497442
65 0 8.03911257269096
65 100 9.66101744348236
65 300 12.402087197317
65 1000 51.0769390815675
66 0 7.53487000417689
66 100 8.62309079226285
66 300 15.0851415076566
66 1000 30.0816959043879
67 0 4.88064324570606
67 100 6.033768343769
67 300 5.71626078776781
67 1000 17.3918014901918
68 0 5.38731168081013
68 100 5.53257291568552
68 300 6.51895088423206
68 1000 14.7486688200928
69 0 4.66212193151474
69 100 4.69192829917585
69 300 9.66402363223417
69 1000 36.1129511384988
70 0 2.29693655150104
70 100 2.50245690159399
70 300 3.05038906398237
70 1000 16.8108550332191
71 0 5.91925542521421
71 100 6.50141128064102
71 300 12.7794743495274
71 1000 91.1607034684092
72 0 3.74202806483147
72 100 3.78943112626107
72 300 4.61684770318086
72 1000 11.6465875899841
73 0 5.85527151792289
73 100 17.1661749207442
73 300 18.5861278430871
73 1000 22.3685742089456
74 0 5.35503573060414
74 100 5.40755204320469
74 300 22.6219100902873
74 1000 47.2517738963031
75 0 2.6991919209008
75 100 3.85288934323247
75 300 12.6365625146821
75 1000 17.6412438531046
76 0 4.18566985216174
76 100 7.16042235179674
76 300 27.6878637280978
76 1000 62.2110659721957
77 0 4.32130961023192
77 100 4.1446554234853
77 300 9.5636673756467
77 1000 12.682091970295
78 0 5.63085505512
78 100 5.23016590322935
78 300 7.42175415256081
78 1000 25.8020611063766
79 0 3.5840547297018
79 100 2.64725621763312
79 300 4.40407355174526
79 1000 28.7917227065926
80 0 5.03020417721206
80 100 4.91519829882744
80 300 6.04174254920126
80 1000 71.11636914854
81 0 4.39428964487145
81 100 5.55468568363965
81 300 6.95325295923347
81 1000 26.0832325410772
82 0 4.4170717140686
82 100 4.87090524001433
82 300 6.59429918584971
82 1000 27.3415164359899
83 0 5.35366683383977
83 100 4.28760836205293
83 300 8.40876020725256
83 1000 30.7667770744645
84 0 3.5121444985799
84 100 3.16465620926249
84 300 9.06392223248896
84 1000 36.3170788094107
85 0 3.86413748244681
85 100 4.91396570426609
85 300 13.1327655600889
85 1000 46.3072415949318
86 0 5.75686496988223
86 100 6.4156315101753
86 300 7.38411953688299
86 1000 30.1799075844757
87 0 6.16356011317683
87 100 6.379162404752
87 300 9.19010064526944
87 1000 24.7618831704166
88 0 6.1810122236811
88 100 6.15133661049474
88 300 20.5099140970901
88 1000 36.6628868648391
89 0 3.74178684419738
89 100 3.81577994548029
89 300 6.86814339819435
89 1000 29.2180623176882
90 0 5.20492943282279
90 100 5.99289624425549
90 300 16.718219111715
90 1000 19.8139949973979
91 0 6.67716755130569
91 100 7.46151463415173
91 300 12.0088681986233
91 1000 28.15575356525
92 0 5.25341677885404
92 100 6.44204236447121
92 300 15.7901220004419
92 1000 46.4997860483047
93 0 3.11717827231868
93 100 4.18793789849657
93 300 12.5943871883301
93 1000 62.7787219272219
94 0 4.35491397376725
94 100 14.0597428297705
94 300 52.747789525068
94 1000 56.5133690384499
95 0 5.57097970173779
95 100 6.01766373370188
95 300 7.84547163633895
95 1000 23.5274118124224
96 0 4.04197582747347
96 100 5.79688824934603
96 300 21.0507910425975
96 1000 33.617988729887
97 0 6.28359224642403
97 100 6.82890322697298
97 300 21.089613125462
97 1000 23.4176874532041
98 0 3.6620679551395
98 100 3.4735091636352
98 300 4.92307439556131
98 1000 14.8558787557154
99 0 3.40712710044059
99 100 3.38888390909463
99 300 5.25253256151707
99 1000 18.229137927267
100 0 4.00230896012369
100 100 4.88825491247885
100 300 3.99053991074718
100 1000 8.19810499506005
