id dose y
1 0 9.84400612057209
1 100 10.8128936728113
1 300 14.8586892577954
1 1000 18.0464802694064
2 0 5.47761052264193
2 100 10.0968507600186
2 300 29.8858759227656
2 1000 42.7638417718632
3 0 2.14643522466358
3 100 2.80903740675365
3 300 12.4092383021733
3 1000 25.1011561806191
4 0 7.56490115878288
4 100 7.01525791381088
4 300 7.49053802741689
4 1000 17.1395665307403
5 0 4.83025874000872
5 100 5.80475362647761
5 300 9.19491464966346
5 1000 25.2466323499416
6 0 6.43669890041353
6 100 7.21226744896913
6 300 7.24176539153761
6 1000 12.4013431227037
7 0 2.8963644721301
7 100 2.99383323786813
7 300 3.60607091062844
7 1000 8.84023201245835
8 0 3.1426490934957
8 100 2.76419480079456
8 300 6.90436289866786
8 1000 40.9726254278169
9 0 5.48067647017447
9 100 5.34782069608824
9 300 12.6632523235552
9 1000 24.1894649782414
10 0 4.58968408271324
10 100 4.52683205075495
10 300 5.8482735092854
10 1000 16.761866864295
11 0 5.82663714618976
11 100 6.86201293883154
11 300 8.52588736156931
11 1000 26.1373448607436
12 0 3.4331906466324
12 100 3.54517195851898
12 300 6.90464545439892
12 1000 22.8386697475773
13 0 4.94870887391281
13 100 9.87704969777964
13 300 58.3186065947957
13 1000 117.291680601003
14 0 6.45592387520756
14 100 8.03204971312012
14 300 23.8426257861505
14 1000 39.7307012741134
15 0 5.00383077316014
15 100 4.33781892753041
15 300 4.9047671554739
15 1000 15.0048193992342
16 0 4.86720108389476
16 100 4.34989296051948
16 300 10.2527909784489
16 1000 62.0538084632236
17 0 3.08635077023619
17 100 4.35064351953559
17 300 8.68462325013062
17 1000 16.9986724696633
18 0 4.48341632840722
18 100 4.98316303332459
18 300 9.3683365206427
18 1000 18.7699132491912
19 0 2.97509426889303
19 100 3.09852119504926
19 300 3.25228598437244
19 1000 8.38673235367117
20 0 7.36310924361913
20 100 8.50211137392524
20 300 8.22985302826676
20 1000 24.9100322101871
21 0 5.98627577762197
21 100 5.55733724956855
21 300 6.04755651853221
21 1000 19.2503841455318
22 0 3.58785305879684
22 100 4.85370346130121
22 300 13.8702148001264
22 1000 42.1752573878835
23 0 7.11475966115732
23 100 6.96966187201068
23 300 21.6347797195123
23 1000 52.8762704132568
24 0 2.77827400202709
24 100 4.00960019221309
24 300 14.6322527495034
24 1000 60.3862236974518
25 0 6.37812773770561
25 100 7.25695992450781
25 300 25.3715245281203
25 1000 38.3600636922705
26 0 8.79914141901802
26 100 8.59858271526825
26 300 7.44615547290099
26 1000 16.6972565314383
27 0 5.39244857279467
27 100 7.9287402255354
27 300 9.95641647874357
27 1000 11.5314045079228
28 0 2.92947567990028
28 100 3.09619907728022
28 300 3.6814625022665
28 1000 10.469292450401
29 0 3.84383579201131
29 100 3.51503626197287
29 300 8.4056181970095
29 1000 34.0950742319458
30 0 3.52061185097476
30 100 5.40576821443089
30 300 25.5746251681986
30 1000 52.2260938350063
31 0 4.04592057986959
31 100 8.95839209544908
31 300 30.1105942754863
31 1000 49.4154841818135
32 0 4.78971159972623
32 100 5.32378197039974
32 300 10.89806329735
32 1000 37.8428913055042
33 0 6.23958756335965
33 100 6.94751021023285
33 300 19.1527324919929
33 1000 41.1566637804282
34 0 4.57352380802259
34 100 10.8914700634193
34 300 50.8643544430954
34 1000 67.5449851747888
35 0 6.75736010561893
35 100 6.35420357573795
35 300 9.06610482673505
35 1000 25.6503339805869
36 0 6.07835329736996
36 100 7.9046413370062
36 300 15.5621786281189
36 1000 29.8122860274117
37 0 4.27724505056117
37 100 4.60354779908169
37 300 13.6713817348182
37 1000 55.6126582719535
38 0 4.68871759367251
38 100 6.17703445446945
38 300 18.6654956688655
38 1000 23.6240615255165
39 0 5.11879916616795
39 100 4.76510996736577
39 300 6.4507649146151
39 1000 21.981002030473
40 0 8.90857895294184
40 100 10.134276386263
40 300 17.6038439785873
40 1000 20.7536669253398
41 0 10.5493758427575
41 100 13.013783959999
41 300 34.2838643662319
41 1000 43.8369990687402
42 0 5.35925300852582
42 100 5.44065506944518
42 300 8.54974101799566
42 1000 36.3204858684964
43 0 5.8446687641457
43 100 7.77562295135084
43 300 17.9154430421169
43 1000 21.5752763937579
44 0 4.68002736112277
44 100 4.49172924510791
44 300 8.16937092874738
44 1000 29.8498261400096
45 0 7.06248573149616
45 100 5.90778687152553
45 300 12.5890796531108
45 1000 25.9420895573804
46 0 3.57434607086142
46 100 8.16499773607105
46 300 23.0866253582502
46 1000 29.748132074704
47 0 5.58709580573855
47 100 5.9586447832787
47 300 28.1866150540325
47 1000 56.5861301281257
48 0 6.11052755082519
48 100 7.46155295818006
48 300 8.38685143528431
48 1000 53.0825466378784
49 0 4.13560757460875
49 100 5.37648769289325
49 300 32.8990499484562
49 1000 62.5102431387873
50 0 3.81696619420739
50 100 9.57753978904923
50 300 28.1160466974068
50 1000 27.9142209993215
51 0 4.35482087461273
51 100 11.9864323856824
51 300 15.6382302168457
51 1000 16.0681765299975
52 0 3.39787937361267
52 100 7.16812168084932
52 300 25.0402447795088
52 1000 37.3665493072341
53 0 3.51260790203174
53 100 4.76557599620377
53 300 13.4183593793735
53 1000 29.7524691368514
54 0 8.09267906087427
54 100 5.52272442735484
54 300 7.10503810090928
54 1000 22.0255443466992
55 0 7.65227599150872
55 100 7.14769923947799
55 300 8.77790637985909
55 1000 13.7712011657323
56 0 6.0852879193987
56 100 5.15358560837958
56 300 6.15527050493019
56 1000 25.0874615555296
57 0 5.47779172874525
57 100 4.92482754728989
57 300 9.71168332635714
57 1000 28.0057088337637
58 0 3.48620514513809
58 100 17.8888011331686
58 300 28.0082726935926
58 1000 27.8706854880943
59 0 4.50452785274781
59 100 5.32153053385689
59 300 12.4245765784597
59 1000 34.1013028432928
60 0 4.91593712278042
60 100 4.23511916707012
60 300 7.4910206758705
60 1000 16.3710413435083
61 0 4.65551353168684
61 100 4.71964509444061
61 300 8.95973035127939
61 1000 23.1919722388402
62 0 3.88140525219469
62 100 4.93578057763525
62 300 6.3126806892134
62 1000 45.0769501746024
63 0 4.60225642573572
63 100 7.60402425510982
63 300 23.4771474306622
63 1000 25.0211431629176
64 0 3.74314523937999
64 100 5.27475131598963
64 300 8.09229255750219
64 1000 13.2848528202309
65 0 6.13760058008955
65 100 5.84065185849528
65 300 7.89286365606852
65 1000 18.7973660202529
66 0 3.70514340839969
66 100 4.28752251950782
66 300 9.35488806563131
66 1000 26.5938755158589
67 0 5.10096221796096
67 100 8.30693804237884
67 300 31.588707206074
67 1000 57.050842050721
68 0 3.36445609686084
68 100 3.66629170838027
68 300 8.00065195802389
68 1000 41.448940276927
69 0 4.29030354805489
69 100 7.33587184860375
69 300 8.20380543197561
69 1000 10.3325875296159
70 0 7.50299513934955
70 100 7.91694003213742
70 300 18.4350136417188
70 1000 24.0553753871166
71 0 8.30211225131871
71 100 8.25872391532841
71 300 20.838241456216
71 1000 116.705404146477
72 0 6.53280064101323
72 100 7.0676103486954
72 300 31.4512109286252
72 1000 40.0388688922125
73 0 4.81372294721742
73 100 6.29130938692897
73 300 13.6570104647809
73 1000 19.0565798520828
74 0 5.45019904779104
74 100 7.8961720467006
74 300 15.0732738145713
74 1000 17.2160253205937
75 0 8.02559336045934
75 100 6.14485336430873
75 300 14.5975899801343
75 1000 36.9022672180087
76 0 5.76584076643022
76 100 7.30607895468299
76 300 12.2745067385941
76 1000 10.5218332423922
77 0 4.42543079639554
77 100 4.58865741754708
77 300 5.46601681685483
77 1000 29.9281994625158
78 0 5.21543274760004
78 100 5.33587899617122
78 300 10.8280106764246
78 1000 59.310729640211
79 0 7.32909997467381
79 100 7.33525071872667
79 300 14.9076870906996
79 1000 18.277531392124
80 0 2.5578434737838
80 100 3.77168444149629
80 300 12.3817197751546
80 1000 38.7455882934714
81 0 3.89383895335572
81 100 4.74445695222128
81 300 7.45255723999276
81 1000 26.7601440102703
82 0 7.2316065570335
82 100 6.1915439455525
82 300 11.3740391017108
82 1000 15.9911899004322
83 0 5.50247233709531
83 100 6.34985601210354
83 300 11.9468017194045
83 1000 27.7087913762608
84 0 3.15617095177052
84 100 3.90973822967309
84 300 9.16230100757948
84 1000 19.1165890552154
85 0 3.30961581823196
85 100 3.80645617651545
85 300 5.67659156315945
85 1000 15.0386709351547
86 0 5.35531720931017
86 100 5.95247364672883
86 300 7.69921463045373
86 1000 34.5943661682087
87 0 3.43427870697966
87 100 4.37693484351503
87 300 3.86507416998009
87 1000 5.75809775666845
88 0 5.8369085025072
88 100 5.65176323029354
88 300 9.55300664883079
88 1000 20.1598924895208
89 0 6.20735266941704
89 100 6.71099052482244
89 300 9.95489340660696
89 1000 47.2342910806085
90 0 8.33148068684887
90 100 6.02837636209657
90 300 10.5337223047583
90 1000 35.4534298544685
91 0 4.97308478321522
91 100 5.12492724294072
91 300 18.2335901629593
91 1000 27.1853684635754
92 0 4.06305221973476
92 100 3.64336952929761
92 300 7.34289773062684
92 1000 27.2357372592041
93 0 5.90590080753933
93 100 13.960567170228
93 300 18.058184423369
93 1000 17.9841503557323
94 0 3.23601403665426
94 100 3.17028301349286
94 300 6.18139956967622
94 1000 12.5574148367533
95 0 3.24966687205913
95 100 3.58767958728706
95 300 5.69445542246917
95 1000 27.9890843183443
96 0 6.19771516007923
96 100 5.713308754945
96 300 6.60120729404328
96 1000 38.8731726656224
97 0 4.97360046363979
97 100 5.2525505424945
97 300 12.679039348707
97 1000 14.3677064630231
98 0 4.00569566716458
98 100 3.41336324007834
98 300 8.36319594929722
98 1000 14.6686434204352
99 0 5.4810246486243
99 100 7.20686495136095
99 300 21.120768726528
99 1000 27.0527772038192
100 0 3.55054597667615
100 100 3.22006035010338
100 300 11.38267636232
100 1000 54.0043867256655
