id dose y
1 0 2.45601873492684
1 100 3.74966331282135
1 300 16.6904238994977
1 1000 41.2937313540944
2 0 3.70212433492921
2 100 5.40610535165497
2 300 15.2932690464479
2 1000 25.1250823678594
3 0 5.04872998471079
3 100 5.23167273772046
3 300 8.39369754898147
3 1000 45.0056093190079
4 0 5.33395486335309
4 100 5.37212160927713
4 300 12.695163565193
4 1000 19.1397849478928
5 0 4.78944448909683
5 100 4.71148398166852
5 300 6.7044119174322
5 1000 18.8654106916869
6 0 8.1943685699324
6 100 8.43383838054081
6 300 47.6432917852157
6 1000 154.218757862549
7 0 4.53358066362624
7 100 9.43292014879767
7 300 20.9669640705024
7 1000 27.7385461182564
8 0 5.71283764189555
8 100 12.3021042675499
8 300 17.9627087666071
8 1000 21.9885835536837
9 0 5.71557133872571
9 100 5.94928619917578
9 300 10.2275339022965
9 1000 37.836362024049
10 0 5.31654863686596
10 100 4.53599874183895
10 300 14.369364017618
10 1000 29.0931027042455
11 0 4.89324507774655
11 100 6.23398486009376
11 300 17.1685339693953
11 1000 32.6625931896163
12 0 7.12925209993789
12 100 6.71738485089716
12 300 9.20620962924124
12 1000 24.8763219948722
13 0 2.79486334365166
13 100 2.65018618300909
13 300 3.8466236792015
13 1000 13.1494163653472
14 0 6.06648754814816
14 100 9.0875474696019
14 300 6.82726763749617
14 1000 33.4622549637269
15 0 5.79257683461137
15 100 6.49354013985267
15 300 21.657712282126
15 1000 36.3863849513337
16 0 3.94906678382197
16 100 3.67438175678483
16 300 5.88112754312988
16 1000 31.1181978132099
17 0 9.86180397563433
17 100 7.86513458951262
17 300 11.0561803778541
17 1000 20.3258053133864
18 0 5.50710831678003
18 100 6.1273405624276
18 300 9.58727526521778
18 1000 22.0134555475054
19 0 4.99404235535815
19 100 6.37603737740708
19 300 23.1556183052478
19 1000 40.4774894440083
20 0 4.75946217958033
20 100 5.33687504103579
20 300 14.2487719775646
20 1000 67.2486485050596
21 0 4.51000118917363
21 100 21.4401685823243
21 300 32.6870095263082
21 1000 35.8620216138304
22 0 5.53354218504222
22 100 4.80109431410004
22 300 9.60391327948896
22 1000 71.773140938483
23 0 2.7305463274601
23 100 3.10500422549265
23 300 5.88461034489902
23 1000 11.5759521806073
24 0 6.03069699323914
24 100 5.4587317745478
24 300 10.8421998258825
24 1000 17.6342195074969
25 0 3.85467763421312
25 100 5.36806773423481
25 300 6.29426187067224
25 1000 11.8526069614808
26 0 4.97468207006862
26 100 12.4895778520421
26 300 27.3554835784078
26 1000 27.8892380373097
27 0 6.27516604743965
27 100 6.32973914544962
27 300 10.5558092377526
27 1000 21.662031382383
28 0 5.26164315295039
28 100 4.84530201490222
28 300 22.7056230990876
28 1000 85.7720930583143
29 0 7.42298915954003
29 100 8.68171610537018
29 300 25.7416270117751
29 1000 60.2175197565382
30 0 4.64569696521779
30 100 3.83646505673833
30 300 6.37616001835221
30 1000 17.2959136073498
31 0 4.20195379035806
31 100 5.91174993926598
31 300 20.1404375722268
31 1000 21.9419777755147
32 0 6.11894036173404
32 100 5.53680561947268
32 300 6.34680609266414
32 1000 10.3412814513772
33 0 4.37314241964257
33 100 4.72504359392687
33 300 5.77956137618419
33 1000 21.7492988420033
34 0 4.83837965597465
34 100 6.10698293737611
34 300 6.01666521988126
34 1000 16.7890938864366
35 0 5.97142467181253
35 100 4.65933302004062
35 300 6.25378611869401
35 1000 31.8076526589583
36 0 3.25284049356468
36 100 3.35121576779127
36 300 7.35906515520465
36 1000 27.3282918844274
37 0 5.06853346262665
37 100 5.36483465760006
37 300 5.23124809719815
37 1000 20.0226903842692
38 0 5.84157115201189
38 100 6.28087275830304
38 300 8.38694334841614
38 1000 28.0321662157484
39 0 7.21650451415592
39 100 14.8286983668538
39 300 25.3650377798437
39 1000 30.1632068861466
40 0 5.08907746556157
40 100 4.284459041144
40 300 6.87360524012041
40 1000 24.6296197845105
41 0 3.93644696846746
41 100 5.75711355446398
41 300 21.1156413421749
41 1000 30.1486249422115
42 0 5.49208050682679
42 100 6.3466826542976
42 300 10.2734501369817
42 1000 42.9950963794176
43 0 7.42478330296307
43 100 8.13979002828062
43 300 11.139762915331
43 1000 18.9710306399177
44 0 6.34402285587557
44 100 5.24856494319448
44 300 10.0073652885944
44 1000 47.4244076676857
45 0 4.25152514386258
45 100 4.98351339696768
45 300 11.791748844647
45 1000 48.6808824286594
46 0 2.83567945059947
46 100 3.21895852643162
46 300 6.61902168181572
46 1000 37.3696036189012
47 0 3.03887981540883
47 100 11.5031742789756
47 300 31.2599612663463
47 1000 40.0592963311288
48 0 3.41114487288252
48 100 4.18734758638522
48 300 13.0137579499148
48 1000 21.4134022061487
49 0 4.41329061593743
49 100 6.87492333886186
49 300 14.163003121663
49 1000 17.3182788587644
50 0 4.71724024381281
50 100 4.02333284118738
50 300 7.4569377070407
50 1000 34.2044129638049
51 0 4.04704054714059
51 100 7.15039486074108
51 300 40.8878765324338
51 1000 59.4464340585238
52 0 3.49245717690349
52 100 3.23122388763939
52 300 8.63794309682006
52 1000 38.6493242025953
53 0 2.23856034625613
53 100 3.44551135959175
53 300 16.5219985039689
53 1000 17.1677452079102
54 0 4.51872724145484
54 100 7.93574825052822
54 300 22.7331071237457
54 1000 23.1815328014616
55 0 3.42272966697723
55 100 3.78728219746662
55 300 9.74547167506045
55 1000 22.137829933103
56 0 4.00263023302978
56 100 5.03298451888398
56 300 20.6744192841696
56 1000 92.9407319501484
57 0 4.82798624509279
57 100 5.43213245839566
57 300 18.0348666994768
57 1000 19.9201115309821
58 0 6.59319871015939
58 100 6.50249199499773
58 300 9.43357342611888
58 1000 64.0663341090982
59 0 6.75178329740235
59 100 6.66290165128789
59 300 10.9935958012806
59 1000 16.9048698663083
60 0 8.68768815758981
60 100 7.68889881573696
60 300 9.92234183740227
60 1000 26.3352564163242
61 0 4.35670650510818
61 100 4.46968836085558
61 300 6.08873319828069
61 1000 11.7994861994199
62 0 3.72901513443776
62 100 4.03785312710552
62 300 5.72061928522786
62 1000 16.7546037237053
63 0 6.65752953227128
63 100 8.45240739215144
63 300 21.6758396486472
63 1000 24.85095816654
64 0 3.67020778106001
64 100 3.41302232669289
64 300 4.11276034336617
64 1000 15.9713721704583
65 0 4.37877359426985
65 100 4.21874459047856
65 300 8.33663690491124
65 1000 34.3943820234218
66 0 4.4662266278135
66 100 4.92353941342081
66 300 12.6769548527209
66 1000 22.1223974143803
67 0 3.74103277496632
67 100 4.11356737131658
67 300 9.86558876588605
67 1000 39.4350238815119
68 0 3.42654614234593
68 100 4.19853383615658
68 300 3.86221428591616
68 1000 5.46584688243716
69 0 4.4315328744932
69 100 5.21138964313195
69 300 4.55902098315193
69 1000 16.7683937073567
70 0 10.4002417065459
70 100 9.81778231772029
70 300 41.0007839933829
70 1000 82.506092913099
71 0 6.82258697831763
71 100 9.3262328178467
71 300 34.6070251838668
71 1000 61.9001618444343
72 0 6.09118819594382
72 100 7.87081848648195
72 300 5.96288536715918
72 1000 10.8292832686056
73 0 3.29188399617558
73 100 3.3754934469844
73 300 8.21740757820159
73 1000 73.6773833465684
74 0 3.52829022365972
74 100 4.08198271107894
74 300 11.6465720516755
74 1000 47.0583449581378
75 0 5.0616485440088
75 100 4.52463005731279
75 300 6.38524246959238
75 1000 12.9784838737166
76 0 5.30303344976341
76 100 6.09734190598138
76 300 7.88498542736753
76 1000 32.2587741777579
77 0 2.33775092214648
77 100 3.08925190406671
77 300 10.5469750121808
77 1000 32.1706378972544
78 0 2.18814314708482
78 100 3.13726308377583
78 300 10.8432154419621
78 1000 35.8177442273802
79 0 5.89290844909339
79 100 5.15045887431963
79 300 7.06620631645927
79 1000 31.9399105623141
80 0 5.1715712644572
80 100 6.9724774112497
80 300 23.1481100350288
80 1000 33.3008532895483
81 0 4.55875580578912
81 100 4.81027768220171
81 300 5.07998139938217
81 1000 16.8832686558393
82 0 5.96020755897828
82 100 5.26917368945111
82 300 9.50759410396279
82 1000 48.7886076889688
83 0 6.13260760366097
83 100 5.48945521511612
83 300 6.4709453326976
83 1000 14.321177226387
84 0 6.42424898278753
84 100 5.8340111584145
84 300 9.34471160455384
84 1000 10.4069385983708
85 0 5.16058139139238
85 100 5.07057590088612
85 300 10.0964482070926
85 1000 64.6536914093603
86 0 8.25145106499287
86 100 7.58811418941459
86 300 6.76091523899027
86 1000 9.81768054752045
87 0 4.37623061405426
87 100 5.48159438690231
87 300 8.0420984411722
87 1000 50.4302264434494
88 0 3.36247998271798
88 100 3.88168458164366
88 300 5.91047336383552
88 1000 13.0631819786507
89 0 5.17384148265889
89 100 12.4044477449624
89 300 37.1690444666008
89 1000 47.5469344138324
90 0 7.35411105667001
90 100 7.8848752983041
90 300 20.5242667940094
90 1000 69.6443128892805
91 0 8.21957575263173
91 100 8.25196820862894
91 300 15.8863300829267
91 1000 17.77362303587
92 0 8.27851949925553
92 100 7.01651875579163
92 300 13.77457927126
92 1000 35.1581143218644
93 0 7.53168365302056
93 100 6.5981958391147
93 300 8.40546416519463
93 1000 21.0691212180191
94 0 9.34880723341946
94 100 9.93027843244911
94 300 21.7608131897617
94 1000 61.8590374499212
95 0 6.19263854490102
95 100 5.79761574535381
95 300 25.6902524592211
95 1000 78.5162884635271
96 0 6.90215873248469
96 100 7.90361357609781
96 300 8.00788301899997
96 1000 45.6802599540198
97 0 2.93518966447585
97 100 3.36678516774698
97 300 12.1716521072558
97 1000 41.9778343811623
98 0 6.42231711688762
98 100 7.21901842771718
98 300 7.24190964337876
98 1000 17.8579794615453
99 0 3.07590629690016
99 100 3.35241650716653
99 300 6.02394302861947
99 1000 18.6123738832647
100 0 8.18474571114083
100 100 9.07586341811264
100 300 19.1883077318037
100 1000 26.7087514729764
