id dose y
1 0 5.20031180251288
1 100 6.62271875457247
1 300 12.3998319889137
1 1000 31.1614900651516
2 0 5.37927455640893
2 100 4.75520115424449
2 300 10.8044342096567
2 1000 39.767482829595
3 0 3.91746220102504
3 100 3.04225280463213
3 300 7.26411157443217
3 1000 68.0107935759067
4 0 12.0836472243505
4 100 11.7120802459738
4 300 58.052529586122
4 1000 223.958353853006
5 0 2.94875512308252
5 100 2.53741186505093
5 300 5.88618247545376
5 1000 18.7927402219907
6 0 6.40222486091241
6 100 6.07024626980822
6 300 13.2999352711836
6 1000 17.1612434005808
7 0 5.08599405835514
7 100 6.99356037061791
7 300 10.5486466694612
7 1000 29.4347599544246
8 0 4.62140648284131
8 100 5.37071547069288
8 300 12.1364007178479
8 1000 33.2313491477605
9 0 4.5341975754561
9 100 6.11642494239167
9 300 24.4470284588779
9 1000 43.3388928319771
10 0 6.81398580895521
10 100 7.27647080514699
10 300 8.35533850269211
10 1000 19.6470862272837
11 0 3.94345727788863
11 100 3.44089240790747
11 300 4.81424308983204
11 1000 10.7612440134851
12 0 4.53242714585207
12 100 15.787054610517
12 300 26.4530855886469
12 1000 28.2320805143202
13 0 7.21946999494752
13 100 5.86508010039656
13 300 7.76882990848266
13 1000 17.7800032186562
14 0 3.24717806797465
14 100 2.79021323530982
14 300 6.38156111599537
14 1000 30.348044070397
15 0 4.91273745838663
15 100 5.13034822940445
15 300 15.3885801794174
15 1000 47.9340656425084
16 0 5.24023478180156
16 100 5.75186792023394
16 300 12.3681033390806
16 1000 18.2305482637497
17 0 5.58867647323548
17 100 4.78657999498331
17 300 16.3347981820237
17 1000 26.0332435953567
18 0 6.57785961338862
18 100 6.41929013640784
18 300 14.8862714530701
18 1000 71.5994878881942
19 0 5.69497803168524
19 100 7.54981550877198
19 300 15.7313602209667
19 1000 33.9991040170695
20 0 5.76283187086186
20 100 9.67441675908673
20 300 17.6136053151578
20 1000 23.4246702304318
21 0 2.69778646398212
21 100 2.82450905364608
21 300 3.70683360037134
21 1000 20.9793223151959
22 0 3.89160487582717
22 100 4.68555811500897
22 300 6.33111698774645
22 1000 22.4891429200096
23 0 4.58691676062478
23 100 8.6973338855151
23 300 16.3365090265466
23 1000 19.849068150714
24 0 2.90743007855404
24 100 3.8785646334053
24 300 4.76426713521311
24 1000 13.9461882870175
25 0 4.65720329408828
25 100 5.57476242994318
25 300 14.9164460106805
25 1000 15.9226867432384
26 0 2.04015871254013
26 100 2.1326687939886
26 300 3.88071422912617
26 1000 6.84183773827388
27 0 2.10452459946053
27 100 2.59399230510066
27 300 2.71076316733855
27 1000 11.1501391917187
28 0 4.89721641489581
28 100 4.73590468803492
28 300 20.161140746617
28 1000 96.42832134204
29 0 8.40784241003202
29 100 7.68922804743734
29 300 19.7353578453982
29 1000 59.7334627322059
30 0 7.84103870604908
30 100 7.98272095337019
30 300 23.8547595169722
30 1000 47.9693368301058
31 0 6.83067114533757
31 100 6.19507205311674
31 300 9.40486471193729
31 1000 40.0761500633562
32 0 6.74360035372924
32 100 5.84427329967185
32 300 6.32017846447544
32 1000 29.5187977107489
33 0 4.80816191984658
33 100 6.16688624709895
33 300 9.23632327673972
33 1000 20.435101218756
34 0 5.74984858245854
34 100 5.35359506643944
34 300 24.2375701992644
34 1000 39.8255809866647
35 0 3.8505615739565
35 100 3.29442930837118
35 300 6.42421025760081
35 1000 71.4289883325235
36 0 6.24676099401065
36 100 5.44323650589216
36 300 7.12943616772548
36 1000 20.9141790050628
37 0 4.04522922135158
37 100 9.93411424659186
37 300 26.9537250761519
37 1000 21.8009140621625
38 0 7.15267432563018
38 100 7.91216636482792
38 300 15.8488317010615
38 1000 67.5648406353011
39 0 8.73710712253332
39 100 9.36892087850881
39 300 11.4337587664286
39 1000 26.0068003923289
40 0 9.48951446631426
40 100 9.56566430312757
40 300 9.38509134993706
40 1000 34.9902768735015
41 0 4.40317413436245
41 100 7.86407362748725
41 300 30.3506241064335
41 1000 47.6392647574475
42 0 7.21047673301735
42 100 6.50216480279731
42 300 8.45448581183816
42 1000 40.671371759915
43 0 5.62494520137191
43 100 5.63964124289236
43 300 11.6109387454626
43 1000 16.1338943263214
44 0 6.17024190737075
44 100 5.7108472655204
44 300 11.803366458485
44 1000 34.7251061803907
45 0 4.38086359036324
45 100 4.35347445837745
45 300 6.39199665360278
45 1000 47.2374034598332
46 0 4.98066558523076
46 100 5.9042689882129
46 300 7.10657311530121
46 1000 33.8009067375886
47 0 3.67253007662185
47 100 4.17900905254937
47 300 5.33371939257256
47 1000 33.6206134479451
48 0 6.85412527488171
48 100 7.98209261097923
48 300 15.834976366812
48 1000 20.504486907625
49 0 10.1238147520362
49 100 12.370529531459
49 300 21.3448188755611
49 1000 25.7962138835294
50 0 7.2231780516434
50 100 9.72653267045417
50 300 10.622169487034
50 1000 9.86211229619949
51 0 3.74442341978013
51 100 5.06116134278002
51 300 6.54438778862494
51 1000 29.5593959932738
52 0 3.70931065996585
52 100 10.3842060809913
52 300 16.1171118289601
52 1000 17.2224450910978
53 0 3.78467506131748
53 100 3.71092806375298
53 300 11.9093167285643
53 1000 34.1817135371813
54 0 3.94721209095233
54 100 4.67468231044197
54 300 9.99072516436224
54 1000 16.1946135925149
55 0 3.56482854020421
55 100 4.71078260200526
55 300 17.7130584829293
55 1000 25.2384764259176
56 0 4.74349796797671
56 100 5.02183488110404
56 300 6.50424999932892
56 1000 15.0911842266851
57 0 2.98256893987431
57 100 4.84598480072454
57 300 21.2175461379918
57 1000 70.3461199819251
58 0 3.5840140333044
58 100 4.77260216283867
58 300 5.06274442851947
58 1000 48.7345841480219
59 0 6.35545299868807
59 100 5.68407172244473
59 300 13.2345166105805
59 1000 56.5423009757958
60 0 4.70670807762881
60 100 4.60257920634713
60 300 6.02361477946397
60 1000 16.5767057532145
61 0 4.84107888547969
61 100 5.55383651553053
61 300 6.58274881810021
61 1000 13.872111880471
62 0 5.71886799480383
62 100 7.14872348559571
62 300 19.8519360094298
62 1000 30.5919288448738
63 0 5.509262744655
63 100 5.96181297265591
63 300 14.4864994121182
63 1000 51.0800512324115
64 0 6.39356435241339
64 100 4.80168614927585
64 300 6.50367696181486
64 1000 27.8525500345217
65 0 4.438107631586
65 100 5.34516683605114
65 300 10.9112047359283
65 1000 44.0376954099766
66 0 5.54343280277961
66 100 4.35523409978983
66 300 4.66036883174522
66 1000 14.461122433119
67 0 3.08826150000498
67 100 3.235415712462
67 300 6.4356278074377
67 1000 44.4873964221614
68 0 4.43929061800204
68 100 6.27117996809204
68 300 12.559235285777
68 1000 12.2305087487486
69 0 4.38671106020525
69 100 4.65302768915921
69 300 17.2327389777487
69 1000 40.7321652766465
70 0 2.97043140958545
70 100 5.16898561820215
70 300 32.1343414829514
70 1000 76.1529344070958
71 0 3.63830845961355
71 100 3.95314428687744
71 300 8.04003700595015
71 1000 8.88373374529416
72 0 3.21729433341762
72 100 3.52755837410496
72 300 5.84929328923233
72 1000 21.0656240706664
73 0 2.87751043111911
73 100 4.74089814536441
73 300 22.8374506745738
73 1000 42.9889341691267
74 0 8.16261093471061
74 100 9.56229179382792
74 300 13.6209647285943
74 1000 22.5170820087905
75 0 6.2068510375202
75 100 7.6751231100951
75 300 18.5764829954706
75 1000 26.6209823206087
76 0 3.43758769476374
76 100 3.90424681071872
76 300 8.16569091377125
76 1000 20.4445991225594
77 0 6.48064975282175
77 100 7.49584862209246
77 300 18.0654825623192
77 1000 18.2867949647875
78 0 3.88495126158866
78 100 3.38420391061175
78 300 4.94239239489515
78 1000 19.5584751239819
79 0 6.76102925170185
79 100 7.0304918910629
79 300 8.9695493243165
79 1000 27.7355445260264
80 0 5.18159940168309
80 100 5.15519975346259
80 300 6.92219649606327
80 1000 23.0801735480607
81 0 7.48449382138757
81 100 7.65755784029124
81 300 15.5908157596174
81 1000 31.4785197879921
82 0 4.9481111148208
82 100 5.07465522176789
82 300 10.1259233963623
82 1000 37.8112172128003
83 0 3.10857791185026
83 100 3.24728521558528
83 300 15.1503523749294
83 1000 72.0951837323525
84 0 5.0402311810373
84 100 4.85767617817701
84 300 4.76476670056205
84 1000 11.2867556016874
85 0 8.86149672743594
85 100 14.0475635126147
85 300 34.764884614064
85 1000 37.36577098857
86 0 4.64954033241068
86 100 4.17556997985264
86 300 7.53000261913254
86 1000 30.7340498330287
87 0 7.83403136219509
87 100 8.4253880644411
87 300 9.48779434535085
87 1000 23.7659321545795
88 0 4.5453406706215
88 100 4.62349179987699
88 300 6.59428634438945
88 1000 37.649057936107
89 0 4.05252775971327
89 100 5.17971177117724
89 300 8.3007245193841
89 1000 79.7361422435596
90 0 10.2873070142498
90 100 12.0385954314615
90 300 30.7121174748774
90 1000 46.8106514479227
91 0 2.8547108318217
91 100 3.72254418188127
91 300 17.3457578715683
91 1000 85.5664161632067
92 0 3.99582463139915
92 100 3.73564036185413
92 300 3.90538479052795
92 1000 6.66438991466969
93 0 3.57451676171904
93 100 6.57198305307716
93 300 15.2380903359668
93 1000 17.6270531745965
94 0 4.43878959650933
94 100 4.18551110622609
94 300 7.10079435957665
94 1000 47.9460909665789
95 0 4.96019541874566
95 100 5.45013849839246
95 300 10.2002445442683
95 1000 12.9994801510187
96 0 5.57926628292858
96 100 5.74995684600442
96 300 7.79583657297882
96 1000 58.6878163040706
97 0 5.93483907737655
97 100 5.45495766376057
97 300 18.4573351541117
97 1000 26.7994655228047
98 0 3.03280090911726
98 100 2.78567790439824
98 300 5.05691985649717
98 1000 38.3367737100776
99 0 3.54442670183895
99 100 8.22940626438902
99 300 10.9034570149945
99 1000 9.69032818343851
100 0 3.68158285313586
100 100 5.99572108515065
100 300 22.0649286342577
100 1000 27.7835950006361
