id dose y
1 0 4.40229595020825
1 1000 15.253048188236
2 0 4.26453886698864
2 1000 29.9391516705295
3 0 4.42155128227963
3 1000 36.028455260227
4 0 6.19240196633433
4 1000 8.51888930906935
5 0 3.64040008993935
5 1000 19.335296772268
6 0 3.44539053549838
6 1000 24.5774249652143
7 0 5.27910333420137
7 1000 35.0048688468055
8 0 4.04517744215784
8 1000 36.5002599888658
9 0 5.87496174131696
9 1000 22.8872843755946
10 0 6.3722818024823
10 1000 41.0160956701756
11 0 5.74052931671186
11 1000 68.1804177517534
12 0 4.89065416518994
12 1000 28.1539092749406
13 0 4.22757472175241
13 1000 16.8271746908055
14 0 7.12679324703024
14 1000 52.4924598028651
15 0 3.92020446781481
15 1000 34.8488298815674
16 0 7.39334407877895
16 1000 31.8189318870551
17 0 6.49441527773251
17 1000 14.3933502299467
18 0 8.55014340245441
18 1000 49.3362017912518
19 0 6.7033423646023
19 1000 33.8673736265307
20 0 4.63811964105524
20 1000 14.9037043130762
21 0 3.46936060478677
21 1000 15.1868765276653
22 0 11.9377844314429
22 1000 31.9032209460093
23 0 4.81060917813245
23 1000 37.5678608657003
24 0 7.44060060789722
24 1000 24.282778050759
25 0 3.11606138212067
25 1000 23.8693936789882
26 0 7.6830436978839
26 1000 63.0737278762954
27 0 6.01760520656523
27 1000 18.0429258251757
28 0 3.70339226318987
28 1000 12.3716829990915
29 0 5.21349792521315
29 1000 23.6526581230658
30 0 4.42459821086253
30 1000 31.7358267829091
31 0 3.41112073617004
31 1000 27.539693257177
32 0 3.92221096516457
32 1000 16.8754758263161
33 0 4.18264775114888
33 1000 22.8359215627916
34 0 3.90823097463261
34 1000 24.1711272828774
35 0 7.32089425776705
35 1000 39.1708462859823
36 0 8.30797620576513
36 1000 21.1988949447378
37 0 4.86605823211487
37 1000 9.69259925171609
38 0 5.72098602163191
38 1000 11.8910499433404
39 0 3.63507105904064
39 1000 7.79907009393277
40 0 6.01824577687607
40 1000 13.6444120423666
41 0 2.81658000330275
41 1000 35.8122322737475
42 0 6.36627914376144
42 1000 13.4685373934468
43 0 3.48847054778804
43 1000 30.1052269792118
44 0 4.76978528602098
44 1000 10.895445817669
45 0 4.72776971308539
45 1000 25.8402682406405
46 0 3.1240640502916
46 1000 13.2342850894333
47 0 4.70331667020133
47 1000 15.540430590908
48 0 4.10591415786756
48 1000 31.2603821335111
49 0 9.49999115091119
49 1000 29.5241175260922
50 0 7.57782486734903
50 1000 34.1261130195027
51 100 6.50897885400917
51 1000 14.2219197452029
52 100 8.26550606606033
52 1000 10.831855456696
53 100 6.08576452146408
53 1000 18.1797977681175
54 100 14.661206769672
54 1000 20.6236257051208
55 100 9.99031047007005
55 1000 38.5417258186138
56 100 11.3788455542792
56 1000 23.0674344565241
57 100 7.05944295772042
57 1000 25.3083540278083
58 100 4.77604497857908
58 1000 12.5393514318673
59 100 7.40141598010277
59 1000 15.1501601312441
60 100 8.8473641267945
60 1000 34.1182767472905
61 100 7.98191686854974
61 1000 21.0791035505625
62 100 11.9566791243177
62 1000 34.3938173588753
63 100 9.13350239407027
63 1000 30.8818168146223
64 100 12.9904854953167
64 1000 25.5102147367406
65 100 6.13359097351425
65 1000 12.6255093442746
66 100 11.7810886118478
66 1000 51.8843716720428
67 100 9.22829548772678
67 1000 15.9572542117556
68 100 12.1250493479826
68 1000 21.5956749921357
69 100 7.65751485704569
69 1000 12.7604213020753
70 100 11.9009986663189
70 1000 32.3602912144524
71 100 10.887356429401
71 1000 20.6220741368776
72 100 9.84991942607451
72 1000 26.0480523678673
73 100 10.6346839736393
73 1000 29.2792833762082
74 100 13.8800033060347
74 1000 45.6471699201886
75 100 22.606437232695
75 1000 67.7614317745126
76 100 8.78846973525192
76 1000 10.9422370695772
77 100 11.0403781482767
77 1000 20.9744544524537
78 100 62.9014169875692
78 1000 134.927436805482
79 100 11.2456248641342
79 1000 29.4091259812896
80 100 9.44670579775701
80 1000 16.3071234685516
81 100 6.82578429132033
81 1000 11.68562071665
82 100 8.40941600125726
82 1000 15.8608591652405
83 100 9.87348112040809
83 1000 21.0443625125783
84 100 11.6060464014767
84 1000 21.5100336317198
85 100 5.50279821733683
85 1000 15.1323270899813
86 100 20.7543313234206
86 1000 33.8825508720352
87 100 8.21977649114368
87 1000 19.4440688134475
88 100 33.8473304785728
88 1000 100.082628080964
89 100 7.46406966014084
89 1000 16.142589524835
90 100 4.75495993757741
90 1000 13.1244653900894
91 100 8.54048559054686
91 1000 13.0016002348989
92 100 6.03533434024978
92 1000 11.4646658943876
93 100 26.7351089782398
93 1000 91.3695155056835
94 100 11.7619697144661
94 1000 38.9449476211235
95 100 9.07757657648749
95 1000 21.4407115555019
96 100 7.70825045386524
96 1000 22.5046116455254
97 100 17.2048402529404
97 1000 32.1901691049287
98 100 11.9762825894298
98 1000 29.4387378281053
99 100 14.5849688017248
99 1000 56.0439745567757
100 100 11.4634315357545
100 1000 18.3284778139617
101 0 4.88250468259125
101 300 27.1604628754968
102 0 6.26199730758786
102 300 34.3427803237752
103 0 4.06138892796546
103 300 10.8699021792697
104 0 6.7689265811207
104 300 12.9654027103388
105 0 5.36350980967707
105 300 21.3547298845844
106 0 5.21344510128312
106 300 10.2426340901688
107 0 7.69219472319858
107 300 21.5215237699267
108 0 2.71463383181709
108 300 21.7510564771805
109 0 5.33038274147349
109 300 16.2464908136396
110 0 3.46802651943883
110 300 12.8964862654611
111 0 3.83357086204796
111 300 11.1236309123357
112 0 8.60414097364363
112 300 55.0571676506015
113 0 4.43425260845194
113 300 10.5948131982799
114 0 11.2086829843493
114 300 18.147704230333
115 0 7.02891773138218
115 300 20.1095779348702
116 0 3.66731453158608
116 300 18.9580689644752
117 0 9.97691561294109
117 300 47.4382830777331
118 0 5.45870946557304
118 300 11.5969424124138
119 0 3.38043523810982
119 300 16.4321072479273
120 0 5.05722095186584
120 300 43.0427667782375
121 0 4.88650718119515
121 300 19.3965913034164
122 0 6.16838333998954
122 300 19.7597137201583
123 0 5.6826134672051
123 300 18.4084929606465
124 0 2.95059651673862
124 300 17.7848563594828
125 0 6.43582641592457
125 300 25.4839334340981
126 0 3.41931885006354
126 300 12.1474688485611
127 0 5.59888542107501
127 300 12.3304677667089
128 0 8.34342886133025
128 300 17.6850648491956
129 0 3.98365833286024
129 300 20.2504788788742
130 0 5.19151496087161
130 300 11.9253697899548
131 0 4.7648690208536
131 300 25.9296447944756
132 0 4.75847820708542
132 300 8.28775986185314
133 0 4.37917476498904
133 300 14.4913822686441
134 0 5.84498656099512
134 300 10.1907392778086
135 0 3.27676337189952
135 300 11.3356660195766
136 0 7.15027789804743
136 300 17.2445871733575
137 0 5.37803705825166
137 300 15.0820946758531
138 0 5.87157481440581
138 300 20.3621739565211
139 0 3.88419952791019
139 300 15.4208457113151
140 0 4.13518646206532
140 300 14.2146147629856
141 0 5.60077014848895
141 300 28.5734746902337
142 0 6.10132042523084
142 300 21.3885973110322
143 0 5.0809786376816
143 300 9.5418904805107
144 0 5.03710089694972
144 300 16.0341348824546
145 0 3.84958065201209
145 300 11.8147621180414
146 0 10.0188865433204
146 300 24.7212223179047
147 0 3.82789795800256
147 300 14.6519292960953
148 0 2.37838712506129
148 300 9.99727053727542
149 0 4.26365579567469
149 300 9.64106205487826
150 0 4.14078883343336
150 300 43.8154134582395
151 100 6.54456406806578
151 300 10.9880930064752
152 100 4.56636911343666
152 300 6.89760737536543
153 100 8.65403374602767
153 300 12.9040620061358
154 100 11.2410767639982
154 300 17.1290620303754
155 100 15.7549580302438
155 300 34.8723260839208
156 100 4.64433042963844
156 300 8.00723089522331
157 100 13.2426132494896
157 300 19.7484357605815
158 100 8.29002213057649
158 300 14.9398861722002
159 100 14.5785027558261
159 300 29.3198221559639
160 100 15.961044538387
160 300 18.8271557830484
161 100 6.97689882725503
161 300 7.66310044986795
162 100 7.24150637047172
162 300 14.5748532747104
163 100 8.05757207961069
163 300 9.7609536047902
164 100 13.4126161732636
164 300 26.7877755173805
165 100 14.2748493774681
165 300 20.3922427148412
166 100 4.41746971932186
166 300 6.67271064434672
167 100 8.33060669052827
167 300 11.4131431469412
168 100 4.71442112490523
168 300 7.05581516037521
169 100 10.1371829313557
169 300 25.3647210837606
170 100 8.87217455173135
170 300 16.7457764084051
171 100 11.4551420138315
171 300 22.7549147339011
172 100 11.0011686837214
172 300 19.7184696968857
173 100 7.91721224189807
173 300 15.7662067648458
174 100 7.78625861174067
174 300 18.8223836960904
175 100 5.90407443181487
175 300 8.13741773242459
176 100 7.84634632436544
176 300 10.3241550654889
177 100 10.4917654894058
177 300 15.3085067109763
178 100 8.91698396139031
178 300 10.5108952412999
179 100 9.69134194982608
179 300 13.7649866186224
180 100 13.2710545204651
180 300 21.2217831198821
181 100 9.75119660062455
181 300 15.0698312017109
182 100 9.28335308904804
182 300 16.1248803973471
183 100 14.2814459688104
183 300 14.8669414344412
184 100 6.16864995543749
184 300 9.28567403689221
185 100 4.0080506132245
185 300 6.60250618676099
186 100 4.23880025948517
186 300 6.52013693000406
187 100 8.28695959008745
187 300 13.743030660052
188 100 8.30008845214654
188 300 15.0811309394373
189 100 7.2082712485647
189 300 10.5018873404056
190 100 7.64354565736507
190 300 11.2165944268142
191 100 10.0943451843251
191 300 17.3892607929586
192 100 8.05437590280876
192 300 9.67508833427098
193 100 6.16620400779694
193 300 8.4075037406626
194 100 7.65994207312326
194 300 12.9914902092056
195 100 8.33968342634621
195 300 6.86558629432047
196 100 11.4225660586447
196 300 12.6304504234437
197 100 21.0484058259132
197 300 33.7211529789204
198 100 10.5289868739115
198 300 17.002337667749
199 100 10.9134754897594
199 300 18.0386228520015
200 100 6.63824204419678
200 300 10.8901576713041
