id dose y
1 0 3.67815696436457
1 1000 15.7790412218235
2 0 4.01929100253236
2 1000 26.0670263404287
3 0 8.73738922810674
3 1000 17.3066688440947
4 0 4.42660418669072
4 1000 20.575004711269
5 0 9.78610169995216
5 1000 39.2614375882007
6 0 4.92832220494343
6 1000 40.9098175357467
7 0 4.55067344328175
7 1000 21.0539041634943
8 0 6.87599967068104
8 1000 63.6921759366031
9 0 3.71957982060359
9 1000 21.2736053938916
10 0 4.76502781071517
10 1000 14.0284989629912
11 0 6.17450427774738
11 1000 35.1219267964608
12 0 6.55379690454947
12 1000 23.7817812909776
13 0 4.06402026130636
13 1000 24.428149243629
14 0 4.81486364268857
14 1000 19.5099168819548
15 0 4.20616302017037
15 1000 21.4826621576329
16 0 5.5016449052939
16 1000 33.1499339734852
17 0 6.51900239609581
17 1000 17.4801062646175
18 0 4.59544246686652
18 1000 28.8661490647103
19 0 5.65547838175936
19 1000 16.8735428353318
20 0 5.50796165517122
20 1000 17.7185342281362
21 0 7.16044933329743
21 1000 22.1405560794486
22 0 4.17320222883835
22 1000 36.6406315363354
23 0 4.95124094919965
23 1000 20.2828999584575
24 0 7.68419314869096
24 1000 30.9351158621611
25 0 4.79857811898659
25 1000 28.6310935121169
26 0 7.40912247651095
26 1000 26.7745488797685
27 0 2.87424805042845
27 1000 22.3813065573633
28 0 9.4312131274396
28 1000 17.8889592552335
29 0 3.45674392809944
29 1000 22.1603589837648
30 0 4.09124913626362
30 1000 34.3239880499722
31 0 5.06321683846929
31 1000 26.2198445393583
32 0 7.3932991540916
32 1000 21.297719842841
33 0 5.94447314802797
33 1000 19.0357331540398
34 0 5.48416180235425
34 1000 12.9782293852982
35 0 5.05423526694492
35 1000 14.1635437041099
36 0 5.82246212898353
36 1000 16.0075056597363
37 0 5.98149948070373
37 1000 43.104593435083
38 0 4.78146886486854
38 1000 19.9123515667048
39 0 6.9398636427477
39 1000 18.2325775523454
40 0 5.3926932736181
40 1000 18.952003888577
41 0 5.30595998325402
41 1000 25.2104330928557
42 0 6.60153362228955
42 1000 10.1857760218559
43 0 4.46941879605603
43 1000 45.9924445879808
44 0 3.35055766465791
44 1000 27.5952897162626
45 0 9.00397826304337
45 1000 55.4825770238087
46 0 7.42980288274427
46 1000 20.1902990990372
47 0 5.13112175004158
47 1000 25.5363058019387
48 0 5.62958475292701
48 1000 26.4686811514688
49 0 4.67362850631407
49 1000 27.167421479004
50 0 5.11747240267324
50 1000 61.6672013540147
51 100 15.7878921132992
51 1000 47.5876731658475
52 100 22.1402697927961
52 1000 86.1138983592559
53 100 6.61277295213036
53 1000 21.099786574542
54 100 9.29749630217403
54 1000 17.7426680252281
55 100 6.8550095476092
55 1000 28.7730144504271
56 100 5.9465725984055
56 1000 14.821544735277
57 100 8.73402264968199
57 1000 13.3030343169828
58 100 16.0349842109289
58 1000 57.3530491545574
59 100 11.1152819401088
59 1000 23.4233547446391
60 100 7.65527841357068
60 1000 20.6736974956916
61 100 11.285200508993
61 1000 19.7165625771735
62 100 8.39658197646262
62 1000 26.848957134309
63 100 9.16426777603852
63 1000 21.7505883348274
64 100 5.32030683480046
64 1000 14.7713860731449
65 100 12.9867218198819
65 1000 46.6747873888065
66 100 6.76115460219162
66 1000 19.6981930112282
67 100 11.0511983865342
67 1000 29.3064807506321
68 100 8.11548052327332
68 1000 39.6519553863744
69 100 8.39560541730467
69 1000 13.0194332739961
70 100 12.887422970804
70 1000 48.6194552575478
71 100 10.7452321816614
71 1000 27.880147833208
72 100 12.4964355019822
72 1000 41.3848137980684
73 100 34.7952996051475
73 1000 69.5774435345311
74 100 6.00703111432319
74 1000 9.4397376396676
75 100 8.83946494740246
75 1000 16.7573466107777
76 100 7.69614935208841
76 1000 14.8248147969471
77 100 11.2398405404689
77 1000 17.8506632822198
78 100 16.5181262987989
78 1000 36.6247483767081
79 100 9.36356584114835
79 1000 11.1126674599926
80 100 13.3246656761494
80 1000 44.7772490156958
81 100 18.1466371145245
81 1000 29.0069926649164
82 100 7.35917590398149
82 1000 10.9564256393339
83 100 8.87398643784953
83 1000 30.8946532906333
84 100 13.1848582647577
84 1000 21.6625126298194
85 100 19.1992128468589
85 1000 46.3842967613037
86 100 11.6615783317563
86 1000 28.8135801887171
87 100 9.8633917055478
87 1000 18.3054947371137
88 100 13.1384458707753
88 1000 36.576340477755
89 100 8.57104474581193
89 1000 36.3831240946909
90 100 9.89789927048223
90 1000 17.1978367855551
91 100 6.19134576881238
91 1000 17.2542598757768
92 100 7.02726501748072
92 1000 10.5893812898254
93 100 9.76841826132827
93 1000 40.5494898008243
94 100 7.72262425842158
94 1000 27.7572994365173
95 100 9.96326634339231
95 1000 26.8143054825026
96 100 10.2331726671328
96 1000 21.7739996265637
97 100 14.7413578012404
97 1000 22.6785823962743
98 100 17.3347487150323
98 1000 52.8825514027058
99 100 9.32664559268851
99 1000 23.793131836317
100 100 14.9036835110669
100 1000 34.6253530232851
101 0 4.40645670111734
101 300 11.6738125994401
102 0 5.94668786894609
102 300 25.0745636054031
103 0 9.07892389586865
103 300 14.6034990689495
104 0 7.6076222480627
104 300 16.5615413411595
105 0 2.66988212484038
105 300 9.36287657081997
106 0 5.61200355101597
106 300 19.8071283309378
107 0 7.78303584997897
107 300 13.6626396514005
108 0 3.66718018844042
108 300 16.8092849757122
109 0 6.33631911152447
109 300 19.9756556267961
110 0 7.96504447825105
110 300 31.8059834872997
111 0 3.40767252246684
111 300 18.3654024023515
112 0 4.52754281454898
112 300 13.5345782480769
113 0 6.85643006316177
113 300 22.3297871585463
114 0 3.22606778795229
114 300 18.0577840934952
115 0 7.5910214959316
115 300 9.84207472252698
116 0 4.56800609276736
116 300 13.3769733571785
117 0 3.72912932274287
117 300 10.6190279046812
118 0 6.43795217346243
118 300 23.7579172408799
119 0 8.11917224895883
119 300 16.7349680177472
120 0 2.22517559804475
120 300 29.2193647566424
121 0 4.13381741942118
121 300 15.1256293116637
122 0 3.83216020535798
122 300 26.4809673109916
123 0 3.73166407539056
123 300 20.036100348344
124 0 4.29502684323963
124 300 12.2890393871807
125 0 4.63530214047444
125 300 13.6669518118717
126 0 5.32592488440917
126 300 11.6131123624685
127 0 3.4717968754431
127 300 21.5712055381577
128 0 11.5499627562829
128 300 20.6753014423429
129 0 4.03226767282193
129 300 12.6763998770574
130 0 8.12736233408071
130 300 15.698659813216
131 0 4.35788066635149
131 300 16.5594418187617
132 0 3.27290426261412
132 300 10.3680943433332
133 0 6.58277549178802
133 300 17.1197335724547
134 0 6.57670783351547
134 300 19.1793023116188
135 0 2.81001708868416
135 300 17.2397359298218
136 0 5.53723587307474
136 300 10.2636698484622
137 0 5.52532523873193
137 300 26.1699821537844
138 0 4.55501911379011
138 300 8.3292826829863
139 0 4.97848863237387
139 300 44.4637323798728
140 0 4.89811083185535
140 300 6.30123157506949
141 0 4.78432371465111
141 300 10.4298495954339
142 0 3.65288231797856
142 300 11.9083804307662
143 0 4.0105844105916
143 300 20.0896936549533
144 0 7.23012873556826
144 300 20.0486310752516
145 0 6.80053247315997
145 300 16.2427859286401
146 0 4.07076775270378
146 300 10.5864545176969
147 0 3.56626377237996
147 300 9.62260615065442
148 0 4.06404380647566
148 300 19.6616180357776
149 0 5.90404047370305
149 300 13.8848360523491
150 0 7.61973304323926
150 300 17.0445399060959
151 100 14.3348125743923
151 300 26.6167951399369
152 100 9.03453775846393
152 300 15.5800795004697
153 100 11.5681152059364
153 300 18.980850221882
154 100 11.4992311425884
154 300 21.1557012894359
155 100 27.5200114005209
155 300 52.9284219670966
156 100 13.8507515529105
156 300 25.2830531804178
157 100 6.73723327165751
157 300 13.4419707072881
158 100 9.94869409642117
158 300 10.2646769471074
159 100 8.43026402908451
159 300 8.89575546048731
160 100 12.0855660997533
160 300 19.4153754083962
161 100 14.5859586096294
161 300 19.5805604688137
162 100 9.04805033167572
162 300 12.9956871118489
163 100 8.45576914749086
163 300 12.8351000855121
164 100 12.4457456844067
164 300 24.2324088848148
165 100 13.2133547624903
165 300 19.8101070999389
166 100 17.8068090061463
166 300 26.7706372535511
167 100 18.7904633487817
167 300 23.6816253451794
168 100 7.36640747467217
168 300 11.2659308337669
169 100 12.5487780231207
169 300 28.1180080694431
170 100 11.8073951119412
170 300 19.067698385503
171 100 9.16107730460769
171 300 10.9460447222503
172 100 7.64901356142309
172 300 14.8315385412022
173 100 21.7340397857745
173 300 39.3461620102873
174 100 7.43952868538393
174 300 12.0386428919927
175 100 8.58485863386909
175 300 16.889687094815
176 100 7.41444211979536
176 300 14.4199930647537
177 100 11.2327283368571
177 300 14.7244168971861
178 100 14.0388904724907
178 300 19.4711016300831
179 100 5.16797052758161
179 300 8.92649272044724
180 100 6.64525507598911
180 300 7.54297633474558
181 100 10.9000323602571
181 300 12.6733606642959
182 100 8.83544250856433
182 300 11.2656910245965
183 100 6.80473792455317
183 300 8.82320134870788
184 100 11.6199041894278
184 300 19.769420048761
185 100 12.4528196417686
185 300 21.4089279303435
186 100 7.35617283144461
186 300 12.1334620174437
187 100 9.21936238231451
187 300 12.5029909257755
188 100 14.9124105048273
188 300 20.0166343412139
189 100 8.68368062963052
189 300 12.7858573990333
190 100 10.539531654564
190 300 18.1578116267148
191 100 6.65770308019607
191 300 7.15168504322722
192 100 12.8193562890848
192 300 26.1170226160991
193 100 10.1837704804998
193 300 18.8827057243261
194 100 9.14515007720453
194 300 15.9612751588881
195 100 7.48833029367234
195 300 12.3961131816529
196 100 16.9612518466045
196 300 24.6893890393906
197 100 9.40806111339056
197 300 11.7312348870004
198 100 5.72692835689027
198 300 6.51817163043455
199 100 8.2176050773933
199 300 15.5201245038824
200 100 11.471499546663
200 300 17.1596864381609
