id dose y
1 0 5.46456766174778
1 1000 29.6936090386999
2 0 4.4717301878219
2 1000 17.0613971857115
3 0 4.28446092989368
3 1000 19.6481013588455
4 0 4.05631591853501
4 1000 24.1432339932818
5 0 4.60861225922175
5 1000 23.2804333343907
6 0 7.81963957353527
6 1000 36.0679602523925
7 0 5.3700850072433
7 1000 19.9228436711613
8 0 5.0747423177602
8 1000 12.7558964282012
9 0 3.41028593865773
9 1000 31.4577382375649
10 0 6.21827363436791
10 1000 17.5506974015138
11 0 6.3999478545497
11 1000 34.9628056800292
12 0 5.40445814900288
12 1000 58.5997196049149
13 0 3.51951965039702
13 1000 37.6908176270605
14 0 4.78376979966643
14 1000 11.6539600985995
15 0 6.18385606355349
15 1000 23.2673910960232
16 0 3.32772239252651
16 1000 7.18435586658451
17 0 3.87611988151811
17 1000 20.6847269002981
18 0 5.07222295118835
18 1000 18.858793098017
19 0 3.68138511619519
19 1000 41.9306081732191
20 0 7.29522908844965
20 1000 36.3392654238045
21 0 5.92459562774324
21 1000 20.0169941020365
22 0 4.51789437539203
22 1000 29.7627055765966
23 0 2.95845392442373
23 1000 12.4875190089377
24 0 7.59273288889383
24 1000 55.0631610856242
25 0 5.53547879336439
25 1000 25.3524746020833
26 0 4.73518677186182
26 1000 27.3727085469832
27 0 7.38559344323301
27 1000 16.2946618271747
28 0 3.17780478138204
28 1000 35.4178310621576
29 0 3.45603949286687
29 1000 11.1879933224127
30 0 4.52372024815705
30 1000 13.626907070197
31 0 4.22630020345516
31 1000 22.6634240465021
32 0 3.0943388346709
32 1000 10.9159619831703
33 0 3.37873782608416
33 1000 45.9683372861917
34 0 6.74976713514425
34 1000 17.1826275070571
35 0 2.9700681306219
35 1000 13.2753074293469
36 0 3.732573295059
36 1000 32.3046388912282
37 0 5.12013258367577
37 1000 12.4979740378301
38 0 3.8665893579916
38 1000 25.3361739121326
39 0 3.98338836128874
39 1000 37.7420273264133
40 0 3.83222942735802
40 1000 33.7532512076182
41 0 2.41017137759514
41 1000 10.5891728759804
42 0 3.92526927297876
42 1000 19.6270604000715
43 0 6.46799286596499
43 1000 22.5204397773471
44 0 4.61838605796966
44 1000 10.5234917592288
45 0 4.92691380671115
45 1000 21.960579825412
46 0 4.25047205838581
46 1000 18.0726798995818
47 0 6.67228826768771
47 1000 47.373490881163
48 0 5.06165481431745
48 1000 36.8092772339758
49 0 3.31327734212008
49 1000 45.8300792428471
50 0 5.26906075714408
50 1000 35.3247639876534
51 100 9.66967052256596
51 1000 22.9052356374846
52 100 19.045436354455
52 1000 34.0251565417773
53 100 8.65846731522864
53 1000 28.8975782321785
54 100 9.19525353593634
54 1000 24.0030140187313
55 100 11.8480204837543
55 1000 39.3810822810971
56 100 6.72958436182176
56 1000 13.8533138948453
57 100 14.8093055884094
57 1000 35.3220108186718
58 100 14.4423744046054
58 1000 47.2604197923885
59 100 8.22848713923198
59 1000 27.3315068146855
60 100 9.13835892898944
60 1000 17.6215621148194
61 100 8.79324992824362
61 1000 14.9458977049125
62 100 7.29587820926018
62 1000 21.3939404139863
63 100 4.77241701658035
63 1000 14.9629610653932
64 100 7.84755686501321
64 1000 19.5989776848883
65 100 9.07223667177526
65 1000 16.7582395427965
66 100 14.0940146091769
66 1000 45.6958460656535
67 100 7.12583226066349
67 1000 22.5239835071655
68 100 6.96453921551367
68 1000 16.9614728347864
69 100 8.19777188937085
69 1000 19.4629423925316
70 100 5.35318064937835
70 1000 11.9938617791568
71 100 7.73663816935583
71 1000 15.2853457412578
72 100 13.5449116468987
72 1000 29.163698134667
73 100 7.98353783659337
73 1000 21.7153720181751
74 100 10.855882564712
74 1000 24.6954900094533
75 100 11.6940790451754
75 1000 33.6758810514813
76 100 7.33919535910375
76 1000 17.0303722333996
77 100 6.79928879907884
77 1000 18.9962666010782
78 100 11.4701480246572
78 1000 27.9874377962793
79 100 11.3180952016222
79 1000 20.9076386801117
80 100 14.1174235735491
80 1000 29.4966102032821
81 100 10.8052392557436
81 1000 33.4393159088726
82 100 9.42751212711975
82 1000 15.3168223946532
83 100 10.0350390025067
83 1000 29.4484379137495
84 100 9.3092929062036
84 1000 20.0326421560857
85 100 7.40848797136802
85 1000 17.9830727403915
86 100 11.0053734594127
86 1000 41.7311048162881
87 100 14.3530515707605
87 1000 25.4023042891074
88 100 9.22849667015488
88 1000 19.1499352235755
89 100 21.0419821205943
89 1000 33.1175918427365
90 100 9.10455989122473
90 1000 23.6592754147337
91 100 6.96182983636708
91 1000 15.5718198204031
92 100 10.7401243541523
92 1000 22.2076938134864
93 100 6.87756212430284
93 1000 14.6208771736445
94 100 6.85366026159903
94 1000 18.8748766143855
95 100 9.19777706824052
95 1000 21.9933374208371
96 100 8.42148965319346
96 1000 26.8571945905679
97 100 15.6361620925406
97 1000 32.6068439632591
98 100 20.5207804359213
98 1000 49.8141139834967
99 100 13.0727979127421
99 1000 38.8193318141595
100 100 9.19012073113208
100 1000 34.3775489699315
101 0 5.44609785802451
101 300 19.4186303091463
102 0 7.05345590457863
102 300 15.5117418027597
103 0 4.95522279297112
103 300 22.7282578689828
104 0 6.84694559556284
104 300 23.0623414077979
105 0 5.90064072220031
105 300 30.5829728069979
106 0 2.2802707850644
106 300 12.0763842537952
107 0 3.70967389820467
107 300 18.5620484968592
108 0 5.37316396881685
108 300 10.4850984907339
109 0 5.62944595938445
109 300 17.0697820808005
110 0 6.2976287979409
110 300 15.4431032230727
111 0 2.52078055742849
111 300 12.89441671455
112 0 3.12018849648347
112 300 7.36763180350937
113 0 4.77619170062656
113 300 11.6857991838383
114 0 3.64211333747102
114 300 10.7682201401475
115 0 5.51297191884266
115 300 23.8742280384343
116 0 3.71274262380608
116 300 22.4450076617135
117 0 6.51430417255334
117 300 25.8948065284445
118 0 5.18137521185508
118 300 11.3596006383834
119 0 4.98442894604031
119 300 15.3423183841959
120 0 2.88344025377512
120 300 13.2928473371774
121 0 6.70444783385753
121 300 12.2725875665598
122 0 5.7149862917471
122 300 29.5787230500601
123 0 7.50335808725463
123 300 28.6515803737478
124 0 6.08273741955758
124 300 15.5102782952987
125 0 4.86192670761789
125 300 18.8015351906549
126 0 5.11033244346804
126 300 13.9286429600223
127 0 3.04929919414167
127 300 15.2701451345659
128 0 4.13557461645585
128 300 13.4001195313465
129 0 4.34055715457481
129 300 21.2101659122337
130 0 3.3440662370467
130 300 8.45840758748663
131 0 5.77152231462979
131 300 18.7253685487757
132 0 7.12130156846436
132 300 33.414857929376
133 0 3.45976370134911
133 300 12.3833207394278
134 0 8.39544896197271
134 300 36.1950483886015
135 0 8.60002832679887
135 300 13.1392259970548
136 0 7.840982639565
136 300 21.7610015561801
137 0 6.86064210674929
137 300 23.0556395798421
138 0 6.72776715589166
138 300 39.4074699578964
139 0 3.76313039721785
139 300 19.9564812956025
140 0 4.31889552328049
140 300 16.6215351994295
141 0 4.79435584918531
141 300 8.2600225247351
142 0 5.57992520931878
142 300 7.6241723610899
143 0 7.24675954220974
143 300 29.7340682598563
144 0 4.02107323513984
144 300 12.4553106104586
145 0 4.94753039737101
145 300 30.1122071785001
146 0 3.41206223765697
146 300 10.8062740845774
147 0 3.28568751840845
147 300 8.79842947256806
148 0 3.80505011949034
148 300 11.1561154290475
149 0 5.5743002321822
149 300 18.683032505564
150 0 5.54928042011195
150 300 13.8548870860587
151 100 7.30132494502251
151 300 9.36207639410521
152 100 11.6417930847557
152 300 22.2873081024149
153 100 7.47677473064132
153 300 13.2572950250211
154 100 4.35504257783587
154 300 6.84796662342307
155 100 11.3665150324033
155 300 16.5365063180922
156 100 6.90145412102825
156 300 12.8708157925072
157 100 16.1034758101519
157 300 21.1551954630484
158 100 10.3943412036765
158 300 21.7795129277552
159 100 13.3841633192724
159 300 29.2703920811682
160 100 9.33129049473064
160 300 12.9234087085696
161 100 13.5273170714858
161 300 22.6989081550127
162 100 11.3689442443856
162 300 19.9106371194417
163 100 16.7086902555466
163 300 30.5440412613497
164 100 5.49421876274196
164 300 9.94381573535999
165 100 9.84430954424781
165 300 17.030654138497
166 100 13.756141824278
166 300 21.0392284300929
167 100 3.57845722406604
167 300 4.47045032402438
168 100 7.84121260791104
168 300 14.2349102676863
169 100 8.87806933294192
169 300 14.6325231483156
170 100 4.72654284313022
170 300 7.20277688508214
171 100 9.6440177742947
171 300 20.508542374008
172 100 10.4383986509275
172 300 13.6546706867064
173 100 9.64611375586504
173 300 13.3085517688048
174 100 8.42193735383539
174 300 12.6822596165651
175 100 9.22744447780011
175 300 16.7808682231104
176 100 11.3352016873905
176 300 13.9817338323113
177 100 6.61600515738399
177 300 8.6295968929594
178 100 6.96273219014978
178 300 11.6244472895203
179 100 11.9092833327697
179 300 16.2613619519063
180 100 14.7996652755822
180 300 22.3695933092898
181 100 7.56997550904139
181 300 11.114639384556
182 100 8.09642468455127
182 300 8.33769406826422
183 100 18.0020719603903
183 300 37.3279209968358
184 100 8.13847252493734
184 300 14.1338440742926
185 100 11.5655154615792
185 300 22.2052413160178
186 100 6.51612857991247
186 300 9.95946518301759
187 100 20.0281364045911
187 300 25.2217702144541
188 100 6.38313247129452
188 300 9.93829110790151
189 100 17.7833458008317
189 300 30.7936756360903
190 100 9.59947598262434
190 300 18.6180164482067
191 100 13.6302950780621
191 300 17.3884921796741
192 100 8.79148554421069
192 300 13.122017263169
193 100 19.5178194501536
193 300 28.8254349833214
194 100 7.35722212214012
194 300 11.7771071990938
195 100 8.22906317838369
195 300 12.2143841652959
196 100 9.30728586001471
196 300 12.2531937208605
197 100 13.5062048127616
197 300 27.4207800614165
198 100 17.014674714146
198 300 18.174445732097
199 100 11.7116612019898
199 300 20.9039413498546
200 100 8.60168941847004
200 300 11.7382499145296
