id dose y
1 0 3.48634079620823
1 1000 18.324607410646
2 0 5.87437346344809
2 1000 31.3728255644758
3 0 4.7884604887005
3 1000 7.5034775614119
4 0 7.50503551688077
4 1000 31.2844059959453
5 0 4.49051047397361
5 1000 19.0459346856627
6 0 3.45680063819582
6 1000 9.82690175977998
7 0 5.53189767958551
7 1000 23.2641222921558
8 0 4.67426419213082
8 1000 42.0364999745691
9 0 4.9336979348884
9 1000 35.2948498091956
10 0 3.72610017101527
10 1000 62.0373590475157
11 0 6.44386769355693
11 1000 43.5930768770525
12 0 5.38603356517806
12 1000 25.8314045295258
13 0 2.81190497507731
13 1000 41.9280686655429
14 0 3.46461297958546
14 1000 10.9053875271318
15 0 5.89684529186425
15 1000 21.0513784284315
16 0 5.29920658870671
16 1000 25.7925567497906
17 0 3.40441039035604
17 1000 60.7349614920507
18 0 5.11298552806241
18 1000 39.8462868360792
19 0 5.17904137895315
19 1000 16.7165783352914
20 0 6.05080566080976
20 1000 26.2739125319005
21 0 7.94770883994571
21 1000 28.5544504716365
22 0 5.63916612982363
22 1000 33.0226932515229
23 0 6.03235455964067
23 1000 28.1925227729831
24 0 4.61793975790652
24 1000 40.0460535513853
25 0 5.03586259627869
25 1000 12.3300719557803
26 0 5.15113673576651
26 1000 11.6460087260178
27 0 5.01256821463074
27 1000 28.1628808654557
28 0 7.11176239895403
28 1000 11.7220242884635
29 0 9.11503917109161
29 1000 52.0878106360694
30 0 10.8063752525705
30 1000 22.6398759715496
31 0 6.54962961537258
31 1000 20.9636890866409
32 0 8.8825221241292
32 1000 26.8557034702995
33 0 5.60074075908531
33 1000 18.8958623824204
34 0 5.08139482185416
34 1000 21.7387092179964
35 0 4.91850732018285
35 1000 11.0071425490939
36 0 4.44486235184434
36 1000 29.2475912781551
37 0 4.51266044874064
37 1000 20.6320722053253
38 0 6.30363744416115
38 1000 30.1850560570732
39 0 4.16411189362625
39 1000 33.1642781521657
40 0 2.90160136404057
40 1000 12.2059530874695
41 0 2.36137714935375
41 1000 6.12206120578188
42 0 2.80867105278524
42 1000 25.4015095334719
43 0 6.29856325871774
43 1000 21.8055397576767
44 0 7.52474708672454
44 1000 44.0139206612932
45 0 5.64237965412146
45 1000 16.9693435428761
46 0 2.29071580780663
46 1000 32.5874094040062
47 0 6.96205453073784
47 1000 26.4313683118881
48 0 5.54383703065533
48 1000 35.9682013822255
49 0 2.76122493571504
49 1000 16.5693406895068
50 0 4.65399335586234
50 1000 18.1732376633975
51 100 9.62551404814497
51 1000 34.753820004986
52 100 6.19098925475399
52 1000 23.3662489860812
53 100 7.91319998225284
53 1000 22.2907300613477
54 100 9.78838018774987
54 1000 30.9383989112659
55 100 9.50062129828723
55 1000 14.2191226181598
56 100 28.5102426532932
56 1000 42.9932360049318
57 100 7.13850664145724
57 1000 9.73753931292543
58 100 7.50405311792685
58 1000 12.3023857893309
59 100 22.483970199061
59 1000 64.1860460592236
60 100 8.83160513427821
60 1000 23.6946158457781
61 100 12.6593814371352
61 1000 47.9156317373928
62 100 12.3386528425021
62 1000 34.5757325217221
63 100 15.1833600497934
63 1000 21.6524836820764
64 100 7.14110529139612
64 1000 13.4794403255615
65 100 11.5038778877363
65 1000 29.9518642724762
66 100 9.56391029803152
66 1000 27.6746038743798
67 100 7.5095158200619
67 1000 19.5318572149718
68 100 17.249443064167
68 1000 67.5618685869162
69 100 9.53593846434821
69 1000 27.8372988866172
70 100 20.7001652048495
70 1000 59.4351942434278
71 100 7.67052590954318
71 1000 15.1730642580372
72 100 10.6846700186937
72 1000 32.7437509747079
73 100 10.9724068844735
73 1000 62.7530642404438
74 100 16.1989775972
74 1000 38.9254156213286
75 100 10.2511256773958
75 1000 19.5019709400731
76 100 6.92894619947582
76 1000 10.1469565386329
77 100 14.4653243217913
77 1000 48.429942726887
78 100 12.7243861557039
78 1000 60.3644673133487
79 100 9.3594574151282
79 1000 21.512068955692
80 100 11.5865712115304
80 1000 15.8348942447334
81 100 8.08071110583079
81 1000 23.1500824965146
82 100 7.30028540140206
82 1000 15.6676084011621
83 100 12.9513353925868
83 1000 37.5586144484573
84 100 15.0748407942514
84 1000 51.4044603029625
85 100 12.1797351523627
85 1000 33.0271164875678
86 100 8.83304764725725
86 1000 28.6690567580331
87 100 12.3871558593817
87 1000 37.7722366439378
88 100 8.39777604827734
88 1000 15.6335378954102
89 100 14.0287397236563
89 1000 43.7405469331134
90 100 11.1584022106946
90 1000 46.7580860580285
91 100 10.8476915911215
91 1000 20.8815216254424
92 100 6.78696049157865
92 1000 14.0995412097134
93 100 10.0079049797984
93 1000 38.0174226388452
94 100 16.5921270289993
94 1000 21.4755981276221
95 100 11.1940160293984
95 1000 40.9582830082739
96 100 13.7488234357658
96 1000 33.9579348221319
97 100 6.70685250618169
97 1000 15.8612097987496
98 100 9.2285196769161
98 1000 27.6016591615821
99 100 12.3062163645883
99 1000 24.5417402151229
100 100 12.843148815656
100 1000 33.2723926810181
101 0 5.04978316674516
101 300 13.7326803357024
102 0 4.76823416118165
102 300 11.5755033393228
103 0 6.45605008402057
103 300 17.7300968893777
104 0 4.7877276837097
104 300 17.5384146823912
105 0 5.39540790883975
105 300 10.4031617067644
106 0 3.43884814678764
106 300 14.6230015352576
107 0 6.50018805870292
107 300 16.6804118436281
108 0 3.36341285649623
108 300 13.2893940598299
109 0 3.99945787751053
109 300 16.1427983953631
110 0 4.44555093491076
110 300 26.1953435483756
111 0 5.29642343433922
111 300 13.9199869120616
112 0 5.43482229559945
112 300 20.9724235477449
113 0 4.93160386688224
113 300 11.7561457236238
114 0 5.03786804327431
114 300 24.3880815933994
115 0 5.82632106324864
115 300 36.9199608947802
116 0 3.25322427912854
116 300 25.7946279668617
117 0 2.62075300157918
117 300 9.41069429253827
118 0 5.67724647131947
118 300 18.3575665266694
119 0 5.50428323188876
119 300 29.5853292355631
120 0 5.81514993988783
120 300 14.3720517404068
121 0 5.42562555200254
121 300 27.36646847633
122 0 5.46887556420289
122 300 26.0851517639266
123 0 5.33332458513246
123 300 11.9864840218271
124 0 7.03930973624962
124 300 17.1543936217724
125 0 3.39584758320673
125 300 7.09709993835751
126 0 4.93321470361056
126 300 14.0355487554158
127 0 5.56331507696281
127 300 12.4614886616734
128 0 5.1819240094095
128 300 50.1407330203249
129 0 5.41305024864167
129 300 15.8176191189425
130 0 4.53891641826939
130 300 19.5960605138095
131 0 4.98097548406525
131 300 13.5194867593326
132 0 3.9631842115106
132 300 21.7288772004367
133 0 5.18150863530708
133 300 7.04003978981951
134 0 2.91626861407369
134 300 21.5456351923241
135 0 5.25353524879356
135 300 45.2899406287301
136 0 8.6384771834784
136 300 16.0693345805023
137 0 9.05442699744839
137 300 21.1414037924642
138 0 3.70269380182128
138 300 13.4977549299453
139 0 6.54907565492116
139 300 19.1728987148839
140 0 4.27256651812014
140 300 13.4116803856026
141 0 6.26071231807207
141 300 17.7946057888634
142 0 5.95820016212318
142 300 12.2247618361012
143 0 4.09301241694408
143 300 6.39850305837914
144 0 3.26462139039116
144 300 9.65140588874256
145 0 3.95002435389499
145 300 12.15827209467
146 0 5.33290540755122
146 300 22.7767977495003
147 0 4.57790803446297
147 300 15.5168059512545
148 0 8.49253042343327
148 300 36.1114125614068
149 0 4.3250764988546
149 300 13.6779657981085
150 0 4.90064376640607
150 300 36.0904280891131
151 100 9.31943066212965
151 300 14.2293095330441
152 100 10.4424725643619
152 300 14.9647946644556
153 100 11.9247732495199
153 300 20.9059530195447
154 100 13.697856395334
154 300 29.9061672051056
155 100 8.39377864205391
155 300 12.574278298346
156 100 7.00484474593328
156 300 8.68654553302701
157 100 14.0858244995369
157 300 28.1229051922143
158 100 15.9502548677354
158 300 25.7737307656625
159 100 10.8069127266011
159 300 14.8931625711207
160 100 10.2543918457288
160 300 23.1413126868837
161 100 14.33619335751
161 300 16.9790774847246
162 100 10.2782471686073
162 300 22.6585218512637
163 100 15.5358770950226
163 300 22.4806299209197
164 100 7.25698811986712
164 300 8.52312091507181
165 100 8.52323859303968
165 300 11.6846663876236
166 100 30.695128581651
166 300 69.6001810794845
167 100 6.54111408481474
167 300 13.2654538640504
168 100 8.4923755051285
168 300 9.6807804711336
169 100 5.46051756342634
169 300 9.6842732512524
170 100 5.17297852498098
170 300 9.30719024639305
171 100 12.4271740050122
171 300 19.7404956489616
172 100 15.450336512811
172 300 26.9340822152986
173 100 22.1947816349767
173 300 32.2760556694145
174 100 25.7243328379064
174 300 71.4876768839111
175 100 8.88521432659805
175 300 14.6975103875628
176 100 12.673157847081
176 300 11.1444389105561
177 100 8.2063521631601
177 300 12.6526743708253
178 100 9.1887619295405
178 300 14.6562780738531
179 100 22.2476119389293
179 300 44.7797280363261
180 100 13.2335733859452
180 300 15.0332493427026
181 100 11.30377089564
181 300 24.2370878017701
182 100 13.796488175909
182 300 23.453561178607
183 100 7.69552158156318
183 300 16.795233549359
184 100 8.063098520605
184 300 15.1724098964486
185 100 7.49192810783838
185 300 11.2772117360594
186 100 7.04739270159345
186 300 9.64278034614382
187 100 16.3637935470339
187 300 28.9097181757879
188 100 9.83337766007453
188 300 10.884403723097
189 100 11.5393064986953
189 300 14.6609320167261
190 100 13.3205396380458
190 300 16.7778766968023
191 100 8.7815588715333
191 300 12.4980664994935
192 100 11.9678812712543
192 300 19.7603567318187
193 100 12.6158925508453
193 300 19.0242619694361
194 100 10.8227185034081
194 300 15.3179557270979
195 100 4.76570993436007
195 300 6.0508227197447
196 100 20.8985805606552
196 300 36.5134003214328
197 100 7.9711119526611
197 300 9.05241792377167
198 100 4.21700709253369
198 300 8.63216413155764
199 100 14.1681955496766
199 300 19.763828182419
200 100 6.83357417942799
200 300 10.2240589473495
