id dose y
1 0 6.08970483576081
1 1000 45.0323451711497
2 0 3.98198835253673
2 1000 24.3029782349086
3 0 5.53523569565839
3 1000 53.9095255454255
4 0 7.26313978665345
4 1000 67.5984023311697
5 0 5.91776116470165
5 1000 44.4469838197389
6 0 3.43064863138959
6 1000 13.04475686734
7 0 3.06420829826065
7 1000 13.7084480698617
8 0 6.57671627734286
8 1000 47.7484072590694
9 0 7.72994092595115
9 1000 40.5668629918277
10 0 4.38961530094722
10 1000 27.7480510300544
11 0 2.92872379885156
11 1000 12.9898678581296
12 0 5.55780257555574
12 1000 22.8140003826163
13 0 13.0385273298366
13 1000 39.258779619484
14 0 3.02021236588265
14 1000 33.8721732709456
15 0 4.90859536858658
15 1000 7.93832785673263
16 0 3.48723308767618
16 1000 22.6423322049908
17 0 8.58748452894187
17 1000 148.058148138478
18 0 6.08283886118338
18 1000 16.7024257448571
19 0 5.49362534810525
19 1000 29.5559542336344
20 0 5.96767772016664
20 1000 26.8662801932776
21 0 6.76062965455317
21 1000 43.3497433420676
22 0 5.05428161743011
22 1000 24.1270963025818
23 0 4.16216737454047
23 1000 10.825343366117
24 0 4.31085545252021
24 1000 28.9025662837449
25 0 7.91047528377092
25 1000 15.9503747736216
26 0 5.18570261016646
26 1000 12.8190395385814
27 0 5.63088988903351
27 1000 29.2318592567357
28 0 4.87264099802013
28 1000 9.89782652345969
29 0 4.37616309977628
29 1000 15.6098161976962
30 0 4.28922224429915
30 1000 34.5403079403815
31 0 4.11277765029842
31 1000 11.5458874954655
32 0 5.89234766059124
32 1000 17.1792890284835
33 0 2.90966681933623
33 1000 21.5426895478911
34 0 9.76633047812102
34 1000 30.9088884703187
35 0 6.15334531419319
35 1000 41.0169682548392
36 0 4.14756900064519
36 1000 51.4372053575929
37 0 3.52335291142845
37 1000 10.4656896299792
38 0 6.1809396260123
38 1000 14.9634505415298
39 0 8.18475276909399
39 1000 15.7988012405604
40 0 6.85564453989265
40 1000 42.2885242567891
41 0 7.95184103905297
41 1000 34.0457049335155
42 0 4.54256659555404
42 1000 8.33754653661309
43 0 7.57903290408784
43 1000 39.3231060695995
44 0 3.86578876479101
44 1000 20.4616696517619
45 0 2.49521001458274
45 1000 29.7661201382996
46 0 5.2053415046896
46 1000 42.1381364011286
47 0 7.62621965466588
47 1000 16.3698642598711
48 0 4.56591698183851
48 1000 18.5138757898448
49 0 3.43086170182971
49 1000 18.3317533197202
50 0 5.79979186613054
50 1000 37.6846226801407
51 100 9.68358394811544
51 1000 24.2002541911896
52 100 10.8467326709134
52 1000 28.1853174383065
53 100 12.0513250703376
53 1000 61.7493029959144
54 100 36.3942354735577
54 1000 99.0106658913813
55 100 10.4867274306989
55 1000 17.8260092303943
56 100 5.3323596626613
56 1000 12.1233929760848
57 100 9.32462033487702
57 1000 30.1015884621054
58 100 12.765246341756
58 1000 22.239526986741
59 100 8.13563696778685
59 1000 21.5661477000178
60 100 22.9059967183573
60 1000 74.7991925138385
61 100 5.98753971521529
61 1000 14.8716358712321
62 100 12.3216983706482
62 1000 32.3727666025418
63 100 7.97204282664915
63 1000 13.9634064079954
64 100 17.300882739424
64 1000 33.7570860904928
65 100 22.884752942795
65 1000 56.4357854897787
66 100 8.35348558475166
66 1000 22.6926285350629
67 100 14.5612069377317
67 1000 30.3942866802836
68 100 11.3612364303215
68 1000 25.4284575631417
69 100 6.30285874429986
69 1000 9.53783690556606
70 100 11.7703770470034
70 1000 20.4306698982414
71 100 11.4623434278661
71 1000 31.3461712164311
72 100 13.0243679213315
72 1000 17.6093523735403
73 100 8.08256058690121
73 1000 21.7398471003554
74 100 5.00583993003861
74 1000 7.04308188944718
75 100 8.37352246813667
75 1000 13.219188477954
76 100 18.8923491851547
76 1000 65.6595531048251
77 100 17.621415410302
77 1000 70.9409513825662
78 100 16.6531372050771
78 1000 46.5816370776526
79 100 13.8408572388847
79 1000 15.5069463782177
80 100 10.9732042601524
80 1000 30.1150477070125
81 100 11.3260884548445
81 1000 35.5288725140451
82 100 8.6641568423604
82 1000 22.5692944347755
83 100 13.8529884814109
83 1000 25.3392665637424
84 100 16.6912575111804
84 1000 32.3788961009313
85 100 22.5534922452419
85 1000 42.014259680811
86 100 8.17227932349047
86 1000 15.9611732019354
87 100 8.88616968410956
87 1000 40.9992032313294
88 100 13.7372070830593
88 1000 40.4445938694055
89 100 15.0916420271685
89 1000 33.5549079659235
90 100 5.99970478661118
90 1000 19.6037108203111
91 100 15.2659333216948
91 1000 34.2564258410888
92 100 7.50064949282427
92 1000 16.0204802547009
93 100 8.91133087589709
93 1000 35.4143802316632
94 100 9.42510091084207
94 1000 25.6476860268902
95 100 12.1070345765178
95 1000 46.0717735080916
96 100 12.8925827806711
96 1000 26.5133995413403
97 100 7.30714120589659
97 1000 17.5435523082526
98 100 9.31506043137536
98 1000 22.1199800727266
99 100 15.0642162622092
99 1000 60.7092169652686
100 100 15.8200963060444
100 1000 39.8514327343353
101 0 4.15737714348605
101 300 15.7035120999968
102 0 8.65227304951803
102 300 12.348009774
103 0 5.09742898331089
103 300 9.98437353066115
104 0 5.01163375437056
104 300 15.5200322075164
105 0 3.78183351604727
105 300 13.9440465436153
106 0 7.74083158364241
106 300 18.0893984357227
107 0 3.83694273164182
107 300 6.43861984102719
108 0 6.9018734711249
108 300 20.428392577994
109 0 8.60025594187341
109 300 18.0300282072588
110 0 4.48495714940096
110 300 10.9164125149843
111 0 5.77126498469818
111 300 22.3910612597406
112 0 5.80157836645914
112 300 28.3373378360287
113 0 3.40072979910662
113 300 13.2788867156624
114 0 3.0418505406811
114 300 8.72410300464141
115 0 4.01283416006572
115 300 13.4221190888017
116 0 4.79667292595756
116 300 20.4208501863499
117 0 5.00555805249436
117 300 48.0977468185417
118 0 2.42646480935587
118 300 13.3974190707411
119 0 6.641386425973
119 300 30.4786177065032
120 0 6.40784452782926
120 300 18.7164128338552
121 0 6.3766147076039
121 300 13.2414116630887
122 0 5.02091882242631
122 300 11.7694636463748
123 0 6.29377311258238
123 300 13.252168063083
124 0 3.88682522513457
124 300 10.1931994415177
125 0 3.3054490467794
125 300 25.5958450881906
126 0 6.51769625208176
126 300 13.8140832179977
127 0 5.22488484937757
127 300 19.3201859764377
128 0 3.27151587992168
128 300 9.56632910045588
129 0 7.04957747881244
129 300 15.5011709869663
130 0 3.72484240264367
130 300 26.4465554569094
131 0 4.62093711497465
131 300 10.9648298473533
132 0 3.77222590179379
132 300 16.9237244675362
133 0 6.6922285510389
133 300 15.2692783218659
134 0 5.36122760192614
134 300 22.8427842179703
135 0 5.19076102280611
135 300 18.4749472309416
136 0 6.50416529522411
136 300 17.6884070964587
137 0 6.03165257271614
137 300 7.7418246448831
138 0 3.91591996296427
138 300 10.1309789789198
139 0 3.02074517444274
139 300 35.8222569281841
140 0 3.92144845100111
140 300 18.4313979040107
141 0 5.53904727887481
141 300 7.23791171749542
142 0 3.85842118202486
142 300 9.85933906725163
143 0 4.73993594095932
143 300 14.9191529575119
144 0 4.84006362259653
144 300 11.7178881189067
145 0 4.91534809422742
145 300 24.2799224075208
146 0 5.76050195194062
146 300 8.62562883809773
147 0 3.86700442806877
147 300 29.6830669081054
148 0 3.42456224805472
148 300 14.0927531456013
149 0 4.2115309177054
149 300 8.40400117222547
150 0 4.63459006733004
150 300 7.81222233747277
151 100 13.8620665464119
151 300 17.0352230687138
152 100 7.43215601497368
152 300 14.3645394384857
153 100 6.78839293728322
153 300 10.6432953331342
154 100 11.9947445198776
154 300 14.6328594479514
155 100 17.1552120351946
155 300 27.3001208662693
156 100 9.4784984038112
156 300 18.4805718574585
157 100 12.4694769466144
157 300 22.3955861546007
158 100 9.87943568361814
158 300 16.4728879219849
159 100 11.4883919316776
159 300 18.6927500452494
160 100 18.0017282754068
160 300 24.7362399912219
161 100 16.3974850286608
161 300 28.9093973463743
162 100 7.01539070728517
162 300 11.6657208762638
163 100 17.116228615178
163 300 39.5150752200779
164 100 3.87144452311405
164 300 8.07372706509403
165 100 6.64898312905259
165 300 8.49867306530282
166 100 10.9596304841425
166 300 16.538326417737
167 100 7.90845321673397
167 300 17.1800378525842
168 100 14.4439727973573
168 300 19.2997142467147
169 100 8.46441440994319
169 300 10.8695606776798
170 100 11.5975041550144
170 300 18.0796458503478
171 100 13.6966086533619
171 300 20.1158015327724
172 100 10.8777250358312
172 300 16.5913958646744
173 100 8.28504541443
173 300 16.8709288347733
174 100 25.6697648525652
174 300 50.0175496970133
175 100 6.59075986687801
175 300 11.6946358478697
176 100 15.3476528541134
176 300 26.4080455091145
177 100 7.88784357023239
177 300 8.14205478151516
178 100 10.8325778483556
178 300 19.4094919078704
179 100 16.7411674413586
179 300 23.6842037696785
180 100 22.7456282613717
180 300 55.8714143987868
181 100 7.87498551554218
181 300 13.5875648816877
182 100 8.91394700183046
182 300 12.9847025364737
183 100 10.0498793771182
183 300 14.0823279528956
184 100 10.5797664451516
184 300 15.3251582010323
185 100 7.65603676830189
185 300 9.83443987783336
186 100 14.3829184242909
186 300 22.6457809231326
187 100 8.28520843505385
187 300 21.2155923851653
188 100 8.54893706797261
188 300 12.5284338817703
189 100 10.8101655047568
189 300 18.3821088041983
190 100 6.87786812499913
190 300 10.5276489123245
191 100 11.9370101783928
191 300 20.0637971965804
192 100 12.4173045652593
192 300 17.7160331875067
193 100 8.42806042289388
193 300 12.1518172573531
194 100 11.8810246630261
194 300 21.3781579607127
195 100 13.8461112770291
195 300 19.7410634510194
196 100 5.85616617893222
196 300 8.8186714705123
197 100 8.15224243882639
197 300 10.5422678995816
198 100 6.80824898732499
198 300 10.5875013140338
199 100 7.15524474048448
199 300 8.69192253842098
200 100 19.5988556584344
200 300 32.9531447568484
