id dose y
1 0 6.15261166211945
1 1000 31.5691231071525
2 0 4.60652547492591
2 1000 67.3865210856668
3 0 5.88340931248112
3 1000 12.3770682558517
4 0 6.33569905830812
4 1000 15.3426867047985
5 0 2.58585320449397
5 1000 47.3852702253575
6 0 6.51161193317468
6 1000 41.7729535754725
7 0 5.31281787179781
7 1000 36.0565839835299
8 0 4.18744521605475
8 1000 40.4840276061812
9 0 7.77428684217367
9 1000 22.1675287051668
10 0 9.79461853242113
10 1000 68.2436315410669
11 0 3.97200630727327
11 1000 27.2587826216813
12 0 8.38308665776329
12 1000 38.5279196594611
13 0 9.87170997961235
13 1000 22.7716347206
14 0 9.47442199399285
14 1000 18.7994253780712
15 0 7.47873395306206
15 1000 41.2718460865962
16 0 6.90670469853168
16 1000 36.1637352070805
17 0 6.33102796235305
17 1000 29.4660790364146
18 0 3.97565830325576
18 1000 18.7002611709184
19 0 5.21786114874837
19 1000 25.0261220187745
20 0 3.79811395238141
20 1000 34.1016860742833
21 0 5.05827284217306
21 1000 45.4045199565718
22 0 3.76902989973457
22 1000 17.0882137518496
23 0 3.6113726896649
23 1000 13.7412423603641
24 0 4.70815626651573
24 1000 9.50606350499436
25 0 5.00823719472196
25 1000 59.6175067468168
26 0 3.06888252299997
26 1000 41.2456306224931
27 0 4.34234655679021
27 1000 14.2953649090492
28 0 6.88717537641056
28 1000 18.6875511843551
29 0 3.73046542025196
29 1000 30.0157790091792
30 0 7.9319529278774
30 1000 24.6902203395638
31 0 4.08849217654212
31 1000 27.5347293151312
32 0 3.3096434403037
32 1000 27.1941969709682
33 0 5.97586863487226
33 1000 37.4091968047009
34 0 6.3341057330496
34 1000 19.4839196308513
35 0 4.67513709005682
35 1000 22.9008037499012
36 0 4.94325642463621
36 1000 13.8793741274618
37 0 4.9178831238868
37 1000 15.7392942881225
38 0 2.75956420317428
38 1000 18.4561596251906
39 0 5.63878959762432
39 1000 28.0655913420917
40 0 4.48639699852638
40 1000 21.7888945941041
41 0 5.39522384631814
41 1000 32.9932475662574
42 0 5.60726708271722
42 1000 27.0632045914219
43 0 5.70659698673824
43 1000 11.305092920666
44 0 6.37807216535356
44 1000 34.3559481234682
45 0 7.18778184513993
45 1000 17.0070355086997
46 0 4.61293325507382
46 1000 27.516459655291
47 0 6.77724763301551
47 1000 25.5622245102707
48 0 4.24709768882387
48 1000 32.4527231772589
49 0 5.69628523558951
49 1000 15.7354449560817
50 0 4.46724716821023
50 1000 34.3848937956305
51 100 7.46641489339531
51 1000 10.2149560273283
52 100 8.27821514687847
52 1000 14.7563267880811
53 100 12.5161248903864
53 1000 60.7684903945853
54 100 15.1421477435669
54 1000 46.9994568486573
55 100 5.26853530966371
55 1000 20.3382112864166
56 100 22.7891042966159
56 1000 55.6990313897517
57 100 9.67745025743718
57 1000 26.0268224915499
58 100 8.82022198012679
58 1000 11.0762692493735
59 100 12.3625332922937
59 1000 32.4632703926867
60 100 7.91816902174739
60 1000 23.0869872403883
61 100 14.1147335232088
61 1000 31.5589638542125
62 100 7.19711060541891
62 1000 12.363074807933
63 100 11.8505434993208
63 1000 24.6437189488787
64 100 11.2366954366788
64 1000 28.3286900823685
65 100 5.29697123985723
65 1000 16.1039091307456
66 100 13.6271498537729
66 1000 40.5802196107005
67 100 11.9495319112068
67 1000 26.3258503545197
68 100 5.57964720238178
68 1000 9.60612392073561
69 100 9.00127392710559
69 1000 24.1657323592411
70 100 19.7960568503952
70 1000 63.1518581766083
71 100 8.53303085852708
71 1000 31.343144937685
72 100 6.44927850808626
72 1000 11.9429840597196
73 100 13.1187221223685
73 1000 21.5024885747131
74 100 10.6436763604616
74 1000 25.2194520123818
75 100 5.57751227653385
75 1000 8.83905450376381
76 100 21.5922465403856
76 1000 24.6516717443818
77 100 8.50684799387409
77 1000 19.7772952405936
78 100 9.58864135906868
78 1000 25.7463576026354
79 100 8.23934140417539
79 1000 27.3584588618068
80 100 10.4908078690617
80 1000 33.0327254398909
81 100 8.5203674574466
81 1000 23.9999618615174
82 100 7.11027089402763
82 1000 19.4697619548132
83 100 10.2591073942653
83 1000 28.5795578977374
84 100 8.29471583667345
84 1000 31.1141542689358
85 100 7.7634042304154
85 1000 14.1450386964172
86 100 10.6313600606365
86 1000 21.6048971270305
87 100 8.8711172495162
87 1000 23.1316089342322
88 100 8.76611915887292
88 1000 14.2698255575947
89 100 5.15446746923774
89 1000 11.6166354993508
90 100 24.5752960147138
90 1000 102.413401138655
91 100 11.7150029165531
91 1000 23.7476258890809
92 100 6.76523721888093
92 1000 24.5145222737065
93 100 5.25264253663935
93 1000 12.4600325513154
94 100 6.12956098623405
94 1000 22.120803102541
95 100 12.0687908565254
95 1000 22.8973803284198
96 100 6.60283182996566
96 1000 11.7384633974803
97 100 8.38065266445157
97 1000 21.7403054718146
98 100 10.3349359788683
98 1000 19.7845215380051
99 100 12.7648855695509
99 1000 48.1138225380201
100 100 11.1606295196179
100 1000 31.3668446006738
101 0 2.35602137550051
101 300 8.73179176954638
102 0 5.32280038095321
102 300 9.9636990737908
103 0 6.41608884675014
103 300 14.0339776725288
104 0 3.1721310320294
104 300 8.10059460875978
105 0 5.14999176446741
105 300 29.6137229074803
106 0 3.44020127453414
106 300 12.2884036710192
107 0 5.72126861922053
107 300 13.0916909836357
108 0 2.47577641335999
108 300 37.5997630203526
109 0 2.85019672667241
109 300 9.80784770956194
110 0 3.44670748760822
110 300 36.6504067213007
111 0 4.2500756930015
111 300 9.7573122609603
112 0 3.0991158219222
112 300 7.82764268797377
113 0 3.95681964080269
113 300 22.5480275684249
114 0 5.47058029814195
114 300 16.165234963125
115 0 4.23182854392262
115 300 13.9308320538094
116 0 5.57857941531442
116 300 12.9523340501166
117 0 6.06583114129235
117 300 20.8117611919108
118 0 5.38790995205448
118 300 27.7987182002148
119 0 2.90613951512964
119 300 19.3392710872913
120 0 8.5492367887172
120 300 17.832705354765
121 0 6.16508766335207
121 300 15.6767486412871
122 0 2.92237028515427
122 300 7.44724081027503
123 0 7.03554489778333
123 300 22.0970003031224
124 0 5.18125084954521
124 300 18.1348736949063
125 0 4.27948751707837
125 300 18.6155544209725
126 0 4.30493183524045
126 300 11.6497515061241
127 0 3.14620160447573
127 300 20.9246285846432
128 0 5.17088086803204
128 300 31.3275898751868
129 0 3.63396497646446
129 300 11.0507434956972
130 0 4.05877520809408
130 300 15.9519715267296
131 0 2.98693242754575
131 300 16.9125368036374
132 0 7.54652118399071
132 300 18.8143929173467
133 0 7.53899330950106
133 300 8.68583783616429
134 0 4.10433658219543
134 300 17.5864011895476
135 0 2.80042025205848
135 300 11.7618322416248
136 0 4.66186862205728
136 300 15.4488500845088
137 0 4.05496873412446
137 300 8.83064973201067
138 0 6.08408897827463
138 300 13.3811825453895
139 0 4.75167915932319
139 300 10.5341933941376
140 0 3.8658469957262
140 300 7.62019042091702
141 0 7.55717762226701
141 300 16.9514694926639
142 0 10.6249877749603
142 300 16.8306749347388
143 0 6.7231172511073
143 300 13.7701930570483
144 0 6.77703039191531
144 300 12.2206614764823
145 0 3.08522910855029
145 300 23.6903029763424
146 0 3.38651943587336
146 300 13.8690336902943
147 0 4.47566067671043
147 300 8.01388261575969
148 0 4.61614277484853
148 300 10.6711903436173
149 0 5.59945313584194
149 300 17.7494848014864
150 0 4.22417409460473
150 300 16.4655024499456
151 100 16.8163525998773
151 300 22.7598694853206
152 100 17.9142701199114
152 300 36.2319818196267
153 100 6.11156750095723
153 300 9.39219274028307
154 100 11.6116779228845
154 300 11.3529292162179
155 100 11.0301112196295
155 300 20.4318007048683
156 100 10.8120513080429
156 300 21.4606147490126
157 100 15.887364968486
157 300 24.0569507460579
158 100 12.0941273928303
158 300 18.6586831327814
159 100 7.73825124796671
159 300 15.5187296201071
160 100 5.98466068555614
160 300 10.7844631109492
161 100 20.3022373868245
161 300 29.3994131361991
162 100 7.26481099744923
162 300 14.7561462281508
163 100 9.86892269183967
163 300 18.4841560861308
164 100 11.9219627964759
164 300 19.6638020028636
165 100 8.82264390676628
165 300 15.9801760621748
166 100 8.79713193359868
166 300 17.0607326482135
167 100 9.85244357794343
167 300 12.056668723926
168 100 9.12010691463338
168 300 10.7156637101059
169 100 9.46477547406196
169 300 14.4910501506116
170 100 7.48115556712525
170 300 10.4623106693348
171 100 11.6384035853909
171 300 20.8389708468768
172 100 6.25203604797677
172 300 8.84555882563179
173 100 10.8086662004835
173 300 14.4453296280247
174 100 11.2958359061308
174 300 17.0599541939633
175 100 12.7190785757352
175 300 22.3997571583669
176 100 8.12204015293299
176 300 12.380831447779
177 100 9.95949297055001
177 300 16.5988916236222
178 100 22.7296266816779
178 300 50.2183332358608
179 100 8.56275725282847
179 300 10.8505391013491
180 100 8.00157153336577
180 300 9.58045427827528
181 100 10.0791387350837
181 300 20.2852120659233
182 100 5.60407474985144
182 300 8.79341731774457
183 100 11.3299849389411
183 300 21.3095842717728
184 100 8.77018177297882
184 300 10.9248269051681
185 100 9.19204239786385
185 300 12.5736082596682
186 100 10.2784572788792
186 300 9.81121149577816
187 100 10.0974210966735
187 300 17.1200725500817
188 100 18.4239339271073
188 300 35.9303918500325
189 100 5.89503575820526
189 300 8.85939357814365
190 100 8.74897468489431
190 300 14.4385273907096
191 100 12.1219278613961
191 300 18.0016877143426
192 100 9.56402326380067
192 300 11.7366984695641
193 100 11.1563194045368
193 300 19.1865825490385
194 100 8.59905937335342
194 300 16.4429743838942
195 100 12.4222552708531
195 300 18.77327154317
196 100 13.2304643538576
196 300 29.0359441587873
197 100 5.79102426048247
197 300 10.0106642940656
198 100 9.4464731746665
198 300 16.5085993197672
199 100 6.59344759332718
199 300 9.73124691789625
200 100 6.55872650237664
200 300 8.25458356975083
