id dose y
1 0 5.72879391525465
1 1000 15.3531529209013
2 0 5.60827589138389
2 1000 13.8654598779058
3 0 6.27886563323962
3 1000 22.1365072785896
4 0 5.75493589701219
4 1000 34.0423845526618
5 0 5.95456028944631
5 1000 44.3375498170327
6 0 6.33211971429116
6 1000 28.1831498265254
7 0 4.04934740640215
7 1000 14.9104265748714
8 0 5.36737088882595
8 1000 22.2521164425915
9 0 5.96635745083848
9 1000 56.6926435620438
10 0 6.27383869542223
10 1000 23.4171022288594
11 0 6.73161622284623
11 1000 46.5812328603403
12 0 4.59147829228666
12 1000 19.8276546726683
13 0 6.77052625667012
13 1000 21.8808212536264
14 0 4.77579392860649
14 1000 40.4682177292169
15 0 5.33702306913349
15 1000 35.7934864149643
16 0 3.28643682584539
16 1000 12.9783533154529
17 0 7.90294296558028
17 1000 27.2697543064404
18 0 9.53214733844073
18 1000 19.182199100775
19 0 3.05111182099015
19 1000 43.7238719874808
20 0 8.35455174133344
20 1000 26.6039956348943
21 0 7.5942788353963
21 1000 28.4477527154401
22 0 5.97422293690331
22 1000 16.7596778724267
23 0 3.21546686139894
23 1000 43.4945961637029
24 0 4.39077465602852
24 1000 37.9739284271475
25 0 4.71499065028721
25 1000 71.5518708511778
26 0 7.23286184596125
26 1000 18.5301710200425
27 0 4.73514770085257
27 1000 21.9031517884977
28 0 4.62890167057914
28 1000 49.4577243215433
29 0 8.03176323618467
29 1000 30.0686520276377
30 0 5.01983473626425
30 1000 11.501377840788
31 0 2.15781921606663
31 1000 24.2793512742802
32 0 4.78061555521072
32 1000 7.36678370002239
33 0 5.56485820765434
33 1000 13.4972882081163
34 0 5.47343378091207
34 1000 14.8235133413286
35 0 3.97774028613739
35 1000 13.7242763815816
36 0 6.0466437627303
36 1000 13.302261340792
37 0 9.32228934525406
37 1000 30.9089509656903
38 0 3.78519508335719
38 1000 19.0540561028364
39 0 6.17117229229011
39 1000 21.571047511795
40 0 2.01024285934446
40 1000 53.4537529579064
41 0 6.8665250101832
41 1000 36.0122264139061
42 0 2.48151545076639
42 1000 71.8959992707694
43 0 4.86617671622441
43 1000 20.3600016047095
44 0 3.88464691071129
44 1000 43.864056623502
45 0 5.84949328181196
45 1000 14.1181116940846
46 0 3.61955619491669
46 1000 25.4868988344949
47 0 3.67703044245931
47 1000 44.3751532725253
48 0 7.7490122056678
48 1000 19.4220147030672
49 0 3.62493421732122
49 1000 12.7279233107379
50 0 6.73529942124324
50 1000 18.0303408044028
51 100 9.60027681213595
51 1000 13.6574414541905
52 100 18.2921541023263
52 1000 44.9517642819518
53 100 8.2765873986686
53 1000 27.8027535257747
54 100 9.51374444403506
54 1000 29.6552455651667
55 100 11.3938534388754
55 1000 19.3084782741618
56 100 6.29852629374374
56 1000 13.1039920091654
57 100 9.44011197677462
57 1000 35.3810229215198
58 100 13.045253333657
58 1000 39.4640944211923
59 100 12.429092703732
59 1000 29.2053708405825
60 100 11.0931662851639
60 1000 21.0535388573865
61 100 8.69227703255503
61 1000 13.8667864164542
62 100 14.377489464692
62 1000 52.1421541572417
63 100 6.87951206557038
63 1000 22.3366827322547
64 100 9.94041799266577
64 1000 17.6904159124447
65 100 15.6383497721971
65 1000 81.7920371799017
66 100 14.8321089628006
66 1000 49.1397806582539
67 100 7.01413593367124
67 1000 30.4574772226644
68 100 13.6476399260606
68 1000 29.6590775984686
69 100 11.0649292400866
69 1000 26.3429682979816
70 100 6.26809320638688
70 1000 9.28266939896442
71 100 9.03291234054463
71 1000 16.2976846642823
72 100 9.82229013634499
72 1000 36.3853023929512
73 100 9.63300644743235
73 1000 22.2488371747576
74 100 6.70684443357036
74 1000 19.8464765877845
75 100 10.8568116749018
75 1000 14.69747238335
76 100 9.38550402561254
76 1000 26.03930446927
77 100 15.469483616706
77 1000 57.9693104456223
78 100 10.8475732964623
78 1000 24.0973356478682
79 100 7.38322137646255
79 1000 22.451740410822
80 100 9.02471621851245
80 1000 21.9267758576698
81 100 8.54092414922208
81 1000 10.7351737696684
82 100 11.5836393433525
82 1000 20.608250710183
83 100 12.8733934315352
83 1000 40.8383059882097
84 100 16.0855592209762
84 1000 90.9028309392274
85 100 18.4535604941585
85 1000 37.4741681545256
86 100 4.5725837633131
86 1000 14.0109495652867
87 100 14.0665717858983
87 1000 35.5534637157476
88 100 6.55563459947921
88 1000 8.69924492891085
89 100 8.40125879196418
89 1000 19.2747328904835
90 100 16.8990243257477
90 1000 27.3980869001585
91 100 13.3992959215549
91 1000 32.0838527202955
92 100 7.83900018533006
92 1000 17.4496557864841
93 100 9.23824599851091
93 1000 15.6888038079244
94 100 7.84233141340656
94 1000 20.915275502294
95 100 7.8736333719165
95 1000 17.8549788175495
96 100 15.0815822704385
96 1000 34.5276143285169
97 100 10.6515639241675
97 1000 39.349067653933
98 100 6.25455884896864
98 1000 14.5931095836986
99 100 7.92658731579154
99 1000 27.0418694984863
100 100 9.84931342492878
100 1000 21.9356688524933
101 0 5.10533722789162
101 300 13.4935619294722
102 0 4.43495812382717
102 300 25.3818108370186
103 0 7.27775101478188
103 300 38.3448103920259
104 0 10.6912639864241
104 300 14.8625097292101
105 0 7.58544193029831
105 300 42.7633540265451
106 0 4.8481236564776
106 300 20.2450645401506
107 0 7.92674056769933
107 300 13.9762115522853
108 0 4.54391756522155
108 300 9.41292986760349
109 0 4.92162873003738
109 300 16.1311731478893
110 0 3.98353680775511
110 300 15.3151750182256
111 0 3.8304015896363
111 300 12.5919993546067
112 0 5.31285631695377
112 300 51.4097749589634
113 0 3.91445734340509
113 300 14.6187015318502
114 0 9.6098254747684
114 300 18.9263428427255
115 0 6.98424188799499
115 300 23.4969322720978
116 0 7.1766218222766
116 300 20.0306742320491
117 0 7.17722912505526
117 300 11.0893439089762
118 0 4.00709730861997
118 300 14.3114165495759
119 0 8.39246885080534
119 300 24.149727464585
120 0 4.88580411685566
120 300 12.320230990139
121 0 4.95473270130845
121 300 16.3935169368949
122 0 7.70550768635889
122 300 14.2119426548201
123 0 9.21502198817742
123 300 31.7402361864697
124 0 4.7184560852599
124 300 21.5290513157518
125 0 3.66343046737731
125 300 18.6520731376589
126 0 3.39205554385663
126 300 24.6136778400061
127 0 6.10465149216137
127 300 12.8428605481475
128 0 4.48240743877746
128 300 13.3951678471793
129 0 4.87517392230991
129 300 18.1139273398845
130 0 5.0581690743164
130 300 10.3274021246447
131 0 6.62227289011472
131 300 11.8547233434789
132 0 4.92569350639767
132 300 30.4977427451788
133 0 6.18761199007897
133 300 26.6096448876898
134 0 6.92086507506306
134 300 13.0253488408694
135 0 4.30113484428212
135 300 8.80909050475772
136 0 4.53725114917275
136 300 12.3564765242213
137 0 7.12937672386942
137 300 22.1765413075923
138 0 3.66675859145493
138 300 24.261993651986
139 0 2.97398407954339
139 300 21.231074600944
140 0 6.35097349467425
140 300 62.3228711294016
141 0 7.15496679538129
141 300 32.5205230676144
142 0 3.93441888882091
142 300 12.6911834147773
143 0 2.12386176285256
143 300 11.3818056309327
144 0 5.08328632042314
144 300 13.5860017534656
145 0 9.54521895452973
145 300 18.0272390488664
146 0 3.79100409219398
146 300 9.27907139136438
147 0 5.94665566330322
147 300 12.1920951011945
148 0 4.08165633457126
148 300 15.3681863669527
149 0 5.41869952711515
149 300 13.7910482755598
150 0 3.52699395705971
150 300 16.4122687488011
151 100 8.07338304857094
151 300 10.9697313148141
152 100 17.4322585266878
152 300 27.0859753190416
153 100 11.2400487156551
153 300 19.2432681605672
154 100 5.95813416813488
154 300 6.41583807294881
155 100 11.0189161984512
155 300 23.1710722352718
156 100 6.87158763648124
156 300 10.7104353959846
157 100 17.3469717425591
157 300 41.4340621640664
158 100 7.4471850443795
158 300 11.8557573411708
159 100 7.18414229568547
159 300 11.2350718409191
160 100 11.551837408746
160 300 14.674530279217
161 100 9.2393244664589
161 300 11.3513601381326
162 100 14.5616683709594
162 300 27.5800733285344
163 100 12.9334719884911
163 300 25.223584885807
164 100 6.99041347734528
164 300 6.46147374086721
165 100 16.3919806385739
165 300 40.2782891494853
166 100 15.6268452324889
166 300 19.7513051440466
167 100 6.00357964795852
167 300 7.27315261795085
168 100 7.83231500919294
168 300 14.6195457482669
169 100 9.41760815882777
169 300 17.6653696209885
170 100 6.97071572102783
170 300 9.09598019090534
171 100 10.1784184578306
171 300 14.1540908350174
172 100 7.67946790896335
172 300 15.0004557386725
173 100 7.41217353333013
173 300 11.5059980170573
174 100 7.49766018635761
174 300 11.1480298421002
175 100 12.178920249834
175 300 20.7050849985577
176 100 15.0012719857999
176 300 22.1710779007114
177 100 26.7485513700139
177 300 41.5557924470932
178 100 12.3491276769771
178 300 20.8073725738303
179 100 7.28274090394718
179 300 13.9027917648592
180 100 11.3693622178681
180 300 23.4935778990464
181 100 22.1877939584945
181 300 39.4952640191246
182 100 7.06051010352096
182 300 17.8889560565364
183 100 9.71108069314595
183 300 12.0429467219532
184 100 13.2338428075119
184 300 28.0351369035948
185 100 8.17052070558705
185 300 16.3972811916931
186 100 25.2354962215407
186 300 35.1875382282322
187 100 24.8649042344837
187 300 61.1370547895224
188 100 8.31888800858554
188 300 14.4362265888274
189 100 7.97206109723054
189 300 12.7759609512047
190 100 11.3779089550538
190 300 18.3671332037073
191 100 18.4454825302023
191 300 30.4833557892033
192 100 8.4148283822683
192 300 14.0160975956107
193 100 8.01323070016941
193 300 13.1839910251444
194 100 7.38079303931571
194 300 15.578881687264
195 100 8.21447100504592
195 300 14.3005026987207
196 100 8.35269013514061
196 300 15.9165008298038
197 100 7.68671529185081
197 300 11.4439759303297
198 100 7.45165975474901
198 300 10.646543655872
199 100 7.1461800544532
199 300 11.6786781334197
200 100 8.9958421773646
200 300 11.0179746009385
