id dose y
1 0 3.2775272710689
1 1000 68.075004120798
2 0 7.8145902379276
2 1000 34.1651302246447
3 0 7.17580907433651
3 1000 40.919852971203
4 0 3.16708383362885
4 1000 20.4096757625603
5 0 5.17263260366944
5 1000 18.6286306978282
6 0 3.86331643892666
6 1000 9.4887869926167
7 0 2.52265741573046
7 1000 17.5721239970474
8 0 7.80592490669723
8 1000 90.8703761123378
9 0 4.31264712355458
9 1000 25.4490919354151
10 0 4.23289420772682
10 1000 13.6421526307998
11 0 4.32166782364619
11 1000 19.7303857762844
12 0 5.8015534237448
12 1000 35.3105395805424
13 0 5.7951105252379
13 1000 16.1226412197175
14 0 5.75184681223428
14 1000 19.6201919424325
15 0 5.63538873002884
15 1000 33.5579170266152
16 0 6.69441713491293
16 1000 14.3943301812142
17 0 5.0059076025955
17 1000 27.678199838616
18 0 4.65166247787129
18 1000 47.0445135174181
19 0 4.75250831182223
19 1000 11.3412122328532
20 0 4.14976276257264
20 1000 28.223840807761
21 0 4.68616750115762
21 1000 29.2624610497446
22 0 3.10269877983634
22 1000 33.09507313868
23 0 5.44988060914495
23 1000 27.2479069968517
24 0 3.56020744368499
24 1000 24.750647658254
25 0 5.31386959524265
25 1000 16.0486029356052
26 0 3.26600962990186
26 1000 33.4978626398311
27 0 6.43383388729329
27 1000 30.9428261561772
28 0 3.84479857607929
28 1000 38.5300565429804
29 0 5.14003813395658
29 1000 14.113025104172
30 0 4.24504430174928
30 1000 12.67842471537
31 0 5.5010069093697
31 1000 26.7855236331704
32 0 6.05723031064337
32 1000 38.7797145569903
33 0 4.51556152537076
33 1000 15.6745131186879
34 0 3.63722192188917
34 1000 20.2359502312999
35 0 4.04909973913082
35 1000 24.0702569312941
36 0 3.91347910477871
36 1000 43.5222865983072
37 0 4.72959885608471
37 1000 8.00994403390185
38 0 5.12129405849319
38 1000 22.501731413172
39 0 6.16439136225073
39 1000 35.7211407399878
40 0 6.24902343604853
40 1000 47.3928764628908
41 0 4.90106119318015
41 1000 73.0518116167667
42 0 2.62166027388318
42 1000 31.8412276697063
43 0 8.04714088320761
43 1000 37.419998960777
44 0 5.42688241578939
44 1000 46.4049183835057
45 0 7.2006698340631
45 1000 20.8238485266067
46 0 6.34342542761333
46 1000 19.8615923107236
47 0 3.66235446793517
47 1000 17.1340152520017
48 0 18.4138148874479
48 1000 47.0555359231287
49 0 2.8058770336823
49 1000 11.3216968942874
50 0 6.2064435052857
50 1000 21.3315500101403
51 100 10.0800945821784
51 1000 31.462105922749
52 100 8.52287599823006
52 1000 27.9951501494434
53 100 8.38370246556258
53 1000 27.8935832218985
54 100 5.14709537959282
54 1000 9.1777315851367
55 100 13.3088075193715
55 1000 35.1730404695033
56 100 11.4225932236883
56 1000 17.7969895912456
57 100 7.99753862227458
57 1000 18.1876465992759
58 100 7.84428636441981
58 1000 16.731123801451
59 100 10.8087591656879
59 1000 15.7737115026537
60 100 9.05860663948185
60 1000 18.2547368581793
61 100 6.89825317453676
61 1000 24.8542893946072
62 100 16.0914640442076
62 1000 37.6162520520831
63 100 8.92058542265315
63 1000 27.2812610223651
64 100 7.34602238865675
64 1000 20.2907556119517
65 100 6.27160300273895
65 1000 14.1915246890428
66 100 10.1604292350831
66 1000 22.1088658761379
67 100 15.3451030973643
67 1000 33.3347796119163
68 100 8.19875533979234
68 1000 14.5314817791135
69 100 14.4769590573889
69 1000 19.0833767816065
70 100 13.7798334857137
70 1000 41.8717675577467
71 100 8.54982374062721
71 1000 18.4996337940802
72 100 10.0779182953062
72 1000 15.7221209428713
73 100 7.82159622354658
73 1000 31.054605437454
74 100 8.19301859869332
74 1000 24.9680611882013
75 100 6.87247051867551
75 1000 14.4667876093474
76 100 14.3850958000253
76 1000 27.2436900448015
77 100 16.5700833589579
77 1000 38.4273566121087
78 100 12.478426092355
78 1000 41.2837839832199
79 100 7.29081338364566
79 1000 19.016868252733
80 100 9.035075667275
80 1000 25.7372375212164
81 100 9.07982688282758
81 1000 31.2826187031839
82 100 13.3423173345304
82 1000 27.0447369408771
83 100 11.1047300521538
83 1000 21.4253121023026
84 100 21.2336242467102
84 1000 65.3699319571937
85 100 12.9644551940727
85 1000 31.6532869671332
86 100 10.6547166754267
86 1000 17.9714292731999
87 100 8.53262106287837
87 1000 25.2299722366768
88 100 7.31700550915715
88 1000 12.2117657654201
89 100 17.5641856748331
89 1000 24.6378666069175
90 100 9.63385373246949
90 1000 14.6279780073928
91 100 11.6815798481574
91 1000 25.1685257280028
92 100 17.4617906071378
92 1000 41.4347160107597
93 100 16.5839873574301
93 1000 57.4949008506729
94 100 8.41533373497569
94 1000 15.6062979894578
95 100 18.0015712095064
95 1000 46.5760508832177
96 100 15.294551288973
96 1000 29.1349781370341
97 100 11.367148020715
97 1000 20.100596761399
98 100 14.8607075067571
98 1000 26.4911290053896
99 100 6.5255240363612
99 1000 12.7714738793087
100 100 9.17115571341876
100 1000 24.6509341834448
101 0 6.59638835433088
101 300 17.2751861439157
102 0 6.99577651547472
102 300 20.4879412147444
103 0 6.18189733554362
103 300 27.0240474593829
104 0 6.04488370659479
104 300 17.1657071557088
105 0 8.89367119815465
105 300 16.0712028852848
106 0 8.8800397219926
106 300 13.1432085855827
107 0 5.56113754530359
107 300 21.7386904984521
108 0 6.52006192907739
108 300 12.8766970128713
109 0 5.3988290194899
109 300 22.9452771569241
110 0 4.33670289013803
110 300 14.9574424015884
111 0 7.30203891107371
111 300 18.1484249115425
112 0 3.14222161443492
112 300 12.9307068854081
113 0 7.031037475999
113 300 16.2956993269847
114 0 3.44682970578317
114 300 13.2613421865606
115 0 3.97421355824782
115 300 19.5465835211774
116 0 8.48751602784367
116 300 14.5671169033263
117 0 5.55257436181614
117 300 8.37682856805741
118 0 6.06709591098145
118 300 14.0275653820956
119 0 4.0450742343066
119 300 10.4310015053155
120 0 5.30598482320035
120 300 16.2681615910414
121 0 3.24217044404158
121 300 22.9641173363073
122 0 3.0712132440633
122 300 8.63636037419502
123 0 3.01676106246195
123 300 19.3760449908303
124 0 2.34386461374288
124 300 22.1612042619064
125 0 8.29795198291259
125 300 14.928553763249
126 0 3.76465405175616
126 300 21.7482274473009
127 0 4.97593493604488
127 300 18.260405097575
128 0 4.06449776274591
128 300 8.64072472945641
129 0 6.31813679660829
129 300 8.65652136444746
130 0 4.34751572852421
130 300 11.472719615586
131 0 10.006935245896
131 300 23.2009130717862
132 0 7.1631969853388
132 300 12.0368685048387
133 0 3.83345948666153
133 300 23.5923774468441
134 0 2.55407055335753
134 300 11.6171298132936
135 0 7.57732336577559
135 300 16.3594265257053
136 0 4.99689963776183
136 300 12.9316575613574
137 0 7.6291767911887
137 300 13.5012674600839
138 0 6.93086349698583
138 300 12.9164657520657
139 0 5.74426191002495
139 300 24.9570304427916
140 0 4.07547128320045
140 300 18.7780902062554
141 0 9.062383778643
141 300 11.6755394839088
142 0 6.03712455950185
142 300 14.1799982639193
143 0 5.30746451424075
143 300 17.9601517820389
144 0 2.10166137346174
144 300 13.144702639392
145 0 6.51513473537749
145 300 9.07315984541488
146 0 5.90346832646421
146 300 16.5099354641325
147 0 5.35665562560915
147 300 11.8883730006227
148 0 3.80141851847122
148 300 19.9720047404567
149 0 3.01467127308802
149 300 50.5622534954419
150 0 5.83501160245279
150 300 10.5160441014471
151 100 26.6001017048122
151 300 55.794602160276
152 100 9.10465660789048
152 300 15.1067096615793
153 100 6.13701315549743
153 300 13.5579872262396
154 100 10.6975222413448
154 300 14.64528657535
155 100 12.5292496565615
155 300 23.3804301380844
156 100 11.1957018788076
156 300 17.4940163247096
157 100 17.48119361982
157 300 25.5303413028313
158 100 8.91518202067071
158 300 13.0880014499122
159 100 12.0344300350275
159 300 16.0201288004214
160 100 10.7008664847905
160 300 17.7005344944695
161 100 6.9322639855687
161 300 13.1493064425896
162 100 10.7592008097618
162 300 26.6222618454416
163 100 9.44818676246555
163 300 16.9871576036855
164 100 8.94114499683702
164 300 15.1958030083017
165 100 10.5661934157518
165 300 15.9046010260279
166 100 11.1177784532137
166 300 22.8786051120438
167 100 7.36607115769545
167 300 10.9198678106211
168 100 20.4845166487349
168 300 32.4199197944424
169 100 9.19481437608555
169 300 14.1808886338016
170 100 18.7407081310148
170 300 24.175781991998
171 100 12.9764091814601
171 300 16.228539677438
172 100 8.68742057672271
172 300 12.1628892056107
173 100 8.46016541422311
173 300 16.7985601138743
174 100 11.565768674667
174 300 14.2142369323504
175 100 12.2987471454543
175 300 21.5111231545816
176 100 8.73305255476012
176 300 17.6607196283099
177 100 9.03108175342257
177 300 11.104718874614
178 100 5.18173972131557
178 300 10.3215424565848
179 100 7.7895400575064
179 300 10.7993533085743
180 100 10.9086617517895
180 300 19.57996407534
181 100 20.2672529530605
181 300 30.3550408085102
182 100 7.10078060680002
182 300 12.6410515216325
183 100 6.4360826441806
183 300 7.19673985281668
184 100 15.9667866339461
184 300 29.9932629658445
185 100 12.7593042775899
185 300 18.714889078047
186 100 10.106227245672
186 300 11.538004912193
187 100 8.79285413515135
187 300 18.7923179096206
188 100 9.32538038028765
188 300 14.3990835298799
189 100 10.2909348190483
189 300 15.3099731661637
190 100 7.26532867009314
190 300 8.38258533695353
191 100 6.41597650394763
191 300 7.53058154139633
192 100 7.76997388554579
192 300 12.972720689929
193 100 6.64034765772233
193 300 16.1492991489
194 100 11.0957083984602
194 300 24.4642996627223
195 100 9.5299615798437
195 300 13.5653134273322
196 100 11.9444546229004
196 300 22.7247427892445
197 100 17.7625334803484
197 300 28.5945040558652
198 100 17.7557654624763
198 300 23.0211554435738
199 100 10.6908306365796
199 300 14.6849895435542
200 100 6.12316684091716
200 300 8.49139857890371
