id dose y
1 0 5.81696140303963
1 1000 46.6655042423897
2 0 6.9281738027664
2 1000 22.0263262893004
3 0 5.7805255049803
3 1000 19.7911907868437
4 0 6.91000539843048
4 1000 25.1376779019766
5 0 4.02951683399084
5 1000 31.3605130923292
6 0 6.08941205737526
6 1000 23.8403288157202
7 0 4.24027525439051
7 1000 29.1672953355986
8 0 5.36684808185236
8 1000 28.870286832696
9 0 6.2227291271993
9 1000 31.5895415426437
10 0 7.54654438147009
10 1000 47.2336225351447
11 0 2.42887816731723
11 1000 29.649633044138
12 0 3.84036007594975
12 1000 30.243343863245
13 0 6.24429938898605
13 1000 20.4788353936763
14 0 3.96496290794682
14 1000 22.5123111052833
15 0 7.00544410751836
15 1000 31.0392714955603
16 0 5.82707550453779
16 1000 26.3280840560883
17 0 3.09299505011151
17 1000 15.5287342891938
18 0 3.34710710892557
18 1000 30.7046183315088
19 0 6.99861777503834
19 1000 13.4897753825571
20 0 2.70657552897405
20 1000 23.9018429859002
21 0 4.14530626355485
21 1000 32.6908122849816
22 0 5.83653185614562
22 1000 31.9565053487418
23 0 6.03240703669078
23 1000 13.5326747528312
24 0 4.27863839210552
24 1000 14.822535742016
25 0 2.8568180276095
25 1000 15.0149322792743
26 0 3.1852605757538
26 1000 30.924213935123
27 0 4.74405155100635
27 1000 37.1742231261314
28 0 4.23683134910971
28 1000 35.7705853780234
29 0 4.3997926865428
29 1000 26.1286790804188
30 0 4.9928607656551
30 1000 10.0826820385874
31 0 3.37154578305192
31 1000 10.5469422491641
32 0 5.25795072911928
32 1000 29.4932262122184
33 0 6.50055285215505
33 1000 28.5680587935138
34 0 5.97951629793745
34 1000 52.3430783464121
35 0 3.25420350279484
35 1000 68.2362431327328
36 0 3.97586517132111
36 1000 36.04159709711
37 0 4.52868131614205
37 1000 51.3890976031455
38 0 4.1063982442529
38 1000 17.930663990301
39 0 6.58627622123335
39 1000 49.0845195475539
40 0 3.81457443823121
40 1000 16.0140480545665
41 0 5.09686241265908
41 1000 15.7908460524762
42 0 5.73743577092183
42 1000 27.2243196437428
43 0 3.15491035350447
43 1000 23.1642713784916
44 0 7.45142283036865
44 1000 27.7584027609777
45 0 4.26231470639604
45 1000 18.1333625587314
46 0 3.16054960198019
46 1000 11.8942539037165
47 0 4.18900060336519
47 1000 32.9615354677507
48 0 3.17162568272321
48 1000 17.1111392068197
49 0 3.36628853502628
49 1000 45.2885059340905
50 0 7.18984354715782
50 1000 21.6194309278478
51 100 10.6477458893859
51 1000 28.0957003255559
52 100 6.15136132787487
52 1000 18.645868667227
53 100 21.4295133441359
53 1000 36.906347617251
54 100 5.66128086734752
54 1000 13.5430508350731
55 100 11.8514057807132
55 1000 32.0379968422351
56 100 9.92887753443243
56 1000 28.5344779648303
57 100 8.14748977415307
57 1000 13.7334396371266
58 100 7.43182411499405
58 1000 22.9788992993755
59 100 10.8671500954011
59 1000 20.6861186913767
60 100 10.8466119907231
60 1000 30.402673083944
61 100 11.7676007455243
61 1000 22.0644336303249
62 100 16.0655876789742
62 1000 37.5253053263978
63 100 11.8615218549069
63 1000 23.5220778699439
64 100 11.373289229114
64 1000 34.7235181382873
65 100 10.845697761293
65 1000 29.4404415941281
66 100 24.4425252354765
66 1000 56.7491849483738
67 100 8.81612044289194
67 1000 24.4312764383315
68 100 10.4654237762036
68 1000 13.8263604650284
69 100 10.0515449941347
69 1000 36.912133826133
70 100 9.86790694485614
70 1000 24.0485757988438
71 100 8.92631337331589
71 1000 24.7651984119038
72 100 6.38837515649598
72 1000 21.722167259438
73 100 12.0665329530183
73 1000 17.7529543548744
74 100 14.83604817685
74 1000 21.7415851679304
75 100 9.32744124951726
75 1000 18.9545023260197
76 100 11.7692814293805
76 1000 31.8165288251277
77 100 8.66831729907297
77 1000 25.2817579256656
78 100 3.79719228496696
78 1000 8.80492640428006
79 100 9.94946861125447
79 1000 22.1776868021164
80 100 8.6269886445817
80 1000 24.8637553951465
81 100 20.4084554845857
81 1000 79.540134716984
82 100 12.5405118071003
82 1000 20.5607758905934
83 100 13.0693172694425
83 1000 25.7301502271375
84 100 14.4750244409906
84 1000 28.8264831747428
85 100 9.61392424181065
85 1000 20.5891024834915
86 100 19.8139211452475
86 1000 55.9893646275318
87 100 18.9869143306662
87 1000 49.2777059055671
88 100 6.07488005924047
88 1000 13.3844426947177
89 100 18.4141326791842
89 1000 60.5914069298078
90 100 19.8604168226384
90 1000 27.2108029969123
91 100 7.9222086636705
91 1000 18.2581170415075
92 100 27.8861736232167
92 1000 47.6460074656542
93 100 8.2328765352468
93 1000 14.0273859788484
94 100 5.2406665712885
94 1000 14.347837441749
95 100 13.6739849443783
95 1000 50.2643995769211
96 100 10.6225059736577
96 1000 21.2134191568502
97 100 10.1984117811909
97 1000 28.3961048574618
98 100 7.75394115571508
98 1000 20.4060176229545
99 100 9.1266577506298
99 1000 31.206425310216
100 100 27.0573219625494
100 1000 49.7115140907066
101 0 8.55327095804895
101 300 25.0980621616197
102 0 4.71531306437306
102 300 28.5874009261394
103 0 7.18332405452248
103 300 8.57393948549328
104 0 4.66377268225706
104 300 25.720571131556
105 0 4.6227022548414
105 300 13.8520557165427
106 0 5.23334305611742
106 300 15.5133264373783
107 0 6.21195413381524
107 300 7.26634335847884
108 0 7.53857629330127
108 300 18.1975257252259
109 0 4.21471886614766
109 300 28.0768357400383
110 0 8.57620453496281
110 300 15.2299452559722
111 0 6.47217427025668
111 300 21.4608574437839
112 0 5.90242623914594
112 300 14.0348619423103
113 0 4.69878732765532
113 300 12.373238175153
114 0 3.23595718695387
114 300 4.57654277990643
115 0 3.25519451671036
115 300 17.6687020658813
116 0 6.12961026463809
116 300 16.3795271252457
117 0 7.40141809208389
117 300 30.5893867399865
118 0 6.10145083744296
118 300 44.3532666516002
119 0 4.70084918172366
119 300 30.9807564400517
120 0 4.12367090566035
120 300 17.7295995905245
121 0 5.60923925526614
121 300 22.194235853342
122 0 5.43673732048895
122 300 13.0333605665116
123 0 5.56786609510376
123 300 9.4132988935242
124 0 5.95735887983108
124 300 22.0048774914339
125 0 6.67844449234727
125 300 43.2818829094803
126 0 3.69789084469193
126 300 13.5506350940874
127 0 4.57812294109234
127 300 15.6418165094103
128 0 3.85491633134667
128 300 13.8604348017152
129 0 7.60537156591948
129 300 24.4909618428946
130 0 8.30193633443145
130 300 21.1792757787684
131 0 5.55876868379735
131 300 21.6048035468785
132 0 3.8444684646026
132 300 9.7954820589535
133 0 7.23608831963845
133 300 14.2463225331576
134 0 3.63686430546215
134 300 11.0627870704964
135 0 6.77667590995282
135 300 23.266195809101
136 0 6.38380715036994
136 300 25.4883732888668
137 0 4.01737741830592
137 300 8.89497222559151
138 0 4.28304245732074
138 300 15.917281138502
139 0 3.53458455464794
139 300 11.4475947743695
140 0 7.10061268763314
140 300 20.1319396258178
141 0 4.20513966155726
141 300 19.8631209927983
142 0 5.34425702897136
142 300 20.3695720041954
143 0 6.12776469741344
143 300 14.4616127452107
144 0 3.90716539042934
144 300 15.0068811710714
145 0 6.10766933587863
145 300 12.6965053766091
146 0 5.62451821731315
146 300 22.5642245651829
147 0 5.09025629976927
147 300 21.8518164444134
148 0 4.69829052849667
148 300 11.6425845816615
149 0 6.92622811899514
149 300 17.8861765041552
150 0 4.94993982977069
150 300 16.8519038208818
151 100 7.08078762041569
151 300 15.2254267588978
152 100 9.90258935236452
152 300 14.327944499507
153 100 8.13604749086916
153 300 11.1313112190368
154 100 10.631441345631
154 300 23.2787811490162
155 100 16.9905706245541
155 300 26.5330116711956
156 100 6.86402260162428
156 300 9.57154291417019
157 100 4.34887285265517
157 300 7.88795649329079
158 100 9.99569272481652
158 300 18.8593258709159
159 100 7.54036710162047
159 300 9.89039610755019
160 100 15.2601197892759
160 300 31.756436900636
161 100 14.6861582268871
161 300 21.0349193225584
162 100 8.84767259038168
162 300 15.2817637152995
163 100 13.6800813234293
163 300 19.8608267748442
164 100 11.5272668506698
164 300 17.0980441823447
165 100 22.9931511179064
165 300 24.9373172383295
166 100 14.6363032645659
166 300 35.3197107734288
167 100 9.59125691782119
167 300 12.3697339506333
168 100 12.2253799365837
168 300 12.3645789562014
169 100 13.2306733556292
169 300 22.017345946693
170 100 11.3694257816698
170 300 15.3231411778048
171 100 7.55740115141196
171 300 11.6583013215665
172 100 9.77816460475551
172 300 20.7354179531762
173 100 8.4171148844925
173 300 13.591662435653
174 100 11.6585039941482
174 300 18.2483239067321
175 100 7.27561265353202
175 300 13.2223780351268
176 100 11.3034546825759
176 300 17.1905606230657
177 100 10.7242334067288
177 300 11.313304532672
178 100 9.97653670825091
178 300 18.5322289288487
179 100 7.99414808238216
179 300 11.2848863486944
180 100 24.0566649605308
180 300 51.1428317449805
181 100 6.73770230883255
181 300 9.56189210723013
182 100 15.2157757643442
182 300 31.0390061389256
183 100 6.94131333131131
183 300 11.4536883142144
184 100 12.0563182191063
184 300 22.3253250038608
185 100 28.4570965617223
185 300 53.8012631639187
186 100 9.35540062124192
186 300 18.9396239027727
187 100 15.7699437541478
187 300 18.8103086334447
188 100 11.2350618374319
188 300 14.9991864784333
189 100 11.0605292863494
189 300 23.3610968264784
190 100 13.0492380948699
190 300 15.4413915508762
191 100 6.57388806873549
191 300 10.2531164504118
192 100 8.3294179324371
192 300 12.4563758561337
193 100 9.74010090057551
193 300 32.2221737552415
194 100 10.4649445969544
194 300 18.3009714354621
195 100 16.9797889481889
195 300 27.8352186939447
196 100 16.5516456184364
196 300 27.1896538940386
197 100 9.02264023297469
197 300 16.843856975145
198 100 8.30371130551579
198 300 9.89305505116114
199 100 8.94856711254431
199 300 15.0672409654978
200 100 17.4965123952852
200 300 29.7441391996406
