id dose y
1 0 3.69478331782343
1 1000 67.8390459592335
2 0 3.89833996184909
2 1000 20.7702685206047
3 0 8.00878566928128
3 1000 42.1175108702768
4 0 5.44022794864922
4 1000 14.6463459525323
5 0 4.56734737122346
5 1000 27.5459057102937
6 0 6.29930779448314
6 1000 21.5755293240598
7 0 4.73260310948912
7 1000 25.9285027331176
8 0 4.6965775460899
8 1000 15.2594036310328
9 0 3.02506533378176
9 1000 12.3740642994711
10 0 4.81467252265442
10 1000 30.1192069542268
11 0 3.90320354346074
11 1000 19.5383767405305
12 0 4.76566448546008
12 1000 59.4502814161682
13 0 7.90729527663476
13 1000 37.2924817973433
14 0 5.82957833592905
14 1000 32.5582015934774
15 0 3.43918930720056
15 1000 17.1462953786106
16 0 5.15251662048982
16 1000 16.2651464510147
17 0 6.24267609763061
17 1000 11.6288258697834
18 0 4.15909397830019
18 1000 36.0757717213431
19 0 6.03838661349846
19 1000 22.6866415379374
20 0 4.61958122402578
20 1000 27.1856196932343
21 0 3.41966838437771
21 1000 8.48606548706948
22 0 6.76047516849456
22 1000 27.6310295607638
23 0 6.6935125258759
23 1000 29.6621764076101
24 0 6.87807365128633
24 1000 37.92499640675
25 0 5.21283883096132
25 1000 23.1646423601728
26 0 6.26732962694251
26 1000 38.9420199373948
27 0 7.37717396558728
27 1000 14.7796328332103
28 0 5.53107327920263
28 1000 26.747554353988
29 0 6.07566698725413
29 1000 17.3949218371259
30 0 3.30631880507012
30 1000 25.359809313515
31 0 3.64934779267851
31 1000 45.184536808191
32 0 4.67980332225954
32 1000 30.3300229397704
33 0 4.35135516183465
33 1000 14.7257034929974
34 0 3.87737673258322
34 1000 23.3435860723998
35 0 6.1062829831348
35 1000 27.7332818958359
36 0 3.05314069664289
36 1000 38.5365283431716
37 0 3.04789110352592
37 1000 18.3775841773077
38 0 3.54927069288328
38 1000 36.4874881023403
39 0 6.45975189397235
39 1000 21.8109152178262
40 0 3.14421848992606
40 1000 8.16431311936032
41 0 3.92531439867025
41 1000 19.7706828190252
42 0 4.35500690848207
42 1000 34.6013380826038
43 0 5.42419899290905
43 1000 32.0515713245451
44 0 4.77013683297025
44 1000 36.3929542307453
45 0 5.39378099144143
45 1000 48.4326669158371
46 0 2.35334844356501
46 1000 26.0705893001345
47 0 4.39631675724073
47 1000 13.9556053115566
48 0 5.596577596721
48 1000 19.4835815496158
49 0 4.42778320106019
49 1000 44.678959446462
50 0 4.48291133514111
50 1000 45.3828148570478
51 100 8.38105733867153
51 1000 18.8786864970465
52 100 8.23729646081329
52 1000 18.3179405316552
53 100 14.2674108347076
53 1000 59.9999473952454
54 100 6.82280204306776
54 1000 22.5852539946171
55 100 6.58926525292181
55 1000 15.9900113423408
56 100 7.96540285348604
56 1000 18.778411875032
57 100 25.8881360676906
57 1000 119.634457964751
58 100 8.30916768044738
58 1000 33.6145182809259
59 100 11.3882277662559
59 1000 16.7552123427687
60 100 8.00938706121769
60 1000 11.8319939723124
61 100 6.81912276814377
61 1000 17.9294395502178
62 100 9.21643905705613
62 1000 34.447469725219
63 100 16.977133156658
63 1000 24.8550808093891
64 100 9.3483843546904
64 1000 44.3147593182078
65 100 13.273973058604
65 1000 33.0610637053406
66 100 24.4138178118439
66 1000 66.0140481058165
67 100 12.9323925393427
67 1000 35.6344416360951
68 100 14.2113684937769
68 1000 30.0533654281053
69 100 22.1172117393372
69 1000 43.1650342440558
70 100 8.5476690078528
70 1000 19.8026693478627
71 100 11.0808854777818
71 1000 36.0917338079871
72 100 12.5314161594736
72 1000 31.543111517628
73 100 10.4430721170437
73 1000 16.2835201680166
74 100 6.63145939730272
74 1000 34.8263034486113
75 100 22.5464652006003
75 1000 85.0605707919533
76 100 8.67785453520721
76 1000 21.9826680673552
77 100 13.4818583070283
77 1000 35.0358355956466
78 100 7.70125777311799
78 1000 30.6572946131094
79 100 15.8295643238871
79 1000 33.4901922357527
80 100 11.207545664748
80 1000 20.2041461173172
81 100 6.51950870590393
81 1000 33.7334755983348
82 100 12.1353228479976
82 1000 36.0256602833375
83 100 7.09740658819128
83 1000 14.8271954603523
84 100 13.6625431422773
84 1000 46.8424577737621
85 100 9.46143502798795
85 1000 22.642174106675
86 100 16.7198731166132
86 1000 54.4444284808836
87 100 20.8863928955336
87 1000 67.8123109946883
88 100 6.96871333870415
88 1000 15.4134876490317
89 100 15.8103279682851
89 1000 26.8020400794038
90 100 13.1498789916536
90 1000 27.4868969648568
91 100 7.43719208907329
91 1000 21.7381481230212
92 100 7.07486297183297
92 1000 13.5560776261857
93 100 9.33393323552219
93 1000 33.932492945855
94 100 8.53228210499748
94 1000 14.5532777391946
95 100 10.7583336831124
95 1000 32.2234454847491
96 100 11.0034814874617
96 1000 22.4893135489357
97 100 13.5314835406567
97 1000 36.7564739049109
98 100 10.89609217208
98 1000 31.9308179131801
99 100 6.39584760875095
99 1000 15.956498850228
100 100 6.13970631266183
100 1000 15.0270266035487
101 0 4.71224453475157
101 300 11.4071681558339
102 0 4.31826241098182
102 300 19.4954623032849
103 0 4.77861264093233
103 300 15.0357438607314
104 0 6.07186800022019
104 300 13.9194223098489
105 0 5.52264559548767
105 300 8.58879896260081
106 0 6.72495473890558
106 300 19.3981019353349
107 0 7.08057079494959
107 300 25.7945083676065
108 0 4.4593988486668
108 300 21.2513356449743
109 0 5.88965923051178
109 300 27.0080385560824
110 0 4.20739290405888
110 300 14.8787625898064
111 0 3.459523406084
111 300 12.3700675841118
112 0 6.06109045893793
112 300 28.9085893384987
113 0 6.49672932340066
113 300 14.0098300499089
114 0 7.04158574520923
114 300 12.6361625664366
115 0 4.66658294075742
115 300 16.8733395243302
116 0 4.22073119048701
116 300 13.5073084552197
117 0 5.52687901752916
117 300 20.6880650806097
118 0 3.39188135121723
118 300 9.40789657329914
119 0 5.15129315051237
119 300 8.3678018297955
120 0 4.40838671337937
120 300 19.2504434473437
121 0 5.84254664990474
121 300 16.3387935820222
122 0 6.94210620012634
122 300 38.1165174863171
123 0 2.7214675024372
123 300 8.39748250077602
124 0 5.46966803617008
124 300 19.9815001295022
125 0 4.36362821685406
125 300 17.5348009191165
126 0 4.7693343291137
126 300 70.3290935978616
127 0 6.44900400450819
127 300 10.6744175799845
128 0 4.45661168729288
128 300 10.1884151853235
129 0 3.62926275976205
129 300 26.279312235264
130 0 3.90204460139159
130 300 14.9560420204215
131 0 6.21132837539009
131 300 24.0391869056567
132 0 4.47949350241968
132 300 6.67747761441409
133 0 9.65658951402933
133 300 19.1329234773655
134 0 3.24366694376093
134 300 17.4120163871561
135 0 4.5068408938811
135 300 18.5507480742033
136 0 7.03989402798699
136 300 12.575520621023
137 0 5.44684227587955
137 300 11.6119972980813
138 0 2.83440664102497
138 300 16.8025071530723
139 0 4.1748266555591
139 300 7.26587356236887
140 0 6.97581327978475
140 300 26.5150884966087
141 0 3.96004783689423
141 300 33.9127149859335
142 0 4.95853028658228
142 300 33.5720087254321
143 0 5.1361636950629
143 300 18.8156828052857
144 0 5.05427974195117
144 300 15.7631469273812
145 0 7.38560372564708
145 300 16.6471399344809
146 0 5.98219532417206
146 300 18.2875291858036
147 0 5.06965449261832
147 300 30.6218271116116
148 0 5.09222145935869
148 300 14.0509737425038
149 0 8.3650793942042
149 300 17.9325452434873
150 0 6.04652050522884
150 300 15.5660394063994
151 100 9.65337744809599
151 300 14.646571045806
152 100 10.0027507434251
152 300 15.3710924693047
153 100 9.98133154435167
153 300 15.1696185881711
154 100 8.51949354458343
154 300 12.8176159278683
155 100 6.629847835305
155 300 9.34324673069194
156 100 8.36863444852992
156 300 12.2112808495172
157 100 10.9938450170211
157 300 14.7212005692355
158 100 7.72444630140453
158 300 10.9098906502299
159 100 11.8626192781401
159 300 20.6503250040236
160 100 10.0066276157497
160 300 13.1221992544328
161 100 9.89111290309033
161 300 14.3148891402105
162 100 12.0569878887685
162 300 23.3655575287922
163 100 7.97383064848704
163 300 13.3889159032735
164 100 14.7538737346132
164 300 23.1978440304158
165 100 11.0464899440071
165 300 22.898983533359
166 100 11.3018562712435
166 300 18.1186153180826
167 100 7.16284659174442
167 300 10.3553224371802
168 100 4.9482460722055
168 300 6.5394619233768
169 100 13.9223545044135
169 300 19.4205479946406
170 100 6.33949444205813
170 300 10.5237808140677
171 100 7.27970379329243
171 300 13.3697079665738
172 100 11.3474875196931
172 300 14.5361661158745
173 100 12.9900459624763
173 300 25.0572780774239
174 100 8.29182482276005
174 300 13.8458447074671
175 100 12.3188648569454
175 300 25.2112678285024
176 100 11.4209719192419
176 300 24.1610309994603
177 100 14.6350728924528
177 300 36.1933141577023
178 100 18.9714805573582
178 300 31.9133551761959
179 100 19.2659756452041
179 300 27.9224587148962
180 100 13.0720516537425
180 300 19.845058936202
181 100 12.429577737725
181 300 20.1994490940599
182 100 9.16365832541896
182 300 11.8162627937457
183 100 15.2227227250745
183 300 15.5361747319718
184 100 16.3200243147543
184 300 26.0347667058113
185 100 10.9327665063195
185 300 19.216234925997
186 100 10.1233440072013
186 300 19.2902732078089
187 100 18.4684469808779
187 300 24.8978662921834
188 100 9.04463751224235
188 300 19.0403844952162
189 100 4.58174105841742
189 300 8.87399627220377
190 100 6.93470895939213
190 300 10.152937491129
191 100 9.85574372553706
191 300 17.7690752834813
192 100 9.44003290417477
192 300 16.5399553460794
193 100 10.8277663417248
193 300 17.2974597277299
194 100 20.7977226993361
194 300 37.2677544753278
195 100 10.1351908303267
195 300 16.3719011644609
196 100 12.2472601833071
196 300 16.3891184976606
197 100 8.43993242969169
197 300 10.1883045045442
198 100 9.41958571524522
198 300 23.9162413983846
199 100 8.89132458463298
199 300 11.2634433612085
200 100 13.8320302314442
200 300 17.5130462064629
