id dose y
1 0 5.16067700850285
1 1000 12.6963200406953
2 0 5.80593367175583
2 1000 18.6111974371513
3 0 8.19056126823983
3 1000 22.5318998985282
4 0 5.78658318115922
4 1000 13.2144503289839
5 0 6.73098119132666
5 1000 24.4899411311264
6 0 3.87017359930455
6 1000 60.8196593438996
7 0 3.69092977364237
7 1000 52.5861236542551
8 0 5.33162681713197
8 1000 31.4467944013592
9 0 2.50955356358827
9 1000 59.3819236409366
10 0 6.70376744144008
10 1000 21.1324503082786
11 0 2.77493289890249
11 1000 44.8648940730736
12 0 8.57470696924656
12 1000 42.6786687294863
13 0 3.78385552154666
13 1000 73.3972519702185
14 0 2.84792035333453
14 1000 52.0567365808954
15 0 6.71721884934313
15 1000 26.9287071287529
16 0 5.41301904138338
16 1000 25.028303388055
17 0 4.15980906496534
17 1000 22.2314627896841
18 0 4.11872157775172
18 1000 24.2653759353156
19 0 7.44235441000056
19 1000 44.0669591082306
20 0 4.56340141258168
20 1000 37.6385161781422
21 0 8.68769947341882
21 1000 17.8440045374452
22 0 6.77777706935453
22 1000 24.4813251549594
23 0 3.79066587903899
23 1000 30.513834604805
24 0 6.42801843056148
24 1000 27.9688803277882
25 0 6.76597934372802
25 1000 34.6170342953311
26 0 4.98706978352776
26 1000 21.8744087606819
27 0 5.08026402079386
27 1000 34.9416597571199
28 0 4.26900137548136
28 1000 12.926344901247
29 0 5.31321277147877
29 1000 40.4235745906654
30 0 4.63725014368706
30 1000 40.4194516752443
31 0 5.32850976227471
31 1000 21.6602705406515
32 0 5.14170702585758
32 1000 16.6832430292853
33 0 3.34658694253699
33 1000 19.1913216511073
34 0 7.01356111694388
34 1000 21.1557483033409
35 0 4.25766001234954
35 1000 16.6252956665591
36 0 6.74230020657046
36 1000 18.4195274409771
37 0 6.31026078150246
37 1000 27.1222500497269
38 0 2.72754835743762
38 1000 35.088383777315
39 0 5.88337941534854
39 1000 17.2818544989622
40 0 3.22672749178916
40 1000 16.7891851348947
41 0 6.37379405915436
41 1000 62.7163061753442
42 0 4.97428432930663
42 1000 41.1468219745869
43 0 7.30372966380105
43 1000 16.5991111979322
44 0 4.34792039191407
44 1000 30.2341337871714
45 0 2.62380256021425
45 1000 17.5582376929832
46 0 3.46077835484079
46 1000 11.9497979913205
47 0 3.69914574304471
47 1000 32.7676675539792
48 0 4.4981418199636
48 1000 51.1131551161725
49 0 3.78279223510475
49 1000 18.5716908179405
50 0 4.6698316768892
50 1000 22.286208148632
51 100 16.1676624477775
51 1000 31.3599154664971
52 100 7.8637825184797
52 1000 38.8639395709453
53 100 11.7736215393194
53 1000 20.0062137034626
54 100 10.632424133245
54 1000 22.8127514032083
55 100 8.99834929362332
55 1000 34.5254138770725
56 100 12.0519494683645
56 1000 24.6102797313995
57 100 6.70591894824741
57 1000 24.1183149652152
58 100 7.91451445840307
58 1000 19.1069607297699
59 100 9.45664961027615
59 1000 29.9501260274552
60 100 8.2542390927928
60 1000 26.59563690505
61 100 7.72398598306248
61 1000 18.8709126369759
62 100 8.69141073903999
62 1000 18.4155311377969
63 100 9.82489833600705
63 1000 18.8871645229001
64 100 23.6155682489269
64 1000 79.4148503434194
65 100 16.1109988660628
65 1000 34.1027788166557
66 100 7.42356800724856
66 1000 13.7453382101646
67 100 9.69020204073832
67 1000 23.7223135502121
68 100 13.7718414221847
68 1000 30.7460055311101
69 100 19.3374562096195
69 1000 34.393605993435
70 100 8.49993189999766
70 1000 11.4495668088597
71 100 6.77727340567747
71 1000 15.3339156518851
72 100 8.34560131906325
72 1000 20.2397380991552
73 100 7.64658788071612
73 1000 8.25275377465197
74 100 15.5079395812921
74 1000 51.0846102992677
75 100 8.07894990056067
75 1000 15.8091927100712
76 100 6.9067856531946
76 1000 38.2302040305379
77 100 12.7774066903954
77 1000 23.2456976496999
78 100 15.9384920010753
78 1000 36.2597470949141
79 100 19.3604719503124
79 1000 62.0848088901259
80 100 12.4230652567091
80 1000 45.8483759785637
81 100 10.5410591972175
81 1000 32.6721045103303
82 100 12.3464941065699
82 1000 36.742211181529
83 100 5.41500220361609
83 1000 26.3491006557817
84 100 11.0149429124299
84 1000 34.2108674752808
85 100 11.2422170290499
85 1000 34.4484175209638
86 100 6.9151490619042
86 1000 15.418513002649
87 100 9.2890661106117
87 1000 17.7010676385448
88 100 9.09897066287861
88 1000 28.427894856742
89 100 8.41777073810764
89 1000 25.916481329515
90 100 16.599619696397
90 1000 48.1150119999753
91 100 15.2455749694885
91 1000 32.5936613792989
92 100 9.28797522116511
92 1000 21.6502508957465
93 100 11.3279854004446
93 1000 24.1995306887894
94 100 17.6898414721812
94 1000 42.4606523126174
95 100 6.04616065859556
95 1000 14.4438714680498
96 100 17.876847110466
96 1000 31.2834717079913
97 100 8.75855028267225
97 1000 27.4526741545876
98 100 14.5721536137308
98 1000 44.0841422289952
99 100 10.0547033663003
99 1000 27.4300185348975
100 100 11.6166147654334
100 1000 28.3834914154298
101 0 4.07180151807129
101 300 16.6862487978743
102 0 5.49213575630095
102 300 9.44936038533867
103 0 3.94311499702486
103 300 12.0337861912398
104 0 4.50931453437391
104 300 40.1112180778563
105 0 6.51743745903684
105 300 16.7201901760986
106 0 6.06943390725332
106 300 19.5906240767776
107 0 5.46715452835732
107 300 17.5142412571376
108 0 7.28379946950342
108 300 15.1080956964566
109 0 4.62770428612432
109 300 18.9164141372685
110 0 6.54774181257438
110 300 16.3444504544936
111 0 6.03520111651196
111 300 14.3791910969982
112 0 7.77733274876722
112 300 15.363193904574
113 0 4.30709270411159
113 300 13.7905941821106
114 0 5.79553060173625
114 300 22.9455053661544
115 0 5.04936525308957
115 300 14.2995320778532
116 0 6.21802000611151
116 300 30.0856866467966
117 0 4.73739662619004
117 300 20.327043816231
118 0 5.68455195510584
118 300 17.8944385856297
119 0 3.04769140664159
119 300 9.14894347289703
120 0 3.03812923211843
120 300 13.9853940594577
121 0 6.66038323262288
121 300 25.1105724344229
122 0 3.53906679756175
122 300 18.7593495889585
123 0 4.82810268962572
123 300 23.4761927503253
124 0 11.42761936952
124 300 18.9365646882043
125 0 5.24475310750573
125 300 16.553727562198
126 0 3.84612051331556
126 300 15.9304545795417
127 0 4.78959059747614
127 300 13.7425197008312
128 0 3.35783078265686
128 300 23.8308245327461
129 0 4.74868192811069
129 300 7.3799799283383
130 0 6.15916601777864
130 300 24.2433118041539
131 0 4.83937419119665
131 300 19.7109938715141
132 0 5.39926870720419
132 300 15.6939169935395
133 0 5.67322579789253
133 300 15.3813579297722
134 0 3.02056473849333
134 300 12.7310769357095
135 0 3.88295644051818
135 300 11.9520244956579
136 0 4.79943184488999
136 300 32.4353893235534
137 0 2.67869796853827
137 300 9.66388149310312
138 0 3.55901215566152
138 300 8.81461970593026
139 0 6.23530150044177
139 300 9.78990557307944
140 0 2.71143560589608
140 300 22.0843265435302
141 0 5.46559229474724
141 300 14.5021344805516
142 0 3.83528697754483
142 300 12.3839815551276
143 0 4.89739308934712
143 300 20.9675061307852
144 0 7.70975535325262
144 300 20.2863856837746
145 0 3.69042141290474
145 300 18.2185653263412
146 0 6.52805968999085
146 300 18.821115801737
147 0 4.31648895572779
147 300 24.6399520788651
148 0 7.62717708917403
148 300 14.2729746240839
149 0 4.14688247080095
149 300 13.1886491549083
150 0 3.657126563041
150 300 9.1834318611646
151 100 14.1425795594541
151 300 27.2782722744715
152 100 10.3214940579113
152 300 20.1461132711032
153 100 9.47716738874717
153 300 16.4135759257606
154 100 10.8817804243862
154 300 20.662519098141
155 100 7.53011483973374
155 300 9.16836169660144
156 100 14.0840421917643
156 300 30.2142220528305
157 100 11.4784997356903
157 300 20.0458646257775
158 100 14.6710895973348
158 300 23.815689130912
159 100 10.6752049000511
159 300 21.080575017582
160 100 11.1884265834339
160 300 18.4288773315754
161 100 9.95302264660913
161 300 11.0351287691263
162 100 32.4453696031968
162 300 73.407296571751
163 100 12.9930504045401
163 300 20.3738604322436
164 100 28.9414519277427
164 300 41.1742694542816
165 100 7.01371914360973
165 300 10.7911883652131
166 100 8.18752017992702
166 300 16.21775127575
167 100 6.34681872518902
167 300 8.79509713329582
168 100 8.17311279080568
168 300 12.6933447540129
169 100 14.1723464546696
169 300 29.1476132854806
170 100 9.34100895990889
170 300 14.0509247620898
171 100 9.80305746466344
171 300 21.8498616871438
172 100 5.00089452516062
172 300 8.49921137248933
173 100 14.2050885786694
173 300 22.0533798386759
174 100 5.57816586952742
174 300 11.3160858406099
175 100 15.2757420404452
175 300 26.14826763579
176 100 7.85872890421556
176 300 14.4664767723086
177 100 12.1796130709577
177 300 13.3531747325728
178 100 13.9185304686636
178 300 24.4638734953248
179 100 9.13095501504068
179 300 14.5618048674379
180 100 24.9361353719484
180 300 38.5309078166945
181 100 6.661636329174
181 300 11.2476999986467
182 100 8.4352072155013
182 300 12.176780345012
183 100 9.4357456237282
183 300 13.4892912598802
184 100 12.9092722300228
184 300 22.3132324054935
185 100 12.1740227483923
185 300 20.4145708129511
186 100 18.8841142367061
186 300 23.7249084094958
187 100 4.69997958821631
187 300 7.33814595652838
188 100 7.16530122311313
188 300 9.97991695386377
189 100 9.48305397548458
189 300 13.7116213404395
190 100 8.14178303610966
190 300 8.05036065783128
191 100 5.06764208436484
191 300 10.4356760288445
192 100 7.91247158106598
192 300 14.8323684844753
193 100 9.69830725340094
193 300 16.6749408002932
194 100 9.3462248222746
194 300 13.7612891934554
195 100 8.1968139230318
195 300 18.8009283910216
196 100 20.5392566829424
196 300 30.289298953311
197 100 10.3038737962667
197 300 16.5993309254838
198 100 14.1509625046865
198 300 24.1152849087055
199 100 5.71571746301444
199 300 8.18848306315837
200 100 11.7561779630123
200 300 19.7754914913428
