id dose y
1 0 5.73186408738622
1 1000 20.1521608812935
2 0 6.24131936607446
2 1000 13.3824054898287
3 0 4.39362944262751
3 1000 12.3336058663332
4 0 4.52320792735415
4 1000 32.7243005173657
5 0 4.74469122572499
5 1000 18.7051153576784
6 0 5.61548868632766
6 1000 22.5290367498874
7 0 3.95419261187071
7 1000 48.3858429616599
8 0 3.99430879743237
8 1000 36.3446914590464
9 0 4.49923386591356
9 1000 14.6809261829682
10 0 4.18961002010659
10 1000 52.3491087809231
11 0 4.80254960876231
11 1000 16.1339738087826
12 0 7.9407705627898
12 1000 24.905730362476
13 0 6.90776122745137
13 1000 52.7838664223893
14 0 6.28855553671217
14 1000 27.4595715862432
15 0 4.22156960561232
15 1000 16.6459954395561
16 0 5.26961477750384
16 1000 28.6570718509409
17 0 6.01280004026288
17 1000 25.1752709674223
18 0 2.27489711860393
18 1000 14.6214517283425
19 0 6.92275421057648
19 1000 73.4309125653324
20 0 11.4295060625837
20 1000 17.2879236746313
21 0 4.44003532662303
21 1000 26.7585229370491
22 0 9.15340244169611
22 1000 13.3696152895532
23 0 4.99514513160194
23 1000 57.6357212438018
24 0 7.05837889155834
24 1000 40.5810777999437
25 0 5.38710185510798
25 1000 22.1216583922373
26 0 3.35693725830255
26 1000 38.0127137085216
27 0 5.89853729402681
27 1000 22.0043955935371
28 0 5.24349591351064
28 1000 9.54542734213994
29 0 6.13412096306709
29 1000 11.3823321373436
30 0 6.72229264568406
30 1000 24.3523395192756
31 0 5.78257128015416
31 1000 62.6835816672275
32 0 6.05168081048518
32 1000 21.7720423998311
33 0 3.00421077775398
33 1000 18.2095048346837
34 0 5.31411574895977
34 1000 15.6721517032594
35 0 8.96736138255326
35 1000 30.3653071557639
36 0 7.16664526944024
36 1000 19.7509772314685
37 0 4.29690370115675
37 1000 35.0890560409202
38 0 5.83491576051512
38 1000 52.5414812257216
39 0 6.69113170384236
39 1000 14.8847119007746
40 0 6.56905471579877
40 1000 52.5509402150925
41 0 4.17739944795555
41 1000 17.622424252188
42 0 5.51051240404544
42 1000 16.4949184878724
43 0 7.74865239464799
43 1000 61.0983739928551
44 0 3.41386761114656
44 1000 22.0270857183739
45 0 4.36105482067489
45 1000 37.6352562479757
46 0 4.71480799485864
46 1000 11.1688099903731
47 0 4.43513968611569
47 1000 40.382969510052
48 0 5.69131998420103
48 1000 21.8820835752412
49 0 2.2882360071923
49 1000 14.8336124692117
50 0 2.72685644532381
50 1000 17.2915098748127
51 100 7.61465223335066
51 1000 24.9986065375959
52 100 6.99870035849884
52 1000 20.4166712251835
53 100 8.52055795360392
53 1000 14.385139495772
54 100 16.9943211475046
54 1000 59.2327775555881
55 100 15.5721148082841
55 1000 49.2117565637755
56 100 15.944926426385
56 1000 59.3459666570421
57 100 7.78076819727151
57 1000 14.2819342401908
58 100 8.15097067589087
58 1000 18.9975684417557
59 100 9.25353495824398
59 1000 24.3975022677206
60 100 12.5456865770903
60 1000 29.3909495784078
61 100 11.938252003074
61 1000 19.8376132715398
62 100 6.93715417508594
62 1000 22.2715434884829
63 100 25.157485849478
63 1000 55.3884620494269
64 100 8.81991349970059
64 1000 25.9332846355813
65 100 17.8233633296356
65 1000 55.5122190712123
66 100 7.92066550070745
66 1000 15.9787784799124
67 100 8.22974855253636
67 1000 24.7005510117802
68 100 14.1155441232406
68 1000 42.8337770021566
69 100 17.9217460266303
69 1000 44.5724100115537
70 100 20.2640550623284
70 1000 35.0678959547862
71 100 10.3481805289548
71 1000 30.8931176706617
72 100 4.25723051905213
72 1000 7.09546915851385
73 100 9.50039475966334
73 1000 15.4469875285037
74 100 10.0357453179018
74 1000 19.1392778370938
75 100 9.64495491632838
75 1000 18.8930920526049
76 100 9.68557749576861
76 1000 22.6109093264016
77 100 14.6153889177992
77 1000 51.5503381567207
78 100 10.7969781880501
78 1000 14.9066761600504
79 100 11.2775349629015
79 1000 30.3957752788258
80 100 11.0378190298777
80 1000 20.045642868972
81 100 8.91541303659398
81 1000 18.4058092218885
82 100 7.9960019366319
82 1000 23.2744382740396
83 100 14.9151630047029
83 1000 33.044462500548
84 100 8.02284736445949
84 1000 12.3800472857012
85 100 14.699397884382
85 1000 25.5375785934011
86 100 6.37731667500811
86 1000 8.76810583713414
87 100 13.1366776736084
87 1000 47.4078375203007
88 100 6.71642383055463
88 1000 16.7561876903393
89 100 8.74991244526511
89 1000 24.6225683883925
90 100 4.98291204155223
90 1000 6.64923039940141
91 100 7.57110667428313
91 1000 27.9920742539847
92 100 9.4700407441177
92 1000 32.7136231351061
93 100 11.1120113496567
93 1000 29.2160675345695
94 100 6.59008262607317
94 1000 20.2310207901671
95 100 10.7820424529349
95 1000 36.5465950738948
96 100 11.3418792240618
96 1000 22.8350267750381
97 100 6.92006749778997
97 1000 25.2955983156561
98 100 14.4230684336258
98 1000 36.8300949432118
99 100 8.45335066795305
99 1000 28.8438530070597
100 100 17.4754868580226
100 1000 44.9566692294003
101 0 3.69134226164032
101 300 12.5867041818862
102 0 4.91745393529899
102 300 10.1009007927761
103 0 4.71886885644539
103 300 13.2466897581945
104 0 5.53106100041233
104 300 11.2718297434575
105 0 6.45493369239496
105 300 26.9439587661069
106 0 4.05074872029975
106 300 10.6397596720063
107 0 4.55566127859085
107 300 10.7620575910939
108 0 4.52279051068713
108 300 9.42378169700317
109 0 3.95726168108923
109 300 10.4626181171491
110 0 4.19883862054373
110 300 15.0799294573988
111 0 5.70169874479901
111 300 19.4515368832323
112 0 5.53466947005567
112 300 14.7500160653939
113 0 6.494894248528
113 300 18.4226973703917
114 0 5.09140935256914
114 300 12.8234222205028
115 0 6.11202997315282
115 300 23.2630156729003
116 0 4.02431810336065
116 300 21.9303296005256
117 0 4.38364410228686
117 300 51.0117369667574
118 0 4.42324278857552
118 300 19.3549925276213
119 0 4.31804191701159
119 300 19.4401380964435
120 0 2.6382548073652
120 300 26.9006512417817
121 0 6.08074290703049
121 300 14.8639940180332
122 0 4.04557891597522
122 300 16.3495703609861
123 0 3.63596112754565
123 300 21.9501953390237
124 0 5.88557762003299
124 300 15.0556045178487
125 0 5.47897855102633
125 300 11.4217095342783
126 0 3.50832323577121
126 300 15.1837510003758
127 0 3.80784791734986
127 300 15.5016500555051
128 0 3.71698646226324
128 300 19.1386960053995
129 0 8.84718321920428
129 300 11.3300192693423
130 0 7.71848438253698
130 300 12.3509067587079
131 0 2.38168957837677
131 300 9.68549205958046
132 0 2.60711129839865
132 300 10.0873766370864
133 0 4.88961243821989
133 300 16.2980641531878
134 0 4.91075466005932
134 300 10.1594566594195
135 0 4.09574254971871
135 300 17.5369766298038
136 0 4.52773900671696
136 300 22.0741197079711
137 0 6.5850374968307
137 300 21.5554190168974
138 0 3.86490127138075
138 300 14.7251385653653
139 0 11.6295050294253
139 300 20.8549689004734
140 0 5.51326007186416
140 300 31.6822529212127
141 0 6.25921949902797
141 300 14.9650849522834
142 0 2.60867966745815
142 300 5.87048215462926
143 0 4.69499139825291
143 300 11.8146123839944
144 0 4.86990539953692
144 300 11.3241988948029
145 0 4.2882084849994
145 300 9.18490563023196
146 0 6.37148623328036
146 300 27.7570364530635
147 0 3.69927398849129
147 300 10.8645377401691
148 0 7.11674406335547
148 300 27.9973798432295
149 0 3.90792446939313
149 300 8.90931963547357
150 0 3.40035615340473
150 300 13.3622565824067
151 100 12.4470529561741
151 300 28.3816101492911
152 100 12.8734212489822
152 300 23.1986585960921
153 100 9.35032766171589
153 300 14.8087039250894
154 100 9.81413936814058
154 300 12.8175219566087
155 100 19.6777443912645
155 300 29.459607866971
156 100 12.4293653694714
156 300 14.6161467296155
157 100 7.53146633913218
157 300 16.5396079530902
158 100 5.32566096439459
158 300 10.0482147108242
159 100 10.5423122443812
159 300 15.2296635591575
160 100 9.39653398804218
160 300 14.3485490169982
161 100 5.98904265762084
161 300 11.6201658860297
162 100 9.65481642530969
162 300 11.3200321397251
163 100 12.0397698425148
163 300 14.8832534847404
164 100 11.1371110073107
164 300 17.9241102459799
165 100 19.5827744913783
165 300 30.4794783114256
166 100 9.63324348802668
166 300 11.5792422297493
167 100 5.73445537786825
167 300 8.74963481379729
168 100 5.39685455582219
168 300 8.12893708137233
169 100 9.48399267312885
169 300 19.9748165812215
170 100 11.2997204468741
170 300 20.3305422759802
171 100 5.64374313633067
171 300 6.19479863963697
172 100 14.2740697916286
172 300 19.0238129493126
173 100 21.0766098313532
173 300 43.9068071981497
174 100 9.29413008064103
174 300 16.3694127729164
175 100 7.91559398844553
175 300 14.2629401207269
176 100 16.2310138610431
176 300 25.2059678035395
177 100 6.67054089146887
177 300 10.4117635444187
178 100 7.82455073348499
178 300 7.30623960555099
179 100 15.1530658750579
179 300 28.9392215983515
180 100 11.8958203017182
180 300 16.668346433833
181 100 6.88879253537391
181 300 12.8670465793299
182 100 8.04509593154356
182 300 11.9569241103512
183 100 11.0529392642782
183 300 23.6286101546141
184 100 8.17669530586632
184 300 9.5040768523455
185 100 16.3577257077407
185 300 24.7737866320781
186 100 10.8597479593422
186 300 22.6720774335429
187 100 9.00906325774327
187 300 14.4536888850145
188 100 13.8702842763942
188 300 18.4581244800514
189 100 9.71689181894506
189 300 15.1680233205173
190 100 9.75973953413315
190 300 13.7383312451212
191 100 6.69061719038002
191 300 11.9408276224134
192 100 22.132911561927
192 300 44.4606144539223
193 100 10.5416792003928
193 300 19.9940045717535
194 100 20.4957229812764
194 300 40.2931355517167
195 100 20.8110773080303
195 300 28.0383222103991
196 100 9.89330775087036
196 300 15.5221305585249
197 100 10.9294279512083
197 300 19.8266201553375
198 100 8.0128989196787
198 300 13.5854572968234
199 100 8.04216931473932
199 300 9.466440207385
200 100 9.97945517265416
200 300 12.5681638973445
