id dose y
1 0 5.9673751679045
1 1000 23.2945079629929
2 0 6.83912506988223
2 1000 61.5759972639548
3 0 5.51379767163354
3 1000 13.7639907877984
4 0 3.77745529391508
4 1000 18.753096629365
5 0 4.59793835384348
5 1000 48.9570191535601
6 0 7.71432169202967
6 1000 29.6950419173908
7 0 3.10539555899386
7 1000 32.5596953294276
8 0 3.07864256173202
8 1000 28.9351026307762
9 0 5.64313299544218
9 1000 11.9899905964293
10 0 6.77872950171847
10 1000 39.5941067003061
11 0 5.61807986390799
11 1000 17.6449003112651
12 0 5.16269726606188
12 1000 80.1077893880098
13 0 3.31639312219459
13 1000 10.4148974397995
14 0 5.57944109761677
14 1000 27.2817828472227
15 0 5.3474461209947
15 1000 21.0935894625523
16 0 3.68456412095188
16 1000 20.4777320512615
17 0 5.39249301068532
17 1000 13.4194421191389
18 0 7.91226736313191
18 1000 18.46668146162
19 0 7.61621345054751
19 1000 44.7683716581688
20 0 5.59231413961626
20 1000 52.1604107901836
21 0 2.65391680273514
21 1000 15.2018445970404
22 0 5.3913247695417
22 1000 22.8463502435799
23 0 7.24784935937777
23 1000 21.8399273063746
24 0 6.12112434783497
24 1000 23.5954469283404
25 0 6.21889092224896
25 1000 30.3529092006482
26 0 6.17571840613725
26 1000 22.6242165334292
27 0 3.20058047687378
27 1000 13.1520843417769
28 0 5.69370885945755
28 1000 36.8633610683787
29 0 5.74849863221223
29 1000 21.834852564578
30 0 4.636828718047
30 1000 18.842297089006
31 0 7.69519752913365
31 1000 67.0166861578127
32 0 4.58426309446419
32 1000 15.205712542644
33 0 5.34988885940318
33 1000 7.8266625332958
34 0 3.31621002239228
34 1000 11.0051925509977
35 0 6.52792308732923
35 1000 35.5989292549076
36 0 4.45346531872861
36 1000 44.0261135149853
37 0 3.01142623493672
37 1000 20.5506777681828
38 0 4.69595736231228
38 1000 30.5812346047476
39 0 5.10361388808359
39 1000 36.0262267772848
40 0 5.52653842899599
40 1000 37.5217656434066
41 0 8.13255412343314
41 1000 67.999792272839
42 0 3.92638815443503
42 1000 12.7326406975031
43 0 5.84553029455435
43 1000 16.4700788215336
44 0 4.33139687726751
44 1000 13.9023765309554
45 0 4.55368936769974
45 1000 49.3843023949673
46 0 4.49837310216264
46 1000 17.1983646763475
47 0 7.15815019331023
47 1000 18.6402611468805
48 0 6.89131028545686
48 1000 15.5249064406441
49 0 3.4229391294203
49 1000 24.331730362631
50 0 2.96180741475052
50 1000 29.7876352155416
51 100 8.62429933125478
51 1000 23.2264502931323
52 100 7.86298585585042
52 1000 19.0877908769708
53 100 14.7461342552626
53 1000 31.6146544646923
54 100 7.40598779626572
54 1000 30.8374813759353
55 100 16.5964608451159
55 1000 53.4304639302217
56 100 12.2169750624644
56 1000 41.9268861949877
57 100 16.8659732137058
57 1000 27.809607126188
58 100 5.57263878206969
58 1000 9.12235288878101
59 100 11.7146933933999
59 1000 18.0044868586036
60 100 11.9360623355404
60 1000 41.3571162719668
61 100 12.3487050284152
61 1000 37.8312450790824
62 100 9.92652471333726
62 1000 25.2855906441227
63 100 9.96927587284265
63 1000 20.2117082900966
64 100 8.40800506903351
64 1000 21.9250432748061
65 100 9.63456833834812
65 1000 18.2616682834124
66 100 12.2562296446681
66 1000 34.7702415867334
67 100 13.5979796370382
67 1000 26.2408936611842
68 100 12.0989672271013
68 1000 20.7947029672798
69 100 6.41593725716248
69 1000 15.5967343355474
70 100 22.4447190097327
70 1000 71.7230974930432
71 100 9.25201926712625
71 1000 24.290759414805
72 100 7.73186992424642
72 1000 11.2507473684305
73 100 4.39628581606677
73 1000 16.7496430468983
74 100 10.3189176723663
74 1000 19.2928163090672
75 100 7.99152763149067
75 1000 12.293572717005
76 100 9.78194489828741
76 1000 16.6025536246391
77 100 11.6033780327752
77 1000 60.8794570637388
78 100 11.7045509129803
78 1000 16.0882710023973
79 100 6.44731110614266
79 1000 21.3673155896734
80 100 10.4732364716273
80 1000 15.3404547752197
81 100 9.63984644438763
81 1000 19.6850874622155
82 100 11.1109253136042
82 1000 35.1392109933058
83 100 21.8810480837843
83 1000 45.6902042529504
84 100 14.8705011473366
84 1000 34.6198991267638
85 100 8.36307151793015
85 1000 14.1308225354969
86 100 23.624311573952
86 1000 75.4817676081722
87 100 12.3119131738303
87 1000 27.5626247588133
88 100 9.25726026586184
88 1000 29.7167917419618
89 100 8.31261919078671
89 1000 16.8318806508892
90 100 6.29702593942807
90 1000 14.1433439928433
91 100 16.7908278306441
91 1000 43.7192774449325
92 100 14.2895672577867
92 1000 24.7134619002639
93 100 21.0931658408456
93 1000 80.67922937465
94 100 8.58725306368479
94 1000 20.8816536469184
95 100 13.0772250039415
95 1000 26.5272854628467
96 100 4.54192219154487
96 1000 9.80415047338574
97 100 10.9113685272186
97 1000 41.9273157338756
98 100 8.92622655263424
98 1000 47.8043508576279
99 100 5.75153959424556
99 1000 12.8024797290479
100 100 5.0143027848005
100 1000 8.10345332262889
101 0 6.47695951601556
101 300 15.2967759074964
102 0 3.55801345835306
102 300 24.7654734271452
103 0 4.88662922674129
103 300 30.3756624567781
104 0 4.05968181792951
104 300 20.1935524504717
105 0 5.28541640501812
105 300 16.5256257665821
106 0 4.11849744166604
106 300 16.8603930777428
107 0 3.93090118572609
107 300 15.5703989057218
108 0 5.28284505921626
108 300 42.0842056898125
109 0 3.08581802514513
109 300 20.2035208778439
110 0 4.57433309483373
110 300 32.9881069453365
111 0 6.50604158504271
111 300 16.3150536147223
112 0 8.61765987038014
112 300 35.9605999660689
113 0 6.78618902889299
113 300 14.1310578461094
114 0 4.37584779748305
114 300 36.864473140384
115 0 5.08076820431871
115 300 31.2817964514805
116 0 6.23541137905489
116 300 15.2426540661264
117 0 4.10551155447061
117 300 25.2892303554758
118 0 7.15214298675173
118 300 10.4815370092149
119 0 4.07898399055216
119 300 13.7286084100128
120 0 5.3319470195062
120 300 10.6995627721815
121 0 5.69455189540942
121 300 16.2501254782931
122 0 6.87858357069577
122 300 30.5812795545889
123 0 4.97997622067266
123 300 20.8640610266855
124 0 8.18595925863889
124 300 14.6376366002835
125 0 7.31857093339316
125 300 19.5268136618006
126 0 3.67791510735223
126 300 13.3383072220239
127 0 10.7794578024907
127 300 27.5361876301735
128 0 6.71109045875795
128 300 35.6156398303714
129 0 10.1549486263299
129 300 31.1352785383311
130 0 2.94383124091066
130 300 12.2410405462729
131 0 4.59138040271728
131 300 12.0748163395731
132 0 7.2924450886906
132 300 25.7546195771443
133 0 6.92924778255039
133 300 20.0444388176729
134 0 3.45200898017435
134 300 10.2202518618989
135 0 4.80231520792038
135 300 8.86503138248556
136 0 6.625485795087
136 300 10.4429014479289
137 0 3.02587563194389
137 300 15.5838510088404
138 0 6.84375178717175
138 300 11.2597326584107
139 0 7.10719612533844
139 300 17.2502552131503
140 0 3.94762497951627
140 300 15.0011548426167
141 0 7.71316219371033
141 300 12.1973802326836
142 0 3.44099360581356
142 300 33.8511843991662
143 0 6.64576483777877
143 300 22.1537843664856
144 0 3.9929253858521
144 300 13.7322616168648
145 0 6.18566599906952
145 300 37.1506036133916
146 0 2.79073812442732
146 300 18.7397620717851
147 0 3.78285624018835
147 300 19.1523731929895
148 0 4.9511977027996
148 300 14.2801098455117
149 0 5.7284772413514
149 300 24.0451245100724
150 0 3.87625289300829
150 300 25.2671380832271
151 100 17.0416169690185
151 300 32.1431584468118
152 100 11.9420116132033
152 300 21.5009940478622
153 100 6.30678858222395
153 300 10.1831830605359
154 100 21.1141672423885
154 300 29.7664492527698
155 100 20.6806305505228
155 300 29.5021309411899
156 100 9.48025716451873
156 300 11.2897409527274
157 100 19.9131713303636
157 300 32.4852743555041
158 100 6.30755368705003
158 300 13.104855080547
159 100 9.8965625414294
159 300 15.4967513221383
160 100 6.60891168704316
160 300 9.51250812883216
161 100 12.3748743759095
161 300 19.649981664721
162 100 7.95823419506512
162 300 10.3887467198798
163 100 6.41632583510011
163 300 9.42770284541126
164 100 19.6184842405852
164 300 44.6104686943112
165 100 4.76564758196428
165 300 7.42315240767511
166 100 7.1300368505564
166 300 9.76204359781826
167 100 7.65707904381319
167 300 11.4397477569134
168 100 11.0224811921139
168 300 16.1736859568871
169 100 11.0512179962975
169 300 19.5941167255168
170 100 16.4444790184187
170 300 22.5089805327019
171 100 10.8650946166516
171 300 21.6711164899657
172 100 15.3700723431452
172 300 20.1906021756609
173 100 15.5192758687072
173 300 25.6431164580235
174 100 12.4324412116172
174 300 14.1005792967728
175 100 10.1689437085895
175 300 11.6209087069398
176 100 16.286074782591
176 300 20.737637778831
177 100 15.5632088588868
177 300 29.2371502473249
178 100 8.86026922463253
178 300 18.4733223043613
179 100 8.20894380500601
179 300 12.4636743885539
180 100 16.4047717854669
180 300 25.8172181490247
181 100 6.49004593607489
181 300 11.1036904646147
182 100 10.6017419059605
182 300 14.8159322790538
183 100 6.3176814561946
183 300 10.629621008122
184 100 13.773355060937
184 300 21.1825410818965
185 100 10.50528322258
185 300 15.3392672833972
186 100 19.5853755110384
186 300 41.9490976181578
187 100 10.1697482568035
187 300 17.5583433895717
188 100 105.867886090455
188 300 156.167971385201
189 100 11.6773543812392
189 300 17.9856954264988
190 100 11.0037277839084
190 300 20.5263131631054
191 100 12.1152843896664
191 300 20.6289912399901
192 100 10.3749057638186
192 300 19.720511774041
193 100 12.2165934851108
193 300 18.4820207991132
194 100 9.27234154794082
194 300 17.8408976811201
195 100 10.4415075148927
195 300 19.7704917762559
196 100 6.19530043338093
196 300 8.74502937365301
197 100 12.2333798645236
197 300 15.3778513165914
198 100 14.5353628497743
198 300 29.267223264469
199 100 17.4413125225876
199 300 29.8091325249304
200 100 13.9025040510478
200 300 23.2795128417466
