id dose y
1 0 4.56499347595754
1 1000 62.4672278733676
2 0 6.75421549766756
2 1000 46.3837165502004
3 0 3.57801280268249
3 1000 35.8402623981739
4 0 6.21364314554454
4 1000 28.4590458860257
5 0 5.41554773988733
5 1000 25.0583702162022
6 0 3.3016534905924
6 1000 29.726347906497
7 0 6.30429370117955
7 1000 16.6805367237873
8 0 3.40759953280239
8 1000 28.1588171787074
9 0 5.80503412967095
9 1000 17.8947874340438
10 0 4.78006516249551
10 1000 15.068584487793
11 0 3.85848218997341
11 1000 27.5591106485377
12 0 3.85805984152575
12 1000 13.9301629212491
13 0 5.88902240377771
13 1000 18.9497569106946
14 0 5.83940231914423
14 1000 34.554183175351
15 0 4.50260543522478
15 1000 46.1081399456051
16 0 5.36028111974593
16 1000 43.224154414828
17 0 6.77243119215345
17 1000 18.5947035809487
18 0 8.96277577031184
18 1000 23.8241801162247
19 0 7.593098792217
19 1000 31.0532876121202
20 0 7.122245069998
20 1000 38.2734872764313
21 0 3.65341617521812
21 1000 33.4507889790879
22 0 3.86208830081214
22 1000 19.3746414351191
23 0 4.39327441284568
23 1000 16.8937005710607
24 0 3.72469400161425
24 1000 14.5738477616275
25 0 3.58069592516378
25 1000 15.8738776001173
26 0 5.32334563920482
26 1000 33.5077979658525
27 0 8.67125085148579
27 1000 65.9040894396815
28 0 3.00021496153192
28 1000 78.6174958548395
29 0 5.40841805797772
29 1000 14.2887612925392
30 0 5.8937798606235
30 1000 18.6603832254034
31 0 7.27851512379402
31 1000 94.1437738552859
32 0 4.76831731028703
32 1000 24.5854414464668
33 0 3.83329953699075
33 1000 33.8010017643603
34 0 4.95838313185727
34 1000 11.0072344598953
35 0 4.61217277466804
35 1000 15.8761891047842
36 0 4.61560931760526
36 1000 39.9112795606884
37 0 5.04622152051074
37 1000 33.605399561795
38 0 6.27929000884972
38 1000 39.4631584931979
39 0 2.47030796318097
39 1000 59.7758183964945
40 0 7.71989593992509
40 1000 16.3142043082447
41 0 4.71822388393582
41 1000 24.3233497885587
42 0 6.66403761992371
42 1000 44.3247680681632
43 0 9.27969134249131
43 1000 28.509510429668
44 0 6.12173925832734
44 1000 23.5745164879934
45 0 5.4562057482475
45 1000 12.6340163822698
46 0 6.14257731490058
46 1000 31.1528986561875
47 0 4.36136624225769
47 1000 25.8265851992062
48 0 3.97140976231469
48 1000 32.7609927169682
49 0 3.80339328689145
49 1000 8.7413334288078
50 0 8.41449567136333
50 1000 35.1674669832344
51 100 9.36281813187419
51 1000 18.1485524234543
52 100 16.5864527141677
52 1000 23.0969756627163
53 100 10.6985583754082
53 1000 22.4762537602302
54 100 18.7138543688922
54 1000 61.5871885498418
55 100 8.53995914917973
55 1000 16.1913340469607
56 100 19.9531665806476
56 1000 50.1360080291618
57 100 12.3480719769943
57 1000 31.9699346306017
58 100 5.52531739747675
58 1000 8.42405914889268
59 100 12.1520541596444
59 1000 49.8534786809994
60 100 7.44111575204431
60 1000 18.2439894214861
61 100 7.65670137342019
61 1000 17.9539486198884
62 100 11.4969324711597
62 1000 29.8104782969081
63 100 7.47411063169008
63 1000 34.9119034286213
64 100 12.1391339990792
64 1000 22.5145423925949
65 100 10.4161229615443
65 1000 36.3762789442647
66 100 10.2530170308609
66 1000 14.3762256693134
67 100 8.68708202634511
67 1000 18.3832164659486
68 100 8.28502684253297
68 1000 23.0307916850078
69 100 20.9844948337372
69 1000 42.9447852021228
70 100 16.6588681178517
70 1000 29.0607271908081
71 100 7.35143605400468
71 1000 19.9864960423995
72 100 5.26696499732608
72 1000 9.2775607212142
73 100 7.63373852798243
73 1000 21.1798789150224
74 100 9.16067367582375
74 1000 21.6683524755787
75 100 6.70827680115061
75 1000 21.6266870733461
76 100 12.6895891551617
76 1000 36.0836103799352
77 100 10.0101649676322
77 1000 39.0756080033729
78 100 10.2647894830571
78 1000 24.229975288889
79 100 10.9779767741626
79 1000 24.1952563905942
80 100 10.2370927151196
80 1000 26.2546692581797
81 100 16.054048358545
81 1000 34.2865257900821
82 100 7.97203336104829
82 1000 15.5567176912288
83 100 8.07077619627028
83 1000 20.2635088479274
84 100 7.61416482815239
84 1000 20.3201929007783
85 100 10.8568576786307
85 1000 33.2201825872965
86 100 11.2926347852592
86 1000 18.5165804822553
87 100 14.2245260593591
87 1000 35.9732611891833
88 100 9.2313501403263
88 1000 18.3929330225622
89 100 14.6270585973877
89 1000 34.1733361875671
90 100 8.85140824899323
90 1000 18.435469825375
91 100 21.3596649911247
91 1000 62.2670578516423
92 100 5.50511104686347
92 1000 16.7282318640449
93 100 7.89647555115185
93 1000 18.647320661757
94 100 8.93794715088803
94 1000 24.1945487678127
95 100 5.62383450440151
95 1000 12.7964062139712
96 100 15.8101424575096
96 1000 49.6194792120248
97 100 14.7226321292186
97 1000 35.3033587286
98 100 13.8729324669453
98 1000 25.2724001173784
99 100 4.49372435043306
99 1000 9.28452304163311
100 100 11.4611091847149
100 1000 22.4048530609443
101 0 4.72349367715712
101 300 20.4052609631416
102 0 4.98718832670205
102 300 9.11818953813317
103 0 3.2853004995077
103 300 7.53794838868117
104 0 3.8335947909221
104 300 8.1029559755712
105 0 3.87965270217128
105 300 19.2726791437874
106 0 5.8496250320733
106 300 16.8171560582925
107 0 6.65320316100339
107 300 12.7804805178961
108 0 4.14707128752961
108 300 10.6388057213309
109 0 5.58246538871229
109 300 11.1195549974765
110 0 4.39360696779853
110 300 20.3966296579731
111 0 5.68320447014898
111 300 15.661058049661
112 0 3.687494446707
112 300 20.2012314172314
113 0 3.41582105904016
113 300 27.4917649677838
114 0 5.29372909632617
114 300 12.6717136237207
115 0 3.47003905680624
115 300 18.1991115282071
116 0 7.26004366688016
116 300 12.0036860361824
117 0 6.49662758826879
117 300 17.5140280896691
118 0 3.2355500571958
118 300 16.2465247264303
119 0 4.42837287501847
119 300 12.3474990516894
120 0 4.44384996135708
120 300 8.58850542686247
121 0 6.72299776160872
121 300 12.6156902705721
122 0 4.20102194353877
122 300 30.8184545299695
123 0 6.46966142188321
123 300 19.1182601397869
124 0 3.54796554889267
124 300 8.56951106027903
125 0 6.69581560453921
125 300 17.8798733240396
126 0 6.54677492631191
126 300 12.5272182151268
127 0 5.76540078513669
127 300 10.8257436507727
128 0 6.15996994820869
128 300 13.4189503536173
129 0 4.05735691372267
129 300 21.3225190841987
130 0 4.17220655311287
130 300 18.0101867100512
131 0 7.84941155349118
131 300 20.7764541018757
132 0 5.890807306473
132 300 10.6967705509379
133 0 3.63945433991784
133 300 7.6576671972099
134 0 3.66963285701274
134 300 24.7838788903591
135 0 6.99324570024021
135 300 24.7656074705703
136 0 2.75228063998196
136 300 14.8124209927719
137 0 4.14425119699426
137 300 16.067843146905
138 0 4.12949494148895
138 300 10.8300160874474
139 0 7.06447024688084
139 300 17.9468470100275
140 0 5.49182866463049
140 300 28.1001373563414
141 0 3.57354116516202
141 300 18.8734280152092
142 0 4.90940536756015
142 300 52.7186413677111
143 0 4.26189278631798
143 300 11.1428337382208
144 0 5.01886943064598
144 300 17.6950087403661
145 0 6.0077101074894
145 300 15.6865496048178
146 0 3.96179600451074
146 300 11.1946289448769
147 0 4.00513493110167
147 300 10.6293783738801
148 0 5.17176780561417
148 300 13.7113845581416
149 0 4.13017649331241
149 300 11.4882932118946
150 0 9.72785448641679
150 300 18.5406253937097
151 100 7.09109163019641
151 300 13.9656519821465
152 100 15.3347440190032
152 300 26.3681776834605
153 100 11.0174573401583
153 300 18.9976362311448
154 100 7.08820473963339
154 300 8.15789990735012
155 100 8.88665680210842
155 300 8.1212825403018
156 100 12.4034561065631
156 300 16.6624380092223
157 100 30.7729396094797
157 300 73.6443559791302
158 100 8.17536722252999
158 300 11.1874752990275
159 100 9.01346268945754
159 300 16.9739683494833
160 100 18.9343322158557
160 300 31.8680233664734
161 100 9.68371068380509
161 300 16.6740167172379
162 100 9.60580033139334
162 300 18.6809924871779
163 100 27.5582485249091
163 300 38.8042610859619
164 100 4.53653296253964
164 300 6.02245961798429
165 100 18.0216177747574
165 300 45.5964279129289
166 100 10.3452301733187
166 300 18.0617480918431
167 100 11.9096592491327
167 300 18.0963115287871
168 100 17.7410552235371
168 300 21.1845534759819
169 100 8.1486746386868
169 300 11.3334384112785
170 100 8.3881753234734
170 300 9.50698552215139
171 100 12.9293574109916
171 300 22.8127840254261
172 100 8.78689242942655
172 300 17.1529557170158
173 100 7.94771882875699
173 300 12.2725541987891
174 100 5.54268911820254
174 300 7.71077308676872
175 100 11.1748210846546
175 300 20.6587997820725
176 100 17.5981651362961
176 300 36.9043663868878
177 100 21.3830619883161
177 300 35.2492537817959
178 100 10.9563097792503
178 300 16.9901092746057
179 100 9.42762063784378
179 300 10.6506895932131
180 100 8.47412879988457
180 300 13.8902172005054
181 100 15.7465452517264
181 300 21.1517901446806
182 100 8.96409094268915
182 300 13.8985752597414
183 100 7.27248040974207
183 300 9.34183076769327
184 100 14.8071099563299
184 300 25.2491618703787
185 100 7.88247477880284
185 300 15.8524810509174
186 100 15.6272200387758
186 300 19.8027750161021
187 100 5.9460346799182
187 300 9.14280018755159
188 100 31.2122203645742
188 300 55.6236828099292
189 100 8.32605955395061
189 300 9.33800484115193
190 100 18.8714368585596
190 300 34.847357585367
191 100 8.8817815347449
191 300 18.7766168934729
192 100 4.83900544673817
192 300 7.22104081097235
193 100 5.41124704109236
193 300 10.1990539357054
194 100 28.5848342878963
194 300 41.9885976987365
195 100 12.6810844028167
195 300 16.4641958142476
196 100 13.9970337235544
196 300 27.0649948706893
197 100 10.8393181366194
197 300 22.6335522840334
198 100 9.87127069166977
198 300 15.7788503213098
199 100 19.7918197764336
199 300 42.8226265267803
200 100 9.91014210128241
200 300 17.416272810942
