id dose y
1 0 6.18123727646315
1 1000 17.1843107839109
2 0 3.81994179480712
2 1000 36.9420215790044
3 0 4.68070842305341
3 1000 87.5360357433042
4 0 5.46245585695403
4 1000 21.4029064686215
5 0 4.04889448013938
5 1000 18.9611089883164
6 0 4.76374686371137
6 1000 16.821091098366
7 0 6.50000937367238
7 1000 40.4407428963379
8 0 9.80414054136158
8 1000 30.3037284609289
9 0 4.58225927087242
9 1000 16.9496750955902
10 0 4.19143174673688
10 1000 13.123123157681
11 0 5.06544021444414
11 1000 20.5546045867036
12 0 4.93809561037836
12 1000 11.1801945328767
13 0 5.06636726683154
13 1000 21.3999921931556
14 0 5.58357513326658
14 1000 36.6298372664729
15 0 3.57592153789551
15 1000 21.1993035096411
16 0 8.03201273973218
16 1000 24.5037872563637
17 0 5.6211526410728
17 1000 17.8358646172232
18 0 2.78337321343266
18 1000 20.4530232546448
19 0 5.4108022873986
19 1000 29.3003069034863
20 0 3.50265054359978
20 1000 29.1404470233342
21 0 7.55074266800386
21 1000 28.7320818803663
22 0 5.66365670272973
22 1000 16.3307835604908
23 0 4.87099007911155
23 1000 20.7993183049727
24 0 5.40754010273
24 1000 20.5263034871898
25 0 5.12256717331673
25 1000 43.7519211563542
26 0 4.324109061321
26 1000 26.3553852946524
27 0 5.40265792605762
27 1000 18.2191637569609
28 0 5.78408708525241
28 1000 40.7455957133742
29 0 6.29318546247868
29 1000 41.7860266016979
30 0 6.6397963418205
30 1000 11.3052604464981
31 0 6.18319651788654
31 1000 32.9260018924978
32 0 3.99841461690236
32 1000 5.92825669403333
33 0 4.72171471472973
33 1000 17.1644967145421
34 0 5.78619671891413
34 1000 12.8668549076661
35 0 2.28564408218071
35 1000 19.110125712789
36 0 4.91931014639385
36 1000 39.225631340231
37 0 5.91920541426615
37 1000 26.0634456702721
38 0 7.56996934910054
38 1000 20.4737052971682
39 0 5.82578556528102
39 1000 33.2440064242006
40 0 2.81074407953965
40 1000 31.0347346770177
41 0 9.07889180208048
41 1000 27.1836245829036
42 0 4.57592121007248
42 1000 26.3560502249566
43 0 5.52884685572077
43 1000 15.6159446743337
44 0 6.84596906187493
44 1000 24.4431635709283
45 0 3.50448849535003
45 1000 14.5036800723339
46 0 6.28197191129076
46 1000 23.3281096112201
47 0 5.52564416620306
47 1000 18.4563098702083
48 0 5.23652469188763
48 1000 36.3313068528516
49 0 3.74494445470954
49 1000 11.94427481711
50 0 5.57663744787982
50 1000 49.8458232192162
51 100 9.69755964244895
51 1000 22.4513851845245
52 100 13.5144490123794
52 1000 28.2545216561825
53 100 10.9949927462225
53 1000 33.011675822142
54 100 9.87118979567451
54 1000 22.7982204431573
55 100 10.6432621116396
55 1000 27.7112224191575
56 100 20.9208634923395
56 1000 62.1130361421392
57 100 8.20291079881019
57 1000 11.9668164711375
58 100 5.37446505660567
58 1000 12.8610448185241
59 100 12.1327123670331
59 1000 32.8456397952187
60 100 8.63093884893394
60 1000 14.8660410307959
61 100 14.774221764775
61 1000 40.3058498041172
62 100 7.10715179756878
62 1000 28.1208486982146
63 100 9.19195464758169
63 1000 27.3796081786973
64 100 12.2301163994549
64 1000 24.3223445558838
65 100 11.0982888058247
65 1000 18.2348412413965
66 100 9.15900908082714
66 1000 23.7890673637629
67 100 5.35950158592548
67 1000 13.420297430977
68 100 4.16307182813028
68 1000 10.7637020242863
69 100 12.079728851637
69 1000 25.7216391399395
70 100 7.76237139856719
70 1000 16.5241336005447
71 100 9.7320503752766
71 1000 15.0360042507009
72 100 28.7357833748893
72 1000 73.0786370566391
73 100 13.2240776492618
73 1000 42.0729941536609
74 100 10.0518401949262
74 1000 34.2377442382963
75 100 7.20567565143114
75 1000 20.3437164322485
76 100 21.2246766354829
76 1000 38.6977007623633
77 100 12.4537356423223
77 1000 23.8169715260024
78 100 12.6634483164343
78 1000 31.3980320919376
79 100 11.7209488355099
79 1000 14.715351977114
80 100 6.27528162304379
80 1000 13.2908063994978
81 100 9.22281439410408
81 1000 11.7308177152016
82 100 8.8736306492221
82 1000 20.3962245224612
83 100 7.22190160446904
83 1000 14.4404611035988
84 100 7.12775533516456
84 1000 20.1053808925259
85 100 11.1303927597495
85 1000 37.6494140944519
86 100 10.5864489310016
86 1000 20.682819415958
87 100 6.81402361498083
87 1000 25.8894660771707
88 100 17.2521671544444
88 1000 73.3903598322735
89 100 8.75347988614203
89 1000 21.7848700250077
90 100 11.1605694012684
90 1000 23.5145436267152
91 100 8.69899867997864
91 1000 14.2414352316126
92 100 9.7697581486723
92 1000 23.3471258011021
93 100 18.4191995316914
93 1000 63.2278886779171
94 100 11.9899793627161
94 1000 25.948032137529
95 100 19.2978437679241
95 1000 48.2675543589285
96 100 8.40666860666868
96 1000 13.9158233414095
97 100 7.61309176925954
97 1000 14.624444825926
98 100 6.57515768953942
98 1000 10.936850561224
99 100 7.66277296396085
99 1000 14.4407969784028
100 100 13.9754202586481
100 1000 16.0720257099056
101 0 4.63051416650346
101 300 8.79167730011907
102 0 6.19883903908098
102 300 14.6546605951758
103 0 8.06253605377035
103 300 19.7104153029335
104 0 5.0172718113949
104 300 14.4559447834628
105 0 4.65577970510439
105 300 13.7937380464677
106 0 5.00158907837222
106 300 19.794082959852
107 0 5.06216844835713
107 300 19.782253303395
108 0 3.96477646588929
108 300 16.6525425381998
109 0 3.14071717914539
109 300 10.35038731215
110 0 3.92759184074962
110 300 8.47876350153952
111 0 5.33629825565289
111 300 15.5880352191934
112 0 4.11688497043778
112 300 27.6464798078955
113 0 6.55267311412889
113 300 10.7261962220893
114 0 6.0828224105398
114 300 10.6480048022889
115 0 9.15236629337962
115 300 12.6671887351607
116 0 9.01316746108673
116 300 21.8355894889617
117 0 2.75690483217614
117 300 10.9892799609905
118 0 6.33784843268816
118 300 12.7935477044337
119 0 3.51133153828021
119 300 24.4598758718916
120 0 2.95975373846442
120 300 5.18533887194256
121 0 5.29282253091277
121 300 16.6662591040461
122 0 4.25992832021464
122 300 44.799485899235
123 0 3.55310437997103
123 300 28.0817964165307
124 0 5.04496277026558
124 300 29.3950886878236
125 0 6.78865360592923
125 300 11.9126754136273
126 0 5.17983719053313
126 300 19.5236476190606
127 0 7.84348582718937
127 300 14.2506481337829
128 0 6.59847631450777
128 300 36.427496378876
129 0 3.85247400975107
129 300 16.5552622771461
130 0 10.5918455786529
130 300 18.1047149079757
131 0 4.35481268035612
131 300 18.9784564019364
132 0 4.47647473360112
132 300 9.59435344188224
133 0 3.07615881222098
133 300 13.9412283320653
134 0 5.20051974103725
134 300 31.8770549929261
135 0 3.9209168755555
135 300 8.46041773906109
136 0 7.63908698786676
136 300 20.2328571861875
137 0 8.05437102416999
137 300 37.8340898928035
138 0 4.22553172412423
138 300 8.2964813866909
139 0 5.03903775611305
139 300 21.4912313516566
140 0 6.18334922218769
140 300 20.3881364853825
141 0 5.45715285540296
141 300 13.2872393862246
142 0 5.37570792945946
142 300 24.2064899095578
143 0 6.93004680616945
143 300 35.030572620342
144 0 5.36925462570442
144 300 11.4744247705083
145 0 6.47255581785457
145 300 19.8838341284853
146 0 3.91998323848664
146 300 16.5580091516895
147 0 5.90992483166552
147 300 12.7215481470877
148 0 3.60961234399788
148 300 17.4703655138572
149 0 5.50902964129102
149 300 17.0685599721572
150 0 4.80953099954635
150 300 6.31310555886654
151 100 12.8521079058208
151 300 21.32069116757
152 100 16.1793159394723
152 300 27.7816271218632
153 100 8.7547620640298
153 300 18.6971402298085
154 100 14.0073417397868
154 300 22.3449513805419
155 100 17.3803406309805
155 300 31.4132581367685
156 100 9.22051240046584
156 300 11.7038931944818
157 100 24.6144040555487
157 300 49.6782386219484
158 100 10.6889031405428
158 300 15.9373918044521
159 100 10.5908069486759
159 300 13.8180774708796
160 100 8.98963745067583
160 300 11.1907625099458
161 100 11.6369823884922
161 300 19.9039407238702
162 100 13.0151824873505
162 300 18.7314794082263
163 100 13.6371630380549
163 300 12.7560377618127
164 100 7.02786098285914
164 300 11.7861331503611
165 100 9.31319117782663
165 300 16.9059966934031
166 100 7.98865678313824
166 300 9.70820695700646
167 100 20.2611039647054
167 300 30.0525583457674
168 100 10.3271369597385
168 300 19.2448282940036
169 100 6.73575884609295
169 300 7.35386736956762
170 100 8.82154775762206
170 300 12.3449982462683
171 100 5.13509446060315
171 300 8.67518214228451
172 100 19.2597993780955
172 300 36.571306490416
173 100 6.32321578784887
173 300 12.344989671274
174 100 6.83937441108898
174 300 10.0057381444592
175 100 19.996595083215
175 300 41.3136190349486
176 100 24.0996468581302
176 300 44.8234525602079
177 100 14.2987573954927
177 300 22.4843765771676
178 100 5.29786482662669
178 300 8.46811719595521
179 100 9.43165638701285
179 300 11.4981992425208
180 100 10.3828247360013
180 300 14.0951678696013
181 100 10.2470191036458
181 300 10.9553543170884
182 100 7.83844540838362
182 300 16.4136000988855
183 100 7.83569850877105
183 300 10.2438582283131
184 100 5.74597820951409
184 300 10.2813632981537
185 100 9.97520964513928
185 300 18.4674068407281
186 100 15.058922690216
186 300 18.3663927120165
187 100 13.1274923259486
187 300 21.2463167492229
188 100 6.63218103001353
188 300 11.3976189673382
189 100 4.85224163285659
189 300 5.50024717913339
190 100 7.2424360850958
190 300 8.15010458851766
191 100 22.5876777739737
191 300 44.5707799082169
192 100 8.28450947982961
192 300 12.5068069115685
193 100 18.7228743716723
193 300 37.2097303053181
194 100 15.0347825116622
194 300 26.7412478004078
195 100 7.54417011285981
195 300 10.5494259086518
196 100 17.5422384528374
196 300 25.4405933443852
197 100 8.45004616022552
197 300 12.400348437304
198 100 11.597750721423
198 300 19.6465420575953
199 100 11.4276727062764
199 300 17.3446542691534
200 100 7.0960138634603
200 300 13.1708440094397
