id dose y
1 0 8.51368601650128
1 1000 63.4566437158191
2 0 8.70722825583044
2 1000 67.5823207117404
3 0 5.41492969837977
3 1000 16.9302356418512
4 0 8.93378368239141
4 1000 16.1360204129765
5 0 4.13340087788144
5 1000 9.98597002087733
6 0 4.43806257026526
6 1000 23.6426258016345
7 0 5.24143783817922
7 1000 36.7964145371151
8 0 6.85079564762575
8 1000 36.3090969023285
9 0 5.88499884137813
9 1000 22.8050068843139
10 0 6.47629373333254
10 1000 15.5821025158411
11 0 2.96569669198498
11 1000 20.6215401925271
12 0 4.42336396955053
12 1000 25.0294430540664
13 0 9.7268021233058
13 1000 18.8121373970135
14 0 3.21326850935853
14 1000 24.3841080661689
15 0 4.19735721195471
15 1000 17.1351562121411
16 0 5.22838788018528
16 1000 16.5683544117103
17 0 5.58740568133309
17 1000 31.0220187386651
18 0 3.68105916754893
18 1000 19.0091606335601
19 0 3.72061558175189
19 1000 25.5745077937366
20 0 6.19140010869534
20 1000 18.1404012539181
21 0 5.90036380407705
21 1000 16.4025107158238
22 0 3.92167142618138
22 1000 13.4744598588727
23 0 4.2630759091019
23 1000 30.9862451308332
24 0 5.8717455714118
24 1000 14.7438730438483
25 0 5.57069208140516
25 1000 20.4487095318631
26 0 6.55455499584962
26 1000 22.8902336798511
27 0 3.97133515335001
27 1000 17.7414554081027
28 0 4.66457716278351
28 1000 49.3467947674284
29 0 3.54751370628465
29 1000 83.5944982961974
30 0 7.19162313125215
30 1000 21.3380420879818
31 0 3.8769550160985
31 1000 20.5984800978762
32 0 4.13668214028328
32 1000 34.748424988838
33 0 6.43485556331883
33 1000 41.3235772075007
34 0 5.16959588651444
34 1000 24.4752954511177
35 0 5.16807472419845
35 1000 60.3475057295669
36 0 2.55017248965476
36 1000 9.61902077218881
37 0 7.36490677226446
37 1000 43.0649643452577
38 0 4.51141544329947
38 1000 47.5423930736155
39 0 5.80665516064256
39 1000 29.466180636801
40 0 4.03106885370505
40 1000 27.0039881018391
41 0 9.4571022052095
41 1000 26.1390163849256
42 0 3.8277101628295
42 1000 29.7101615617218
43 0 7.93578925021367
43 1000 13.6332997055374
44 0 4.18421274346129
44 1000 18.5076333281559
45 0 4.44433281421993
45 1000 24.5886482715406
46 0 5.54879958539212
46 1000 108.775122743276
47 0 4.76022306442654
47 1000 36.6284558694252
48 0 5.92295094727943
48 1000 18.0217062469499
49 0 4.09518718714621
49 1000 16.1247997625164
50 0 7.91342074777451
50 1000 20.1700859270831
51 100 7.05655065837564
51 1000 20.9009203020718
52 100 10.4313753737785
52 1000 20.7278039499046
53 100 18.3448315088636
53 1000 50.2966704578497
54 100 9.69972353589243
54 1000 43.7717728691129
55 100 11.9504527772313
55 1000 30.9389514912795
56 100 13.7824407555223
56 1000 36.2351233629248
57 100 12.8274507552124
57 1000 18.8544719231761
58 100 12.2951044489628
58 1000 24.9828798459631
59 100 10.7960008771915
59 1000 29.1375561776295
60 100 19.0610260443416
60 1000 46.477220811632
61 100 8.6131382395228
61 1000 22.1379988156893
62 100 17.755875102308
62 1000 33.6758906040918
63 100 7.91167104511883
63 1000 13.7149571643688
64 100 6.37687197869429
64 1000 13.6017027959923
65 100 9.76523287952208
65 1000 25.3912993743291
66 100 10.2763878577424
66 1000 22.8652062214632
67 100 6.31122114893257
67 1000 14.2271737281489
68 100 8.42937472053872
68 1000 19.3205543230017
69 100 9.5560985009109
69 1000 20.1182722693514
70 100 5.87640011813352
70 1000 19.7688151583523
71 100 7.95537570198809
71 1000 13.911323034586
72 100 13.7065446146817
72 1000 43.6376004080784
73 100 9.57524674934156
73 1000 18.4221065828769
74 100 14.0117661677936
74 1000 33.4852773719238
75 100 18.6770756536254
75 1000 30.7404296040526
76 100 10.364937170763
76 1000 28.7203893938367
77 100 5.3625598421685
77 1000 12.3827575375664
78 100 8.09776534680953
78 1000 11.988129861299
79 100 11.1883958537985
79 1000 48.6424327393149
80 100 17.2274691510819
80 1000 17.6988749630091
81 100 13.4232433420063
81 1000 38.727521822854
82 100 9.93906811741255
82 1000 22.9884441900054
83 100 19.7283346847209
83 1000 46.9344263799724
84 100 15.8891094530245
84 1000 74.8422682167606
85 100 10.4679474886478
85 1000 20.6364218303565
86 100 11.9881182000505
86 1000 12.9280392809687
87 100 6.09050034512037
87 1000 10.7324802286783
88 100 6.70229599424691
88 1000 14.1726858187414
89 100 7.37249067673604
89 1000 20.3524171273967
90 100 9.5993662952032
90 1000 16.3079980694393
91 100 11.8492524881108
91 1000 43.9278894358809
92 100 8.00430705594678
92 1000 21.2753222643317
93 100 14.3452722214763
93 1000 45.4049015316244
94 100 7.06620851648872
94 1000 19.3149456127202
95 100 11.3532390168516
95 1000 28.5974647277755
96 100 12.286305822313
96 1000 35.6405759432671
97 100 14.1949330315034
97 1000 22.4643874815257
98 100 10.7323070182466
98 1000 33.4883421437205
99 100 5.55995068682638
99 1000 13.0667180056144
100 100 6.42801351935916
100 1000 19.7813603466984
101 0 6.34601926949275
101 300 13.9322234731427
102 0 7.59062698616528
102 300 13.2232867824472
103 0 3.96931927969088
103 300 25.1125611602036
104 0 3.00012447004211
104 300 9.63990308439338
105 0 5.34323684581215
105 300 15.9506971550704
106 0 4.19309393868269
106 300 18.1370249107244
107 0 4.15147142324829
107 300 57.4916792136894
108 0 3.65495022652957
108 300 23.1863851070612
109 0 5.12398360797171
109 300 13.5267609949199
110 0 3.08352200283919
110 300 5.85591884546164
111 0 5.55483456639166
111 300 12.5454504664326
112 0 6.24245583982754
112 300 22.5120026949171
113 0 3.92726438958301
113 300 20.3962656391878
114 0 5.25788739352932
114 300 18.4053005129465
115 0 8.67896899777384
115 300 42.3825227410708
116 0 4.30569418002047
116 300 12.2501458312846
117 0 4.16123983176537
117 300 23.9069227542202
118 0 4.88801531713318
118 300 13.2191002096478
119 0 4.03982841157277
119 300 14.8406671136134
120 0 3.02217731991009
120 300 12.4988707456548
121 0 6.21691786742845
121 300 24.5991925073553
122 0 4.14605097567619
122 300 20.4079657549531
123 0 4.20607836399613
123 300 8.91864096263808
124 0 8.24802296104412
124 300 16.5210861681076
125 0 4.75094238325885
125 300 7.84932892090983
126 0 5.0164429384488
126 300 14.6111556330135
127 0 6.08919743591641
127 300 12.0876339501243
128 0 5.77024480966996
128 300 13.3187815068412
129 0 10.4643000315609
129 300 17.7748725471754
130 0 2.94898411757912
130 300 15.3700484281819
131 0 7.58745092281046
131 300 33.6500074826159
132 0 3.24529720306547
132 300 40.1521196449499
133 0 7.23940115242201
133 300 11.4965695028003
134 0 3.26702159177202
134 300 19.6778090877404
135 0 4.67549635885979
135 300 12.2298537699278
136 0 5.71504185857867
136 300 20.4966021301379
137 0 5.73105619599505
137 300 49.8354384041122
138 0 7.46482347445132
138 300 30.6950647566452
139 0 5.65762220761552
139 300 25.8214587219166
140 0 5.44679263020425
140 300 20.25454127874
141 0 5.67678943900391
141 300 13.3861915296136
142 0 6.88179139670367
142 300 29.3529079003639
143 0 3.39803419856391
143 300 8.41386179486338
144 0 5.21828115750592
144 300 48.0734701306796
145 0 6.34189253197033
145 300 22.1001111899693
146 0 5.38377133993527
146 300 9.37354228724978
147 0 3.70788342003715
147 300 7.45823354649547
148 0 7.32246205147128
148 300 15.4965374397232
149 0 4.51113917527367
149 300 14.8766899969015
150 0 4.08085771832671
150 300 13.774956665665
151 100 8.76857830089146
151 300 8.93011362435972
152 100 11.780131963766
152 300 15.2852147204034
153 100 24.2124837818967
153 300 43.8032038563383
154 100 36.0895572781691
154 300 63.8901032002568
155 100 16.3062261938285
155 300 18.3339063893413
156 100 6.69498798006035
156 300 8.65236971711596
157 100 11.713022747719
157 300 17.8958040020544
158 100 5.02100471184085
158 300 8.32196820603505
159 100 14.6055666123271
159 300 23.8736011559971
160 100 16.8940276247494
160 300 30.688048531183
161 100 11.255285049417
161 300 20.8022004602948
162 100 7.41418307040812
162 300 12.8966584204429
163 100 8.59865207300704
163 300 23.1155348123497
164 100 13.195871675906
164 300 26.3654284331471
165 100 12.4914611110045
165 300 14.6863397280772
166 100 15.3902327917151
166 300 43.2773067963245
167 100 8.17292257856239
167 300 10.4105391723106
168 100 7.36681032993103
168 300 13.8170941083478
169 100 13.3927908902239
169 300 21.1116300219113
170 100 14.7616890912393
170 300 34.3255907750489
171 100 7.31209657905023
171 300 15.2125640922259
172 100 9.68742054954305
172 300 17.4350141737659
173 100 8.39968507884051
173 300 12.2783660322227
174 100 11.5229540879238
174 300 24.5655870872834
175 100 14.2701552079578
175 300 30.4359777220415
176 100 8.87269670920917
176 300 12.6514678677457
177 100 6.40047780600339
177 300 9.26420221530195
178 100 19.4740488922975
178 300 32.9008373404151
179 100 7.98872374570344
179 300 14.5511071202817
180 100 14.4827885194524
180 300 17.9374471535698
181 100 12.2110216481121
181 300 9.60234271921822
182 100 12.4651447827025
182 300 18.2978929386446
183 100 10.8862334437765
183 300 20.3657892898319
184 100 11.6578793995385
184 300 20.2061248878565
185 100 5.99376638465321
185 300 8.44685659002107
186 100 4.68496538951932
186 300 8.23277378783027
187 100 7.26378853149407
187 300 8.7444056236531
188 100 4.90315859934696
188 300 9.62880405007267
189 100 16.588455621998
189 300 17.25386583697
190 100 29.2389070552323
190 300 36.9461769954666
191 100 7.64931762654514
191 300 11.4483952177809
192 100 8.54423677138714
192 300 15.1900120897681
193 100 10.4395330113448
193 300 22.4013332426518
194 100 6.04406917286081
194 300 9.0231564113323
195 100 6.22658879398465
195 300 11.5285435840921
196 100 10.1258371668993
196 300 15.244755956949
197 100 12.446748498983
197 300 18.9803701216611
198 100 10.9779164182109
198 300 14.1515777916689
199 100 12.2621632730339
199 300 20.4193689150952
200 100 10.0991519529266
200 300 12.6697859604294
