id dose y
1 0 9.16486354658143
1 1000 16.1298002833076
2 0 4.06819695902285
2 1000 10.3349121181037
3 0 3.00598876925309
3 1000 15.8014210047993
4 0 8.26957785405049
4 1000 16.5275989331295
5 0 2.71451491097425
5 1000 28.3014467498968
6 0 3.35200827277095
6 1000 87.2706826451342
7 0 4.98539647822472
7 1000 48.9364642259251
8 0 4.71226732162993
8 1000 31.730993547002
9 0 10.361219185736
9 1000 18.0263542048199
10 0 3.75134188893027
10 1000 9.56831310454124
11 0 5.20617613275988
11 1000 33.7506512995435
12 0 4.32401731296038
12 1000 22.1493493796389
13 0 4.81409566738544
13 1000 39.9076475797028
14 0 3.65459641310022
14 1000 14.7160965777258
15 0 8.10631800603709
15 1000 24.3755560386273
16 0 6.534935914122
16 1000 13.2206814520908
17 0 3.12312881351073
17 1000 19.6999439415144
18 0 3.97270589125956
18 1000 23.719378822718
19 0 6.33007401749365
19 1000 35.640812046165
20 0 3.53705644482826
20 1000 36.6130491003608
21 0 5.35578340346922
21 1000 10.0584688780814
22 0 7.74037050482741
22 1000 25.4942159828542
23 0 4.66792208095451
23 1000 19.1563475515765
24 0 6.56831433484828
24 1000 24.5682566772132
25 0 6.65608985544028
25 1000 39.6949051541329
26 0 6.296695813884
26 1000 31.7549602126049
27 0 3.27877341555121
27 1000 19.2411031463825
28 0 5.61018800386819
28 1000 11.5559907332562
29 0 5.16825447383807
29 1000 43.0480922934601
30 0 2.7067900311536
30 1000 22.4400670131451
31 0 4.4782805047917
31 1000 15.5104887923324
32 0 4.88403987316758
32 1000 12.9644280548412
33 0 7.26876220132676
33 1000 16.0505970192549
34 0 6.7881267097118
34 1000 33.587352812649
35 0 6.05838084084129
35 1000 36.8932325301412
36 0 3.71262704939053
36 1000 25.6378507313652
37 0 7.26041368709641
37 1000 16.8623190134656
38 0 7.21649930736069
38 1000 22.8544002466043
39 0 3.89035645832987
39 1000 14.4596057140815
40 0 4.30918067086878
40 1000 31.842727065384
41 0 3.55603330111244
41 1000 13.4143782651669
42 0 5.338582018932
42 1000 11.2075685186545
43 0 7.73371398747665
43 1000 19.1709725640011
44 0 5.53350244637597
44 1000 31.2685336343271
45 0 4.6499548262446
45 1000 13.5140736105231
46 0 4.50489734988373
46 1000 11.4442704262014
47 0 3.20511368674906
47 1000 13.611587141197
48 0 9.89490461040781
48 1000 15.8481122969567
49 0 5.72318044264992
49 1000 13.7304538512947
50 0 6.49032531919182
50 1000 12.8085330870578
51 100 13.234668160026
51 1000 36.3715731149872
52 100 17.5847571297533
52 1000 28.2542855018611
53 100 10.8493910753601
53 1000 22.1003085690641
54 100 10.8124587256484
54 1000 25.9929590866115
55 100 8.40225477421196
55 1000 12.6670928653737
56 100 8.01605812015287
56 1000 27.4553800389904
57 100 15.5047037408739
57 1000 51.5766397646038
58 100 10.2023227467501
58 1000 13.7922035289366
59 100 9.9983300889019
59 1000 21.1286375097139
60 100 9.78541909359323
60 1000 13.188849475776
61 100 7.74643655736989
61 1000 29.0296932776568
62 100 8.39390414795521
62 1000 33.9874897069551
63 100 12.3376884005616
63 1000 33.6476288845784
64 100 8.30229703257481
64 1000 35.2183670667006
65 100 6.55788008713942
65 1000 10.5857079564924
66 100 15.6964119768676
66 1000 44.1402008559075
67 100 14.6992608255535
67 1000 22.8730035390779
68 100 12.5344269477976
68 1000 24.9894584463183
69 100 10.949415838349
69 1000 21.3255523206565
70 100 10.6706310043393
70 1000 21.441172608895
71 100 10.6783262657975
71 1000 38.3768055122417
72 100 10.112805934998
72 1000 16.1091896750907
73 100 10.2821840198171
73 1000 17.3494178720678
74 100 5.40907787889614
74 1000 13.5023006323174
75 100 8.92910194385916
75 1000 12.5502784818761
76 100 11.6148918364451
76 1000 15.8636700101665
77 100 7.50053849713982
77 1000 22.1193346072875
78 100 11.6883415907218
78 1000 23.1456831797936
79 100 13.581722542132
79 1000 25.7786189839953
80 100 18.237496636654
80 1000 37.1036399027197
81 100 9.20616416261051
81 1000 18.8658500302187
82 100 13.2955595888389
82 1000 30.1638295524868
83 100 11.685359066692
83 1000 21.1624152135081
84 100 8.72359058670415
84 1000 16.7374146691234
85 100 18.6181616856713
85 1000 40.8550857281536
86 100 20.0954115255761
86 1000 53.7278098127141
87 100 12.9006730728083
87 1000 50.883405431871
88 100 10.1032886081466
88 1000 27.4448366570414
89 100 9.79694116823381
89 1000 13.5188385862738
90 100 10.2730214527645
90 1000 16.4749405373032
91 100 15.786097097184
91 1000 21.9985680206856
92 100 9.12952654480821
92 1000 13.6596434191972
93 100 10.6055073644432
93 1000 13.0479661316938
94 100 7.43391842683754
94 1000 29.308910146528
95 100 4.87468385298719
95 1000 18.6580804610933
96 100 14.5712773997357
96 1000 33.2822393781592
97 100 10.5514501289664
97 1000 48.5213355341862
98 100 9.15924679669367
98 1000 16.9868473822212
99 100 10.1505597726978
99 1000 30.0914903005688
100 100 8.0470699980649
100 1000 13.6237838589531
101 0 6.84738369902479
101 300 18.2434415579644
102 0 9.94002132393529
102 300 34.3757558290421
103 0 4.26540635078076
103 300 17.6007935857429
104 0 6.29244410419036
104 300 12.4010608259007
105 0 4.09963041555544
105 300 13.3742746077926
106 0 4.6539542838371
106 300 13.4915855854999
107 0 6.74551361410551
107 300 13.5038963903466
108 0 4.68391227377725
108 300 10.7201321268419
109 0 4.83917767713777
109 300 23.6687832966693
110 0 5.60510427515217
110 300 9.82741516521927
111 0 7.92486942561476
111 300 9.28665139920309
112 0 5.34735473306872
112 300 20.1398207745428
113 0 5.08629021054278
113 300 28.916977922535
114 0 3.76451448920332
114 300 17.7086748588879
115 0 3.9733509817659
115 300 11.0593267533409
116 0 4.45836097544643
116 300 18.7162794522786
117 0 8.17595938062013
117 300 16.6350044626579
118 0 5.17007980507495
118 300 20.3372568756718
119 0 4.60305643379149
119 300 19.9601712424902
120 0 7.14501684625147
120 300 12.5918369915983
121 0 5.77564312365725
121 300 14.8545770431951
122 0 4.28810448753261
122 300 11.9050864154314
123 0 2.27528688121261
123 300 16.1294733624142
124 0 3.37900782398143
124 300 18.1645812110386
125 0 3.43322434952418
125 300 17.2935190650194
126 0 5.17624705913575
126 300 11.0607959519956
127 0 4.77117021703449
127 300 24.5209058284392
128 0 4.89402253540343
128 300 30.2196891779246
129 0 3.25298211827896
129 300 11.0916260762684
130 0 4.95457468771742
130 300 21.4619095107473
131 0 5.18036884972466
131 300 22.9924450883762
132 0 5.66736522462566
132 300 11.5111171848022
133 0 3.2253088062115
133 300 16.8129424100376
134 0 4.02081142401958
134 300 14.132561174671
135 0 5.24754094371673
135 300 22.3469976858614
136 0 5.29366736446357
136 300 42.8939913686333
137 0 3.3158039449713
137 300 9.52088043822231
138 0 4.34771399115527
138 300 18.48782071589
139 0 6.55543483616053
139 300 11.5380018863189
140 0 5.58540351679825
140 300 12.650365894469
141 0 2.94577453796283
141 300 24.9346712471391
142 0 5.32409704390772
142 300 15.3621479742471
143 0 6.92309916137582
143 300 18.3030802948332
144 0 5.21732344935841
144 300 13.6790770703255
145 0 4.69367718840233
145 300 11.7995461968769
146 0 6.39431769813262
146 300 24.3208439295621
147 0 7.69037805592351
147 300 11.6963445934029
148 0 4.60966670371752
148 300 14.9743711394279
149 0 4.99298722196755
149 300 13.6440365981598
150 0 4.75866880876161
150 300 15.9935238028937
151 100 16.8837851444622
151 300 29.6902058561338
152 100 7.71683728001229
152 300 20.654946218323
153 100 7.35728536634609
153 300 11.1297759733992
154 100 18.2089527459333
154 300 31.1310309681096
155 100 8.40943733307963
155 300 15.7296278055371
156 100 19.6691167233409
156 300 32.8013363213999
157 100 6.20677486110096
157 300 9.93108527921697
158 100 5.80352031977805
158 300 8.60673825335581
159 100 7.45152167459936
159 300 11.9779508788218
160 100 8.59550679609289
160 300 12.3794519798534
161 100 14.0425684270612
161 300 27.6151288282856
162 100 15.0043405400935
162 300 27.5453354355384
163 100 10.6319918556261
163 300 21.2402158976671
164 100 6.03976864490377
164 300 8.16547303431852
165 100 7.6322512190991
165 300 15.2533408645859
166 100 18.6566270834422
166 300 27.788442898141
167 100 23.1108115040568
167 300 33.4829563765112
168 100 9.72781876688279
168 300 14.2166146708431
169 100 6.57458910934119
169 300 8.62966295076309
170 100 9.30849450616918
170 300 13.720344223849
171 100 11.3501177536444
171 300 20.7682850072034
172 100 15.4975045974969
172 300 26.6949317497925
173 100 13.3251897481843
173 300 20.8671343520111
174 100 5.21059051865981
174 300 10.5142597047698
175 100 7.32430507829023
175 300 14.2659392319102
176 100 9.35546109326443
176 300 12.6415551162888
177 100 13.119652069525
177 300 16.9932422865471
178 100 3.52994324915459
178 300 7.55097081906433
179 100 12.5453834963534
179 300 26.4367811215114
180 100 13.1461018003535
180 300 17.1830026259655
181 100 8.46586027202154
181 300 21.5058112810283
182 100 12.6975077255017
182 300 17.6834518105312
183 100 8.26482785364286
183 300 10.413556308855
184 100 12.5725907755391
184 300 16.2310667525898
185 100 7.57688223018399
185 300 9.27358345535001
186 100 14.2442194086199
186 300 31.7362390298452
187 100 10.0264089407981
187 300 12.8481496558725
188 100 10.419085347192
188 300 15.3131126088025
189 100 9.26509025453971
189 300 20.9685278931566
190 100 32.496964902582
190 300 44.9661715365753
191 100 16.1966474571644
191 300 32.2181013667078
192 100 22.6064893853795
192 300 26.403604264556
193 100 12.5982613752811
193 300 18.7497947684457
194 100 8.14065572569406
194 300 8.80930050751651
195 100 18.4199234843197
195 300 26.8208779638701
196 100 10.237758277454
196 300 21.9763877228143
197 100 8.88182426904867
197 300 11.4051234181441
198 100 9.56312508323302
198 300 11.5267888721178
199 100 13.496392138891
199 300 28.2334392884191
200 100 8.14447571256614
200 300 9.38795438323456
