id dose y
1 0 3.01790958170295
1 1000 11.1692616618771
2 0 3.76299246535141
2 1000 10.7248876508695
3 0 5.71597819103421
3 1000 25.1134669046856
4 0 7.36711796000538
4 1000 59.7661593976243
5 0 4.53818719268782
5 1000 39.5770156311446
6 0 7.80052862234859
6 1000 61.0290009045175
7 0 4.44911183729345
7 1000 15.4324704466559
8 0 3.80074220192678
8 1000 21.1922517569324
9 0 8.96865972531542
9 1000 22.7573461339061
10 0 2.25308396624659
10 1000 15.6632173363029
11 0 5.2442253030231
11 1000 29.2924535882011
12 0 8.3427376318889
12 1000 15.7054017311716
13 0 4.98519697447032
13 1000 22.2326028455414
14 0 2.76871401846041
14 1000 60.2049580378242
15 0 3.28940083534027
15 1000 23.6410761978629
16 0 5.26979382415085
16 1000 16.3599190096405
17 0 4.03831903063898
17 1000 14.3724274998543
18 0 6.02717579584876
18 1000 10.0702256925186
19 0 3.12359293390407
19 1000 25.6193537899721
20 0 6.01079627787367
20 1000 18.8576694846078
21 0 5.61488403562842
21 1000 18.9769445258037
22 0 4.19290615154058
22 1000 21.1682549264829
23 0 2.3381794893688
23 1000 10.0036468875466
24 0 4.5424054753096
24 1000 18.7138046216185
25 0 6.38995490012972
25 1000 12.2247633551633
26 0 7.67674320652654
26 1000 23.2271154289834
27 0 8.38921463532683
27 1000 22.3500896193757
28 0 2.91563375571476
28 1000 26.499278435193
29 0 7.63844302976787
29 1000 17.8371243278467
30 0 5.33022670926859
30 1000 19.6510543847241
31 0 2.9256888794333
31 1000 77.7224639975912
32 0 5.40637541978009
32 1000 62.4165716069518
33 0 3.76630015514876
33 1000 37.757464909215
34 0 7.0971828378344
34 1000 27.7101153584657
35 0 7.5223993896095
35 1000 37.6606684828181
36 0 4.28739635593024
36 1000 26.9953410357619
37 0 4.59314119708312
37 1000 24.8649387911679
38 0 5.09636449381746
38 1000 16.7137314383961
39 0 3.57688730235087
39 1000 9.89040168369979
40 0 3.54728598642843
40 1000 57.7190526316273
41 0 4.6588160375332
41 1000 25.0989361584751
42 0 4.73543346732265
42 1000 14.8322245005596
43 0 5.35494018142348
43 1000 46.8763230205286
44 0 4.8546902145589
44 1000 17.2836677979788
45 0 6.02733748462617
45 1000 34.3869644323511
46 0 6.14621637252742
46 1000 15.6973547498715
47 0 10.1066939197942
47 1000 18.0773324940644
48 0 4.63955308490562
48 1000 22.4626804709853
49 0 3.30466540004713
49 1000 15.5877094620761
50 0 6.26655725093564
50 1000 21.7763522302391
51 100 8.7279614654124
51 1000 21.7484398081888
52 100 11.0972664289221
52 1000 51.8142123841653
53 100 12.6705486429983
53 1000 32.4048983181188
54 100 17.808175816753
54 1000 31.1749605045877
55 100 20.7397685518602
55 1000 63.5790207447886
56 100 13.1663855475796
56 1000 40.200703320974
57 100 6.54785950769452
57 1000 28.9092277464969
58 100 14.1977309223774
58 1000 44.8495278759949
59 100 18.34297661802
59 1000 65.4527687011295
60 100 20.2014094109789
60 1000 29.2845093340204
61 100 22.7831147141521
61 1000 46.1628227917842
62 100 4.86615203160355
62 1000 21.6886727791148
63 100 9.70151675395533
63 1000 21.6815654984829
64 100 16.6669467282017
64 1000 29.5991972997442
65 100 6.20958436826261
65 1000 13.890613964182
66 100 10.1890680538532
66 1000 25.6841922222155
67 100 8.23579745414187
67 1000 15.960899831135
68 100 10.2864589739299
68 1000 23.9742295764858
69 100 9.6999267240388
69 1000 37.636304954145
70 100 19.1183709294411
70 1000 27.2390503278058
71 100 9.65023800977138
71 1000 19.8597336213876
72 100 8.70709414306287
72 1000 18.8562514605189
73 100 10.5581878599343
73 1000 41.7390076697352
74 100 14.8379832013114
74 1000 43.748457486204
75 100 5.62068537449198
75 1000 13.5278438483999
76 100 10.1337861185984
76 1000 28.1985238861306
77 100 6.59407879149696
77 1000 17.2300477925822
78 100 11.8217425890591
78 1000 42.560733327345
79 100 11.1630415146686
79 1000 41.0853459073951
80 100 10.7267992438086
80 1000 24.0424905923009
81 100 11.9484418047743
81 1000 29.754188759994
82 100 8.35405516337918
82 1000 15.1285425172836
83 100 11.0346617952903
83 1000 13.3003255002025
84 100 8.44130419737314
84 1000 19.5696979055974
85 100 11.0285226963486
85 1000 34.5983244160142
86 100 10.9740814354087
86 1000 28.143706291142
87 100 16.0787591213327
87 1000 40.8039684008023
88 100 8.21344631342357
88 1000 23.7562131821218
89 100 9.26525913605138
89 1000 18.9548736735061
90 100 8.11839890263594
90 1000 29.6330431811653
91 100 11.7140026397156
91 1000 16.8444370948458
92 100 11.4048801944823
92 1000 26.6216777274318
93 100 11.8310221559315
93 1000 27.5508392668606
94 100 21.1530332547488
94 1000 41.7662631395694
95 100 9.64703694021614
95 1000 27.8949246242998
96 100 5.50069188061743
96 1000 14.5352123516344
97 100 6.41998570054555
97 1000 11.8606801706895
98 100 7.39293916308225
98 1000 16.8191647102116
99 100 22.8865670533615
99 1000 100.295618796763
100 100 12.9010829439381
100 1000 22.7846934848108
101 0 4.31849483379268
101 300 18.5451079803927
102 0 5.46764256384378
102 300 24.0843798244822
103 0 4.3277000381165
103 300 5.37573167693783
104 0 8.49717588178156
104 300 22.4619905416672
105 0 2.0307114665218
105 300 21.5218493479526
106 0 5.86849089969527
106 300 13.4472813178132
107 0 5.79867348418345
107 300 11.1258747792763
108 0 5.92540893688969
108 300 14.7518410956598
109 0 5.82943610564026
109 300 14.1830308087269
110 0 5.25522101611679
110 300 14.6850493715547
111 0 5.72388489584476
111 300 20.2720301623586
112 0 3.65681643829485
112 300 20.1016488085156
113 0 5.98375051105958
113 300 45.504391833757
114 0 2.82119836106888
114 300 18.1650971760575
115 0 3.14727443795557
115 300 8.53950713893525
116 0 2.86346632158929
116 300 24.9208046249974
117 0 4.31326187057876
117 300 11.9114157289855
118 0 3.22480545443427
118 300 13.7307266769332
119 0 7.94056546554704
119 300 15.3959793626059
120 0 5.71891314634539
120 300 23.5623053299129
121 0 5.91857307309977
121 300 28.2358282847294
122 0 6.1814822894001
122 300 13.3430851886609
123 0 8.00224706208848
123 300 24.1618649302962
124 0 7.43555111241689
124 300 31.3656575532167
125 0 3.91543722031361
125 300 5.7841987901802
126 0 4.55693075066133
126 300 13.244240492298
127 0 4.86206304331835
127 300 25.2240533819053
128 0 7.28003610463048
128 300 27.397569053638
129 0 6.58087237460046
129 300 14.0904573388255
130 0 3.86945912351441
130 300 69.8081626482185
131 0 3.33939428680632
131 300 10.5974770965426
132 0 7.1566945266654
132 300 29.2032982671412
133 0 8.2969530717171
133 300 30.6913075443778
134 0 4.85885809068522
134 300 8.63343861179369
135 0 4.40655765845599
135 300 15.3045519942285
136 0 2.69371911453533
136 300 27.1026337755739
137 0 3.25597177392238
137 300 14.270263596577
138 0 5.90195773768565
138 300 11.8888458860228
139 0 2.11527972790512
139 300 12.0202014868275
140 0 5.24132118347027
140 300 25.5498223040782
141 0 8.1885470781681
141 300 22.8001973167647
142 0 3.04707422421263
142 300 37.3684496950746
143 0 3.67165798903852
143 300 15.2915572042019
144 0 6.23793378562532
144 300 20.0993321473688
145 0 5.60474377229724
145 300 9.73842045442332
146 0 4.06917290568343
146 300 11.7733107498266
147 0 3.6032049742693
147 300 22.8246520851969
148 0 3.67827650875876
148 300 9.70633873015092
149 0 11.8340207805754
149 300 22.6605572992682
150 0 6.6155910482018
150 300 13.4352258729988
151 100 7.86406522110663
151 300 11.5644315695344
152 100 13.6057855526209
152 300 24.2047032978146
153 100 9.9421711242696
153 300 13.6077001849589
154 100 6.97405056048048
154 300 12.1927373077756
155 100 11.8758713202688
155 300 19.3777371647913
156 100 10.1558090939538
156 300 15.5906232179091
157 100 5.83055694450048
157 300 9.2743301660866
158 100 8.65415240885119
158 300 10.3209170472404
159 100 10.5427072138887
159 300 12.2920076226771
160 100 12.8651641234929
160 300 18.1338072760782
161 100 20.1777133651634
161 300 33.6200090708854
162 100 24.0075879517889
162 300 58.538707849386
163 100 8.28327640485082
163 300 9.78867446363786
164 100 18.967336385141
164 300 26.7098154026863
165 100 7.99691068785724
165 300 13.4590260899958
166 100 10.2279939940804
166 300 12.5987324717087
167 100 12.5436953119232
167 300 23.1970177772361
168 100 10.3450428315534
168 300 15.2367644283764
169 100 8.40947679945731
169 300 15.8032866267974
170 100 13.673022148043
170 300 18.6122725574273
171 100 7.04459397843774
171 300 9.95374905500141
172 100 11.8685556145143
172 300 18.8560598401361
173 100 15.4786033861311
173 300 31.9907551370686
174 100 7.75659267030427
174 300 11.8842604951184
175 100 7.62685258411697
175 300 11.6488704495048
176 100 14.9195930429569
176 300 13.4220676042547
177 100 8.06584908422304
177 300 10.5465076762111
178 100 8.70244074198573
178 300 10.7857782572893
179 100 6.29365445866083
179 300 6.85916159301885
180 100 11.1027459790209
180 300 15.4230039514075
181 100 8.53358621148114
181 300 15.6739584985836
182 100 27.4739038900554
182 300 40.7751974518046
183 100 7.50620712450764
183 300 11.6139289546495
184 100 8.64230792818196
184 300 13.2920841712215
185 100 8.81931369110863
185 300 12.8978501829262
186 100 7.4326837124158
186 300 11.9649041611217
187 100 14.1587423005444
187 300 28.9428704226006
188 100 11.7742818816964
188 300 25.3293606074969
189 100 8.50311353592546
189 300 12.9419089449676
190 100 11.9257293054147
190 300 13.6104319537438
191 100 15.0130472127016
191 300 16.7204659653642
192 100 15.3541481645622
192 300 28.5449570575594
193 100 7.58216604154859
193 300 11.2645943347544
194 100 11.1166034236944
194 300 15.6221811412245
195 100 16.6058791258912
195 300 25.5264320404185
196 100 28.9378372137506
196 300 46.1085897131205
197 100 9.20434317504527
197 300 14.6658244841563
198 100 15.6492810593957
198 300 25.3769018119676
199 100 10.8453952146027
199 300 17.4959451755825
200 100 8.55822895072614
200 300 16.5601272179908
