id dose y
1 0 4.71414029447982
1 1000 18.8855224742887
2 0 4.13081033509223
2 1000 63.4727674125977
3 0 2.99932832009057
3 1000 32.2064724856817
4 0 4.67084393159312
4 1000 15.3677162258165
5 0 5.35891695155383
5 1000 55.462572287029
6 0 2.66911261889517
6 1000 19.1398424417428
7 0 3.0567436859711
7 1000 10.3575965096197
8 0 3.03342701388939
8 1000 44.5740531995867
9 0 5.56715463954455
9 1000 61.4062988471781
10 0 8.86080752024676
10 1000 26.053949883488
11 0 4.66486845217066
11 1000 11.189691357119
12 0 2.62318598807465
12 1000 22.0165987015251
13 0 5.47305389207001
13 1000 15.2053145082068
14 0 5.90442781103797
14 1000 20.630460141231
15 0 4.39365385703887
15 1000 27.0940620347769
16 0 4.83148236206658
16 1000 31.1054357032223
17 0 4.16386140207569
17 1000 13.1166082840358
18 0 3.04503671579194
18 1000 8.90441621691676
19 0 4.8982000032139
19 1000 22.0419378063941
20 0 5.15908189040764
20 1000 20.4705456916964
21 0 4.87045621605113
21 1000 29.3335660443424
22 0 7.1056310470892
22 1000 27.2485470107297
23 0 7.14976742925018
23 1000 19.3786167284355
24 0 6.58865006836078
24 1000 25.4271367724174
25 0 5.5439299709946
25 1000 17.8538533742545
26 0 8.68297157091683
26 1000 19.8523018572398
27 0 6.44576166015622
27 1000 26.9201288318326
28 0 5.18094785951752
28 1000 14.3719555061606
29 0 4.63024782559376
29 1000 28.8161184883632
30 0 4.4246372929183
30 1000 37.3493481317507
31 0 5.05120505498377
31 1000 10.7309288699587
32 0 4.94552554428853
32 1000 11.7329391648298
33 0 4.15744023635741
33 1000 17.2976394843181
34 0 3.51319590834201
34 1000 30.9151211197199
35 0 4.23083763468507
35 1000 19.839686930817
36 0 3.50786297523921
36 1000 30.6257087568931
37 0 5.39676317308129
37 1000 18.3322253942818
38 0 7.44629077631515
38 1000 37.4450819902478
39 0 5.58685221326197
39 1000 45.4515416343599
40 0 4.67259873699023
40 1000 17.2472223241655
41 0 4.89508503330428
41 1000 11.1367586289772
42 0 5.01907270382451
42 1000 23.5108884715674
43 0 5.054083575288
43 1000 51.4908955523906
44 0 5.44322828832693
44 1000 25.9686963789203
45 0 2.90806090613965
45 1000 33.878410492116
46 0 3.50657047856861
46 1000 16.4942939148488
47 0 4.63015849610486
47 1000 18.2782987257466
48 0 5.0975679732144
48 1000 10.896544000864
49 0 4.24685462641995
49 1000 14.99760832723
50 0 3.28280467707132
50 1000 18.784661748203
51 100 12.9910919059334
51 1000 20.2366293485139
52 100 11.0499978191453
52 1000 29.4884944982319
53 100 33.3278248283954
53 1000 79.2036302244705
54 100 9.62403508220987
54 1000 25.9117899586318
55 100 6.21619513381893
55 1000 17.6889645982458
56 100 10.9979955446932
56 1000 21.7758304821461
57 100 13.2254986670452
57 1000 25.1546540270051
58 100 18.6708518491354
58 1000 61.0925185437505
59 100 13.8437999225002
59 1000 29.4472801126965
60 100 12.3426799138155
60 1000 23.8491616942589
61 100 8.50525549305386
61 1000 16.6794992813028
62 100 6.38743149491769
62 1000 16.9248580997541
63 100 7.1870243088074
63 1000 25.7483432266265
64 100 25.9597481067361
64 1000 64.8763053704847
65 100 11.1487356435701
65 1000 33.7013163871513
66 100 6.56967829416161
66 1000 16.8155030526683
67 100 10.0559795846204
67 1000 24.9673807870899
68 100 12.5335328909935
68 1000 45.1696624241335
69 100 13.1361953067581
69 1000 34.6523956005455
70 100 8.28204204193008
70 1000 34.3810122728819
71 100 12.2550137649281
71 1000 41.2275039809549
72 100 9.8130895951252
72 1000 20.6107050181696
73 100 7.96039654683045
73 1000 32.896720617758
74 100 11.3506010887442
74 1000 14.7270169082508
75 100 5.67218684422448
75 1000 14.5415573246658
76 100 11.4873492580794
76 1000 30.253674887734
77 100 8.49707780171956
77 1000 26.8977351784919
78 100 10.8417103840257
78 1000 24.2373579431809
79 100 7.42107368905806
79 1000 19.6238496365018
80 100 13.7707285668877
80 1000 38.0316863925067
81 100 9.98801016369759
81 1000 25.7412843148659
82 100 8.49488440868143
82 1000 19.973021717966
83 100 15.0344938495683
83 1000 29.8750690320025
84 100 9.91936935284581
84 1000 23.6429713067394
85 100 15.4477873334555
85 1000 32.3818461092929
86 100 14.2110867727655
86 1000 56.9854432146105
87 100 8.65002795291839
87 1000 19.7025946122416
88 100 8.90700806611397
88 1000 16.7320565865785
89 100 8.9276858659476
89 1000 25.1157075803391
90 100 6.918930235572
90 1000 16.1369467540514
91 100 16.8248334639792
91 1000 53.3575132476314
92 100 15.3463207322237
92 1000 21.185654306918
93 100 17.3113403732536
93 1000 42.7375090012994
94 100 14.6167087656052
94 1000 64.4866802834033
95 100 13.402875494574
95 1000 52.7107324869796
96 100 10.2572853276023
96 1000 15.940510107168
97 100 9.2579954756047
97 1000 14.7514220106183
98 100 11.0459404583395
98 1000 19.4992130512922
99 100 12.4851853890983
99 1000 26.4030037029561
100 100 8.09155486609911
100 1000 14.4431791876667
101 0 4.85708954678789
101 300 8.50136006025406
102 0 3.41718692952773
102 300 12.1289039652923
103 0 2.64190708131359
103 300 15.1849120793133
104 0 4.25499987428489
104 300 14.9118578058648
105 0 6.86189789573995
105 300 25.4265291431657
106 0 4.06446222823945
106 300 20.6675141392237
107 0 7.90940880321673
107 300 19.0926777322535
108 0 4.69210977786006
108 300 15.957960041441
109 0 5.97024854121969
109 300 32.6764955343705
110 0 5.10077451274021
110 300 29.9514606847266
111 0 3.78808684100613
111 300 9.37617263195725
112 0 5.25113359040216
112 300 12.7916868315323
113 0 4.87719696152169
113 300 27.317123880829
114 0 3.22267891546476
114 300 16.7446814125505
115 0 5.09723873752571
115 300 9.48245140224413
116 0 6.12853432196538
116 300 18.7276132350581
117 0 7.34768607213794
117 300 9.01904049500069
118 0 5.15548545241304
118 300 16.3671613166731
119 0 7.20442611763457
119 300 15.7858997084081
120 0 3.33339071550605
120 300 10.6267181674643
121 0 7.29355229822604
121 300 14.1411421985802
122 0 2.95413944029237
122 300 16.0796648360978
123 0 4.89766840241662
123 300 15.8943908734914
124 0 4.85652730815438
124 300 17.4959438263344
125 0 7.32959456491763
125 300 23.862359926841
126 0 6.02824438937446
126 300 29.9652818101889
127 0 4.18473776924988
127 300 25.1455956740737
128 0 5.36903114982551
128 300 25.4338301206519
129 0 7.58064485081078
129 300 38.7980991682255
130 0 5.51728706662816
130 300 16.3523557949533
131 0 7.56194337634182
131 300 18.0793145913864
132 0 4.43226292770902
132 300 7.59692641115875
133 0 3.06714119682368
133 300 33.2929738647354
134 0 2.92539660368111
134 300 29.9326231218049
135 0 2.60898357569864
135 300 9.81658371335614
136 0 5.5942850087955
136 300 16.8328054982005
137 0 5.54059936880102
137 300 15.086170441632
138 0 2.6672562084033
138 300 33.6196445540521
139 0 5.01542773552581
139 300 33.3363707347491
140 0 5.84041524698869
140 300 18.1427100078106
141 0 3.14678610260235
141 300 11.954956991124
142 0 2.47697723755215
142 300 13.0389547170259
143 0 7.92440830825856
143 300 13.5448115686569
144 0 6.45623959541327
144 300 11.5831649202984
145 0 3.61987942159126
145 300 7.10378709524367
146 0 4.50935705383616
146 300 20.9056677504061
147 0 3.27637349641613
147 300 14.815874908004
148 0 9.25827619104462
148 300 26.122571274174
149 0 4.68669483018353
149 300 24.4784188190085
150 0 2.89962702823784
150 300 18.8706062978637
151 100 11.8955581341021
151 300 21.0528050503086
152 100 14.1983903202066
152 300 13.8415905656305
153 100 19.2460312439781
153 300 23.3274603593876
154 100 14.0571492256308
154 300 22.447466211157
155 100 6.90531818190217
155 300 10.731443843198
156 100 20.5828450732688
156 300 32.6352516962316
157 100 5.11363418212974
157 300 6.90363891342122
158 100 11.7924892731259
158 300 19.742320572436
159 100 12.2516211408645
159 300 25.707653555156
160 100 6.11512874212203
160 300 8.64509134195322
161 100 6.34598404054828
161 300 9.97827741351147
162 100 21.8631105323472
162 300 30.7987710281965
163 100 4.92208902548695
163 300 6.87756506205067
164 100 17.4019207842336
164 300 29.6962287107396
165 100 8.33140570638862
165 300 12.6273359218001
166 100 13.3598745165616
166 300 27.0319373260932
167 100 11.721401736855
167 300 16.9511032670518
168 100 9.81983739002486
168 300 12.13458547445
169 100 16.7828631773879
169 300 21.2029818851956
170 100 17.7347344803368
170 300 33.2265440008304
171 100 19.2336267036157
171 300 35.6757354220121
172 100 9.89469911667092
172 300 20.1593060739129
173 100 13.5835560452452
173 300 25.6139444947575
174 100 18.3192672431656
174 300 34.8639760704485
175 100 12.2190813573462
175 300 16.8785947325542
176 100 9.26045785254814
176 300 14.3657407068083
177 100 10.0208324516824
177 300 11.6476660992546
178 100 7.36480671297294
178 300 10.8434619332013
179 100 7.14413984783443
179 300 11.1056390358522
180 100 12.756989056782
180 300 19.5786357299319
181 100 5.84686163927408
181 300 7.97594380574221
182 100 8.602256069213
182 300 9.93118067829995
183 100 9.39257087674825
183 300 12.8747444999537
184 100 10.6142588587911
184 300 17.1598166586594
185 100 7.84724830519122
185 300 11.8492978291231
186 100 7.02129652895603
186 300 10.3055716257457
187 100 4.21398272541698
187 300 8.1304338772671
188 100 12.5539494341482
188 300 21.4667853476565
189 100 11.8220048166683
189 300 17.9664709553095
190 100 9.30369270904344
190 300 19.49411790321
191 100 14.6276856960658
191 300 29.658149743841
192 100 8.79833229214698
192 300 17.6770190053558
193 100 15.9937888681098
193 300 25.0619378705995
194 100 6.03279617206315
194 300 9.95587414975223
195 100 7.21973964629448
195 300 16.1584110861888
196 100 9.43685656134122
196 300 18.3662071980742
197 100 12.5420201171097
197 300 19.1835731829021
198 100 19.8311010778764
198 300 43.2468048028695
199 100 12.7823067624273
199 300 19.1033062326573
200 100 11.5565988954092
200 300 19.5146119927078
