id dose y
1 0 8.1708815799786
1 1000 14.809161381748
2 0 4.60564859988615
2 1000 34.1384875428738
3 0 6.12465314925538
3 1000 16.6925446403043
4 0 5.45368974133232
4 1000 11.5553777056262
5 0 3.22465957792879
5 1000 35.6473950140592
6 0 4.83816191934663
6 1000 21.6977438245666
7 0 4.50759181233967
7 1000 17.5681048518248
8 0 9.65560487752489
8 1000 117.008760134295
9 0 4.03964227863609
9 1000 17.4945679407892
10 0 3.8114913298748
10 1000 13.0842408029952
11 0 7.09815118840773
11 1000 79.5263269428719
12 0 6.96737139798675
12 1000 28.3211258393364
13 0 6.34588515362607
13 1000 16.8591995559025
14 0 4.60598308553293
14 1000 92.670745299747
15 0 3.48600775278483
15 1000 40.443622438352
16 0 5.69750101195743
16 1000 22.7427956720093
17 0 4.58414424470614
17 1000 21.9035120140037
18 0 4.38720853644326
18 1000 38.5540825069252
19 0 4.30405535071328
19 1000 31.1248860379888
20 0 7.35724991366836
20 1000 12.8194922828835
21 0 5.45918380938691
21 1000 20.2633848852241
22 0 5.47254156766369
22 1000 35.711174939326
23 0 4.39189492312321
23 1000 21.3677677452137
24 0 6.22827262515565
24 1000 34.6144344967021
25 0 5.71610347750916
25 1000 43.8683316531894
26 0 4.42175092595948
26 1000 17.1394333573756
27 0 7.08333925141223
27 1000 19.8924171862443
28 0 5.22483678762526
28 1000 16.7014250375886
29 0 3.76682851674008
29 1000 48.7168486899364
30 0 3.9370427852818
30 1000 43.2798069228501
31 0 3.29253008725109
31 1000 19.8330423664252
32 0 4.39611826046343
32 1000 13.5869123782053
33 0 5.82489473454632
33 1000 23.4428795445269
34 0 8.55719090951083
34 1000 18.7486645047339
35 0 5.61960431544195
35 1000 34.1053245852351
36 0 5.63155151359334
36 1000 22.3411247685788
37 0 3.60372064099713
37 1000 40.1967681415165
38 0 6.88186355418511
38 1000 25.1610793932124
39 0 4.00453676198277
39 1000 26.9800985350805
40 0 7.53451699134786
40 1000 16.633700192699
41 0 3.6828558600185
41 1000 18.8018732149475
42 0 4.26368391970347
42 1000 35.5484698139572
43 0 7.21661832352499
43 1000 20.0808437432967
44 0 5.00411946356724
44 1000 17.8571035593364
45 0 5.10274258071641
45 1000 18.5322393866914
46 0 4.60214487532528
46 1000 43.4607142981324
47 0 4.72242285384977
47 1000 10.0324831663848
48 0 4.64030675152498
48 1000 36.128835270202
49 0 6.63301685792745
49 1000 22.1660547351988
50 0 8.59631597727338
50 1000 39.5314230838727
51 100 8.47861287806786
51 1000 17.4682768259182
52 100 6.83751150279326
52 1000 17.1348363078822
53 100 8.357195449105
53 1000 21.0143339705969
54 100 9.21094289893309
54 1000 13.732270186659
55 100 9.26184030728376
55 1000 16.2037980220276
56 100 15.7472420724875
56 1000 29.6874932854311
57 100 7.5233135199386
57 1000 20.1642192707843
58 100 8.67276055017494
58 1000 21.0046012420959
59 100 16.5932182791153
59 1000 39.7477892750263
60 100 8.64413467643087
60 1000 23.2059530314505
61 100 8.38421755704438
61 1000 21.2354986423659
62 100 9.9098952371225
62 1000 31.8242670216397
63 100 9.63865228052431
63 1000 24.4648341834527
64 100 9.17705400413041
64 1000 12.6343845263482
65 100 6.20607205133306
65 1000 15.0256905512883
66 100 14.1647190126892
66 1000 66.9365662200323
67 100 11.5173428131574
67 1000 28.1431624697986
68 100 7.79149363365715
68 1000 31.9967970910807
69 100 16.5517509932228
69 1000 62.5849890773317
70 100 12.4950726213853
70 1000 45.6306440067502
71 100 13.0388291180823
71 1000 32.7155342810828
72 100 5.05010345160303
72 1000 8.9968538319936
73 100 6.84905167577832
73 1000 12.9710477641197
74 100 10.572073551406
74 1000 28.7984488871827
75 100 11.1021994419676
75 1000 21.5032782757258
76 100 8.17249197737074
76 1000 25.5882914427823
77 100 8.82660443835906
77 1000 27.8889000772525
78 100 7.48853407936279
78 1000 17.8422970616136
79 100 13.0687585259717
79 1000 53.4123674719951
80 100 13.6520220258588
80 1000 27.7674581821089
81 100 9.64737774666757
81 1000 17.6463779432764
82 100 10.9795879289162
82 1000 28.7048796071253
83 100 14.3082240876614
83 1000 17.5441787946054
84 100 24.7316292258144
84 1000 44.8686996605888
85 100 5.09895997628961
85 1000 15.9646406695333
86 100 15.007992731619
86 1000 38.8122757917941
87 100 24.1193695544023
87 1000 53.0631223347677
88 100 22.0804919029779
88 1000 48.1003071249818
89 100 9.05544622496002
89 1000 11.4176633638421
90 100 9.64431889898609
90 1000 19.5739125263226
91 100 9.00471194227472
91 1000 22.5980323886529
92 100 7.87037948963023
92 1000 11.0166927068862
93 100 5.94387010808437
93 1000 15.266154827727
94 100 6.49787105203141
94 1000 14.0060244551993
95 100 14.0939291628848
95 1000 25.052634431361
96 100 12.7292345544415
96 1000 46.2992932626193
97 100 9.03803707082209
97 1000 29.1788469201172
98 100 17.822479977379
98 1000 45.3928923503735
99 100 9.59577843180845
99 1000 17.5836853256235
100 100 10.5549401961329
100 1000 19.318433294542
101 0 4.6336905400843
101 300 28.7973429412153
102 0 4.05762958696099
102 300 16.2669236616599
103 0 4.20291900121516
103 300 11.5463183157632
104 0 3.99574344040646
104 300 11.7487897457202
105 0 3.91897660234913
105 300 18.0291496099123
106 0 2.47777987782869
106 300 13.8688127914495
107 0 5.04040089124978
107 300 26.9341342608988
108 0 5.00676823045404
108 300 44.5063748982257
109 0 5.74332372232992
109 300 21.6826407439247
110 0 5.87610110326631
110 300 14.4047603484713
111 0 7.17550194139669
111 300 24.541863516516
112 0 6.40688269296393
112 300 13.7368748211374
113 0 3.50840378619983
113 300 9.86326850398105
114 0 6.12258785672712
114 300 32.220115687838
115 0 4.04493715252059
115 300 14.570554071469
116 0 4.16576260594144
116 300 14.8902359903125
117 0 4.07248449897187
117 300 19.8449148628161
118 0 3.29889861823376
118 300 17.3972012495281
119 0 4.02150949844209
119 300 17.7129305269976
120 0 3.06644398618833
120 300 30.051148750727
121 0 5.36526091561785
121 300 14.811820210698
122 0 3.58285476535897
122 300 9.77192126829392
123 0 5.5268915422939
123 300 20.5503096432495
124 0 6.49780945428631
124 300 41.9045996195363
125 0 3.6799446857631
125 300 7.31257221386379
126 0 5.41116629960146
126 300 40.2235229313126
127 0 6.96609385632768
127 300 18.905789814512
128 0 6.22806013596299
128 300 23.6777684673317
129 0 7.25470714939608
129 300 11.8375546777535
130 0 4.88527325231491
130 300 17.5506962947809
131 0 4.54736518903016
131 300 13.6941265760664
132 0 5.67584816012855
132 300 9.61020398196754
133 0 5.48191203688806
133 300 13.1766869123377
134 0 3.61601199147344
134 300 12.439414899966
135 0 5.19488518917488
135 300 15.2070923310822
136 0 4.16056021016345
136 300 9.8575174514919
137 0 5.70701444705118
137 300 12.4650305011695
138 0 5.05603848289223
138 300 11.4171466902699
139 0 2.89701572514512
139 300 11.9865148144658
140 0 6.05369713802839
140 300 32.2445167467086
141 0 3.12915372740653
141 300 12.0473071816581
142 0 4.50088342855909
142 300 19.6643399595303
143 0 4.42976464977233
143 300 30.5770553682504
144 0 5.92533411343333
144 300 22.229227388587
145 0 6.13877869127841
145 300 18.6552368640635
146 0 5.6779929646013
146 300 25.8763107974469
147 0 3.57827805360868
147 300 19.8408111795768
148 0 4.93494638451654
148 300 19.9219677383188
149 0 4.34915947092449
149 300 13.5791734984699
150 0 5.6797921650415
150 300 41.2003167591357
151 100 13.1490365809106
151 300 22.5242637006489
152 100 26.1239325001713
152 300 49.8986125330269
153 100 12.3043055095737
153 300 20.9915398122904
154 100 8.76586272621313
154 300 12.7119976000323
155 100 9.65663596332332
155 300 12.7903255056179
156 100 8.08696541221092
156 300 8.90612091647246
157 100 18.4954173466285
157 300 22.9122318276228
158 100 15.1726724047269
158 300 29.009961862407
159 100 7.11177004471161
159 300 14.4238260960532
160 100 9.97035313136912
160 300 13.8650990318706
161 100 23.5328416494728
161 300 34.8538695385749
162 100 7.28507601310254
162 300 10.2206980741954
163 100 7.62311726339711
163 300 8.81101753389696
164 100 4.96917493551091
164 300 9.53918695369191
165 100 4.98861781033522
165 300 8.53021920816456
166 100 6.67706365033261
166 300 10.3521011193112
167 100 9.53900638590903
167 300 14.3297477941342
168 100 10.7508271864039
168 300 27.9045045614824
169 100 7.98230706459828
169 300 14.8367701224063
170 100 8.46173288645967
170 300 12.4910763889488
171 100 14.475802131632
171 300 14.5980910838416
172 100 12.7160312855051
172 300 30.5105333939393
173 100 8.73828956403241
173 300 12.2125198037908
174 100 13.1371238473536
174 300 23.8665050963583
175 100 6.38566481351101
175 300 11.7899634730429
176 100 12.1893624443662
176 300 21.1436708886026
177 100 12.9727362191425
177 300 29.9202338411976
178 100 15.0776292775883
178 300 22.5702265125388
179 100 13.1265851142674
179 300 21.0176600287669
180 100 15.2617122685783
180 300 19.1316877403454
181 100 11.252557137348
181 300 14.9825413376659
182 100 13.1809992420099
182 300 28.9343353060702
183 100 9.00433725590042
183 300 13.2458356141492
184 100 11.261144792783
184 300 13.7699341678721
185 100 13.099481882104
185 300 19.661495047824
186 100 9.17690252908534
186 300 13.4514790781392
187 100 17.6666676949454
187 300 23.2915348249814
188 100 10.6160915332038
188 300 20.2011808227892
189 100 10.7031042302049
189 300 16.4568772271336
190 100 9.70985669468491
190 300 12.40984213221
191 100 11.7231365950254
191 300 22.5086898122617
192 100 4.86497471097242
192 300 6.55614527008343
193 100 10.5522128802934
193 300 13.453247805591
194 100 9.04024492185526
194 300 11.8457457554599
195 100 7.79581942838723
195 300 14.5479215151545
196 100 8.14058048293208
196 300 14.061591072052
197 100 9.77670776262824
197 300 18.0447836112311
198 100 11.1415271437733
198 300 20.8422896990339
199 100 18.4725533477358
199 300 35.9224411427971
200 100 9.02351203427088
200 300 16.5513212869277
