id dose y
1 0 4.80289547819624
1 1000 30.98001525244
2 0 5.83178832687752
2 1000 14.1988282333229
3 0 6.41365437436848
3 1000 73.6969875027458
4 0 8.62074081399976
4 1000 19.4120812198169
5 0 6.49716610803416
5 1000 75.6479125512728
6 0 5.38766348653337
6 1000 29.4421757536258
7 0 10.8124892453078
7 1000 30.9519965383633
8 0 4.70475965825237
8 1000 19.1115742322017
9 0 3.55980949863275
9 1000 47.6316733384819
10 0 4.65623847050883
10 1000 13.2127975849682
11 0 8.54468864073266
11 1000 21.8657444281067
12 0 4.64060615595563
12 1000 41.4641981851879
13 0 10.54327426408
13 1000 70.5338016400361
14 0 5.24338844204866
14 1000 84.4242391900494
15 0 5.05711124386524
15 1000 11.0860581183126
16 0 5.70199728918087
16 1000 31.0282532405478
17 0 4.57322579567175
17 1000 14.8985579633863
18 0 3.77825803450093
18 1000 13.583749292204
19 0 7.4431934575287
19 1000 40.9010626035413
20 0 6.4009020411705
20 1000 35.2357279506072
21 0 4.60191929586504
21 1000 46.4431823108491
22 0 6.7548642472043
22 1000 29.3538498257657
23 0 4.34401735258505
23 1000 20.8949854397137
24 0 5.09688367566205
24 1000 41.9687246264363
25 0 8.04869613950084
25 1000 30.9452302461379
26 0 4.58287151954093
26 1000 20.6002337999012
27 0 5.41909600234716
27 1000 37.7664231088092
28 0 4.51747214992214
28 1000 16.9961259783478
29 0 5.52099347115145
29 1000 22.4128580725862
30 0 4.06082489523566
30 1000 11.8960048100629
31 0 4.72354957878647
31 1000 14.4600580868771
32 0 5.96572740804947
32 1000 41.0114500358092
33 0 5.85463470592061
33 1000 19.3862877519575
34 0 3.7904269599678
34 1000 9.05570488612895
35 0 6.22966305632236
35 1000 42.085729017253
36 0 4.09796301749429
36 1000 17.7354481265016
37 0 2.74695457754611
37 1000 39.6413921443302
38 0 7.75030965728657
38 1000 26.5001107945104
39 0 3.69254446333446
39 1000 46.8315683389471
40 0 7.07194412067105
40 1000 67.9809518826
41 0 10.2174692455047
41 1000 28.9358519552741
42 0 4.20934072454736
42 1000 14.5296699495306
43 0 11.3726070888664
43 1000 25.7835892500231
44 0 4.51266771190179
44 1000 7.7484093750873
45 0 5.00253134616579
45 1000 26.3255332992334
46 0 4.60197581484814
46 1000 26.6356289980219
47 0 5.17854085273843
47 1000 32.9986625340982
48 0 7.3891367748693
48 1000 21.1346751017209
49 0 6.46977676293588
49 1000 17.3611200653527
50 0 5.14244048094759
50 1000 43.1947113445796
51 100 10.5209957261585
51 1000 33.7933139010139
52 100 11.2420020387216
52 1000 14.9025480290141
53 100 9.69369726991263
53 1000 17.954503020389
54 100 10.4696635442962
54 1000 17.0718991217268
55 100 8.85019759193932
55 1000 21.5795739008175
56 100 7.42836763741108
56 1000 20.8751238599859
57 100 15.0509182547227
57 1000 101.098739984365
58 100 12.0267245384494
58 1000 30.1508222530381
59 100 13.1739912107551
59 1000 33.2121968552912
60 100 9.87313482507475
60 1000 16.2686849046924
61 100 12.7799763367792
61 1000 41.8856115483176
62 100 15.2213202843062
62 1000 29.1155920661918
63 100 5.94267646675481
63 1000 16.5322910097258
64 100 14.3865132290606
64 1000 30.1199994583974
65 100 5.80126730760388
65 1000 12.270777804967
66 100 11.0137618237303
66 1000 29.5707416546965
67 100 10.7175568682288
67 1000 31.1585925771986
68 100 4.62576418222367
68 1000 13.3256338515938
69 100 14.3065662939174
69 1000 34.7207365503388
70 100 9.47721610172164
70 1000 14.2394491386044
71 100 12.5098331306915
71 1000 38.0832283336064
72 100 8.88143680443573
72 1000 20.7004092082475
73 100 10.7624948273086
73 1000 31.0730051802477
74 100 10.3598140766977
74 1000 33.2389512575019
75 100 10.8960555829884
75 1000 31.678869044778
76 100 8.94465318319131
76 1000 21.0033801348812
77 100 11.2155291475935
77 1000 39.4758117307893
78 100 5.93507748319757
78 1000 12.9716184000911
79 100 8.24078055969394
79 1000 11.1860140224512
80 100 6.094500037767
80 1000 16.074419078095
81 100 12.0998207171217
81 1000 26.6653653459523
82 100 7.407108948809
82 1000 16.156407046564
83 100 13.4371677721755
83 1000 36.830243740537
84 100 10.096077354853
84 1000 39.8252992454351
85 100 8.88367236114702
85 1000 26.0659394873708
86 100 11.8071577484763
86 1000 16.5248368747075
87 100 12.0825493167328
87 1000 28.3060812407808
88 100 11.8526037121241
88 1000 12.5075350075981
89 100 10.2816710865089
89 1000 27.9572139819381
90 100 8.39494260814241
90 1000 28.7018157752332
91 100 12.1744806465848
91 1000 24.3616930051708
92 100 8.23535596309307
92 1000 17.0555087278086
93 100 9.84709805765274
93 1000 29.4758612468467
94 100 7.91996243284194
94 1000 14.8442598031229
95 100 13.2304402195469
95 1000 32.0420763544611
96 100 10.3781269624713
96 1000 35.4256782909386
97 100 6.97923020382848
97 1000 11.7424250834603
98 100 10.4565444396072
98 1000 22.6796323449195
99 100 8.63925484155146
99 1000 16.2675510087603
100 100 16.6235427003509
100 1000 53.511715256873
101 0 5.12271607204189
101 300 15.4321206206019
102 0 6.37788348005887
102 300 26.7957563448098
103 0 2.44000338961989
103 300 15.4906897710072
104 0 3.67428495041148
104 300 10.8068021967838
105 0 6.23730932194874
105 300 11.7732647498472
106 0 4.54107651242233
106 300 20.9458918448347
107 0 4.83212635443833
107 300 20.8555008106227
108 0 5.06224895388199
108 300 40.2442683591886
109 0 5.81705764015401
109 300 32.9187014588348
110 0 7.93797345705284
110 300 13.3981032813026
111 0 4.1520166842582
111 300 26.4872716153297
112 0 5.14365190241442
112 300 17.6990432373306
113 0 4.18398035876153
113 300 8.63150500747449
114 0 4.70229869286645
114 300 7.54873702364768
115 0 4.04456096642882
115 300 9.99392475499593
116 0 6.20473682913357
116 300 28.7121733022123
117 0 4.37081692487164
117 300 17.5560047350964
118 0 6.49184022865286
118 300 19.2320555722672
119 0 4.19289265446735
119 300 23.3276089079298
120 0 3.42828851847792
120 300 8.07585249337861
121 0 5.41079989130395
121 300 30.0044174474696
122 0 7.75518189649638
122 300 16.8113106329251
123 0 5.49455281636731
123 300 13.2595856631426
124 0 5.29089838269144
124 300 16.1511938056474
125 0 3.70749331879734
125 300 17.5826190882381
126 0 5.95673167478154
126 300 36.6293361655356
127 0 5.5786298979602
127 300 18.912890080547
128 0 4.49667081211382
128 300 16.2401512516865
129 0 4.67130125957667
129 300 13.4865798935083
130 0 3.68641993930609
130 300 8.76561264355277
131 0 5.5054835829532
131 300 13.305427750038
132 0 10.2661518939186
132 300 25.0115240441735
133 0 5.28709946041252
133 300 15.3060129672448
134 0 4.85854118239596
134 300 20.7707501394991
135 0 5.70922353588296
135 300 6.82033713192685
136 0 3.35595038351451
136 300 10.438655096949
137 0 5.19238259446565
137 300 10.8839935273709
138 0 4.4795293584965
138 300 18.7494357526157
139 0 6.49391366553407
139 300 15.8366306529746
140 0 6.04546617904363
140 300 12.8447072527357
141 0 6.32648855807981
141 300 23.9182185288074
142 0 4.32917543569227
142 300 11.9803728749094
143 0 5.98816631889818
143 300 16.9886657174391
144 0 4.6408994796685
144 300 17.3730609886201
145 0 10.6509036868065
145 300 21.5158172758617
146 0 4.49556015740159
146 300 7.76761166169208
147 0 3.38962512453586
147 300 14.7616285418903
148 0 3.41604256338519
148 300 9.65870514184594
149 0 9.30329312156787
149 300 14.1629598296019
150 0 2.96780609411751
150 300 12.910459876021
151 100 8.49415924223403
151 300 14.8696176554886
152 100 8.94434578938836
152 300 14.0894342188912
153 100 12.6385551288607
153 300 15.6995753694195
154 100 17.0896515239087
154 300 32.3637862285873
155 100 4.65969272805104
155 300 4.70746911397054
156 100 16.5167944047419
156 300 32.013567203633
157 100 10.9208353685008
157 300 17.2601158669935
158 100 10.5919132345878
158 300 15.2861511416363
159 100 7.55880531258842
159 300 10.3694818561257
160 100 12.6851023531594
160 300 21.6275076405025
161 100 15.7479313188493
161 300 31.856308589904
162 100 6.29797247524866
162 300 9.9354768484437
163 100 5.93967269103323
163 300 8.42432439933657
164 100 13.0089216536474
164 300 26.8422764260514
165 100 16.4523705842825
165 300 33.8752756799983
166 100 8.95509308136148
166 300 12.5648016913748
167 100 7.89025499039277
167 300 11.0821822000148
168 100 9.16435103783035
168 300 16.1896083963575
169 100 12.6980917250661
169 300 22.5135688963052
170 100 6.40348921406538
170 300 9.38875707202784
171 100 7.91752588462655
171 300 11.3278635996632
172 100 10.1008119838044
172 300 11.6145380332485
173 100 14.6531280453179
173 300 31.0331661635353
174 100 8.52574784077475
174 300 19.9975248965308
175 100 11.6671060896491
175 300 17.2443863625512
176 100 8.63229310675818
176 300 10.1644582384082
177 100 10.42966450166
177 300 22.5235590697982
178 100 6.73249696020238
178 300 8.28844306477758
179 100 13.8852294073036
179 300 17.4795606443429
180 100 9.27269784566419
180 300 20.8888052499808
181 100 5.63678815716206
181 300 5.82876292152897
182 100 8.34335382593002
182 300 14.3088000822803
183 100 7.45536681179165
183 300 11.46350184459
184 100 14.5688032144035
184 300 31.9224323260102
185 100 7.35682355301671
185 300 8.70247194077031
186 100 12.9437000714216
186 300 21.4509676147983
187 100 11.4828760049689
187 300 18.8802501763696
188 100 14.5912450898925
188 300 25.3640702525505
189 100 8.7025314706314
189 300 18.3248409793444
190 100 11.8446790747995
190 300 21.2328399097306
191 100 15.0158013983257
191 300 25.9872072939813
192 100 10.5722691148276
192 300 17.1552849448979
193 100 9.66233982787155
193 300 16.6995399709354
194 100 8.53933463484037
194 300 14.4346069432707
195 100 16.7858511602362
195 300 27.1828499255302
196 100 27.732880869992
196 300 58.3702047096209
197 100 10.9307448180783
197 300 21.5172159186178
198 100 16.2420001646624
198 300 19.412231598714
199 100 13.7987233226639
199 300 23.1607921665857
200 100 11.2443418519968
200 300 25.1907370499514
