id dose y
1 0 5.17439303834423
1 1000 34.6713027299483
2 0 4.44742409135295
2 1000 61.8615035049402
3 0 5.86065544699828
3 1000 24.0048034118135
4 0 6.14247972030289
4 1000 13.8617301897837
5 0 6.3614334191365
5 1000 21.7785777896076
6 0 5.08881747552969
6 1000 15.1830416075674
7 0 3.995217246466
7 1000 30.9635131399955
8 0 4.60469851008427
8 1000 13.6823155535473
9 0 3.28850918217378
9 1000 16.6034184582163
10 0 5.42561887566655
10 1000 19.6232424068641
11 0 8.94543655547176
11 1000 24.6189050940279
12 0 5.79534867583157
12 1000 29.7798127191259
13 0 5.16405145045566
13 1000 30.921652990808
14 0 9.28351510224573
14 1000 20.4442686616952
15 0 4.39684970751758
15 1000 11.2065157276708
16 0 6.94248732694219
16 1000 14.0575740632425
17 0 4.54889261408563
17 1000 32.2657445469847
18 0 4.57439450395058
18 1000 32.6113293780675
19 0 6.9376512379009
19 1000 25.9986504581262
20 0 4.11219133714152
20 1000 36.9310396656319
21 0 4.24077650700336
21 1000 88.3390716405769
22 0 5.19959637514356
22 1000 21.1233201324058
23 0 4.95387235715063
23 1000 37.428590093899
24 0 6.22341090244175
24 1000 15.7336160513762
25 0 10.9478392159902
25 1000 31.4556170454091
26 0 5.43854873696423
26 1000 19.4534486930136
27 0 5.082296060495
27 1000 19.2701899658699
28 0 5.94547041806622
28 1000 16.5685068018578
29 0 2.66948857467204
29 1000 25.568826636929
30 0 4.11694189288164
30 1000 38.0699989720931
31 0 3.95181350652998
31 1000 34.884503612915
32 0 5.09886355891801
32 1000 24.8757783464368
33 0 4.43542991135423
33 1000 29.2279790004443
34 0 5.03037177052385
34 1000 71.8594468861056
35 0 4.50960980261198
35 1000 22.7397736007134
36 0 2.56603831439718
36 1000 33.0687278636133
37 0 4.26491204562804
37 1000 29.4879481972977
38 0 8.41732986271561
38 1000 20.4745939348327
39 0 3.66622969091924
39 1000 21.3534069799015
40 0 7.06398511656046
40 1000 24.9668709246536
41 0 4.77265961441508
41 1000 27.782878428688
42 0 3.47999494432634
42 1000 18.5481382584682
43 0 4.04614934350062
43 1000 32.2717918187604
44 0 3.52601835303931
44 1000 44.0375497520332
45 0 4.27178625430911
45 1000 30.1162472991204
46 0 9.033534165208
46 1000 35.7274667175431
47 0 3.81507598958255
47 1000 49.6149092195967
48 0 3.54966881671403
48 1000 15.5129868179319
49 0 3.18966294487929
49 1000 22.8822412653489
50 0 4.12984923291376
50 1000 38.7941391383002
51 100 7.97505247800427
51 1000 17.0611845546691
52 100 9.12103723995406
52 1000 21.6800643309454
53 100 15.3994782851765
53 1000 33.1826217963974
54 100 9.15800072391886
54 1000 30.0601531482328
55 100 9.44173381694534
55 1000 23.7464538586967
56 100 12.3198965664003
56 1000 31.392411595589
57 100 5.96836301270373
57 1000 5.87269986489596
58 100 11.5881314007567
58 1000 29.0612489916324
59 100 17.954434236826
59 1000 35.4834256489369
60 100 10.0832427234459
60 1000 15.6028393961482
61 100 8.47523692573071
61 1000 17.4288045734683
62 100 12.4643973925317
62 1000 49.5185855465893
63 100 7.28079742984169
63 1000 24.7708748668942
64 100 7.75489982054762
64 1000 20.3478830215372
65 100 10.4855970529587
65 1000 22.9352975155029
66 100 11.5902117956892
66 1000 29.7328511352714
67 100 7.06243829274945
67 1000 20.7555650703277
68 100 14.1683110855785
68 1000 25.0996774007826
69 100 6.02486986692907
69 1000 13.8755956411429
70 100 9.59150670991743
70 1000 26.4164041701327
71 100 6.38164287461374
71 1000 11.7951535693817
72 100 10.5254348902651
72 1000 20.8464889266335
73 100 12.909848169858
73 1000 24.3220336007526
74 100 16.2539954908053
74 1000 38.1500879633
75 100 12.0767665542731
75 1000 21.9130350837484
76 100 10.773253736318
76 1000 36.1058976725882
77 100 17.9812643130612
77 1000 57.7655106791002
78 100 13.2075016899513
78 1000 23.2407184553885
79 100 7.93154161021966
79 1000 21.3616498871491
80 100 9.98917948259341
80 1000 25.1799512347837
81 100 7.52752949157651
81 1000 24.2311330002143
82 100 5.02373825426616
82 1000 16.7902373414349
83 100 9.16916216369868
83 1000 14.727452124034
84 100 16.725222591457
84 1000 29.7849236884088
85 100 13.3620737583849
85 1000 29.4926828355379
86 100 7.93209900993885
86 1000 14.947447494404
87 100 5.38800012971049
87 1000 17.2070168405677
88 100 10.9350923965803
88 1000 19.027347714942
89 100 7.67737087769998
89 1000 15.3480547315722
90 100 8.27783784715774
90 1000 13.8552799023293
91 100 7.7115250882501
91 1000 30.318820871322
92 100 8.20569816842844
92 1000 16.0293292027448
93 100 16.5472098087525
93 1000 30.7374291753805
94 100 11.2234115421379
94 1000 24.2085346444141
95 100 11.2894481621121
95 1000 22.2631698521302
96 100 6.8979383414378
96 1000 21.4122660379838
97 100 6.93280746640063
97 1000 19.9789039565707
98 100 14.5169699101455
98 1000 56.3312178212909
99 100 8.38206790174891
99 1000 14.5829419980076
100 100 15.1189881023087
100 1000 45.1098936684353
101 0 6.86116184816558
101 300 18.4633429236298
102 0 7.5537393502877
102 300 19.181110728699
103 0 7.17056829214015
103 300 13.7300140761243
104 0 7.41321124939588
104 300 17.2666395660789
105 0 4.21294725123201
105 300 11.4796130950787
106 0 10.0028652718642
106 300 18.1496061842856
107 0 3.12605566802007
107 300 26.8363443973266
108 0 5.98011963994117
108 300 12.233534358824
109 0 6.12641280921287
109 300 19.7762976933473
110 0 2.76011242004794
110 300 16.7713371779913
111 0 3.9112178171597
111 300 24.08474754663
112 0 5.7215993442767
112 300 20.8045569185125
113 0 2.42493365330899
113 300 24.2895762046115
114 0 4.3224077404997
114 300 23.7823256758979
115 0 6.07670402656495
115 300 26.726422384803
116 0 7.0682378920585
116 300 41.0148066763275
117 0 6.77482801903399
117 300 14.8951462496788
118 0 5.13730932860294
118 300 13.8320637930455
119 0 3.30864099611777
119 300 9.43279747085442
120 0 4.28615988623985
120 300 14.5106991330491
121 0 4.51561703085596
121 300 9.87305913816912
122 0 4.6647245236645
122 300 13.3440140158718
123 0 5.32862511377681
123 300 8.60946572380955
124 0 2.92112267511199
124 300 28.752201316993
125 0 4.6440167691544
125 300 26.7053811567348
126 0 4.01604218843066
126 300 36.0795852621316
127 0 3.4936792208812
127 300 9.45032321236659
128 0 4.75122105409951
128 300 9.20895298860634
129 0 7.43056582889006
129 300 22.0634008960731
130 0 5.11027159377303
130 300 9.4850584173373
131 0 4.93080371143802
131 300 19.965388231152
132 0 7.42439630630045
132 300 17.0613084304527
133 0 6.81498579782271
133 300 15.0774221517539
134 0 2.31313993629425
134 300 12.39650472537
135 0 6.31615736953552
135 300 32.6314713286098
136 0 4.7212440351429
136 300 17.7420643127306
137 0 3.92070810364099
137 300 71.5528718804017
138 0 7.96202244472384
138 300 12.7161617352203
139 0 3.21000792625519
139 300 15.1958491666335
140 0 7.40434703874626
140 300 29.2028943803737
141 0 4.25303031866424
141 300 11.0032274416349
142 0 5.8729527600389
142 300 17.3189158915958
143 0 6.16358966882221
143 300 24.3375215702449
144 0 4.72038318188972
144 300 8.1302940383621
145 0 6.22891221339921
145 300 11.0596149036218
146 0 7.40198313074433
146 300 21.2406682854896
147 0 5.25651264407387
147 300 15.8306086619726
148 0 8.33873548894057
148 300 18.7558717021234
149 0 4.17957995786613
149 300 11.6223780007624
150 0 6.96539211645972
150 300 10.4422644371684
151 100 10.8861484289611
151 300 15.0497862862178
152 100 8.99630435027605
152 300 10.4776209855647
153 100 6.15317253090739
153 300 10.8052993284018
154 100 7.11689439712029
154 300 12.8645885709815
155 100 7.80361044076095
155 300 12.2728827546047
156 100 11.697329720249
156 300 18.6844532751727
157 100 6.45966042943829
157 300 10.5571008925371
158 100 7.94377174858255
158 300 9.28378414163494
159 100 8.60674845817179
159 300 15.8707321830191
160 100 8.66707192199147
160 300 15.2646593034701
161 100 4.7286322789382
161 300 7.51531719077869
162 100 17.3203738345932
162 300 31.3057867970394
163 100 10.5673753131129
163 300 16.9544606468656
164 100 9.61733862731798
164 300 20.7001147574417
165 100 20.9621255416332
165 300 38.0882786549783
166 100 9.74047155554324
166 300 18.2807602050187
167 100 11.071435554098
167 300 17.8031170055839
168 100 6.41326273362232
168 300 10.2205675910623
169 100 14.1557907332925
169 300 25.8447925448044
170 100 6.51496721637451
170 300 9.75718421640562
171 100 9.11939081244074
171 300 22.3172831310451
172 100 7.69323209826874
172 300 9.05480251094332
173 100 12.522246801182
173 300 17.567015024174
174 100 5.01419516200107
174 300 8.86154665238052
175 100 15.5391493730057
175 300 18.8703112844565
176 100 4.24075584686984
176 300 7.60932729429515
177 100 7.79122954971376
177 300 7.80873818934285
178 100 10.0804711655796
178 300 14.2269714625715
179 100 19.3945961019143
179 300 42.2560839870662
180 100 21.6503387790241
180 300 38.4804349290923
181 100 22.6736751793813
181 300 50.1424769235251
182 100 11.4501203057308
182 300 18.8070656338087
183 100 14.4645595848878
183 300 22.6534435269822
184 100 10.3017808727748
184 300 16.0987938322069
185 100 23.8683861511347
185 300 38.2444253899422
186 100 13.6497919169673
186 300 22.127415300309
187 100 9.62870178391281
187 300 11.2181406885957
188 100 9.83534807557478
188 300 17.7677318762054
189 100 12.7013374568148
189 300 24.9020265566708
190 100 7.99106805479968
190 300 12.278073860496
191 100 12.2179897144916
191 300 27.0416186752004
192 100 7.42026352592126
192 300 10.8705871660797
193 100 11.0291012605528
193 300 19.4177547938209
194 100 14.4811830579272
194 300 18.9273356924219
195 100 10.1631707708812
195 300 16.2968478163541
196 100 10.1061967512031
196 300 15.709492838571
197 100 15.1207722317132
197 300 29.9124192480273
198 100 9.23682227080159
198 300 14.9394479727938
199 100 10.5875238476497
199 300 14.4313934448498
200 100 9.23032976586572
200 300 11.7756687091983
