id dose y
1 0 4.14317621418678
1 1000 21.806235059357
2 0 3.76098257642799
2 1000 25.3258217434192
3 0 4.56657889680138
3 1000 15.0935318884046
4 0 3.23659123999555
4 1000 24.1375326045885
5 0 5.3269176263573
5 1000 20.1455001217551
6 0 4.58828819964246
6 1000 19.0274133195228
7 0 2.49480961567668
7 1000 30.997241404687
8 0 2.21499601639672
8 1000 19.9236190979204
9 0 5.20874526831489
9 1000 11.426204457815
10 0 2.53480699968763
10 1000 22.3488312380395
11 0 2.76034768400385
11 1000 33.3378626842492
12 0 6.17836689630279
12 1000 24.2206681227017
13 0 8.12825534330821
13 1000 13.8593999661773
14 0 10.4310032771308
14 1000 15.786645195389
15 0 7.28660278741923
15 1000 55.5043670012099
16 0 4.68380437845195
16 1000 41.7791322397076
17 0 6.32673363375978
17 1000 25.9811729139156
18 0 3.14720857342377
18 1000 21.4876887305298
19 0 5.34936533282686
19 1000 56.5371117386738
20 0 5.30959051056258
20 1000 28.5269327143838
21 0 3.4286759697676
21 1000 19.469330551583
22 0 5.84103053145795
22 1000 65.8433607352434
23 0 5.41915892073187
23 1000 19.8025796722225
24 0 5.44500433282808
24 1000 27.3469463045628
25 0 5.92240098290293
25 1000 33.8087172483371
26 0 4.36775124376368
26 1000 28.0198213311269
27 0 4.47068593888631
27 1000 34.462193284853
28 0 4.46632365660421
28 1000 16.7667027339046
29 0 9.10072687723114
29 1000 28.7406916315253
30 0 5.07469739910148
30 1000 32.420193617483
31 0 4.64101374481279
31 1000 59.4228113734094
32 0 5.79667503112152
32 1000 26.3787254254339
33 0 3.84345823555603
33 1000 50.2413046657761
34 0 3.00473650642895
34 1000 26.2336335503077
35 0 6.64283329788233
35 1000 21.5480827980469
36 0 6.13526010589854
36 1000 19.8423482499795
37 0 3.48695367347081
37 1000 13.9383611861148
38 0 4.78646853551917
38 1000 48.439440176758
39 0 5.99471370259795
39 1000 20.8737589741143
40 0 4.45061822774039
40 1000 18.8746381823294
41 0 4.8824967479842
41 1000 16.6356764153966
42 0 4.50092340298049
42 1000 24.6490583502679
43 0 5.57407917068466
43 1000 26.2273197619981
44 0 6.40678860721397
44 1000 15.5270405880125
45 0 7.16446856026898
45 1000 23.2490168080434
46 0 4.95321282074265
46 1000 25.9524721076864
47 0 5.70264330276896
47 1000 28.7276271133024
48 0 5.21827267718892
48 1000 15.9151942342172
49 0 4.27706597690273
49 1000 56.7286452070265
50 0 3.89097164598062
50 1000 44.0783613596239
51 100 14.1428768767353
51 1000 36.4931904151019
52 100 7.97666625194966
52 1000 22.3715965051617
53 100 5.67929166408865
53 1000 16.8420854562952
54 100 7.92329606424667
54 1000 16.3142254931397
55 100 8.85922402998995
55 1000 35.8065918084684
56 100 16.3947810827477
56 1000 29.1378820990161
57 100 9.19382749528339
57 1000 16.7275442501398
58 100 8.79259475687231
58 1000 19.1657866929232
59 100 7.42608001031239
59 1000 13.6683833866534
60 100 7.03735328061632
60 1000 16.7380608035047
61 100 10.914377254369
61 1000 24.9718990076992
62 100 5.36736741682663
62 1000 12.8100727980523
63 100 14.6573760077569
63 1000 25.8602588131693
64 100 10.4283250700573
64 1000 16.8238643203671
65 100 8.1514457514455
65 1000 31.8148240326666
66 100 18.0062337199471
66 1000 41.4537458595056
67 100 6.78266307071178
67 1000 7.98125836348791
68 100 7.60632321571877
68 1000 17.4337976200344
69 100 8.89141992865306
69 1000 38.7527692968361
70 100 8.32776106986646
70 1000 17.5406434760271
71 100 5.59742511810524
71 1000 15.4059741067045
72 100 11.5371070300025
72 1000 36.8187229929846
73 100 8.5504593797881
73 1000 14.4097781464234
74 100 10.0225717291949
74 1000 20.1763756436923
75 100 8.3214409145865
75 1000 20.1861504472943
76 100 10.856013721902
76 1000 25.7761744261614
77 100 17.5244629043384
77 1000 47.5049616396181
78 100 6.8229581194551
78 1000 22.1177892122794
79 100 11.7203922339531
79 1000 45.824268688226
80 100 22.2351329043409
80 1000 42.4150421772244
81 100 9.40495960404905
81 1000 22.4589622142566
82 100 11.2363752540448
82 1000 30.8948590271389
83 100 11.6665037606261
83 1000 17.6931419669213
84 100 5.82259164925135
84 1000 13.0189693638427
85 100 5.76086295855195
85 1000 12.4689652988933
86 100 13.9484331987965
86 1000 42.0524788193431
87 100 10.2114245675709
87 1000 21.000279971186
88 100 8.27629593871214
88 1000 29.8365361761916
89 100 25.610708444722
89 1000 100.169583614589
90 100 7.71493882371502
90 1000 22.0124699891945
91 100 8.56060479938399
91 1000 20.6401331207897
92 100 6.70816953371429
92 1000 16.5836737675221
93 100 6.48130782803049
93 1000 10.748185949598
94 100 8.97565931023847
94 1000 14.93876805157
95 100 17.6683421860127
95 1000 44.3283007101177
96 100 9.4567117108685
96 1000 19.6153672458066
97 100 6.61924612492395
97 1000 17.8123543280792
98 100 12.0972726638729
98 1000 23.0037018750785
99 100 12.2295411281269
99 1000 37.4250716756775
100 100 9.80212151583398
100 1000 38.2331336650788
101 0 4.49384356041293
101 300 17.3266294097846
102 0 5.53784590316304
102 300 22.277990608631
103 0 2.52167504858513
103 300 23.4332652343059
104 0 7.26467382781261
104 300 10.1547318020286
105 0 6.13423451095628
105 300 11.6639597952379
106 0 5.4579635069302
106 300 9.22939588191019
107 0 6.07776236420637
107 300 12.9093787451491
108 0 2.93744738931663
108 300 9.40236814831678
109 0 4.28803125911059
109 300 29.287374341093
110 0 7.83268284318855
110 300 20.6148151949564
111 0 5.12095142216254
111 300 12.9192922350694
112 0 3.9115079797965
112 300 15.84596849251
113 0 5.65874938650649
113 300 24.1123445772721
114 0 5.62125906869291
114 300 37.9088373967488
115 0 5.03457145277048
115 300 22.9230963928971
116 0 8.67667006425184
116 300 15.452304609439
117 0 3.95156376626807
117 300 13.7233277683009
118 0 6.42683549287029
118 300 21.008881375261
119 0 2.99154705768776
119 300 23.8822141797274
120 0 4.96857974133493
120 300 12.5709093382084
121 0 4.60183024439578
121 300 18.3023479702974
122 0 3.37624702361373
122 300 21.4919840665667
123 0 8.60376811446307
123 300 27.0157652767461
124 0 8.74955838742504
124 300 11.4772124651868
125 0 5.02056430643599
125 300 17.3642389150892
126 0 5.34935954055578
126 300 14.2015492835198
127 0 6.45404398685081
127 300 15.0658633167453
128 0 4.66498319582978
128 300 11.9585040984566
129 0 6.02185196755069
129 300 18.5337833793025
130 0 4.36075565783739
130 300 12.6250305405698
131 0 6.02626997626453
131 300 14.6234081076844
132 0 4.6658723765276
132 300 16.9108064780899
133 0 6.35344138080787
133 300 11.0142621482198
134 0 2.54144457253274
134 300 9.25745192841812
135 0 9.17099970492264
135 300 9.88798791754792
136 0 4.60013249371398
136 300 20.3229370829361
137 0 2.607009632935
137 300 33.5435886049234
138 0 5.42694233424174
138 300 13.4874779307844
139 0 5.0002737028659
139 300 23.5389330265043
140 0 9.76989282125465
140 300 17.1066122163452
141 0 6.80767474225931
141 300 20.0700919206833
142 0 3.44025012397061
142 300 18.1170784411057
143 0 2.79346857847012
143 300 9.26338273216913
144 0 5.68665264219582
144 300 19.5347423251355
145 0 7.52895342936282
145 300 15.3234458572159
146 0 4.4146100126096
146 300 7.64092788191004
147 0 5.2756801473616
147 300 27.3767834537793
148 0 5.6832993314424
148 300 18.0501387923668
149 0 3.16562785015505
149 300 38.0422562691528
150 0 4.62272011541537
150 300 20.9286364284841
151 100 6.94939131789369
151 300 7.90815032392153
152 100 20.7392231704058
152 300 26.0127338565039
153 100 12.8100710834679
153 300 20.5840045255178
154 100 9.34430732144598
154 300 16.6971956008741
155 100 8.34694703965382
155 300 12.4612969004508
156 100 12.5618308752392
156 300 19.0967571365324
157 100 12.1578461724868
157 300 26.2015073060673
158 100 23.9569696054313
158 300 55.0458788724611
159 100 12.0090513659572
159 300 17.7376917462322
160 100 8.90797779601548
160 300 15.498193811663
161 100 9.76785951657617
161 300 14.5831217860798
162 100 6.49008250164069
162 300 10.9116115498997
163 100 9.54192880842046
163 300 13.830795515597
164 100 6.20563404172117
164 300 7.71047398002043
165 100 15.4025102760838
165 300 32.3208052165838
166 100 19.6683525978525
166 300 36.1325488015531
167 100 6.28572161306176
167 300 13.9160780466953
168 100 9.87164693985983
168 300 13.2227078342553
169 100 14.5161804813674
169 300 24.4008738156312
170 100 8.29074838706301
170 300 13.6267109163543
171 100 9.12391555081578
171 300 14.0701493208209
172 100 12.6386927330993
172 300 29.3552291990086
173 100 13.3332928951543
173 300 23.6344366121592
174 100 5.97324871772203
174 300 7.47636915529767
175 100 6.67045950136906
175 300 9.37961837051631
176 100 8.40002325296323
176 300 14.9540839927125
177 100 23.6512199750084
177 300 59.5637429395459
178 100 10.4795391858131
178 300 17.4781650279782
179 100 9.90388824772931
179 300 18.2967882872431
180 100 9.58091200455903
180 300 11.4006704091053
181 100 8.76738295024194
181 300 17.3056427042468
182 100 17.8946356482236
182 300 25.3436047247081
183 100 7.44981590072065
183 300 9.87434140495333
184 100 8.94080899125447
184 300 14.3348598812287
185 100 12.5705104074579
185 300 21.4010061923222
186 100 12.5961051615548
186 300 20.07060507369
187 100 15.3389254312403
187 300 27.5106528279872
188 100 11.4768167665292
188 300 15.6715088651829
189 100 8.08719870993507
189 300 11.242080155948
190 100 11.8626282861337
190 300 20.7998220092385
191 100 11.4903219838248
191 300 18.0897107717662
192 100 13.8575228926574
192 300 20.0554833153567
193 100 7.12269048420193
193 300 7.51358627356943
194 100 4.32819139378529
194 300 6.69352445026176
195 100 4.94607299982454
195 300 7.05912850418539
196 100 8.01720572044468
196 300 12.4786407833633
197 100 11.6843705318167
197 300 20.0842019314363
198 100 14.7373358024035
198 300 25.8269510597217
199 100 5.8377672917419
199 300 7.53796778145261
200 100 8.87370016798074
200 300 10.2596844843825
