id dose y
1 0 6.79696146085608
1 1000 42.1848191810727
2 0 6.44385395575486
2 1000 17.5798973157279
3 0 4.60723243561822
3 1000 26.0387189891117
4 0 5.3417269099878
4 1000 22.2711916428844
5 0 3.36944458010348
5 1000 18.9867104610783
6 0 4.36225474176913
6 1000 28.4505720588077
7 0 6.85621184112978
7 1000 15.4029431033885
8 0 4.41164698042819
8 1000 17.5516152558305
9 0 6.4223044152152
9 1000 35.6762929829543
10 0 7.11263209317981
10 1000 47.738295499417
11 0 5.05630620701421
11 1000 15.0534559036909
12 0 4.56914857566649
12 1000 38.0595781250732
13 0 3.08737679302846
13 1000 22.5521063265617
14 0 4.64431868283801
14 1000 27.1018294699862
15 0 5.48215301665958
15 1000 17.7681572770275
16 0 3.73035631859416
16 1000 17.1550812445564
17 0 4.81007326774184
17 1000 66.2414162465992
18 0 2.75428109347019
18 1000 20.581398129635
19 0 8.51905493549938
19 1000 34.8822780919738
20 0 9.55218212877598
20 1000 45.5064881735595
21 0 3.67289871360749
21 1000 25.7609995185869
22 0 6.54365022107203
22 1000 32.1638946502939
23 0 4.36909611769686
23 1000 23.1733230777458
24 0 4.15734902391546
24 1000 32.091831191885
25 0 4.77530456105885
25 1000 13.3595076561878
26 0 4.59389613498571
26 1000 13.9875713027707
27 0 4.60734718085123
27 1000 26.0210895887312
28 0 5.36488187573092
28 1000 20.5198083024264
29 0 6.2937572949379
29 1000 57.3101919415475
30 0 3.72807076096026
30 1000 12.8583735791592
31 0 3.56671196156935
31 1000 32.0459674762151
32 0 5.87964367366038
32 1000 39.6949041872712
33 0 3.96217281254034
33 1000 30.1191011083624
34 0 3.83661113300326
34 1000 39.9571016089083
35 0 4.64124817961591
35 1000 7.72041886920928
36 0 5.02078776116524
36 1000 23.2749867446316
37 0 5.99915003641495
37 1000 66.5371330313065
38 0 3.51333136475892
38 1000 43.6990853656244
39 0 7.03733683950856
39 1000 19.5228320773826
40 0 5.86791674784438
40 1000 26.2752648247699
41 0 8.8814187616907
41 1000 23.7346803908674
42 0 7.27761446564953
42 1000 23.4905513444068
43 0 5.3220058851994
43 1000 27.2040791779203
44 0 7.6812900642133
44 1000 28.4696195285916
45 0 5.94869313007226
45 1000 23.9400345494065
46 0 7.41058001542227
46 1000 29.7039537636465
47 0 4.48672258371336
47 1000 9.60703349998419
48 0 8.96346756139632
48 1000 28.629877161439
49 0 4.75950727960725
49 1000 12.0136334438456
50 0 2.9658226301223
50 1000 25.2165416905514
51 100 12.3812398283518
51 1000 28.880116054762
52 100 8.99144078220993
52 1000 34.8535267408841
53 100 14.3879098632789
53 1000 22.0549972881556
54 100 12.9553796248887
54 1000 35.6595915744633
55 100 6.67003034428246
55 1000 12.4706435362308
56 100 6.26847393970829
56 1000 15.642124508326
57 100 5.50625112773421
57 1000 13.5055798872701
58 100 12.8131413173338
58 1000 22.9132489756098
59 100 4.91151616898892
59 1000 22.3841906440249
60 100 14.5435710879974
60 1000 41.5658200128416
61 100 8.09191972556546
61 1000 10.7679937411513
62 100 9.77875461680264
62 1000 23.4276742505412
63 100 10.8317818459218
63 1000 38.5815106635195
64 100 25.1222233649305
64 1000 66.1960475235759
65 100 5.19761671709342
65 1000 8.86482029317067
66 100 8.46472651269858
66 1000 22.7316312361914
67 100 11.2714470009949
67 1000 29.0393138213143
68 100 6.14817620357601
68 1000 13.7888900152414
69 100 18.7963380606186
69 1000 29.4773177870276
70 100 10.0068428566874
70 1000 21.0684771329853
71 100 12.1877885176496
71 1000 22.8496898686723
72 100 7.15553792646484
72 1000 21.3847810529709
73 100 9.40779377567806
73 1000 33.5049844339614
74 100 15.3554957449658
74 1000 60.0388418769805
75 100 8.10570406203062
75 1000 30.120659980859
76 100 6.06696135793249
76 1000 17.6759724084918
77 100 12.9245239089382
77 1000 30.7681879543478
78 100 8.24204041330848
78 1000 15.7897269683004
79 100 9.05143790072353
79 1000 23.0159640958946
80 100 11.2833176417479
80 1000 25.2719029406035
81 100 6.58511119751904
81 1000 18.6593131915819
82 100 10.5077720029666
82 1000 23.3692920305494
83 100 13.286405273892
83 1000 39.1954039856522
84 100 13.0641768547336
84 1000 32.2818031484712
85 100 9.47488023435752
85 1000 18.6029366091099
86 100 8.96837389536911
86 1000 10.6880446509871
87 100 8.80477990972655
87 1000 14.5958920191514
88 100 18.0818426233252
88 1000 60.1356967837069
89 100 11.2412431861724
89 1000 28.5592929671266
90 100 7.09628184010317
90 1000 21.4083629420486
91 100 7.2936689006675
91 1000 12.7187882979216
92 100 11.7961879074648
92 1000 26.0648431272819
93 100 9.69529416202309
93 1000 15.7301535974823
94 100 11.8424116478889
94 1000 40.1051997506908
95 100 9.71735958477656
95 1000 28.5764812821344
96 100 12.4353970876968
96 1000 47.943592127391
97 100 6.58045835861403
97 1000 12.5263858921764
98 100 14.8697939927604
98 1000 35.3810758222312
99 100 15.2159289115124
99 1000 31.6455376578275
100 100 12.8725390246902
100 1000 28.7020690284131
101 0 7.17365172314701
101 300 22.8314094859441
102 0 4.74482401949201
102 300 15.1379539935791
103 0 6.50968280889111
103 300 11.1796682461958
104 0 4.55606924810361
104 300 21.5326940547375
105 0 3.80659364181534
105 300 15.1273535922431
106 0 5.86071560177197
106 300 9.90999160751783
107 0 4.89398382068957
107 300 11.571613245031
108 0 6.51406057120987
108 300 19.3524040852508
109 0 4.57396626693668
109 300 13.9569138738676
110 0 3.36427086137654
110 300 15.7752360355986
111 0 5.66486484161743
111 300 13.0558827961499
112 0 4.11657574868032
112 300 36.0589200579184
113 0 4.07628689566078
113 300 20.2352751352257
114 0 3.19144282700484
114 300 8.01006498339712
115 0 4.18861217698301
115 300 11.243890071873
116 0 5.05847872892189
116 300 27.4782504830318
117 0 4.94898236342145
117 300 54.7793490979595
118 0 3.57717229664893
118 300 8.53469877456195
119 0 6.84716928421101
119 300 14.273107764028
120 0 9.17241465210295
120 300 17.3001174026221
121 0 8.11945091337943
121 300 15.3598662034995
122 0 3.2648519349501
122 300 10.1996131327222
123 0 6.38820438952534
123 300 14.2339393436771
124 0 3.41559967338215
124 300 13.1542961951085
125 0 5.87842734353258
125 300 22.8169436085359
126 0 7.14719997213275
126 300 11.1657862495637
127 0 3.19795854630132
127 300 18.3328083190767
128 0 6.64591658311829
128 300 14.2440849299178
129 0 4.93225849025981
129 300 26.9089686035049
130 0 3.37833616409044
130 300 20.3261276187337
131 0 7.9285502189461
131 300 14.0278600119573
132 0 6.91594902058804
132 300 21.5799224325655
133 0 5.1009649469022
133 300 14.1858628071941
134 0 4.13153588176437
134 300 16.9118623205931
135 0 5.28026596217337
135 300 25.3802879715056
136 0 5.79538217784288
136 300 19.4021218247926
137 0 10.9809492915877
137 300 30.7164235527409
138 0 3.73945796831133
138 300 15.415761514899
139 0 7.12931444064997
139 300 12.9865824431003
140 0 6.64124192344089
140 300 27.031952273966
141 0 4.77273618645354
141 300 37.0272688007303
142 0 2.45725849539959
142 300 24.465281843902
143 0 4.20200190357332
143 300 15.389045733699
144 0 4.61297894336836
144 300 21.5631492664576
145 0 5.54991460114445
145 300 16.3446726145214
146 0 6.4365616763156
146 300 11.1190687867258
147 0 4.13627088680611
147 300 10.192036372735
148 0 4.49619605473954
148 300 13.6523723946977
149 0 3.83857991745322
149 300 11.5266190586757
150 0 5.30365165842519
150 300 29.7954848040532
151 100 10.9456544510023
151 300 17.9439124379055
152 100 7.5492668063681
152 300 12.5638610389372
153 100 20.7667289446923
153 300 30.5709925914172
154 100 8.31655834330016
154 300 10.705330183993
155 100 9.01487978517632
155 300 16.714262521754
156 100 5.26683683089871
156 300 8.14252094502164
157 100 8.18954182104562
157 300 14.4506589895743
158 100 15.0119179239761
158 300 21.5436255636173
159 100 16.571770848865
159 300 19.9264312552865
160 100 13.9433560371856
160 300 24.9616040551199
161 100 14.9870206609266
161 300 24.8189133572143
162 100 13.6553042063244
162 300 23.0480362502718
163 100 6.39887142573007
163 300 8.3950542460497
164 100 9.38092134572197
164 300 14.5450903382677
165 100 10.7377000886601
165 300 13.2822674908941
166 100 7.04557045954237
166 300 9.304536072369
167 100 9.58760705039133
167 300 19.9340303159277
168 100 12.0182498636213
168 300 20.2298968944723
169 100 8.24529476482441
169 300 19.7741829973991
170 100 7.83122620632842
170 300 15.5614784399319
171 100 16.6620546108013
171 300 35.3008656176136
172 100 7.497451364285
172 300 11.7869569561617
173 100 9.12633866171874
173 300 11.5620375443024
174 100 11.3239524870322
174 300 19.0524366509849
175 100 20.2099978338942
175 300 30.1767812618941
176 100 8.94186533967
176 300 14.5461662272437
177 100 11.1994259401181
177 300 20.6658961687149
178 100 14.8505819358256
178 300 17.6934990862296
179 100 6.26784801449546
179 300 8.41428405455595
180 100 12.3362305101975
180 300 15.8421940906937
181 100 13.7240779814427
181 300 15.2445663312921
182 100 9.06933561497368
182 300 11.4580150524493
183 100 10.0334432907203
183 300 13.8578514199616
184 100 10.2119406066502
184 300 17.311857202069
185 100 12.9273837516771
185 300 18.8974483459624
186 100 10.5651396714144
186 300 21.2280860322162
187 100 13.0126702102394
187 300 20.1850934160177
188 100 7.79025279253649
188 300 20.818377948499
189 100 4.9795744042967
189 300 8.39737427703324
190 100 16.3464791875887
190 300 32.6252929017293
191 100 8.61568509822961
191 300 14.360964926462
192 100 21.4269332424837
192 300 43.4529013407184
193 100 9.77750900439304
193 300 23.0686795168441
194 100 13.3933639752981
194 300 23.8472199014442
195 100 11.6190818147778
195 300 17.9009394991876
196 100 6.86226811817322
196 300 10.2036529989247
197 100 4.97255288505265
197 300 7.93842128796893
198 100 14.4297257073412
198 300 21.0675981993719
199 100 14.8244138426476
199 300 20.5022988613765
200 100 13.2527867277305
200 300 11.3619595974317
