id dose y
1 0 4.23840122971484
1 1000 29.7434128549113
2 0 5.30213344662894
2 1000 57.6186880843819
3 0 7.28595923111738
3 1000 27.2529125716243
4 0 4.8416898014471
4 1000 36.0025827923974
5 0 6.6721165286505
5 1000 24.2720342321355
6 0 4.59086978176641
6 1000 16.1837519804385
7 0 4.2108603471015
7 1000 24.9474733138821
8 0 10.5416254848798
8 1000 20.2409644197932
9 0 3.56605846642169
9 1000 13.221510688155
10 0 3.50936299694155
10 1000 36.0958000717535
11 0 5.31151041460098
11 1000 32.0564758218501
12 0 4.86894106010047
12 1000 22.8734352752171
13 0 3.41731174765273
13 1000 21.5189414352149
14 0 5.36932320688193
14 1000 16.0223987604583
15 0 3.00150356479339
15 1000 49.902510305036
16 0 5.55673410703869
16 1000 38.1871497932772
17 0 2.82202445755848
17 1000 19.3070238458513
18 0 4.16465657505666
18 1000 26.2606594715199
19 0 4.67327131655973
19 1000 11.5914904037371
20 0 4.02590651973773
20 1000 12.6211031784961
21 0 7.76377623874364
21 1000 43.6622017592542
22 0 5.21508648730789
22 1000 29.6692681095854
23 0 4.48246948135496
23 1000 18.4026543192548
24 0 8.61437910873807
24 1000 31.4472257298182
25 0 7.36802834747515
25 1000 49.4214489858046
26 0 4.5599407608321
26 1000 20.941297183143
27 0 8.38909289134681
27 1000 19.1746661322834
28 0 4.04850058582008
28 1000 18.6503773872017
29 0 4.76352665969487
29 1000 34.33919871779
30 0 5.43446108216219
30 1000 53.721168845238
31 0 5.15819589036838
31 1000 24.9558983229896
32 0 8.50578789674924
32 1000 16.4075436565309
33 0 5.05128019715399
33 1000 36.1256977045104
34 0 4.05986216487014
34 1000 16.6194081803236
35 0 4.61358283020708
35 1000 14.3633524920361
36 0 3.88571451802368
36 1000 27.6801054963865
37 0 7.60561859573666
37 1000 20.1932769355877
38 0 4.65993061631986
38 1000 26.1587784267995
39 0 2.80325964078154
39 1000 30.5029097071499
40 0 5.41130617226244
40 1000 17.9686654843002
41 0 4.39241333781925
41 1000 27.528172542564
42 0 8.4623146902391
42 1000 32.1750775808239
43 0 5.41428026111412
43 1000 46.8183865226366
44 0 4.46671650710438
44 1000 16.2252338392194
45 0 3.18524683604298
45 1000 25.0228914114028
46 0 4.43873206834593
46 1000 19.9785754230127
47 0 6.75012184995239
47 1000 34.9391342931656
48 0 3.91099385646427
48 1000 53.2037325666154
49 0 5.52854034732153
49 1000 33.1298306818296
50 0 4.09540674382073
50 1000 19.7752033602808
51 100 11.6416224944982
51 1000 63.5320793205589
52 100 16.8275078882774
52 1000 45.9500506887771
53 100 9.77802815250849
53 1000 21.9270181460273
54 100 5.26297686728195
54 1000 13.8558444629502
55 100 9.68746078376748
55 1000 45.8393026067826
56 100 10.4765045650254
56 1000 24.8823953713105
57 100 10.9732534982737
57 1000 27.8622856372339
58 100 10.7169232235826
58 1000 31.5962257362371
59 100 9.28542611487651
59 1000 13.8549599214819
60 100 6.98914566832038
60 1000 29.4302637379587
61 100 8.51572567813515
61 1000 18.6731894840828
62 100 15.444068980039
62 1000 32.6872477685395
63 100 14.0491530013613
63 1000 25.9596434472725
64 100 9.61094664192975
64 1000 24.5549757671
65 100 6.15919198524914
65 1000 12.8385595877633
66 100 9.19188311821186
66 1000 41.6301869073946
67 100 9.63038944943868
67 1000 51.4322990559698
68 100 8.94517848255783
68 1000 25.4706357820825
69 100 17.1335797067616
69 1000 28.6099164620503
70 100 5.86889162147533
70 1000 28.9219807791788
71 100 14.7935019030874
71 1000 41.2085645408061
72 100 11.6723243999035
72 1000 28.7206905784061
73 100 21.5831126234717
73 1000 47.8685738994914
74 100 20.1124669683468
74 1000 66.5918658441976
75 100 8.37600632026383
75 1000 15.4986538498234
76 100 6.74856661513351
76 1000 13.9044271725348
77 100 5.95548757654117
77 1000 9.86261814628352
78 100 10.3141004802183
78 1000 23.7377521319443
79 100 12.3712693266746
79 1000 45.2004960078522
80 100 16.8079188973287
80 1000 34.1313651871184
81 100 9.02588895970126
81 1000 15.5520358875429
82 100 10.967103508905
82 1000 15.2060931052445
83 100 9.09544592390436
83 1000 12.5162223094816
84 100 11.3473668700554
84 1000 28.086972426541
85 100 11.3802708073626
85 1000 36.6766649752713
86 100 6.9918889426506
86 1000 15.1277698823518
87 100 5.60698462459832
87 1000 10.2536673741132
88 100 4.64505389541874
88 1000 11.8418583099418
89 100 13.7855685838858
89 1000 44.8367272895355
90 100 4.55285542621449
90 1000 11.4996646658423
91 100 10.7395247206128
91 1000 16.0786241974065
92 100 5.00756818550771
92 1000 9.90684184319797
93 100 9.90071722624785
93 1000 33.3782300690246
94 100 7.09985197336345
94 1000 8.59645412897271
95 100 15.3518920522439
95 1000 43.4103010344619
96 100 14.0853212026014
96 1000 25.8550858924483
97 100 7.40820793157266
97 1000 21.2062301033877
98 100 5.76810255569435
98 1000 12.5427667413457
99 100 18.3800486499801
99 1000 45.7775359192291
100 100 9.66867289842009
100 1000 25.5226653646999
101 0 6.1543098245722
101 300 8.65384008453681
102 0 2.68839867424436
102 300 10.8810020207462
103 0 5.83511147840962
103 300 14.0357797854836
104 0 7.28309821005194
104 300 13.782800844036
105 0 4.97013519102576
105 300 13.636984233224
106 0 2.90878439972238
106 300 56.641746011841
107 0 5.41490860174422
107 300 7.63651841248055
108 0 3.50268699646523
108 300 31.8933230956542
109 0 4.81054215438292
109 300 39.8959903944485
110 0 9.41973950286336
110 300 15.5301584464152
111 0 3.31510334865117
111 300 12.4198103042893
112 0 5.18145730008998
112 300 16.9286042199415
113 0 5.16185677391291
113 300 19.3892728745977
114 0 7.08842193221333
114 300 27.5315043286402
115 0 4.51783690417314
115 300 14.396617514787
116 0 3.82838058098965
116 300 23.7224821817928
117 0 5.07850449059173
117 300 16.3288296992926
118 0 5.33533934187401
118 300 8.09956941977799
119 0 6.98497142675141
119 300 24.834255013098
120 0 3.06978451545417
120 300 8.17777407591388
121 0 4.53757576658184
121 300 35.5954598700396
122 0 4.34293664406063
122 300 15.9605962009426
123 0 6.95629138679102
123 300 21.3543358748971
124 0 9.58642692370151
124 300 16.3152256917062
125 0 4.85535735654757
125 300 13.8046099377145
126 0 5.86991110864841
126 300 21.0521444780861
127 0 7.52863299284773
127 300 43.8504114686205
128 0 4.00362398305868
128 300 44.6482674641571
129 0 2.78489515816774
129 300 34.171662190697
130 0 5.91147858344461
130 300 36.7317873780375
131 0 3.3659468822679
131 300 20.5499881496029
132 0 4.2279096480932
132 300 31.3588979526606
133 0 7.26602234047042
133 300 13.7084579399297
134 0 6.56634696367683
134 300 15.2516821472059
135 0 4.53474413589155
135 300 14.5214511635278
136 0 5.98880809323742
136 300 42.175052233587
137 0 4.01903342215968
137 300 13.6704101703215
138 0 8.39861586892616
138 300 18.9221947793949
139 0 5.57378861526451
139 300 15.2576159993898
140 0 6.58826643403871
140 300 12.8405668863525
141 0 6.56973690762292
141 300 27.1889986382721
142 0 5.05788848875203
142 300 14.8014580114947
143 0 4.42518237382849
143 300 12.6717514536572
144 0 3.73112322559642
144 300 12.2255394788496
145 0 6.02136825570142
145 300 14.2142547666575
146 0 3.63673577573117
146 300 15.2817356619668
147 0 10.234531783757
147 300 24.6207927795281
148 0 5.69299244313601
148 300 28.5707727931513
149 0 4.88840974138912
149 300 12.6269200835261
150 0 5.19004086220969
150 300 13.9696835281472
151 100 7.1743770974718
151 300 9.22203034891651
152 100 50.5492780554709
152 300 85.8055877675287
153 100 7.37780973053612
153 300 8.60604669190037
154 100 5.65280172302698
154 300 10.0034704688153
155 100 12.1331247471006
155 300 11.7503461036016
156 100 9.27227149063183
156 300 12.7440047725746
157 100 9.36156507610551
157 300 15.3411027663405
158 100 10.9377210982619
158 300 19.5067514813728
159 100 11.9229224056397
159 300 18.2608846591585
160 100 11.2462130830206
160 300 20.6833150726925
161 100 8.21138568565744
161 300 13.0602270682304
162 100 14.7911357754368
162 300 28.4934191209866
163 100 7.31201405054075
163 300 9.22433204432229
164 100 9.73111038811461
164 300 16.2263980580686
165 100 9.67933226353702
165 300 14.3022037307618
166 100 9.67029453758468
166 300 13.0993199394545
167 100 11.1398498450289
167 300 17.8366930882764
168 100 31.9350192203448
168 300 69.4306215896615
169 100 6.74709731143062
169 300 12.0997836706808
170 100 11.5915399403305
170 300 17.8040536949454
171 100 9.92669843845211
171 300 17.5286380282184
172 100 9.80200892237259
172 300 14.7703183787492
173 100 6.56831931970995
173 300 8.31894900245073
174 100 16.2700387209852
174 300 20.9749355691985
175 100 7.85286337826913
175 300 13.2508638686211
176 100 9.6830000489139
176 300 17.888714359733
177 100 16.0601523020749
177 300 32.5801405289106
178 100 7.53955165867573
178 300 9.29221628472083
179 100 26.4513395379772
179 300 50.1217096968904
180 100 8.48357912521318
180 300 16.1015693949431
181 100 15.6127983302547
181 300 27.5205727125223
182 100 18.061242920229
182 300 23.8213530136151
183 100 11.0585433829063
183 300 17.294473334535
184 100 19.1090320812722
184 300 30.7519544325507
185 100 8.5517662626762
185 300 13.8678096248057
186 100 10.2361076847253
186 300 15.4183339236549
187 100 13.7262036322898
187 300 22.3471637290413
188 100 5.72207420186066
188 300 8.43610072062483
189 100 18.4759774578553
189 300 39.5023409856128
190 100 13.1207165334206
190 300 17.4886572318824
191 100 13.8451801063636
191 300 19.3482006685784
192 100 21.562611908277
192 300 39.6584232958151
193 100 7.48801066973739
193 300 10.9764198572104
194 100 13.5629901845977
194 300 26.119851699908
195 100 22.4354376591987
195 300 50.7485116566312
196 100 8.40533927297639
196 300 12.1734522804272
197 100 9.57330109062754
197 300 11.039809400041
198 100 10.0141919094152
198 300 11.5996584829754
199 100 7.92380461955237
199 300 12.6865012763528
200 100 12.5394321326709
200 300 22.4949484586619
