id dose y
1 0 6.06261587477279
1 1000 13.1644296249171
2 0 2.19399384336623
2 1000 22.0858700536983
3 0 5.40838187395481
3 1000 32.6074831957892
4 0 7.70711812450705
4 1000 19.4352374737772
5 0 3.85606532461771
5 1000 10.4862150273183
6 0 3.06151924910439
6 1000 14.4260026489866
7 0 6.12606372493411
7 1000 22.151761180168
8 0 5.52632243209352
8 1000 54.9480520320198
9 0 5.84328004171043
9 1000 36.1787784390406
10 0 6.84835410800747
10 1000 19.4822859432998
11 0 4.98564598278855
11 1000 66.134821495332
12 0 4.77371846240232
12 1000 80.8157887620165
13 0 4.76107296386952
13 1000 20.5932415450365
14 0 4.19498062410808
14 1000 14.9807238500793
15 0 3.8133963857276
15 1000 15.470821444455
16 0 5.00084012681469
16 1000 41.7114181698334
17 0 3.84812698563478
17 1000 21.194296515924
18 0 6.5109129382131
18 1000 40.3555209477065
19 0 4.66750301286574
19 1000 14.7601962958075
20 0 7.70345164064856
20 1000 25.1261430543013
21 0 4.35096293816549
21 1000 26.9750093583374
22 0 3.91165543870982
22 1000 54.1174929528115
23 0 5.48043126629897
23 1000 24.0101889288335
24 0 8.40215496235324
24 1000 31.2242993376914
25 0 5.30767667975214
25 1000 24.8392722473913
26 0 6.24052362925341
26 1000 16.6570680226554
27 0 5.91126768036486
27 1000 13.5190764290145
28 0 5.20157546155992
28 1000 24.5054216567329
29 0 5.25866987292859
29 1000 34.084689848854
30 0 4.44724552452263
30 1000 28.9826325152673
31 0 8.40289394060051
31 1000 33.6689282468227
32 0 7.45157806176409
32 1000 24.8538933739924
33 0 2.50940771889441
33 1000 84.6774292397302
34 0 7.55459240589024
34 1000 14.2136981352095
35 0 6.55155407752475
35 1000 18.0072790648395
36 0 4.33935798863054
36 1000 8.26144028555049
37 0 4.56063445568167
37 1000 12.8940779688772
38 0 4.70872306979872
38 1000 37.5118424115326
39 0 8.62673027200748
39 1000 28.1663303843185
40 0 13.6566931046443
40 1000 26.1261041339793
41 0 4.09124462581438
41 1000 26.4656797445738
42 0 5.52092639239515
42 1000 47.7138311451467
43 0 5.30266144750981
43 1000 20.3200318341255
44 0 4.89349246344845
44 1000 19.7066888945905
45 0 6.11867213273079
45 1000 19.8877243934486
46 0 5.65651658033887
46 1000 11.2259228887775
47 0 3.30278878277295
47 1000 112.965126679248
48 0 3.05055539797469
48 1000 19.2783125072671
49 0 6.2001856882283
49 1000 34.7385326660139
50 0 6.65970493815497
50 1000 25.4547742918577
51 100 22.3778125589424
51 1000 62.6026544573713
52 100 5.42373667423777
52 1000 9.87655315627332
53 100 8.21604716031989
53 1000 16.9891826869004
54 100 9.58537743048008
54 1000 15.9959118674614
55 100 9.70379854492565
55 1000 30.4900429482952
56 100 9.24729933587493
56 1000 17.8821237837567
57 100 16.0241423393962
57 1000 23.6393149650397
58 100 11.1959626538003
58 1000 36.7464949512941
59 100 13.7202797074024
59 1000 33.8730858287848
60 100 7.10983663861336
60 1000 19.4852228147193
61 100 10.3976644585378
61 1000 34.0859431527196
62 100 13.2796203713836
62 1000 18.9558599943718
63 100 10.3003185126008
63 1000 44.2546203499797
64 100 15.1230594117557
64 1000 47.1389854360999
65 100 10.5416547237823
65 1000 33.4037233683267
66 100 12.150702787999
66 1000 33.3358280640962
67 100 14.4514324123963
67 1000 17.4495209192434
68 100 8.69435584658773
68 1000 42.5040207748553
69 100 10.1461678031367
69 1000 17.5531407749481
70 100 9.08248770094252
70 1000 32.7466965170054
71 100 21.2145540872929
71 1000 50.987107400573
72 100 10.8229081283986
72 1000 28.0024629323315
73 100 5.62910288562663
73 1000 21.5389971973174
74 100 9.89011818004115
74 1000 48.1113606761351
75 100 10.2868570080436
75 1000 20.0968077591399
76 100 7.24373777665163
76 1000 20.4623997419508
77 100 9.57119501840293
77 1000 29.4269106814458
78 100 12.5871587302871
78 1000 35.9458929402074
79 100 12.7998131495768
79 1000 31.4686998659241
80 100 14.2620651787112
80 1000 52.3662495430216
81 100 11.5779145584677
81 1000 16.8234447057083
82 100 5.74020751102238
82 1000 10.0437408442945
83 100 21.7627375470766
83 1000 97.1742156942761
84 100 16.1580003872688
84 1000 56.7138885373159
85 100 8.01013071655018
85 1000 20.0535096133374
86 100 4.20150544679597
86 1000 14.2938328626655
87 100 6.34638694027789
87 1000 15.9045107638029
88 100 17.154395033231
88 1000 75.6645633678215
89 100 14.3906498201291
89 1000 31.1038952857036
90 100 11.2217007847623
90 1000 25.5257082253516
91 100 8.10601118104184
91 1000 18.9419451898222
92 100 10.9882960484751
92 1000 25.3114418932546
93 100 8.42929921774885
93 1000 19.9207030962808
94 100 9.34985191199604
94 1000 19.7183814544896
95 100 9.70753713184328
95 1000 41.6372509932245
96 100 7.41141671607778
96 1000 14.8756610395271
97 100 6.14170507422794
97 1000 20.2481077694545
98 100 7.91892580160325
98 1000 19.285103188492
99 100 9.69220666589053
99 1000 28.1738216257361
100 100 5.38089599484867
100 1000 22.4308724294379
101 0 7.70938695581989
101 300 20.0502667487993
102 0 5.87690365991184
102 300 24.9424984938315
103 0 6.10018489994571
103 300 25.9297266281687
104 0 9.54849777539019
104 300 9.9811792081531
105 0 6.80257823516449
105 300 24.3450599582186
106 0 5.79821502148562
106 300 23.9135796930617
107 0 8.26024804965324
107 300 20.0214912482534
108 0 4.38987915472872
108 300 18.3902496626612
109 0 4.70776718668785
109 300 35.8211774609707
110 0 5.80284812099857
110 300 15.2923291809837
111 0 4.70212789291505
111 300 28.3695802645314
112 0 4.60073908218778
112 300 35.8713010747413
113 0 5.26636181833671
113 300 6.95992663531583
114 0 4.26865311490685
114 300 11.9636102290001
115 0 4.61464553605148
115 300 14.053156547613
116 0 3.72127849992401
116 300 14.8230231230022
117 0 6.64286379902312
117 300 16.0436709287445
118 0 4.69417810256195
118 300 19.879753094628
119 0 2.33273921599719
119 300 13.5209136209098
120 0 3.92431126964887
120 300 7.52661733517553
121 0 7.92561317094475
121 300 31.1269711625084
122 0 5.22906789609625
122 300 9.09149946311716
123 0 5.28459768616006
123 300 11.2458975934161
124 0 6.4575239872377
124 300 22.0228359533449
125 0 3.52845615388828
125 300 7.62916420804441
126 0 4.99624616733451
126 300 8.45873221175166
127 0 2.51830168183607
127 300 10.3370557694598
128 0 4.65810360010991
128 300 13.4562156448012
129 0 4.37516153964255
129 300 8.79216586239587
130 0 4.09989480844799
130 300 19.9247047352225
131 0 6.86443291113014
131 300 23.632072177167
132 0 6.55634846022915
132 300 27.1037781308497
133 0 5.26705562203003
133 300 8.32474793787489
134 0 3.01050010938862
134 300 10.4775779713291
135 0 4.58390661928784
135 300 14.718648560811
136 0 7.30348346390361
136 300 12.0954413818693
137 0 5.12300959183586
137 300 27.6912194519719
138 0 5.80002084052675
138 300 11.7458259026783
139 0 5.01754543225592
139 300 18.9468537764138
140 0 6.92521975403042
140 300 27.4144139309959
141 0 4.02910992883454
141 300 17.5588069133205
142 0 5.73981323385067
142 300 12.3876085500856
143 0 3.15580563174472
143 300 10.1060500709635
144 0 5.98728454454535
144 300 10.9509992389104
145 0 4.70970063187586
145 300 31.1015118775692
146 0 5.73608381360099
146 300 24.496335327695
147 0 6.14318172971187
147 300 14.2845376061501
148 0 5.19004893767154
148 300 9.44240172969101
149 0 5.4026823407052
149 300 13.25496757861
150 0 6.33777554878837
150 300 19.1521044004787
151 100 8.63984703202292
151 300 12.8202545170179
152 100 6.59074714388198
152 300 8.82133174649412
153 100 9.18918688790278
153 300 20.5030025859325
154 100 9.23136612719858
154 300 10.7805600080438
155 100 8.5108755696585
155 300 11.1890693498379
156 100 8.31403573621137
156 300 13.1671611880121
157 100 4.82351709613124
157 300 6.55667284838461
158 100 15.8654880866757
158 300 31.4717601414287
159 100 16.444039578276
159 300 30.2734329701739
160 100 9.01054909559694
160 300 13.9074180645825
161 100 12.6527135815154
161 300 13.5938389298549
162 100 21.86080274861
162 300 41.2505589009442
163 100 10.6868559965545
163 300 11.167513600401
164 100 8.58475534902594
164 300 14.9427021258366
165 100 20.9362929219002
165 300 37.5720340755997
166 100 13.3726915439496
166 300 23.5639254090378
167 100 8.68332626703406
167 300 17.0207277661787
168 100 17.0564876472168
168 300 31.701122169992
169 100 14.9586683152926
169 300 34.8402016882762
170 100 16.9968020972352
170 300 24.8629698187561
171 100 12.6115278900162
171 300 23.0736182093094
172 100 11.13130871758
172 300 14.5651925847161
173 100 14.7650691654519
173 300 23.2031946278845
174 100 12.6184132735585
174 300 12.1811370069969
175 100 10.4103852907041
175 300 13.2230947696394
176 100 9.41132666822227
176 300 14.7745483477109
177 100 15.6193230099543
177 300 15.4920943784347
178 100 6.8675440473366
178 300 8.67673801088203
179 100 6.56929419240063
179 300 10.490160348472
180 100 7.62167570679518
180 300 10.7248402633742
181 100 12.0392775952889
181 300 22.2199353512423
182 100 7.34795506123703
182 300 12.2116103330847
183 100 14.7186390712746
183 300 17.7238418810572
184 100 9.15542081057557
184 300 14.0232673953844
185 100 9.34579424056856
185 300 12.6496585455965
186 100 9.37196424686689
186 300 12.6425737153041
187 100 8.92607026167621
187 300 11.6144568739477
188 100 26.6801815909564
188 300 36.5023365039398
189 100 10.7680524254746
189 300 22.2636408677669
190 100 6.89889520789988
190 300 10.1449055278456
191 100 9.04552482179872
191 300 15.863839849076
192 100 19.6256518700962
192 300 31.3683462106359
193 100 7.77150771786283
193 300 12.6953402062718
194 100 8.54390004297899
194 300 15.1203052506861
195 100 11.2958493494618
195 300 23.7143671372379
196 100 10.4242665189581
196 300 11.6601649988118
197 100 10.9080392715993
197 300 19.3846952369099
198 100 5.514935663631
198 300 8.26974115706501
199 100 4.74519320858107
199 300 9.35580117826169
200 100 6.75474002322042
200 300 7.78619337810412
