id dose y
1 0 5.52044910700053
1 1000 21.6091665998661
2 0 6.57921895322394
2 1000 19.0424888374186
3 0 11.2201026534749
3 1000 23.5381016617872
4 0 6.48711217914345
4 1000 19.432051242742
5 0 4.11522030170189
5 1000 28.7739111649493
6 0 5.2450262402883
6 1000 30.4915298963246
7 0 5.05392217475142
7 1000 25.3340358450542
8 0 5.34535821393784
8 1000 18.5993256231733
9 0 2.79926243481042
9 1000 11.6623005520501
10 0 7.40776580618977
10 1000 31.4475274648191
11 0 6.46461013079793
11 1000 65.3456472808057
12 0 3.86234516331779
12 1000 19.6412687170705
13 0 7.05742900804295
13 1000 20.5181353283839
14 0 4.82060039858041
14 1000 14.2315632531993
15 0 5.3367911546429
15 1000 14.3621371562463
16 0 5.79870713503625
16 1000 50.7964837974462
17 0 6.55065987285985
17 1000 24.0877312551584
18 0 4.54154378272459
18 1000 17.1373456966651
19 0 3.30289108764905
19 1000 35.6429111174988
20 0 4.44280661620911
20 1000 21.9838528022015
21 0 5.01912018281415
21 1000 11.8953346151358
22 0 3.70803159620306
22 1000 22.0567742646269
23 0 3.48229913741719
23 1000 14.84145278702
24 0 2.81290883099962
24 1000 47.0679794789439
25 0 5.91770961162669
25 1000 19.9735500792007
26 0 4.0010575131002
26 1000 30.5013668025116
27 0 4.52006000618644
27 1000 29.0826171032549
28 0 4.87574643870425
28 1000 9.30111720253501
29 0 7.13832550192877
29 1000 30.7982467487118
30 0 11.8681463114077
30 1000 34.6341241299938
31 0 5.75354416101418
31 1000 14.0910101446285
32 0 5.87728758254452
32 1000 11.6119289267995
33 0 10.0234318031382
33 1000 16.8335422440869
34 0 3.44876959590362
34 1000 24.4136854970243
35 0 7.29651187948225
35 1000 26.8782722875532
36 0 6.61819768395578
36 1000 33.8710443089849
37 0 5.57099195295614
37 1000 16.0327702807074
38 0 7.75300600373178
38 1000 59.7325241868091
39 0 3.49194969869165
39 1000 57.2880109805561
40 0 8.87455104852286
40 1000 27.8593156796621
41 0 5.28162805568098
41 1000 14.1167680426797
42 0 3.18038453819421
42 1000 45.5422383665217
43 0 4.87024251198599
43 1000 21.5910960652998
44 0 6.48156568673193
44 1000 16.6545086848432
45 0 5.21946173316259
45 1000 19.1802368430097
46 0 6.08322875313832
46 1000 51.5442001184809
47 0 5.15424569729483
47 1000 12.9598818840272
48 0 4.876718715907
48 1000 51.7014092445045
49 0 7.75144874528434
49 1000 42.4554881960035
50 0 4.82044910053019
50 1000 16.2235810955098
51 100 14.2166262117233
51 1000 27.3213039962832
52 100 4.12027550885461
52 1000 8.40597591096256
53 100 6.53496094429097
53 1000 12.4218938250688
54 100 7.28251686937025
54 1000 18.9818468028099
55 100 12.6861110530526
55 1000 19.9879055605674
56 100 10.3614691173423
56 1000 34.7664463167069
57 100 16.8189169618749
57 1000 36.3144474491574
58 100 21.7607658675607
58 1000 63.9731242934057
59 100 10.7692471224126
59 1000 15.5750187169861
60 100 8.31372291306607
60 1000 20.6514912055441
61 100 14.7577986372192
61 1000 38.5537549512613
62 100 13.8646023783467
62 1000 38.1948641692666
63 100 13.5505136885401
63 1000 30.3910707248743
64 100 6.97772852934999
64 1000 25.7101981159172
65 100 11.4688674239074
65 1000 31.6313947589862
66 100 5.05540193719439
66 1000 14.5063894054266
67 100 5.45516550022582
67 1000 14.5884687314939
68 100 20.3461064433607
68 1000 34.6441322846691
69 100 8.64630001530265
69 1000 23.0973819932872
70 100 10.6812144544598
70 1000 18.4532621508324
71 100 9.58761318586592
71 1000 32.3349316531728
72 100 10.1030880443375
72 1000 27.1682254583085
73 100 9.44115740256258
73 1000 23.8419333237294
74 100 15.8470506733863
74 1000 35.8911679019869
75 100 5.01841587573859
75 1000 13.9559262513434
76 100 7.54693079894388
76 1000 22.6463078443847
77 100 9.00195957743333
77 1000 18.7376811547426
78 100 11.635679451065
78 1000 50.948711166041
79 100 22.1122113047623
79 1000 88.9693254945774
80 100 18.8468735586114
80 1000 63.2425394213248
81 100 6.02723745727603
81 1000 11.6171244823948
82 100 7.51627914716249
82 1000 17.0728156264326
83 100 8.71975261207326
83 1000 19.0463410328604
84 100 10.2152636263156
84 1000 25.7798570853866
85 100 18.4051204354029
85 1000 60.1451217263303
86 100 9.67817605474625
86 1000 24.7798925713256
87 100 11.8281808845466
87 1000 42.0294492846267
88 100 4.43139520539325
88 1000 6.10851167165257
89 100 8.15096310537487
89 1000 23.0083523685391
90 100 7.21891105655525
90 1000 12.6556417856493
91 100 6.74118952703478
91 1000 20.4998391909339
92 100 6.48502285186429
92 1000 21.1899528869033
93 100 21.7696055182245
93 1000 49.5031981127787
94 100 11.7796013284235
94 1000 32.6277534353855
95 100 12.1150696094604
95 1000 37.9263891996807
96 100 6.29276343469516
96 1000 11.319560674053
97 100 15.8578276346909
97 1000 29.9766948553214
98 100 8.90862187876847
98 1000 20.2623097926391
99 100 11.1406380867529
99 1000 29.7272746655012
100 100 8.68091603233272
100 1000 24.1967678288769
101 0 3.45212937481737
101 300 10.847430889622
102 0 4.87085804271848
102 300 24.4290570364418
103 0 6.357164351315
103 300 11.4639777510562
104 0 4.96103747147126
104 300 13.4324737169311
105 0 3.4774122669651
105 300 7.1869067280725
106 0 4.33770701694402
106 300 13.4170547206744
107 0 5.01505680285198
107 300 25.4680596389362
108 0 4.20009953395771
108 300 12.808030057752
109 0 3.53527881143277
109 300 20.5386362209984
110 0 7.47760678853797
110 300 20.7347015882427
111 0 7.54489702152622
111 300 12.7788323444926
112 0 3.11440866000493
112 300 19.208872943869
113 0 4.6013205088809
113 300 17.0425472997308
114 0 6.17579609982632
114 300 15.5056041700208
115 0 7.64538381663785
115 300 16.2264236875558
116 0 6.62187217009511
116 300 7.09374331660219
117 0 3.85169865405773
117 300 11.2479793037556
118 0 3.12501640712803
118 300 26.1461359846868
119 0 3.94013902879208
119 300 24.2931297780542
120 0 9.8342678091845
120 300 23.6500945398631
121 0 3.79734548062779
121 300 52.804408499442
122 0 5.35742784873661
122 300 10.042875355486
123 0 5.91402629352227
123 300 10.1086976910918
124 0 4.34271358844452
124 300 20.4812209706728
125 0 3.27270113114808
125 300 17.7645741730152
126 0 4.90727343363749
126 300 33.6116421838168
127 0 6.85805719012872
127 300 22.027489317313
128 0 13.2597337465315
128 300 17.7131320828686
129 0 4.61429681075825
129 300 25.8505106209328
130 0 7.25160299800824
130 300 22.7705932734392
131 0 7.18220957579769
131 300 10.5145365534455
132 0 4.36087291619673
132 300 18.440222133502
133 0 6.48456824514826
133 300 11.9025132916674
134 0 3.97580691911814
134 300 10.1515024300909
135 0 6.52846885785323
135 300 20.2768240144025
136 0 6.75568450833244
136 300 17.6121250401293
137 0 4.22609605694351
137 300 13.2901497647266
138 0 4.26058298259346
138 300 25.3354383072887
139 0 4.41396506075256
139 300 37.1989925612277
140 0 4.6616642260408
140 300 11.043998720837
141 0 8.66255101396549
141 300 15.1151139167303
142 0 7.53800512405982
142 300 19.0412405275283
143 0 5.27368640389432
143 300 6.4008408187519
144 0 8.72411929507619
144 300 19.5585953472997
145 0 7.35210282293723
145 300 14.9525878190514
146 0 3.77593785470509
146 300 13.1227897301642
147 0 3.66651432845567
147 300 6.26144302072715
148 0 7.92956294980805
148 300 30.2688414667818
149 0 5.68218373307011
149 300 11.1810692318363
150 0 5.43771252426119
150 300 16.2143566390593
151 100 13.1674348018642
151 300 19.5148277186959
152 100 8.11138401086956
152 300 10.1102397062718
153 100 7.8164601149123
153 300 10.765431220805
154 100 8.0580868578797
154 300 14.6237576861654
155 100 9.27039611740869
155 300 12.2395555379113
156 100 11.8706159521445
156 300 17.4787973640973
157 100 8.80531972080463
157 300 10.4207737876821
158 100 8.81864649826738
158 300 14.1254832535816
159 100 10.2297773970227
159 300 21.3258749531372
160 100 6.91005209373009
160 300 10.2739665148695
161 100 18.3951287738898
161 300 26.9838194001293
162 100 17.1600401846744
162 300 21.4493930846322
163 100 12.7395964892493
163 300 22.0228978272826
164 100 14.0337723240876
164 300 23.3768197332173
165 100 16.3834141345763
165 300 30.4282866284028
166 100 14.2331344385521
166 300 19.3522870421119
167 100 10.6208190290801
167 300 19.3493216270582
168 100 10.6690681542484
168 300 17.6676523450157
169 100 32.1847266798715
169 300 68.1808142060802
170 100 9.55460078642041
170 300 15.9036973387185
171 100 6.51480542759409
171 300 8.38061934461282
172 100 9.10618435144815
172 300 8.043783676159
173 100 21.9781559990871
173 300 27.5019651144417
174 100 9.55331628236564
174 300 11.910028599596
175 100 14.6750049466547
175 300 38.3306468643505
176 100 6.93906864032984
176 300 11.834908843001
177 100 9.3122007989503
177 300 13.0025591070017
178 100 7.2322722783809
178 300 10.4207855039347
179 100 9.91035047920684
179 300 19.0864311047867
180 100 8.32364968301657
180 300 16.0838947821947
181 100 7.97132873062779
181 300 8.46779856469948
182 100 5.53402795749735
182 300 10.3378852702394
183 100 12.2450472886614
183 300 14.9043458424548
184 100 19.302270929914
184 300 26.7627409723952
185 100 6.78704976539169
185 300 8.21268831861945
186 100 7.81317130467393
186 300 13.5196166968973
187 100 14.3572918748943
187 300 22.7337081425478
188 100 6.3363817190017
188 300 10.9572791660946
189 100 17.0465940131581
189 300 23.9353940864709
190 100 9.28931863555971
190 300 16.1060614556526
191 100 12.1164921715289
191 300 17.1049170047772
192 100 6.31000653520887
192 300 8.55921023737064
193 100 8.09599335339602
193 300 13.7422205406649
194 100 10.117437411807
194 300 20.2007906933763
195 100 9.26610885865563
195 300 17.3497023993731
196 100 21.611106276537
196 300 32.435162829213
197 100 5.02777682983936
197 300 7.89716433832071
198 100 9.11940252252111
198 300 15.3686712455254
199 100 6.59228256666595
199 300 7.27273477856286
200 100 10.9294359862424
200 300 15.8572851269469
