id dose y
1 0 3.22399633911025
1 1000 21.837094374197
2 0 2.9570058813306
2 1000 39.0019310263029
3 0 4.60076293106316
3 1000 31.1478168773516
4 0 4.40116181723005
4 1000 18.4987594083555
5 0 4.79826473370767
5 1000 17.8309305742938
6 0 5.25677481746839
6 1000 27.5439521256583
7 0 5.00006239812805
7 1000 58.9827513154663
8 0 4.99011971383709
8 1000 14.2237497410521
9 0 5.6744413901676
9 1000 30.7967869066325
10 0 6.25749304990709
10 1000 34.5179050837311
11 0 5.15282714726179
11 1000 12.6598613026779
12 0 6.44616357151083
12 1000 44.8480279559125
13 0 5.51285169496237
13 1000 14.2737056508796
14 0 3.63786896044377
14 1000 45.8311275106136
15 0 6.90995311364437
15 1000 19.4365042396182
16 0 7.71973559275152
16 1000 14.9279091456783
17 0 5.52955071895025
17 1000 41.4687094051508
18 0 7.51048989668812
18 1000 27.5331349338191
19 0 3.89217414089612
19 1000 13.5253696255699
20 0 7.99311559156099
20 1000 25.0967001625996
21 0 3.47403413335486
21 1000 23.7763743167291
22 0 7.47000196124603
22 1000 22.9138895090405
23 0 4.57611209916401
23 1000 62.0734109757005
24 0 6.03059741431115
24 1000 71.4582910726248
25 0 4.9033578003651
25 1000 42.9113957770349
26 0 7.95227331844166
26 1000 29.9236325494966
27 0 6.74424679442373
27 1000 23.723010651262
28 0 4.29536705272003
28 1000 47.6132358967626
29 0 3.82326521760268
29 1000 20.7957100525617
30 0 5.08217050002585
30 1000 15.8282127423634
31 0 6.1762977427493
31 1000 43.6293588952338
32 0 6.01038582157534
32 1000 42.3801651537206
33 0 8.81580660940444
33 1000 30.4738582347987
34 0 7.00042214196347
34 1000 10.1415206658689
35 0 6.43477459174126
35 1000 15.6217199241388
36 0 4.0441168761692
36 1000 19.0519183532085
37 0 4.57974932246942
37 1000 38.8492626696702
38 0 4.42840213701106
38 1000 39.0933944358488
39 0 4.55842068169043
39 1000 25.1698703270667
40 0 5.13795766222837
40 1000 17.7125681088008
41 0 4.77998853614984
41 1000 13.5266941024103
42 0 4.3215667300368
42 1000 22.5702233468922
43 0 5.59514250768528
43 1000 26.4506281399609
44 0 4.1401228702941
44 1000 18.1304369602046
45 0 5.69879816211717
45 1000 17.009265118573
46 0 5.64814267038197
46 1000 21.7293991593743
47 0 3.57202638153299
47 1000 13.3513379624604
48 0 5.15028185458455
48 1000 51.0099715641196
49 0 5.56164801323961
49 1000 24.0449741625283
50 0 4.80030755519019
50 1000 16.0761574425492
51 100 8.71399811756191
51 1000 23.8531760180125
52 100 6.91057583016688
52 1000 25.631527558466
53 100 8.86212855580749
53 1000 12.8455501324305
54 100 15.6425120409567
54 1000 37.336957742201
55 100 12.2350991908783
55 1000 45.4922754262004
56 100 4.57809634222227
56 1000 12.0209564732367
57 100 11.5864353878563
57 1000 26.7214403992037
58 100 8.68568763148211
58 1000 20.075931822992
59 100 17.7627979365379
59 1000 73.0124807853181
60 100 10.6203770906016
60 1000 28.2979973311311
61 100 11.2263346413391
61 1000 41.7858551260855
62 100 11.5579314337735
62 1000 17.9135786054402
63 100 9.26381644539867
63 1000 15.1249911685783
64 100 20.734115996926
64 1000 51.5852969969946
65 100 5.7470071733722
65 1000 13.7691645416418
66 100 17.9796488059967
66 1000 38.2249666566611
67 100 14.4147334014524
67 1000 76.5832694110257
68 100 9.11001920245966
68 1000 31.9899993608373
69 100 9.03579530162756
69 1000 23.6031064832532
70 100 8.26517866863609
70 1000 15.9388776251932
71 100 26.0450002007569
71 1000 80.2171668650492
72 100 6.46544201061911
72 1000 17.564395439801
73 100 12.2144844041663
73 1000 36.9942666149022
74 100 8.55563933903587
74 1000 14.0987539287583
75 100 7.11639597022533
75 1000 9.15378833736595
76 100 14.6942861698003
76 1000 18.8884744979207
77 100 10.2011742380151
77 1000 22.6030814140953
78 100 26.4747008027596
78 1000 59.1952515884534
79 100 10.3281111989205
79 1000 15.8595622261276
80 100 7.39024072550519
80 1000 20.7540810550833
81 100 7.77586707405352
81 1000 20.2256556340531
82 100 7.64204852933758
82 1000 19.8663976853996
83 100 10.2550114722643
83 1000 27.7808791179008
84 100 10.3349446484628
84 1000 33.489073765107
85 100 8.2756624050597
85 1000 11.9934247488945
86 100 10.4725627345332
86 1000 32.0501695126463
87 100 7.75752773215479
87 1000 19.3294093943841
88 100 6.6798388297446
88 1000 13.7362012992894
89 100 13.9811216838015
89 1000 38.7256168658081
90 100 10.5982885351503
90 1000 47.3191460246668
91 100 11.3682977715337
91 1000 35.9624638642256
92 100 17.4639256419403
92 1000 49.8302939485124
93 100 13.8971556858197
93 1000 46.3535268483205
94 100 7.09016047100682
94 1000 22.0450237922568
95 100 18.6827978483664
95 1000 59.8678461521607
96 100 12.1429670338946
96 1000 31.1212952478838
97 100 9.97132989163175
97 1000 31.6412576946077
98 100 15.1443479604836
98 1000 39.747821894522
99 100 11.2861968879243
99 1000 28.8958388493484
100 100 7.48953007248616
100 1000 22.0411828192825
101 0 5.71354722777997
101 300 20.3825378235621
102 0 7.43580528891851
102 300 9.6860352286384
103 0 3.34638554654433
103 300 8.79392017762934
104 0 5.92418902093992
104 300 22.0698487728531
105 0 10.008470695025
105 300 26.8786467004725
106 0 3.22717292983061
106 300 24.0301151111139
107 0 4.43639256390505
107 300 12.820041554256
108 0 2.9116997128275
108 300 16.7366446068547
109 0 2.87805199901738
109 300 29.4729470633576
110 0 9.48941760308737
110 300 14.4470767962609
111 0 7.4653878828619
111 300 9.73041317603384
112 0 4.67992539510959
112 300 18.190246924508
113 0 4.83068673409866
113 300 17.5211434680736
114 0 5.07706311949844
114 300 13.7723346034894
115 0 5.14544386972866
115 300 8.47443020516633
116 0 5.23220316936865
116 300 16.368743990086
117 0 10.48040790618
117 300 21.0053461704552
118 0 5.12130200983347
118 300 15.8608769142095
119 0 5.09353159494434
119 300 23.9130116753577
120 0 4.17310888552008
120 300 10.7071908147083
121 0 6.20506652873256
121 300 10.7165663271022
122 0 4.61174962685825
122 300 19.4676068957134
123 0 3.91195973990108
123 300 16.9779982410381
124 0 4.86972459126311
124 300 15.0827266600517
125 0 8.77782190899154
125 300 31.8387588562645
126 0 5.1320921113204
126 300 10.313238553508
127 0 5.2793854361232
127 300 12.0204365350948
128 0 4.03852547789813
128 300 17.3572855994953
129 0 4.82091850485466
129 300 16.9034890218212
130 0 5.66463819986749
130 300 15.3468083192957
131 0 5.7990484806857
131 300 19.2085400561752
132 0 3.82078081469611
132 300 10.5114047649207
133 0 3.50809148388547
133 300 10.9620828972723
134 0 4.22223078959243
134 300 38.1533263692445
135 0 4.28775757918109
135 300 11.4107296091894
136 0 4.82286765559405
136 300 12.7189689874984
137 0 8.3232849778007
137 300 29.4989296427366
138 0 8.87368181816362
138 300 19.29992707171
139 0 6.31478982073096
139 300 29.3499384098382
140 0 5.30239169852309
140 300 10.9227078406237
141 0 6.21282062522276
141 300 21.271629407527
142 0 5.19204075057807
142 300 17.9433392514214
143 0 5.99099358613566
143 300 25.146745673236
144 0 4.71891387757793
144 300 9.17307548176374
145 0 3.69782898031833
145 300 15.3255113293427
146 0 4.74298859631816
146 300 19.8199860189248
147 0 3.81599452082284
147 300 13.0721347715218
148 0 5.92199556388306
148 300 13.0547888144723
149 0 9.72282727734334
149 300 17.6522371890904
150 0 7.93798717277186
150 300 17.096825853127
151 100 6.71326034562744
151 300 9.65181864616234
152 100 19.4806989203314
152 300 30.1897642088155
153 100 12.6669509040982
153 300 29.4492631370042
154 100 7.41965679755506
154 300 9.64085490373317
155 100 14.2219338568024
155 300 21.8056363870507
156 100 11.5884566574941
156 300 16.1802286497882
157 100 11.7531978238117
157 300 14.0625317230071
158 100 13.7713791127921
158 300 20.4013765138787
159 100 12.6368112971662
159 300 27.016072765031
160 100 8.13096733037738
160 300 10.7630769757798
161 100 10.5159367056273
161 300 17.6662089101644
162 100 11.2600982248548
162 300 18.2374560465419
163 100 17.1512195856696
163 300 22.6458807591015
164 100 6.95687059876118
164 300 12.9209533815179
165 100 10.0985605407135
165 300 19.3828321592758
166 100 7.80617769098524
166 300 15.1049355553165
167 100 9.51370967833091
167 300 11.4599036765663
168 100 8.64520773569551
168 300 9.91687810960263
169 100 16.6298884781454
169 300 34.1789270212507
170 100 8.22166055241394
170 300 13.192067764554
171 100 8.24115121132013
171 300 15.1314666953884
172 100 11.7192290613526
172 300 17.3094422119032
173 100 13.5910882829549
173 300 20.8932163772065
174 100 4.9288777557331
174 300 8.63619824462248
175 100 10.4748404752484
175 300 14.3707750815232
176 100 11.471778776061
176 300 18.9976080179747
177 100 10.0054283380824
177 300 16.7687868933147
178 100 15.5356072677502
178 300 25.2180901766243
179 100 8.65445504716926
179 300 11.7834074551441
180 100 11.7166261483513
180 300 18.8573094089698
181 100 14.2502418213014
181 300 21.3520376706939
182 100 16.2325018657005
182 300 25.1123863231052
183 100 5.8508799614805
183 300 6.99551331396671
184 100 7.0946732197418
184 300 10.8834753254891
185 100 12.0760053135354
185 300 19.4880382306775
186 100 13.3915923025419
186 300 23.4822986743067
187 100 16.9308582523553
187 300 26.6073065987033
188 100 7.73333666848922
188 300 11.9044672143405
189 100 19.6961874158098
189 300 28.4601572168788
190 100 8.12509763356447
190 300 18.0736660249926
191 100 6.97742733313936
191 300 11.580457327442
192 100 9.48850861816997
192 300 14.2602883724568
193 100 20.41583654143
193 300 28.5689931421584
194 100 10.7655901466662
194 300 16.240352269273
195 100 46.5651158777368
195 300 58.0692040744362
196 100 5.84524110453512
196 300 7.70269947952467
197 100 15.3911445656222
197 300 29.6437012449523
198 100 8.53740411652745
198 300 13.4375082627508
199 100 15.1182784906075
199 300 27.6014977097945
200 100 21.0364867781508
200 300 35.9010463550652
