id dose y
1 0 4.10673068772885
1 1000 9.61932287543211
2 0 6.54163343775093
2 1000 51.0782478048725
3 0 3.43608376656043
3 1000 21.6585157974582
4 0 4.3621337543879
4 1000 30.3304774867136
5 0 9.37953362663758
5 1000 53.6598013776819
6 0 4.64525984585253
6 1000 31.0587277357354
7 0 2.34613838892973
7 1000 13.8254910068071
8 0 4.58169038943489
8 1000 10.4433726244174
9 0 14.5470896459162
9 1000 33.797067667916
10 0 6.41760234710018
10 1000 24.7898151929594
11 0 4.28308290816707
11 1000 33.0609459700185
12 0 5.42337702740856
12 1000 46.0743722767527
13 0 5.84588098633794
13 1000 39.1924249453662
14 0 3.90045860077818
14 1000 22.6725161293222
15 0 3.99829624569971
15 1000 38.7205516737849
16 0 3.25318187483226
16 1000 14.2703134066254
17 0 7.30300541126439
17 1000 28.6747844114352
18 0 3.14181872679803
18 1000 27.4336713517483
19 0 10.6426454580736
19 1000 19.9284117577411
20 0 6.29391354363146
20 1000 21.5355369084021
21 0 6.94695575451416
21 1000 32.6840857371076
22 0 5.60466222486652
22 1000 38.7720294799227
23 0 6.69425248044017
23 1000 18.7731109195328
24 0 4.73985998129005
24 1000 14.5734410605262
25 0 7.80592508988454
25 1000 27.1617115654808
26 0 9.74959777665244
26 1000 34.4505066475386
27 0 5.11470515116887
27 1000 15.965501577627
28 0 6.86726984179161
28 1000 23.7375897988315
29 0 6.46871535507729
29 1000 46.9339125675732
30 0 7.3822436366799
30 1000 20.2864827263866
31 0 5.7331299855045
31 1000 29.0448929432526
32 0 8.28349343132402
32 1000 57.8732109768271
33 0 5.10897944896416
33 1000 46.7543644910293
34 0 3.34321757248522
34 1000 23.394146076537
35 0 7.62012979787953
35 1000 59.3404789969527
36 0 3.18121674840111
36 1000 28.4430236540839
37 0 5.17815489144328
37 1000 41.6867579406465
38 0 4.47289383076321
38 1000 26.1037946392973
39 0 6.85793384144055
39 1000 67.7942913962512
40 0 5.82950987410721
40 1000 36.3397445955057
41 0 5.61735673456818
41 1000 14.1337815501399
42 0 4.85241035953904
42 1000 12.0085798449756
43 0 4.74400593872713
43 1000 15.2397890753632
44 0 3.7642445481954
44 1000 29.7853795929294
45 0 5.83114700796463
45 1000 18.0804408340697
46 0 5.99900568472871
46 1000 12.0626782586588
47 0 5.82247344891702
47 1000 75.000918012372
48 0 8.54686037699574
48 1000 16.5440682252514
49 0 6.15972155513132
49 1000 15.9633061387303
50 0 6.0767348270605
50 1000 17.6069731086408
51 100 8.97060288834989
51 1000 13.4503727721555
52 100 11.412113761369
52 1000 27.4734407911174
53 100 6.17069619036092
53 1000 14.0876763011297
54 100 7.64727471841164
54 1000 26.2454888379719
55 100 8.71414322913224
55 1000 17.3601023747176
56 100 8.91078577393897
56 1000 15.9101121347832
57 100 10.0749730947868
57 1000 22.4714099273423
58 100 7.75001847767091
58 1000 15.2126165711596
59 100 7.18857440582249
59 1000 10.7947942502091
60 100 13.251101920594
60 1000 29.862835658433
61 100 13.0912282214672
61 1000 36.6716637580407
62 100 15.4769429322457
62 1000 30.3494489289755
63 100 7.48063900259076
63 1000 13.838031563832
64 100 15.8589127675704
64 1000 29.9258833993188
65 100 8.91380943700438
65 1000 30.0520904389166
66 100 13.1961960296314
66 1000 28.6042291970527
67 100 7.35705928806032
67 1000 26.9730857896397
68 100 12.4496213977059
68 1000 29.4915018128851
69 100 7.91003092640958
69 1000 14.1518556062433
70 100 4.68448439778617
70 1000 10.1054527760071
71 100 9.05824463777366
71 1000 16.1242815072719
72 100 9.43537949153201
72 1000 26.5197097590418
73 100 8.89454218553951
73 1000 19.7117592017766
74 100 8.20386842136481
74 1000 14.1743159995438
75 100 12.1422961179938
75 1000 30.2730522275635
76 100 10.5407727520271
76 1000 25.8743045413207
77 100 17.8002019890052
77 1000 57.9230882634836
78 100 19.9780757486368
78 1000 72.4150011095279
79 100 9.41250593878307
79 1000 14.10313819048
80 100 11.1840485553351
80 1000 24.3999413875506
81 100 12.8528170014975
81 1000 25.3455621630516
82 100 5.58821000655092
82 1000 15.2437197366186
83 100 9.22799289271697
83 1000 26.1857398255589
84 100 6.29924767470304
84 1000 16.5330645083602
85 100 9.91098276673941
85 1000 14.6276006964689
86 100 13.9965533308128
86 1000 39.6089984313426
87 100 6.79035508127113
87 1000 17.7526339663122
88 100 12.8849380756528
88 1000 24.163512326016
89 100 9.01267233063782
89 1000 20.9800334615625
90 100 6.93037560159156
90 1000 13.9748820992859
91 100 6.66253532343566
91 1000 18.411251113407
92 100 7.18397798325574
92 1000 17.6643213461342
93 100 11.5044520399142
93 1000 24.7878402436197
94 100 7.77753726902435
94 1000 21.9941169240637
95 100 12.6196881869513
95 1000 41.5763202153717
96 100 30.9583289813759
96 1000 62.8524675535563
97 100 9.42524617414564
97 1000 19.1594652355161
98 100 14.3087592063806
98 1000 28.8352162708186
99 100 7.69171111285984
99 1000 24.096054562553
100 100 9.30059518181823
100 1000 14.5295483977675
101 0 6.21051875827052
101 300 10.0889644613783
102 0 3.81326370945824
102 300 18.3372851198408
103 0 7.58870482897664
103 300 27.3044440772015
104 0 4.72707908735548
104 300 17.07406658854
105 0 5.05958844468217
105 300 16.0634163051777
106 0 5.62295054283988
106 300 26.3483119711294
107 0 3.66529938294876
107 300 13.2088732962368
108 0 8.0059310910044
108 300 15.8050193335543
109 0 7.53789353199985
109 300 23.1599713823433
110 0 2.89780228523784
110 300 10.5134456730019
111 0 6.15689733398584
111 300 14.3414864644984
112 0 3.49101014056516
112 300 17.3514173686442
113 0 3.25818687647226
113 300 11.7560618440923
114 0 5.11757112986322
114 300 11.69306239605
115 0 7.10650977133356
115 300 7.31292734064691
116 0 5.42846166082433
116 300 15.5053227200644
117 0 2.66740359622521
117 300 20.9030036079639
118 0 9.01159724217299
118 300 21.6828602528916
119 0 6.09910867914547
119 300 11.6124344762692
120 0 4.45808117691208
120 300 13.1725310323751
121 0 6.78335176009072
121 300 12.4866599107485
122 0 3.7785061865419
122 300 17.1923124249187
123 0 5.99003467496841
123 300 47.2849086242122
124 0 4.36179952735253
124 300 27.6848954519338
125 0 3.50485344179586
125 300 20.2069823579982
126 0 2.47088028243768
126 300 15.8331115349174
127 0 4.81892938576484
127 300 12.2836299466405
128 0 7.62180196325172
128 300 10.0462212729176
129 0 4.51898053768003
129 300 12.5404364322099
130 0 10.2386794881009
130 300 27.4758216578743
131 0 6.546695828681
131 300 16.8828031328191
132 0 8.14216013233282
132 300 20.4754508429744
133 0 4.57020987234704
133 300 17.3175742569998
134 0 3.612509863716
134 300 10.2437505223467
135 0 4.17125914561552
135 300 13.3225864154518
136 0 4.31153711670583
136 300 18.1106013394488
137 0 5.25575277721413
137 300 15.6897147085735
138 0 6.56818062520538
138 300 19.8446831398962
139 0 6.78866919031331
139 300 14.98285576936
140 0 5.92804404339244
140 300 43.9524639720564
141 0 5.89385568060198
141 300 11.1811396314866
142 0 6.19630463083976
142 300 14.1602846223296
143 0 1.77391411611255
143 300 9.03029327458294
144 0 14.6696023670407
144 300 26.3147796422928
145 0 2.57467905467286
145 300 10.5062161143413
146 0 4.88496856753195
146 300 11.5785717851386
147 0 5.47363051422753
147 300 18.0732760110495
148 0 4.02804353625956
148 300 19.7110038501915
149 0 4.26532741772687
149 300 16.1992794223026
150 0 4.82685962219966
150 300 13.365266419664
151 100 20.3795283573347
151 300 29.9195121418392
152 100 10.884621167265
152 300 19.6382982548111
153 100 10.6392291391574
153 300 15.4235688624519
154 100 8.51371396024238
154 300 9.39102879012986
155 100 12.2242804171443
155 300 19.7893064737502
156 100 8.77029051837209
156 300 13.7579676317707
157 100 8.62124891761546
157 300 12.2886624527677
158 100 18.6900448851981
158 300 35.5381271361048
159 100 5.54284446366185
159 300 9.71932401340865
160 100 7.35817803899086
160 300 9.80635869247613
161 100 11.4209675127347
161 300 16.8197788475691
162 100 8.71983065870941
162 300 14.5615836109393
163 100 9.22968093635649
163 300 12.0352013124908
164 100 14.982079364318
164 300 29.1669897982885
165 100 8.96140096566938
165 300 19.6541674005569
166 100 11.067011762858
166 300 12.8092830845729
167 100 11.3278287388419
167 300 16.2770077929816
168 100 11.8485191947241
168 300 20.34532092617
169 100 11.7384539621779
169 300 19.8267850902876
170 100 7.66935074602251
170 300 12.9862275748287
171 100 5.97833934203457
171 300 9.06905558342671
172 100 7.37475652401896
172 300 10.9986557044164
173 100 12.5070505869408
173 300 21.4335542684674
174 100 6.92081941378628
174 300 9.75165461277055
175 100 8.7687131928847
175 300 12.2786383560278
176 100 11.2186508151058
176 300 14.2622337322518
177 100 11.1099979477917
177 300 16.0151411385748
178 100 8.36283695527272
178 300 12.1910477725318
179 100 13.0723809923709
179 300 21.0288890272796
180 100 18.4793245597578
180 300 24.652424944872
181 100 8.20596203665546
181 300 16.954600815582
182 100 8.7741806532827
182 300 9.75676799972619
183 100 7.87199769038423
183 300 12.8044544732002
184 100 14.9694337633224
184 300 27.847617318936
185 100 11.3405778175069
185 300 18.5697071380111
186 100 9.5432955001351
186 300 13.545695125037
187 100 9.30550189110069
187 300 12.1380846744465
188 100 11.839324484967
188 300 22.2508483343318
189 100 11.436748072553
189 300 20.1997534715675
190 100 9.42072498893346
190 300 12.74567975109
191 100 14.3165635411183
191 300 18.0716134204144
192 100 12.4080638392359
192 300 21.5809873043397
193 100 9.86151230945118
193 300 14.8605319631683
194 100 6.89013206361945
194 300 8.15062543127386
195 100 9.19117189634064
195 300 15.5476442176482
196 100 5.53674837323794
196 300 9.93725519077604
197 100 2.80867829436629
197 300 4.90992569645919
198 100 9.13684913292627
198 300 15.5698496437605
199 100 10.0204391977123
199 300 15.1716650071709
200 100 8.61530586094939
200 300 10.7796391136754
