id dose y
1 0 3.43000974641321
1 1000 28.8161150472692
2 0 3.48060168279138
2 1000 24.6171057631186
3 0 3.85198319726235
3 1000 15.0952223323192
4 0 3.69189248486219
4 1000 20.9719749522732
5 0 5.20235539849405
5 1000 45.1405294461293
6 0 2.2246782620711
6 1000 15.1037111918112
7 0 4.39490276235244
7 1000 18.845391934379
8 0 4.291063634212
8 1000 41.9495167190445
9 0 5.53152548094759
9 1000 26.0915705459783
10 0 3.38887383124752
10 1000 16.9287081719752
11 0 7.59881382429811
11 1000 44.7821333211555
12 0 7.16363267200397
12 1000 15.8920172434624
13 0 3.87617612805723
13 1000 14.476471540885
14 0 4.38365429050808
14 1000 12.9229172918634
15 0 4.31911533128008
15 1000 35.3226409351484
16 0 7.32932843012481
16 1000 25.1441251132171
17 0 3.05601174288093
17 1000 35.5721643379639
18 0 7.48321399282442
18 1000 35.4997197384412
19 0 5.95752926620298
19 1000 16.1183124643623
20 0 3.43759591751972
20 1000 16.0879254311025
21 0 3.43348917528683
21 1000 11.6412705293998
22 0 7.70153678043346
22 1000 50.5879198701994
23 0 5.51757244236091
23 1000 80.3961906024751
24 0 6.09245145897391
24 1000 43.3502117722614
25 0 6.60651652369596
25 1000 36.8981973223197
26 0 6.7209367769215
26 1000 21.8176404007642
27 0 9.35145421955609
27 1000 66.2683743567755
28 0 7.17973889190825
28 1000 21.3346852639701
29 0 5.78451895889801
29 1000 24.4650121224529
30 0 8.0295630150017
30 1000 37.6838371774375
31 0 3.6386972146808
31 1000 25.5970937037563
32 0 6.37991431439224
32 1000 17.7711947344413
33 0 5.14526864494097
33 1000 16.2887757234709
34 0 6.01594197810604
34 1000 11.1368370525206
35 0 8.25391887151692
35 1000 27.2557564977395
36 0 2.44701790031313
36 1000 21.1430725574447
37 0 3.69654169669916
37 1000 16.4949517201248
38 0 7.13317371982894
38 1000 24.8350043396554
39 0 3.73116396824639
39 1000 55.4039650185213
40 0 4.51844521661519
40 1000 31.108468030505
41 0 3.85071748537393
41 1000 27.3772629680696
42 0 6.67446191177191
42 1000 27.549928031236
43 0 6.03904390524107
43 1000 21.7032105949717
44 0 4.95754522145054
44 1000 24.2782945699525
45 0 5.54316332188788
45 1000 30.7461015613276
46 0 5.07323520759563
46 1000 22.346634159147
47 0 8.86785691237091
47 1000 29.2586461918922
48 0 5.15526150343405
48 1000 37.7111727449355
49 0 4.957659136728
49 1000 36.607378770801
50 0 4.67227710513132
50 1000 23.1659992115817
51 100 8.51084144924248
51 1000 35.1081113938799
52 100 14.5687124840983
52 1000 42.0309086995152
53 100 7.18966583899294
53 1000 20.3847158419346
54 100 21.37533543277
54 1000 45.2160528770881
55 100 10.0228875682349
55 1000 41.4266890918351
56 100 6.94306973140383
56 1000 15.0601757602987
57 100 5.06801844188527
57 1000 14.4384299437655
58 100 14.3829302977819
58 1000 37.1396166243595
59 100 8.443348181574
59 1000 40.657594903863
60 100 8.72134769227902
60 1000 12.2796693164072
61 100 9.13303982177318
61 1000 24.1481657792435
62 100 9.69878626003389
62 1000 22.611334932319
63 100 14.4561979284631
63 1000 38.9303982404731
64 100 11.4997024482038
64 1000 24.3241244914455
65 100 14.7141930461119
65 1000 40.1870419917775
66 100 10.7557501870652
66 1000 32.8163721018074
67 100 9.82029216683097
67 1000 18.3195111528794
68 100 13.9529964772638
68 1000 49.1629006998269
69 100 7.89691235683548
69 1000 16.4933679119599
70 100 12.053296439957
70 1000 16.5446241542326
71 100 6.73035492717733
71 1000 20.4438870649083
72 100 13.9790813619775
72 1000 28.5584961088514
73 100 8.48086965948711
73 1000 28.5589322819957
74 100 7.22739400569395
74 1000 14.2058490326522
75 100 10.4456635331986
75 1000 23.163353640219
76 100 12.1284388568026
76 1000 30.6951806508525
77 100 10.8728899993933
77 1000 12.4631161047188
78 100 7.40379864493312
78 1000 12.2795321907721
79 100 12.4993591094656
79 1000 41.0109049670688
80 100 14.692483370589
80 1000 42.9985341369091
81 100 10.0781249203808
81 1000 31.6694909527479
82 100 5.91280946175722
82 1000 20.1913153182127
83 100 11.968847506224
83 1000 31.7790827991999
84 100 8.08521137503554
84 1000 17.8900638550797
85 100 9.94088730545622
85 1000 23.6147696274205
86 100 8.3699914980887
86 1000 15.8557851244628
87 100 8.95631469766184
87 1000 24.3072460857579
88 100 6.5609380272545
88 1000 17.8189612045103
89 100 15.2319745229858
89 1000 61.4350257188355
90 100 8.25411697069906
90 1000 16.6605501314526
91 100 13.6337799229597
91 1000 30.5225441670731
92 100 11.7805127741094
92 1000 18.8329706102032
93 100 11.202623760482
93 1000 27.4491611333812
94 100 7.52809727082295
94 1000 15.337977147726
95 100 13.80164200884
95 1000 26.0139869194197
96 100 9.87602015001926
96 1000 20.8708307709045
97 100 4.93108749628147
97 1000 13.9048589288713
98 100 12.6491588773157
98 1000 32.063887662704
99 100 9.5633611450309
99 1000 22.7108953481781
100 100 10.2317163282193
100 1000 24.7111167413464
101 0 5.31257640345507
101 300 9.35465838812603
102 0 4.03433316305921
102 300 13.2346600072508
103 0 5.39364566894496
103 300 16.6479082564817
104 0 3.12752765391821
104 300 10.4225832880417
105 0 2.85497638016248
105 300 22.5191040820665
106 0 7.31719205128199
106 300 14.4006923507847
107 0 4.76454426074963
107 300 33.442267951328
108 0 4.04427476004074
108 300 20.8485939269402
109 0 6.4057392064137
109 300 15.5688047141946
110 0 3.81067916196951
110 300 14.3138489857595
111 0 3.589019347268
111 300 12.7132711128084
112 0 5.0162269100331
112 300 7.07572161040812
113 0 3.0880266880704
113 300 25.2378593302941
114 0 6.50975207408377
114 300 44.0351968827012
115 0 10.1022372910767
115 300 25.2819147717904
116 0 9.03390854949807
116 300 33.9380931035342
117 0 5.37212705586944
117 300 17.4327495337644
118 0 7.854910878708
118 300 23.5959476719509
119 0 3.79540874380662
119 300 11.4516319350681
120 0 7.43178357427934
120 300 31.7897282392398
121 0 4.90386500640442
121 300 19.6760783217424
122 0 3.69620863545668
122 300 7.11832544834253
123 0 7.44846044447739
123 300 14.3481355708951
124 0 5.23900224395696
124 300 13.5975020410374
125 0 4.81006272952239
125 300 16.2881381041177
126 0 6.91706550986098
126 300 14.6024110548113
127 0 5.26915147331859
127 300 10.2379368979185
128 0 4.17820247613087
128 300 12.0309255021821
129 0 6.28610064704671
129 300 23.4271340928894
130 0 4.69214942841153
130 300 14.5797518346812
131 0 5.09053333839083
131 300 9.18783078638463
132 0 3.89114073536697
132 300 13.1567728775197
133 0 4.75905997796173
133 300 13.4464419214389
134 0 7.2085295775563
134 300 18.2364590389123
135 0 7.51743743361903
135 300 15.0899498590534
136 0 3.96062007404946
136 300 7.31364254112869
137 0 3.72378413617209
137 300 12.0255890387385
138 0 14.3790954543682
138 300 22.367579835191
139 0 8.09367529260481
139 300 16.8878496324923
140 0 7.03073360379566
140 300 27.6339124951329
141 0 5.72366966765528
141 300 11.4939056900121
142 0 5.38980084858153
142 300 14.8092549300729
143 0 6.48931182240425
143 300 13.7178022746205
144 0 5.98177459597849
144 300 15.2676602763794
145 0 7.31760395629111
145 300 27.7697604060126
146 0 3.65461962146769
146 300 14.9341899038383
147 0 8.17096427225413
147 300 17.5465465586686
148 0 5.68621135950298
148 300 9.76496580256978
149 0 7.37557013329468
149 300 17.6271128975399
150 0 4.01612705657461
150 300 11.6142689417224
151 100 10.1713253758319
151 300 16.964624116237
152 100 7.40941082334684
152 300 9.80585478757154
153 100 11.8903061760373
153 300 13.6589775165411
154 100 16.2958909313369
154 300 28.6681515636956
155 100 10.8320632611643
155 300 15.922400880502
156 100 8.13129459931771
156 300 14.0034570833094
157 100 9.35781278690789
157 300 10.8250398543263
158 100 13.0248957727813
158 300 20.1291669930379
159 100 12.9797512007887
159 300 26.8572967623878
160 100 15.2003618869406
160 300 21.9683234480893
161 100 11.6565506763497
161 300 14.6199728656332
162 100 11.8146145652983
162 300 16.7274235475117
163 100 10.8513348929229
163 300 15.6196341912254
164 100 7.43780210300692
164 300 8.6778708654024
165 100 9.54528732743783
165 300 15.8969863707636
166 100 10.1751590781864
166 300 11.4134285107092
167 100 17.6664072052091
167 300 23.7675512916039
168 100 13.0798297904612
168 300 15.6744342909556
169 100 12.1759059975233
169 300 20.3240162127802
170 100 6.28911562359576
170 300 9.2426702682455
171 100 11.7166831018932
171 300 27.4484566153478
172 100 7.74456498032162
172 300 13.2917210843307
173 100 8.2922813538945
173 300 9.36717559807665
174 100 7.84317180919578
174 300 13.4000741604591
175 100 15.5846226412035
175 300 26.2599291995373
176 100 7.27469124438784
176 300 7.75555388168688
177 100 9.69548292831494
177 300 13.8551414157392
178 100 12.3488144612945
178 300 15.1717740410393
179 100 14.2429468707221
179 300 24.8189940257769
180 100 14.856978399743
180 300 22.9955580292164
181 100 17.4064627211249
181 300 32.0838721149359
182 100 9.40337127019674
182 300 14.8922176952192
183 100 17.5996362921318
183 300 36.4652866436338
184 100 7.1187269618222
184 300 13.095957981082
185 100 11.4385431784114
185 300 19.0335610083201
186 100 11.3286128350412
186 300 18.9935656572045
187 100 4.93759258580121
187 300 7.61557034902355
188 100 9.54082392492836
188 300 16.2115956699353
189 100 11.3764264337101
189 300 24.7376180892128
190 100 5.65793311537401
190 300 10.5165504972818
191 100 16.8335871941936
191 300 24.9355998284503
192 100 6.87796831419215
192 300 11.9675499511012
193 100 6.75913073897104
193 300 9.81770782431744
194 100 7.69805105388647
194 300 15.2008831636936
195 100 12.011900056486
195 300 25.4063385166014
196 100 7.97340041829228
196 300 16.8675259821729
197 100 9.45275986806938
197 300 13.9280921694965
198 100 10.8872644788857
198 300 14.8295056133533
199 100 6.90791422297289
199 300 13.0986777543682
200 100 9.35910142953818
200 300 18.2667069940444
