id dose y
1 0 6.92605968301866
1 1000 29.3423489745021
2 0 4.56391760596276
2 1000 25.9492305995913
3 0 5.47937132639582
3 1000 15.4857289353244
4 0 3.72307779939313
4 1000 23.3222679875813
5 0 10.0527388864763
5 1000 30.8676151207029
6 0 3.93873782137201
6 1000 11.0325243915451
7 0 10.5106753777441
7 1000 89.3351955860049
8 0 5.12114002897899
8 1000 22.8513013143853
9 0 5.43117880735955
9 1000 22.3017741767616
10 0 2.66419760251609
10 1000 26.1219601426313
11 0 3.27478150010066
11 1000 23.9686872392436
12 0 4.05849511381292
12 1000 19.8526398170719
13 0 6.18011283369378
13 1000 14.2069014157736
14 0 2.70350647390415
14 1000 23.5722972603931
15 0 2.31601607689809
15 1000 12.8653165411288
16 0 6.48955047856309
16 1000 9.55030834020759
17 0 3.27688571840499
17 1000 82.8428402097988
18 0 6.74253113450831
18 1000 26.9447813963278
19 0 6.1738823971029
19 1000 12.3705530373862
20 0 5.38000263065024
20 1000 13.1129241166873
21 0 6.59074977625225
21 1000 19.8529089103785
22 0 2.95687668453443
22 1000 23.4915840925405
23 0 5.09547186387873
23 1000 27.0173713752486
24 0 6.42809197664512
24 1000 17.2619203146411
25 0 6.16648554304486
25 1000 44.5517246357499
26 0 5.34596921771038
26 1000 49.3043758130618
27 0 3.91815713610031
27 1000 45.3755621320409
28 0 5.46018761850289
28 1000 19.8173957654954
29 0 3.26326343338102
29 1000 23.9470554722301
30 0 6.19132847056695
30 1000 35.1167127141866
31 0 3.8712990274635
31 1000 20.2536839499097
32 0 8.39760863449278
32 1000 32.0163703214621
33 0 4.80597169576752
33 1000 16.6865358061128
34 0 5.75663333618562
34 1000 43.1309137793635
35 0 3.52094061398845
35 1000 29.3004466072487
36 0 2.16878192935588
36 1000 12.8154769996754
37 0 6.7289688474976
37 1000 14.5707754418518
38 0 3.8986070418769
38 1000 17.0489824623782
39 0 4.25528654185848
39 1000 39.4939805289579
40 0 2.01494133655231
40 1000 21.062049786449
41 0 5.07584169723937
41 1000 30.8166851029627
42 0 3.6929842058717
42 1000 42.7918952971193
43 0 5.0362106894791
43 1000 26.3360591224279
44 0 2.77429895411729
44 1000 23.6286126897921
45 0 3.74966805377563
45 1000 49.3764651783941
46 0 3.96088209109088
46 1000 35.3052284774081
47 0 3.83254452530746
47 1000 31.5023444743888
48 0 4.58221897421165
48 1000 24.9704659199794
49 0 4.95739610784433
49 1000 36.180026323841
50 0 3.91600907339193
50 1000 100.128199967435
51 100 12.0478013368877
51 1000 22.6229057182904
52 100 12.2259265844307
52 1000 28.5749084059551
53 100 7.5335175175243
53 1000 19.6159907164487
54 100 7.66633152058049
54 1000 20.7835474818279
55 100 7.14419472514447
55 1000 18.068680075569
56 100 6.24014822632425
56 1000 17.0707014675005
57 100 10.3060133194938
57 1000 21.2601202154301
58 100 8.06504519387717
58 1000 14.754341673054
59 100 9.46898918963882
59 1000 21.2575544408806
60 100 10.3251884073176
60 1000 18.5175622503304
61 100 9.03626108207834
61 1000 21.2894704994973
62 100 10.0075595239905
62 1000 18.9773666887411
63 100 11.8603141893994
63 1000 27.201093369457
64 100 17.7521332745925
64 1000 42.9640775173741
65 100 8.76434169068094
65 1000 25.7689786814613
66 100 17.0429833470879
66 1000 47.6231461546909
67 100 18.77970261426
67 1000 41.0601810868621
68 100 7.13984446497351
68 1000 18.1451072052225
69 100 9.36971702984954
69 1000 12.7674237021804
70 100 8.30133633492071
70 1000 17.2549265630265
71 100 9.84960478203518
71 1000 32.290920492223
72 100 13.1972698852643
72 1000 29.4034194387518
73 100 12.3963078300679
73 1000 30.0703458492323
74 100 13.4189866947244
74 1000 37.599460437121
75 100 6.22762448700767
75 1000 9.04820327271288
76 100 11.2274978668724
76 1000 30.2308930299941
77 100 5.53849385034291
77 1000 13.6540574559258
78 100 18.2798585563545
78 1000 32.2335406483453
79 100 7.62386073259012
79 1000 23.6936781584085
80 100 6.53496792581259
80 1000 20.7086320329088
81 100 19.2268915976305
81 1000 78.5780127937662
82 100 11.0217100838533
82 1000 31.3327140011888
83 100 7.0625275061682
83 1000 16.2958560006903
84 100 10.8316655781885
84 1000 21.8120588452363
85 100 7.50048570021407
85 1000 20.1593061733677
86 100 10.0901652191617
86 1000 20.2528036320852
87 100 8.23526906979115
87 1000 11.7431372732495
88 100 12.724711222701
88 1000 39.4326269719469
89 100 15.0122313308165
89 1000 24.0699043377444
90 100 6.99869028987078
90 1000 16.426404590629
91 100 9.42168454695549
91 1000 17.8618702412966
92 100 22.7710367011556
92 1000 49.2435322993095
93 100 14.9684016963247
93 1000 31.1971546258938
94 100 9.45892191234637
94 1000 33.1422599678387
95 100 8.1701166450857
95 1000 12.227336352404
96 100 8.9085383336051
96 1000 23.4669167103947
97 100 9.86976978243566
97 1000 16.2445861127465
98 100 9.24935693345756
98 1000 25.1365220893159
99 100 5.60763194031684
99 1000 12.0293003104331
100 100 9.17368200613587
100 1000 18.5868799311247
101 0 5.62217269051887
101 300 20.8965824427166
102 0 4.65266038596383
102 300 8.5535775201206
103 0 4.17540589589925
103 300 10.4827324446737
104 0 4.07665589643933
104 300 26.9741933652003
105 0 3.37559138871757
105 300 19.3160026373753
106 0 4.12322919237833
106 300 18.1399108255464
107 0 6.22963929429022
107 300 15.941789707267
108 0 6.48564782613822
108 300 15.3123305945936
109 0 5.14483042089034
109 300 15.0450748781224
110 0 8.53557000251883
110 300 18.6628682170254
111 0 4.66199038253954
111 300 16.3705836743606
112 0 10.2835083540132
112 300 17.5585442341644
113 0 5.96807113796119
113 300 23.2628487114232
114 0 3.22324724292249
114 300 8.81140697332495
115 0 5.55140875844822
115 300 16.5924111318543
116 0 5.85730374751852
116 300 10.3850400457522
117 0 6.10033661407167
117 300 18.0549329019402
118 0 5.67863297885013
118 300 14.6773566125157
119 0 8.5218818165639
119 300 19.7838847331467
120 0 12.4389978906724
120 300 45.7607129037507
121 0 5.99031340525197
121 300 15.7528426446317
122 0 5.64432171726595
122 300 10.9177425327732
123 0 8.25835416392616
123 300 20.5303898812718
124 0 3.47698000663043
124 300 32.2281366682729
125 0 4.33905566433211
125 300 17.9069873953207
126 0 8.54360140358461
126 300 15.5138443718761
127 0 3.57120343076269
127 300 12.5375813760442
128 0 3.6193145188164
128 300 21.0408225406767
129 0 4.64555997008789
129 300 23.6373077052209
130 0 8.15734947680356
130 300 12.5059944257813
131 0 5.57307832954681
131 300 70.3138961584588
132 0 5.32267055868553
132 300 16.9952534996259
133 0 4.53338860553376
133 300 13.4189324130268
134 0 7.02519949866492
134 300 20.6805513910663
135 0 4.66030363300628
135 300 12.742054587919
136 0 4.12479648255483
136 300 10.5773547084349
137 0 3.44383399360862
137 300 10.5754943142876
138 0 4.59520344605908
138 300 13.6148634632833
139 0 5.95942918197335
139 300 14.1701611156345
140 0 3.15384775948272
140 300 12.8538508158368
141 0 3.06592329355785
141 300 5.38953074984454
142 0 4.29843764734126
142 300 12.7446466102785
143 0 7.9268847382898
143 300 20.1758181886768
144 0 9.94593622545626
144 300 35.625111990107
145 0 3.7403315906051
145 300 13.9850661567781
146 0 6.05850794875296
146 300 22.3874130319977
147 0 7.13685663619705
147 300 18.7876830475257
148 0 3.91118181212237
148 300 8.64700455959642
149 0 3.27787085524095
149 300 16.0028236209919
150 0 4.89172374964428
150 300 18.0847661907657
151 100 7.36980826444077
151 300 11.1977596528286
152 100 7.69136036827353
152 300 13.9331018063817
153 100 10.5056312845689
153 300 19.8300947799586
154 100 14.7892663557678
154 300 23.2629100849889
155 100 8.06502064430725
155 300 16.0638605599183
156 100 8.71400069431098
156 300 14.7024245008445
157 100 8.04375900281622
157 300 14.7494467294256
158 100 12.0449361455807
158 300 18.8334103352539
159 100 5.46660024338391
159 300 9.01505004225499
160 100 8.05731783100404
160 300 11.9880654595329
161 100 24.8098230595109
161 300 44.1822493764884
162 100 17.0279532016678
162 300 30.0537283119779
163 100 9.33611568909304
163 300 11.9309104935813
164 100 9.93220901376555
164 300 12.2967139387953
165 100 8.15319298357418
165 300 10.8093280491276
166 100 8.53356256183217
166 300 16.6705861826694
167 100 8.38217641011611
167 300 15.092588258024
168 100 9.64545589340329
168 300 13.848727068196
169 100 6.03657481401366
169 300 9.0585004574468
170 100 10.1225959084959
170 300 18.7796189633035
171 100 12.1189338117622
171 300 18.4136518923384
172 100 8.67460295628628
172 300 13.2563470894475
173 100 10.1189360634603
173 300 15.2110234573351
174 100 7.60069924522285
174 300 8.97756564901205
175 100 13.1514816100176
175 300 18.2153268942378
176 100 12.6339432641892
176 300 15.902221285955
177 100 8.04404641599039
177 300 10.7021733950941
178 100 12.186433543952
178 300 24.2923612118636
179 100 9.31878479493301
179 300 14.1372982947232
180 100 8.93358552744887
180 300 13.5701780887912
181 100 13.7082963596297
181 300 19.7631800572795
182 100 12.8593302367677
182 300 23.5962535818295
183 100 7.6701070226504
183 300 15.9090780954338
184 100 6.54490507801681
184 300 10.1170396930762
185 100 11.1732618833125
185 300 15.5519912573616
186 100 18.0625938434052
186 300 31.2583669568907
187 100 13.7915568776046
187 300 21.8317515128916
188 100 23.071443506783
188 300 33.8980696651851
189 100 6.68551511471723
189 300 11.0786559628535
190 100 8.30327757469817
190 300 11.0164241320584
191 100 8.03950697825058
191 300 12.7214904311078
192 100 10.6953720518128
192 300 18.0608274714748
193 100 11.1327182754655
193 300 17.9088132281439
194 100 9.17820061742268
194 300 13.5345201747106
195 100 8.45455189001672
195 300 15.0441810773919
196 100 9.82781127346374
196 300 19.4536164317292
197 100 9.75179772032058
197 300 12.7400925066567
198 100 12.7260063902463
198 300 19.8432431457885
199 100 10.9402068600732
199 300 17.8072041477092
200 100 17.850374203499
200 300 29.8021112334965
