id dose y
1 0 3.89626544906273
1 1000 9.60649791458405
2 0 6.35356515991127
2 1000 24.2169588404548
3 0 4.50339656666261
3 1000 28.6228668204636
4 0 3.30369671613599
4 1000 16.6826416676913
5 0 5.09178439551571
5 1000 21.6505154058594
6 0 3.397391058175
6 1000 10.9121404308602
7 0 4.53709501003
7 1000 22.0753019079795
8 0 5.04716593690586
8 1000 16.8148136221875
9 0 4.34927425294358
9 1000 20.6522700896418
10 0 5.24842851304977
10 1000 21.5604149772586
11 0 3.16510933323859
11 1000 30.7205310268167
12 0 6.84961572457508
12 1000 12.7891919140885
13 0 5.81107836868259
13 1000 46.9692582482931
14 0 4.10473364186427
14 1000 19.6538768859321
15 0 3.90132757959723
15 1000 34.6803350127449
16 0 4.84959204295456
16 1000 15.5518589522193
17 0 3.48770052917788
17 1000 21.8936530420602
18 0 7.7952032753006
18 1000 17.0581610344158
19 0 5.37086793499215
19 1000 20.9086641272061
20 0 5.56370736923596
20 1000 36.0309056721948
21 0 7.04735378535582
21 1000 38.0556137226441
22 0 6.22436962919546
22 1000 23.6506783223119
23 0 5.49910272005192
23 1000 84.1003332954096
24 0 6.13658226981904
24 1000 42.6231406082319
25 0 4.40317407583839
25 1000 11.2922868348272
26 0 3.88151262952615
26 1000 20.7542605074746
27 0 4.9765683656918
27 1000 25.1991777479262
28 0 5.78028349511784
28 1000 71.2895714285354
29 0 5.98085842761264
29 1000 13.4457990025211
30 0 3.40374891133473
30 1000 73.2370818605389
31 0 3.17403918777061
31 1000 34.1263836503168
32 0 4.39933655797864
32 1000 58.829652103756
33 0 4.03020487737545
33 1000 11.6138726127992
34 0 7.57147231367969
34 1000 24.4770340140349
35 0 4.35477416648685
35 1000 14.1502899325719
36 0 4.23430147192843
36 1000 60.3568286502116
37 0 4.83053785142112
37 1000 13.7090651935402
38 0 4.46833876082873
38 1000 54.8771515851966
39 0 1.806811668138
39 1000 35.1048262086775
40 0 3.27599725564812
40 1000 36.0716757359751
41 0 3.11150121860692
41 1000 23.9637631445336
42 0 4.86608731561419
42 1000 8.05778245362036
43 0 5.1805601735563
43 1000 16.1745260751112
44 0 5.26506366515791
44 1000 20.1691020558457
45 0 3.02035774146907
45 1000 29.7767382198249
46 0 6.94269842940331
46 1000 21.6480493944122
47 0 4.0623401913447
47 1000 38.7198934943987
48 0 6.20393284416659
48 1000 39.8704010502247
49 0 4.06421168880018
49 1000 36.952079995095
50 0 3.07177995594332
50 1000 12.9644495322842
51 100 8.76075192873945
51 1000 13.7180407475464
52 100 23.5381927217403
52 1000 32.016810608877
53 100 8.45997245822699
53 1000 21.461348493012
54 100 8.70531341899544
54 1000 29.7459241524094
55 100 12.0853723651016
55 1000 35.3127591323777
56 100 7.84045459214793
56 1000 20.3077914053031
57 100 6.74087962468769
57 1000 12.5297550917407
58 100 9.53046473491362
58 1000 20.0477761528027
59 100 10.3990654873697
59 1000 26.234841594274
60 100 8.54257411776275
60 1000 20.2651346368066
61 100 7.7401396207232
61 1000 24.9570334718016
62 100 8.28501265297528
62 1000 22.3987918577247
63 100 29.3911877948295
63 1000 92.3416975878598
64 100 10.2558613524297
64 1000 19.5421379219963
65 100 23.5006644101189
65 1000 79.8847402501826
66 100 9.4210223381376
66 1000 16.2077690340807
67 100 8.87734187717134
67 1000 14.8323454197713
68 100 8.64314092616995
68 1000 13.7900735293885
69 100 7.85415522255243
69 1000 13.4696482583338
70 100 9.38159892882168
70 1000 15.8970022359471
71 100 11.9640797987147
71 1000 24.9664402795507
72 100 12.0058728134127
72 1000 27.8246790683237
73 100 11.2002425103855
73 1000 38.0906962095077
74 100 18.6192074754141
74 1000 28.3063144240891
75 100 9.96461287335769
75 1000 23.3841438708044
76 100 8.99416037045834
76 1000 22.0683251248507
77 100 11.4536051601175
77 1000 51.1913409225678
78 100 11.6743954054554
78 1000 31.0824475173162
79 100 12.320551452687
79 1000 23.7660318280995
80 100 3.87060809775452
80 1000 10.368690085081
81 100 7.93192525591065
81 1000 16.3036471497028
82 100 9.44601569262345
82 1000 29.6542166816916
83 100 10.6977495706041
83 1000 21.4058683674522
84 100 29.8761590534977
84 1000 97.9552639374806
85 100 8.01480097602992
85 1000 24.4286534029083
86 100 4.19658310478554
86 1000 12.0480594840656
87 100 6.99246726423583
87 1000 13.7788842786691
88 100 6.57971405562825
88 1000 11.6826306193355
89 100 12.8469314261737
89 1000 40.6326841012325
90 100 11.1900106944137
90 1000 25.7300168946001
91 100 9.87204421674292
91 1000 20.7486394741111
92 100 7.98599407489419
92 1000 18.7327340721178
93 100 10.9423476925984
93 1000 36.2645289637439
94 100 11.9648958989284
94 1000 24.4501393038006
95 100 11.0454463089613
95 1000 39.4289302483538
96 100 7.02791309464112
96 1000 29.1940058155696
97 100 10.4844471424874
97 1000 29.3186460929673
98 100 10.3190935390183
98 1000 21.7125904887665
99 100 4.46088513646626
99 1000 15.8555496484444
100 100 8.49759733755679
100 1000 45.5597952788584
101 0 5.74951044959278
101 300 11.1431372611853
102 0 8.11266850322933
102 300 14.6959349931748
103 0 3.61253082938932
103 300 22.2908614736616
104 0 5.8400242752488
104 300 12.4148662929219
105 0 5.70632919472553
105 300 30.8614386947063
106 0 5.27078968103214
106 300 26.1785307900837
107 0 4.67222061683913
107 300 20.3826963607364
108 0 8.15037066705967
108 300 18.2423274511568
109 0 4.06732412375496
109 300 16.4314429792208
110 0 2.67895373598441
110 300 28.1342492630869
111 0 3.42607103987264
111 300 4.42076219336476
112 0 7.13842004899591
112 300 25.0461529416885
113 0 4.47473548899159
113 300 20.1985937506928
114 0 2.96362765851207
114 300 22.197961861348
115 0 6.8119741631606
115 300 7.98441016238975
116 0 5.48642130795159
116 300 15.787453980471
117 0 5.34132511439449
117 300 33.3736987196945
118 0 5.39889319973022
118 300 12.6972923670945
119 0 7.92503905429068
119 300 17.9760348009706
120 0 3.50956404599889
120 300 15.6306101306775
121 0 5.40444815106222
121 300 12.8270588752845
122 0 3.50712849091198
122 300 11.6122990520448
123 0 3.53301707617823
123 300 15.4840372189454
124 0 5.40495158961687
124 300 28.9104712030599
125 0 5.85587038178325
125 300 23.8569461714721
126 0 4.13636292837181
126 300 21.6238822361997
127 0 3.26491140134791
127 300 8.8942402363557
128 0 4.44865413983391
128 300 15.6687531773219
129 0 4.5991753194894
129 300 23.1113617707477
130 0 5.98769037463542
130 300 29.7860488477762
131 0 5.87888745784569
131 300 21.3291925571927
132 0 12.7898262481117
132 300 21.976930090557
133 0 4.57418018219172
133 300 10.9887634457674
134 0 3.39321639796824
134 300 17.0259162951377
135 0 7.54413795608901
135 300 16.4736981545834
136 0 4.3013976301378
136 300 14.9549087886176
137 0 5.13234660862177
137 300 10.7082387062936
138 0 3.41532415739527
138 300 16.1358053435749
139 0 4.6708228871362
139 300 13.9154407721787
140 0 5.84187740544231
140 300 12.2552468521834
141 0 8.67245700955181
141 300 18.9323678822543
142 0 4.57556133026821
142 300 9.05696377376664
143 0 5.25677605445203
143 300 8.10637713986703
144 0 2.91119681895864
144 300 5.8155018027396
145 0 4.6774580878985
145 300 12.2066522042228
146 0 3.28983862883942
146 300 13.4291249260087
147 0 6.007015580143
147 300 9.47383017254598
148 0 5.45243754295528
148 300 10.4033893608
149 0 3.29256691674073
149 300 9.56906594909704
150 0 6.95543987823563
150 300 24.3128993186001
151 100 17.8967106520975
151 300 40.9165453613043
152 100 9.92734794381329
152 300 17.6748986834619
153 100 7.47779194931221
153 300 13.0410943225733
154 100 12.9799406860074
154 300 17.0634236935034
155 100 13.071555530268
155 300 23.8282516006302
156 100 7.83978016959644
156 300 12.4263963827584
157 100 7.43876965800131
157 300 12.6868229676737
158 100 12.1290751660361
158 300 21.5303756797571
159 100 7.16889157492354
159 300 12.8847420931613
160 100 9.8506106590402
160 300 15.4193815160171
161 100 27.0672159017726
161 300 48.4798222708346
162 100 13.3597191463385
162 300 15.2974051079781
163 100 6.04379705942415
163 300 10.7246850716325
164 100 12.1267289846523
164 300 17.4962588696646
165 100 14.1304338703434
165 300 18.2886154425433
166 100 7.03950094179041
166 300 9.92237579628397
167 100 9.80317198525244
167 300 20.6658558872428
168 100 12.8859785943285
168 300 17.6930684647053
169 100 6.81953440874126
169 300 11.0890605683648
170 100 10.1865561833465
170 300 18.5328867309845
171 100 16.0401511612311
171 300 16.2319968673332
172 100 9.51489524323507
172 300 14.2072466731641
173 100 5.37433767825578
173 300 6.16582757028692
174 100 12.1980501389382
174 300 20.2287059307511
175 100 14.3173014885735
175 300 24.6812029569197
176 100 9.99313599823825
176 300 16.4467586802158
177 100 14.6670870601915
177 300 24.061046717618
178 100 10.120799257431
178 300 13.8129947454187
179 100 5.82485146112064
179 300 9.64546092766138
180 100 20.2244465667481
180 300 43.3021114674529
181 100 10.1250391858886
181 300 16.9647316201093
182 100 8.95162601039586
182 300 14.5484511488575
183 100 6.78454088714676
183 300 10.169895331266
184 100 9.38442281099099
184 300 13.9031864217897
185 100 9.22938996507114
185 300 21.2335225067227
186 100 9.69134381983321
186 300 12.7241351149877
187 100 17.1539734190782
187 300 28.2902151829736
188 100 11.2324416982962
188 300 20.2338389274723
189 100 11.2869555700255
189 300 15.1941403504373
190 100 7.70118569837727
190 300 12.7724661280875
191 100 8.83643919436441
191 300 12.28509004617
192 100 7.1474449246261
192 300 8.3772554386409
193 100 12.4091474287593
193 300 12.7964448969517
194 100 10.1789880553943
194 300 17.3558147248444
195 100 11.8086702732838
195 300 21.5632545026795
196 100 12.9971470716608
196 300 18.8654027617697
197 100 10.1183055528805
197 300 13.4630182532813
198 100 8.24571280561315
198 300 13.3243454637678
199 100 9.42967264372357
199 300 15.4296965353153
200 100 13.7450869760399
200 300 24.4396587834135
