id E0 Emax ED50 E0
1 3.63495534474993 64.8035230469183 1775.69424931898 NA
2 4.37787870901774 32.8889600249077 535.062184923699 NA
3 7.28159131176609 52.950884675941 1747.43886322033 NA
4 6.69811059894403 17.2753650006632 139.840792812031 NA
5 2.90189395212175 59.4794652522503 1455.56315366527 NA
6 9.39001624109658 15.736264167372 369.751577584036 NA
7 4.52366123802686 15.4733335922052 250.475119890046 NA
8 5.66772968017414 15.8373731160641 558.908579529891 NA
9 4.57934431964028 19.6422098804072 887.801614753644 NA
10 5.72262767028888 53.6999470586371 935.40746474377 NA
11 7.65307508475112 42.4885132725122 768.883633022906 NA
12 6.63402933358126 39.7318541831308 433.803790657052 NA
13 4.35607773393811 56.122300824776 1040.29440552654 NA
14 3.32273013639466 11.7264583968213 222.617965954098 NA
15 7.339950816977 32.4125024166045 389.418618585018 NA
16 5.65700124122097 28.1083156434204 603.856792789931 NA
17 8.75246243165507 24.4431248348694 230.452485404107 NA
18 5.24122975436787 25.8781691923328 784.875407135684 NA
19 2.85170730210883 30.599322185855 597.508468051498 NA
20 8.09077539864227 45.9682985509568 274.345593475456 NA
21 4.62515606163659 102.32430109001 875.972792336468 NA
22 5.0367645635007 47.2545715120097 1133.65505716045 NA
23 8.47713931025292 20.1474053907974 833.091625346473 NA
24 3.22032890214714 13.8655449199025 554.078500175399 NA
25 5.72928147974466 118.29016519031 1330.52105133411 NA
26 5.42583362931496 28.0637315206051 331.025948635131 NA
27 7.36804435105043 53.1928116123656 623.963154264596 NA
28 3.97236319470723 71.1845097372666 647.763890202956 NA
29 4.89950279233307 13.3085451897679 522.77491151668 NA
30 4.03294916613762 30.6558706933174 170.180949728102 NA
31 5.12942483264156 83.3021059206596 730.636921370159 NA
32 6.96938275220325 80.7702059035782 2850.89758433428 NA
33 4.68764775917151 15.1320148774179 489.717408432031 NA
34 4.96276572808759 32.4624789994822 551.203022467212 NA
35 7.24343712558806 67.8064662589374 809.784273295273 NA
36 6.44957113362469 49.5577322848909 1441.61664084063 NA
37 7.38429261448031 13.2550476672469 281.041081540089 NA
38 3.5700177233807 53.9008954498053 671.319051593532 NA
39 5.6869927785764 34.1048702914855 310.607011544549 NA
40 5.32779882246347 33.6152651204059 307.715594581854 NA
41 3.36254544570619 33.1649278880866 981.883772754524 NA
42 4.91379484986689 11.1623316511587 403.241543924874 NA
43 8.89356397877801 11.4814879855564 533.949391541449 NA
44 6.56798453838497 62.0424940643219 1201.1607898283 NA
45 3.28573367865047 60.1405586725951 905.98393727411 NA
46 5.76629990136269 32.5537893157904 491.432310831371 NA
47 7.33804116598814 189.966069894934 984.769621099791 NA
48 7.73887804491572 21.2787381836712 1305.7767292924 NA
49 4.1347274433889 12.5946026047324 277.398585848263 NA
50 5.81811491633617 98.0311432267293 735.219915330524 NA
51 4.14533374210136 62.4134699785405 753.45823993883 NA
52 6.44686378487805 32.4293550371442 1080.82746366489 NA
53 7.37393987990635 29.9057596795066 384.918790197135 NA
54 4.8745333816525 24.8674626163194 541.545653710396 NA
55 2.58249623611138 27.5208875832622 1190.73170936285 NA
56 5.08046269196996 6.4415846762417 603.062984240815 NA
57 3.31519996024497 12.7938546981826 851.749764618322 NA
58 3.27399117273975 18.3994252070711 907.920052154995 NA
59 7.73480955578181 56.1879261509337 575.980282335433 NA
60 6.03189993038086 38.7346600914892 229.933465403402 NA
61 5.27865222650819 38.3409667828986 1626.95213448047 NA
62 6.73531396023404 16.7468816389689 382.934983431811 NA
63 4.07630059905739 13.6707979226044 741.814441991412 NA
64 6.25756970191382 30.3951353550067 929.433016782564 NA
65 4.46878780458687 25.488995292621 537.500742320692 NA
66 3.02250044062461 37.2079399930466 688.258212965672 NA
67 6.46326915301819 11.4595416605704 281.36798763362 NA
68 4.46058461728253 23.3835847473422 218.617420198979 NA
69 8.86267883145347 83.1318206145703 966.521178507989 NA
70 5.72245460094265 14.4675158673597 700.984994048141 NA
71 4.65758725881805 8.85644268925402 608.925908242016 NA
72 4.01253730799973 44.5159475369333 768.580662040218 NA
73 6.94481043126142 39.7034387415866 513.752315662527 NA
74 5.19534704598909 29.0261992950067 405.017567495758 NA
75 7.05008157317878 21.0004108794154 1377.07219314724 NA
76 3.97431509668871 16.0323077896177 329.783896258356 NA
77 4.36780267323088 30.353406845466 422.962964980055 NA
78 4.90946998285945 29.6269313888554 367.28952204653 NA
79 7.76332034996938 53.0967845144285 640.99522110943 NA
80 5.60105220020577 56.2277199089505 350.986782209567 NA
81 5.12529486897934 23.4117501666336 105.96280132714 NA
82 4.16080720447656 27.2207995288767 243.123229484362 NA
83 5.68541356114247 52.1230150777547 1375.31844234392 NA
84 3.8531708439163 38.762368367608 401.208400387249 NA
85 7.45353687025584 11.8329262864505 863.898578524572 NA
86 5.48236311623807 56.8453640262552 1136.51778737891 NA
87 5.50769545610908 9.51002650857181 272.1357347993 NA
88 3.63386710448023 49.4077727753547 1016.10374406807 NA
89 7.31335596573851 35.5242115593813 244.15849353114 NA
90 7.01466044133862 26.5936694066538 441.855766829465 NA
91 4.4379801860902 24.2111083060785 493.724784471176 NA
92 5.05418974122064 40.1969392588168 285.711269053262 NA
93 6.80863478154159 10.9255701547739 155.634951902794 NA
94 5.9090243974766 17.6031728830505 354.48860070818 NA
95 5.09889254229988 25.1295013679379 852.628584054384 NA
96 6.16939717654106 35.2875967868224 829.92998700388 NA
97 6.42547182447939 19.5600659564859 722.510803633912 NA
98 6.82490808583993 32.0123068645599 339.821773784754 NA
99 8.14927657254772 42.8997659513794 791.534595209909 NA
100 7.15113854615587 20.9214735270956 341.622351955258 NA
101 5.07537946054977 16.1430124697938 211.818877733672 NA
102 5.54160714057286 38.8963792016246 610.472971829602 NA
103 7.18592514347358 21.4289367351257 414.80880921137 NA
104 5.24787878892265 58.9861675837934 768.552469105101 NA
105 5.26170385052813 26.2447560065827 351.095688868545 NA
106 3.59494161345038 31.543664734823 632.383308852982 NA
107 4.10947850369189 30.6695582415948 1051.00578328849 NA
108 5.06156400200029 52.2020610355989 187.015410402767 NA
109 6.76358106186553 18.0378499569903 540.236040512054 NA
110 8.35203230737597 56.0686121940702 468.122466988066 NA
111 4.07859840051883 27.116372377335 261.169953661759 NA
112 4.81418874562683 35.0530361181181 369.903921922139 NA
113 6.74574529981423 12.0046209466383 407.358188680998 NA
114 6.68032575800581 48.3066395672128 573.442836531687 NA
115 6.68436793412878 28.5217054922989 1109.61818747586 NA
116 4.0215068225005 22.4218577046876 325.265591453823 NA
117 7.14952050167733 9.51119204705543 389.758253626439 NA
118 5.54783409011465 22.5048711764648 396.866039465558 NA
119 5.42580475140002 9.55215661614366 373.40378096628 NA
120 6.88915673830768 24.2324892246814 391.908912594213 NA
121 2.38986623740551 55.596716003919 834.158819917398 NA
122 3.67498946822526 33.412242333933 755.404634698455 NA
123 7.40285874106108 66.765174921617 1063.45799342854 NA
124 5.50672872924979 13.8477992384998 757.031748574996 NA
125 4.52387334485597 36.5556759182401 221.718355817312 NA
126 4.75106202934548 17.3704053559209 1049.75833041942 NA
127 3.88408665507404 20.8038893243279 542.484663372077 NA
128 2.67182393054866 37.198295300274 1360.52337998084 NA
129 2.71567423843575 63.3055129507858 2948.04573139475 NA
130 6.39539485356417 16.3663198660219 354.968857703047 NA
131 4.95083400583533 8.82931222038625 234.186520211495 NA
132 5.13531946757413 54.6000788628763 1853.15111303281 NA
133 4.25605724103431 20.9017535947256 220.068675561048 NA
134 5.73713411176978 72.4790062823398 874.439465413945 NA
135 5.13039026151813 35.6802895891725 245.388739576029 NA
136 7.38711327897356 28.0945563799359 301.408986893223 NA
137 6.21200099983533 41.991989274311 947.787080466871 NA
138 7.22297171095639 14.0428804032328 186.295198548757 NA
139 4.99212169957173 35.8488477662496 413.664965028044 NA
140 3.9795970222015 19.4232907019637 337.661341715639 NA
141 3.70456318849363 35.2232327334038 443.283975714325 NA
142 6.37895895958414 42.4061731049136 198.265865490462 NA
143 6.82586984186908 26.6864685200742 224.683250711772 NA
144 8.63465585010962 9.073360211952 271.1268434743 NA
145 6.43953080668586 88.0546393732314 1752.34159616338 NA
146 9.06004672536986 28.2230332327567 643.110652197018 NA
147 4.48635801337742 41.7435682985126 374.011653841997 NA
148 3.00783085734042 51.0617570714493 1321.299696747 NA
149 6.22194717317359 19.3752171208434 980.136293073046 NA
150 4.30119227738221 60.5222440976358 535.718292584448 NA
151 4.89123187542175 49.349493139888 348.008214019122 NA
152 5.77440468941271 25.4667927354737 632.651068340796 NA
153 4.42228541867342 17.295207913311 206.692691982227 NA
154 5.11934030014644 19.5129964546256 420.709757253821 NA
155 4.08758768241924 34.9108129999685 633.473139444698 NA
156 5.10125668270693 7.18958839326846 343.473958107912 NA
157 5.072495305264 77.4363248181132 2033.02784054081 NA
158 5.70414977420921 31.722015468042 468.371512351099 NA
159 7.03629866411486 28.4624923506199 534.529515848189 NA
160 8.23148616294699 91.1041952079453 2333.47839584178 NA
161 7.70989396454898 130.260481854314 797.265006429375 NA
162 4.9472523558576 18.4460167845853 158.897319730909 NA
163 3.61169703359684 21.5994139433528 334.238525564912 NA
164 6.26718412033405 15.1272307343856 655.430589614866 NA
165 7.27745978838065 19.8860048807525 491.48706223466 NA
166 4.47708446990766 13.9969799978011 441.470060348267 NA
167 7.6138438598596 12.6620603014796 365.240658043452 NA
168 4.9105445990586 11.2547063358653 860.084830226583 NA
169 5.29652550561594 75.9568488800465 609.007902017673 NA
170 4.51906684064609 26.3214628618215 527.189283301431 NA
171 4.96644698472753 76.2858433798842 2319.76763723454 NA
172 4.38388714525225 3.72182314441606 72.4118607151184 NA
173 7.60135198450761 55.3885712613558 417.412434595601 NA
174 3.0831324152005 57.3029572241325 1000.55533491861 NA
175 5.81703647024966 13.425787354983 356.845847320699 NA
176 3.33734847419116 52.675577364305 954.01368534258 NA
177 6.29792631468042 26.4711339057205 564.376222253713 NA
178 5.33268127300943 18.7835215157887 326.243014742747 NA
179 7.01660952520914 22.2868409749423 480.167533664493 NA
180 4.98762128823692 7.99209372825865 137.740973108907 NA
181 6.20015195731723 44.1326582015953 430.491497339491 NA
182 7.18343521899282 35.3583351560054 308.731013114368 NA
183 5.96458744760735 15.4280719339939 1221.78086288077 NA
184 6.60244484687722 17.8041796712578 624.56583699232 NA
185 5.37078753209142 15.9518287241663 273.794137277073 NA
186 7.49369884603055 33.2271083744575 472.59334855798 NA
187 3.74427864601987 22.907910324701 165.184977232819 NA
188 4.63590785815567 11.1696935947469 186.918963993765 NA
189 5.00338436932507 40.9509243649354 530.121218169616 NA
190 5.75135949180909 11.9657180424762 236.70527214308 NA
191 4.95100353398553 11.1562356853928 309.212504911337 NA
192 4.73948484156795 49.5074627134498 902.797412144925 NA
193 3.76656317807866 28.9747304516712 318.931514260384 NA
194 3.72525745446168 22.4811573526665 414.860335964384 NA
195 2.66449957481467 20.7787743884788 373.351429250892 NA
196 4.61659048769892 27.0687669570393 576.042350906095 NA
197 6.09975864142639 18.2088955967652 382.480444968062 NA
198 6.27426550199906 27.5398762285615 373.655427425996 NA
199 6.28879418543869 27.7976188242862 272.988512279173 NA
200 4.31629276080327 81.3345169571672 256.189954502969 NA
