id E0 Emax ED50 E0
1 4.00937215800406 28.6845893997653 307.39436071405 NA
2 3.50360862893477 15.1440312616769 258.144869395104 NA
3 2.76607505217148 48.0738719909346 345.823762217657 NA
4 3.41767139338764 66.8507460678311 627.375377532438 NA
5 4.81344573384685 26.2647045428896 1513.31319454249 NA
6 4.501382512728 121.880065230274 1035.64481736947 NA
7 4.4247779969568 31.9445709165171 770.250898615735 NA
8 3.51390513137528 77.1473848219372 1119.43957775342 NA
9 5.91949500261884 42.4401464538839 142.374497791376 NA
10 4.15383023675753 25.5260912237463 368.375109927917 NA
11 6.12678976205274 6.59799649551416 146.737720662971 NA
12 6.7322304964071 55.5248231706324 528.396003367079 NA
13 9.17381681369996 25.3640380262948 848.070297066378 NA
14 5.71422394042168 88.5057159574521 401.589095705008 NA
15 4.83577741973377 32.6934322259363 300.390420031596 NA
16 7.13311238563888 21.8472201385542 202.270376955041 NA
17 3.44704726481579 170.075401221662 900.101833637175 NA
18 3.64211049891941 22.1131558829588 558.397250095669 NA
19 8.06630671065628 15.9290422958414 621.241371257132 NA
20 4.68701954190746 52.4718940745769 678.894468325066 NA
21 3.16677875129636 21.6899457952291 709.012288017117 NA
22 4.40240556048425 51.546478007294 699.705899110683 NA
23 4.65209851802886 23.2230503430592 614.175026095373 NA
24 7.04948649328482 18.7551373839585 493.944109508707 NA
25 3.2315272774673 110.316996634697 1819.90781184813 NA
26 8.27623633183372 14.8693244146967 550.996813044603 NA
27 5.06005461719683 32.3743925674639 430.353592542705 NA
28 4.1411335741427 16.7382014680966 155.355914707043 NA
29 6.91253776240775 20.5236253678211 334.688568429976 NA
30 2.82384242541477 31.305879350836 405.877426504569 NA
31 4.44237610158975 39.7889155930064 733.886877974902 NA
32 7.97185693207649 28.9163738320524 1205.91991213346 NA
33 5.83538287815444 31.294069399554 1025.50641647157 NA
34 4.4301206593511 66.3245169879519 431.051561136923 NA
35 5.28763022760609 15.9989626660671 497.517169167199 NA
36 6.57520306155973 19.0480884790453 174.360476476791 NA
37 7.80431929876004 15.3907163197667 218.83329436786 NA
38 7.94979465539934 13.758296672028 283.665211384373 NA
39 7.66253948036653 58.6961369641308 319.328566072623 NA
40 3.26851050965436 26.5882629594641 675.110937013345 NA
41 4.49130523328627 10.526910337811 387.225145280204 NA
42 5.20166295975625 9.81933514407109 777.716586438644 NA
43 6.04238856381129 35.3198100241146 889.523914242341 NA
44 4.56636820894697 31.2980660919472 880.84583236342 NA
45 5.19180417441137 15.2838568414506 468.394845436179 NA
46 6.91113644579744 18.7425858811703 343.765226809716 NA
47 7.09794001338913 10.1805829776363 447.700633623918 NA
48 4.23361515657178 11.4144082157085 252.587420121883 NA
49 7.56513326295558 31.8517811987044 710.775810696992 NA
50 3.69501236184712 15.5548407242431 958.992621235439 NA
51 5.43990673959983 13.6845707073711 187.962381733595 NA
52 7.21823615903246 49.3739930993706 790.78475770453 NA
53 4.04293956061159 18.3491811907594 173.523846137056 NA
54 6.35338582986091 25.7392642376425 738.387279356105 NA
55 5.72937177758577 95.2765619471944 380.473327294832 NA
56 4.95567735477066 48.8548432530864 765.782263166205 NA
57 6.29960612789421 53.1472175135916 729.30311994965 NA
58 5.01600046269036 25.6219601179953 396.906695730325 NA
59 3.7137441710969 30.9156687468538 400.908353650351 NA
60 6.36220578899085 17.3608199783695 639.303484202867 NA
61 5.23270990159945 91.170083887512 436.516764975328 NA
62 4.47123971220644 15.1607731053094 192.435328642603 NA
63 5.21769089377913 12.6398897124138 301.713772792451 NA
64 4.12042891153576 11.8838468933042 238.760398706093 NA
65 5.75380114463524 67.8657029153022 429.904235281061 NA
66 3.86965645769602 51.1172909766478 1077.03466736631 NA
67 4.13403232863014 21.5347378690772 240.196553686948 NA
68 4.42571560496624 48.4056742297093 348.036385344979 NA
69 4.1897992674547 7.28205888989387 210.235006675391 NA
70 5.47911408172041 13.0184236949894 236.340339113966 NA
71 4.65611277496258 68.1131840863686 1515.69834317006 NA
72 5.06144457981476 13.9861126446068 501.412089650977 NA
73 4.11944013904861 62.8924065430719 246.881567646303 NA
74 3.24557781833244 51.1692784071687 306.423106776453 NA
75 6.73965424376879 29.1820805815706 922.255313215967 NA
76 5.24580096493465 33.9082616791601 251.616189655029 NA
77 5.5792855153161 50.0965417735731 1534.1244585847 NA
78 5.24792637192678 13.3175090024574 210.297402483587 NA
79 6.60154871985623 51.4566276305162 496.067020996176 NA
80 2.72819442121621 40.1757659962544 657.645152271599 NA
81 7.53091710560722 27.1772755557947 334.483719017582 NA
82 6.39932281987765 10.6458763862359 534.945855464979 NA
83 6.92452587562743 56.9491201641183 593.147076992321 NA
84 3.14193182053324 22.4026931923108 378.53758530396 NA
85 3.18919019820562 58.9867512238503 498.218344152618 NA
86 3.67513817206913 24.5177194594384 201.922046232547 NA
87 3.86928218575363 5.62597225388262 688.786851315335 NA
88 6.19454016725006 22.6823512240199 1290.10692505585 NA
89 3.6273711033335 43.8398626759127 411.311957577349 NA
90 3.68183978353034 23.5652717187621 933.958857183628 NA
91 4.89285644781713 19.3892887199904 455.457221360548 NA
92 4.30493236583776 27.7050691085315 96.2021653186137 NA
93 4.55235757299517 10.6292561097607 161.028518700975 NA
94 5.76957053249432 13.6999773733158 302.532303532009 NA
95 3.62577298475268 10.2644522552127 438.93921247082 NA
96 5.29460020657608 16.5592055374004 184.267825592519 NA
97 4.92495510160236 17.0972658317438 428.70824891177 NA
98 7.67641347569315 80.3363758917464 753.682968372246 NA
99 3.92712848681356 22.243321079865 296.567926352683 NA
100 3.0628281245331 51.489362192852 532.39204799651 NA
101 3.21890108672522 39.1463708424005 698.439785595494 NA
102 4.35952631219056 102.99386098179 487.313397595568 NA
103 3.52372344776623 69.8471084040906 928.380454898756 NA
104 8.57263448795548 12.148048971899 209.027397869993 NA
105 3.33534513982291 36.8964935910271 220.892526585216 NA
106 3.95474976804723 12.2523783823651 976.728261054314 NA
107 5.93767178746429 13.1359747544684 393.368375351843 NA
108 5.01550735367818 126.869963773571 1040.62694571239 NA
109 4.79629614857118 35.4372426575773 514.902182110061 NA
110 3.50555361231375 28.7340044446154 192.291744677053 NA
111 3.50812071055153 33.218740475604 785.76933474843 NA
112 4.93708967239166 21.0008312660348 307.822097727056 NA
113 4.17198328445443 25.8446204749098 244.327934587049 NA
114 7.2829469453779 31.6526919593915 999.719448364519 NA
115 5.25379606411231 98.2315053863091 1480.72414395719 NA
116 5.18885277277152 17.8471360242722 281.531878582218 NA
117 5.30822535331124 13.5056065068499 464.542799454898 NA
118 4.64427651002177 14.6592953832562 948.055587667139 NA
119 5.68571264228825 11.0122102972061 338.095141059097 NA
120 9.58430213272136 89.5204438680378 918.971024178739 NA
121 4.31881583348378 32.7697951723308 1210.66711462762 NA
122 8.5814941890985 40.5073887579477 610.396129870148 NA
123 4.4168084128543 8.20291959328047 254.004627381345 NA
124 4.51851952573022 55.3810486124736 615.916096582024 NA
125 2.55718531948967 10.6874567270394 354.392037114734 NA
126 5.9226949387256 35.1252814372526 361.24572069799 NA
127 4.06086732564554 42.904131143872 473.844265374552 NA
128 6.91481924199121 51.9109495918419 1511.46030363873 NA
129 4.45762440678207 85.1065585527351 566.858205238614 NA
130 3.60874210469882 12.204616628645 722.902412675145 NA
131 4.73068582744648 21.2071044330608 651.675524360546 NA
132 3.80511053266059 38.3951047771491 523.009834151939 NA
133 3.46706080061649 187.409084731852 296.827989854334 NA
134 5.77970108844202 12.4205305125037 181.298637188653 NA
135 7.50685537174097 51.9322247951874 489.984785189124 NA
136 5.22535481906289 44.3372912549243 494.605068764501 NA
137 5.24080146104489 21.3296642054999 271.464326318725 NA
138 4.86291946678941 44.4554481911313 329.938359503891 NA
139 3.04003206048131 27.0936394001732 361.02550093828 NA
140 2.94592007393487 41.1999097933992 492.992520922704 NA
141 5.6617671866243 13.7493521914634 705.409740254132 NA
142 7.10577138351947 14.7652409016762 210.122252867703 NA
143 5.94877082529933 40.4917516066018 598.212175403885 NA
144 9.57927011847332 22.8502795672406 554.308331427201 NA
145 8.71564382249495 16.4320816856346 159.353290456598 NA
146 4.66621725540413 38.5951584845111 715.514376749884 NA
147 8.01278136842832 14.5296004134883 384.963084753765 NA
148 2.47965761014549 63.6274804628251 1890.18213420377 NA
149 6.38111372835701 12.9887013854223 415.92654626516 NA
150 7.37708486315113 21.5764489365451 1485.92596014745 NA
151 5.55986448832038 21.6515883118988 770.904663709227 NA
152 4.2069365367226 18.1373787150617 413.123677307229 NA
153 6.46453431233379 58.4934102191092 909.679947813923 NA
154 8.55185055040801 88.895989928191 863.840298354498 NA
155 6.05793248446647 44.8391732774752 424.640340672927 NA
156 4.87135325800052 63.5602150762557 282.612578965289 NA
157 3.91960691659104 17.5418094069634 452.483564313883 NA
158 4.55347126933437 10.6607864379476 248.772953915946 NA
159 3.2378382283116 23.7414317301704 442.914414550251 NA
160 6.543569272627 57.754434262245 900.209917528169 NA
161 7.10513407090995 16.144842160802 97.6413994116772 NA
162 3.41834407120451 10.2361929070301 1170.28723974862 NA
163 6.70917730032773 14.3708994379746 339.084220341158 NA
164 5.55527573290605 25.5246206934398 1393.44284184575 NA
165 3.71965997008992 23.9302052815691 560.31407105566 NA
166 4.01253134958912 14.0033406658383 238.382695364787 NA
167 6.65047908485679 17.6433170379664 374.277198914825 NA
168 4.02901715000228 18.6488800272088 551.405291042107 NA
169 8.45224548761696 37.2174522673353 442.264083058826 NA
170 3.53369453114444 79.6175557945136 688.626802999693 NA
171 4.73555507922157 77.8063075452999 1619.46930328387 NA
172 4.39305039239004 7.76396446937456 334.922842079533 NA
173 6.79863992335076 12.5799565160267 1146.93412985657 NA
174 4.8599106403212 59.5015788812053 792.765018722546 NA
175 6.81311508924186 16.9308487806855 443.750427744902 NA
176 5.41185770526674 19.8938481155681 355.439787625306 NA
177 6.30977316345663 12.9985480629828 956.870810249704 NA
178 6.98183698549964 76.4545129716708 728.923810674364 NA
179 4.99005140759629 29.0085858314128 256.608610979069 NA
180 6.62486220516578 56.8595640305985 350.028327820093 NA
181 4.67807026790439 32.1344083448731 1094.20082440984 NA
182 4.62860991307013 30.0919780394829 372.313182528058 NA
183 6.47229887036775 202.205242971833 2121.12856631205 NA
184 5.4635529485085 46.2254913426505 870.064462938653 NA
185 3.71738866595494 16.8316226173898 369.289025918409 NA
186 4.90152565646763 80.4823153337666 3077.44757797813 NA
187 4.71282938790267 13.8623578366769 98.3532815629999 NA
188 8.72255621309817 30.9602178476056 278.61838398168 NA
189 2.99938136141095 35.1422972021838 930.442221041468 NA
190 5.45064754986849 47.7007311376911 839.992941851079 NA
191 3.43990952393902 14.0601995291043 557.965601661254 NA
192 3.86948386329901 29.1530552931691 998.056804835117 NA
193 3.3051331330299 8.36738090416564 224.698158215041 NA
194 4.31537375699319 26.8301355886756 216.20521851345 NA
195 5.62507691584752 43.0514254909123 827.224279060661 NA
196 4.78973962710855 17.2118125719352 913.186573680935 NA
197 5.16636263405282 39.4720344748388 758.7155131069 NA
198 3.15794550255543 58.4247460039999 305.771638568813 NA
199 3.944360887745 83.2424399811376 542.526056162295 NA
200 2.70464032607773 61.9415237585884 692.329549865419 NA
