id E0 Emax ED50 E0
1 6.61393752471584 47.3382776194345 645.808911688792 NA
2 4.92082227492266 103.843333191144 741.347822118769 NA
3 5.71724379972338 9.65881278686483 421.490304204113 NA
4 5.65874249612073 18.4179988849982 741.272272668427 NA
5 2.72234501813671 74.4379657833312 540.516303724554 NA
6 5.52792083653122 77.4031241631551 1074.58861736894 NA
7 5.24841982160633 44.1440969486659 479.964477158246 NA
8 4.34605224480802 53.2474139853443 375.207681712313 NA
9 7.44793207528736 15.4225617407407 135.316806587426 NA
10 9.79734934237557 85.9304526223524 547.199346428815 NA
11 3.70006900904523 44.0017022005135 763.203663741531 NA
12 8.06164805088032 41.8358814298996 332.443242059531 NA
13 9.6409734459353 20.8535070113669 239.814972228079 NA
14 8.73408598772328 14.321688988748 411.839051621081 NA
15 7.58092634897426 41.8243453099888 313.277061868722 NA
16 6.99686664871941 55.9650507319439 729.55725044613 NA
17 5.78955412767738 29.8537453103123 217.74401643285 NA
18 4.10964063110609 31.6368139384136 1334.96174619484 NA
19 4.82869296656398 32.2270727683663 432.813527104663 NA
20 3.41408260221904 51.9702918421833 711.303127870885 NA
21 5.38536002435607 52.6864874076021 301.112460913146 NA
22 4.46981987745693 15.5971825119126 293.488594153573 NA
23 3.83437813523414 21.7294594643918 1281.43724954156 NA
24 4.05835636986218 7.7578047005115 295.263820061465 NA
25 4.45609358815359 173.646774155246 2276.11070130326 NA
26 3.83047314199209 73.8374526436478 1114.42055979556 NA
27 5.0676359745934 14.8093768918916 669.911697800059 NA
28 6.48682991291318 15.6794263717204 335.307942574849 NA
29 3.9959562715146 42.518780466167 968.399779887864 NA
30 7.02323608567729 28.0120377955165 804.682944510077 NA
31 4.37074697272419 57.8371635753165 1515.92146583431 NA
32 3.21063696021073 60.6096076289574 1453.27223434335 NA
33 6.02392201321313 37.5166709872828 477.967505809309 NA
34 5.9687756955772 17.5315575639824 268.510539365415 NA
35 4.90711506386683 23.1930266070518 301.321878374406 NA
36 5.44852536535136 12.7687648694264 579.885866112133 NA
37 4.5315462069331 17.5096911837214 366.999817096242 NA
38 3.28836083422859 18.7632448372832 258.633798698013 NA
39 6.3623247296253 55.6361251319254 1424.69272173739 NA
40 4.14461124715843 27.2579076521913 816.894301006578 NA
41 6.1159791862296 39.3982084691275 361.686801879452 NA
42 5.21568997514991 46.9200313885213 845.170704322679 NA
43 7.18823105699832 8.84093871086784 1046.43725358765 NA
44 5.71817822765876 51.5287611628426 458.445813706844 NA
45 6.65432844193169 12.1942691551885 204.916021623179 NA
46 4.02162301064349 23.0478541240719 123.218652431225 NA
47 6.68793768463686 25.183589894062 457.297171362212 NA
48 4.37592633431351 38.6593682559018 379.179246380575 NA
49 5.226710588375 21.020391928761 740.469779207533 NA
50 4.11954922724333 27.8510158806041 97.2242405024089 NA
51 5.68134665086241 5.293961539787 180.217425671106 NA
52 6.04898850507021 11.4500917879427 309.307044732071 NA
53 4.26146637503527 116.386531738958 1291.25140268102 NA
54 5.56583919257678 95.828692277209 1184.79465205395 NA
55 3.90336626053181 33.2312681506754 1100.97634604758 NA
56 5.01849813901415 87.3902809795784 357.617482881385 NA
57 5.95047415108883 29.473547423186 505.851205444219 NA
58 6.43193406572597 8.77999666834343 547.139676851164 NA
59 7.02509942725104 38.3807101837496 528.678933028859 NA
60 3.12352607018172 30.8863332743067 503.042514100609 NA
61 4.51551190851623 36.1894582714042 263.661959228214 NA
62 3.48356835140915 8.71488063849817 155.988182716821 NA
63 4.33139204985023 27.8031349492845 390.139132956036 NA
64 7.61779498242904 42.4250584219943 999.073512150421 NA
65 3.88011990592609 16.6118171522455 743.483017252267 NA
66 5.79850604468173 58.3419628620307 579.672692093077 NA
67 7.49055857519378 34.7396965117814 787.025143431046 NA
68 3.40395853606932 10.2269876580239 518.212940857452 NA
69 4.79126844332065 29.9316073925063 598.163654061515 NA
70 6.06938149513312 68.5043384049024 404.345867378247 NA
71 3.52422345854901 37.318737662875 486.143673600574 NA
72 6.68757167446039 8.79836263719406 523.150061513368 NA
73 9.04186433153016 22.8427320944385 853.534595802062 NA
74 5.63267161495039 22.6657931988564 309.559808443062 NA
75 4.15111638543625 9.54970355584897 602.071089808557 NA
76 8.73272817066962 22.6155176043156 87.9952798597722 NA
77 4.6412291012999 21.4100647791163 449.843321209189 NA
78 4.99067538656339 55.1891374980282 1333.75611426761 NA
79 2.80526559908787 41.0927718024548 690.147218367475 NA
80 3.16058160433181 42.1951690755854 615.468570121649 NA
81 3.12186849437545 34.3101379083627 641.886491910062 NA
82 4.9786873833017 18.3238053047368 448.111667137052 NA
83 5.96415468901456 33.8619125041358 784.299252839646 NA
84 4.27872686817956 37.5326297994866 734.059714872399 NA
85 5.48816399377 12.3399656965617 385.650057839604 NA
86 4.52445376576735 20.6120777217639 269.837551485815 NA
87 5.84101707857626 44.1732745751585 1261.06898738489 NA
88 6.39837111601379 10.7737579440921 524.706507445331 NA
89 3.30893546864341 9.0142965511155 204.923469697732 NA
90 4.59078998433692 137.127160885631 557.637819345848 NA
91 7.31377764296403 20.2691246030865 461.552037501092 NA
92 3.11355168245659 43.2553809143882 997.528090455732 NA
93 2.60177393389876 9.59183047888059 247.507133535748 NA
94 3.08422924141427 68.2540692601303 2186.87826122275 NA
95 5.31532361132873 18.8542161894812 185.580865875747 NA
96 2.55831285017421 13.8094910445015 257.716664409543 NA
97 5.29188765442022 27.2572084704554 844.793811909602 NA
98 6.27538714797059 22.1765901208431 595.080342957771 NA
99 7.90330419839 78.8902844028812 924.911145668232 NA
100 5.08799725736739 27.4418877411773 211.932685930998 NA
101 2.48857944122488 14.8300098265339 362.485642822382 NA
102 4.49559798901485 38.0373373413552 1691.32245781251 NA
103 6.81636979691273 13.1473586491327 283.018353487194 NA
104 2.91501494589492 8.15531198544748 172.433633810584 NA
105 5.32692515510393 144.677397148617 1530.48351176231 NA
106 3.29365583444638 25.868007875063 487.161437676207 NA
107 6.00280376749335 30.4513097922344 1029.65009235352 NA
108 3.3617051684117 72.4576391411744 301.951164238593 NA
109 2.82104152366551 23.4206294501028 761.876116499528 NA
110 3.29554931482109 166.066351430655 1178.68154022254 NA
111 3.69508796819406 14.9019631997396 498.954791978459 NA
112 3.06315954411439 37.7535796433867 2163.08014947532 NA
113 3.86047624631526 43.0241921483305 425.396535339223 NA
114 5.46469098495361 23.2000111188772 322.21316852959 NA
115 4.15679388274087 29.9198462854528 455.734239273572 NA
116 5.96835567248779 49.8487760238171 1704.46008596862 NA
117 5.11516267499807 24.0736864892124 125.741257534072 NA
118 4.5034585200621 37.5242592399399 282.10375215233 NA
119 3.19399825285503 55.4855675261686 734.440032479494 NA
120 8.40899672677752 18.7635398017524 498.237922338472 NA
121 5.6765309280127 41.5345603433623 1151.81006877799 NA
122 2.98597531688884 15.8675519089434 769.969344529428 NA
123 6.64961747065717 30.5621469950874 602.541702484624 NA
124 5.24182630225711 59.8557117641647 893.663608218513 NA
125 4.75055392495786 46.5925335643758 548.439479835127 NA
126 4.47145682300632 32.9375231581114 1096.55301404882 NA
127 3.59058825823955 71.0462207534341 1025.10785016575 NA
128 4.71281734268434 64.4406119223928 626.468837749303 NA
129 3.27267051039054 10.0299798730772 139.087887665739 NA
130 4.27028470179626 38.8191855714258 897.177467721502 NA
131 3.40807709546794 27.2182767843482 493.575807859789 NA
132 9.53462235047695 67.9419676347752 1589.98355801338 NA
133 7.0431114266811 10.0932460843394 834.522389238786 NA
134 4.22321768441612 27.6752950974532 326.633439932673 NA
135 2.75216820487984 48.9137114221526 1384.05109233644 NA
136 5.29296895689677 21.4289820115807 335.816211956106 NA
137 4.4901558085072 21.8343547497631 1327.23200919909 NA
138 5.48647008734194 22.8646003145152 568.381039200514 NA
139 4.91253548482111 12.048624166466 312.905717396302 NA
140 4.09922528907921 25.6296296351577 2099.91349384511 NA
141 7.03977965978945 41.5729404778632 969.220404902971 NA
142 10.3092639754038 46.5025258142016 2432.65600526301 NA
143 6.94112891879553 25.9038641531944 1041.06559763451 NA
144 6.89721992766379 15.6097392764508 268.681899661795 NA
145 3.3041171751532 32.6210291093542 254.002010148052 NA
146 3.39154104079488 31.5277121529664 469.653724004581 NA
147 4.55152339587498 29.1242864076432 2538.93949177039 NA
148 4.61202445358312 19.1578403940865 766.144416783732 NA
149 5.03817436397964 38.2790407358542 682.906618082463 NA
150 4.34126006431179 27.4682240245537 327.060796249492 NA
151 6.35788598538313 31.5476246059302 204.44356314215 NA
152 6.58892684329004 88.0151366341467 699.793881953956 NA
153 4.19364723201129 15.8512897215368 552.329713018364 NA
154 3.21935814251919 19.7959384552537 249.299244979962 NA
155 4.04525397505772 74.67246464498 953.05180962739 NA
156 4.13924568921041 138.35099453673 2046.86234772068 NA
157 5.98328741931963 44.9031106825557 420.497279327168 NA
158 4.56172180358825 63.8942072066922 974.700462866199 NA
159 4.12602962422013 52.7221703650925 909.619999911432 NA
160 2.62364237295572 31.6675013913156 869.630785990147 NA
161 6.11341600538515 84.9037216518251 624.568122999861 NA
162 2.74491337875971 75.0066662454127 1542.03841360144 NA
163 3.74806361549299 59.1883182337916 933.934306251959 NA
164 6.37085365169062 34.5933188420286 476.129290010304 NA
165 3.73230624456239 38.0283414942469 777.678835007647 NA
166 4.13812751287797 36.547643093293 576.092341545108 NA
167 5.77730042342416 25.0032851701678 663.992144765906 NA
168 6.91148964615262 19.927925266483 921.071299831509 NA
169 6.5846506143084 12.6527065931561 303.421529546459 NA
170 4.86020425492267 12.9726199211714 471.829047183933 NA
171 6.89565423421775 49.8707507642458 732.453301587869 NA
172 4.54353805603046 11.4476690235147 305.367509385378 NA
173 6.87770968644511 34.8968641303682 735.413535031686 NA
174 4.52868562699541 39.4910568224522 616.9810005333 NA
175 6.56571719492484 24.1885968036523 218.157609666146 NA
176 7.47820017899366 10.5193938286511 420.160709925164 NA
177 5.03980632737226 28.0725096688442 489.483810334041 NA
178 4.07752787312593 97.8926257672798 396.428701379676 NA
179 3.53025273225672 12.5105893728317 187.276080018774 NA
180 6.33416338174898 31.0318801185326 2105.29160682376 NA
181 5.02187283184708 33.8755581439907 489.840466936377 NA
182 4.57234465280743 25.5194965415667 1580.6945364621 NA
183 4.16020122126048 62.0735151110765 656.847695290291 NA
184 7.22336825277988 20.3220744410337 905.110258605621 NA
185 5.46465002388833 21.6330352010615 590.782463108358 NA
186 7.6402256589893 5.38602854248768 444.535174511101 NA
187 6.50198853325018 37.2003368134017 917.675913456775 NA
188 3.17112827551145 62.115337200081 336.80809422164 NA
189 4.10658235537486 24.3487213033456 1213.1786120799 NA
190 5.91428590365573 19.0911610013213 431.262549236445 NA
191 5.45272908167806 43.0983607565213 799.370377167812 NA
192 6.87574755106724 12.8104591886644 424.441964675216 NA
193 5.76725645610455 48.7766501744767 1146.56886303469 NA
194 6.24620227301506 20.4005596129475 297.271989133723 NA
195 6.69112603601971 55.2205109855036 960.174862914704 NA
196 4.01095254091601 60.9068098219472 607.528670610557 NA
197 4.18094845266697 17.6501255635263 691.390780049138 NA
198 4.25211449040621 27.2018889510949 362.692585617613 NA
199 2.95053022449531 20.0508612292585 686.259908881667 NA
200 4.39668984492504 13.3477345571045 751.213212513176 NA
