Intercept beta.time beta.RF
1 -0.0373999518715264 -0.271425433877863 0
2 0.155487669077339 -0.433443661263013 0
3 -0.28685826409326 -0.199342293459377 0
4 0.124021608957045 -0.269475187306542 0
5 0.643699210135756 -0.407036254784859 0
6 0.148580091859431 -0.159551498671223 0
7 -0.128428721387528 -0.500358151142772 0
8 -0.122784239346865 -0.352866427557735 0
9 0.0855047471928708 -0.497859282415824 0
10 -0.0508746875373572 -0.486092159257786 0
11 0.321196799024657 -0.429588928597884 0
12 0.138097043684839 -0.30894835351367 0
13 -0.176617292293424 -0.388176031602222 0
14 0.0548136453767456 -0.356833076968658 0
15 -0.156534582758043 -0.581171593112212 0
16 -0.017092360908231 -0.375308726201707 0
17 0.0936498719751276 -0.499656220056439 0
18 -0.005234805833334 -0.354313710428851 0
19 -0.086314122884091 -0.432682033680809 0
20 0.408292468155804 -0.318522285576173 0
21 -0.0165406629882407 -0.38822568756097 0
22 -0.183602709205364 -0.282254746445882 0
23 0.261028030652408 -0.356809255805299 0
24 -0.00692844886331724 -0.460433726482688 0
25 0.438618259272078 -0.21560015826447 0
26 0.707654791823149 -0.551535884864284 0
27 0.123121129774656 -0.283429463263279 0
28 0.0572930197583579 -0.284170826016603 0
29 -0.346773730009852 -0.359765856848244 0
30 0.457555438000519 -0.395343659671305 0
31 0.392551020754293 -0.399206450459902 0
32 -0.265112036548369 -0.412198049433293 0
33 0.0888376612721484 -0.255734953418813 0
34 -0.00266777769470038 -0.470610357959007 0
35 -0.536020024741837 -0.307702843952482 0
36 0.0676060604522646 -0.310974443931006 0
37 -0.225126806616721 -0.505698948267574 0
38 -0.0552847217764937 -0.415844835869153 0
39 -0.0424072457072081 -0.360513745440289 0
40 0.151842031061728 -0.446700193038907 0
41 0.164811832844207 -0.483152441667937 0
42 -0.155531956002913 -0.307476086809712 0
43 0.125136270763634 -0.28860824915424 0
44 -0.375386649424647 -0.299658644379519 0
45 -0.253770801671617 -0.451814869468254 0
46 0.351275086662461 -0.243531298788981 0
47 -0.313336767827428 -0.238257382118445 0
48 0.0927877809804754 -0.45023375784114 0
49 -0.318846505802044 -0.445500949333187 0
50 -0.374190965117586 -0.377331774630541 0
51 -0.170383901311468 -0.43281339946341 0
52 -0.243052383182843 -0.309392180702061 0
53 -0.12383469061466 -0.502407428974476 0
54 0.0949706579625465 -0.293005057437838 0
55 -0.0159049980575736 -0.140526005675209 0
56 0.0200989480435265 -0.391779711919911 0
57 -0.0110829712018306 -0.378648682438823 0
58 0.14034132234953 -0.365361228357166 0
59 0.317843000677017 -0.206046365190214 0
60 0.213117199772475 -0.285147140756157 0
61 0.289621316337177 -0.290078919568837 0
62 0.245395211243212 -0.202566700355653 0
63 0.310871719021803 -0.471316559687155 0
64 0.0583732437747166 -0.351872787860006 0
65 0.527742372769897 -0.283501395419067 0
66 -0.0363654737920429 -0.398889223546293 0
67 -0.0263350399150115 -0.619994497842546 0
68 -0.294632900607534 -0.139537276155611 0
69 0.244875435940051 -0.574781276252697 0
70 -0.191950365354849 -0.324056509954535 0
71 0.285251460985158 -0.290058023758105 0
72 0.00252149682011002 -0.373576623394851 0
73 0.226132598320158 -0.463513308026481 0
74 0.100171729346934 -0.206202933722445 0
75 0.230420560770247 -0.538783294514052 0
76 -0.054579006737501 -0.267269935449223 0
77 -0.102810090421709 -0.355706146386565 0
78 0.0896554480840879 -0.387411666303435 0
79 -0.0813735246415373 -0.246515870233375 0
80 0.191827631576238 -0.143922994502958 0
81 -0.263333973062647 -0.332355939666012 0
82 -0.0997411349788815 -0.252771856463619 0
83 0.172068224332401 -0.342826733997946 0
84 0.138759571869424 -0.37949939548005 0
85 0.26347182442593 -0.302518335045787 0
86 -0.194524420566358 -0.411458676232454 0
87 -0.0911755427008253 -0.345622233053931 0
88 -0.277380600679247 -0.396159219886736 0
89 0.0162399365965625 -0.567365152089839 0
90 0.02380867549833 -0.315514406478824 0
91 -0.231325474868705 -0.337557885352855 0
92 0.0357350944379404 -0.507554726497267 0
93 -0.582645065956835 -0.298373394902764 0
94 -0.270330303418378 -0.309490761283794 0
95 -0.479748672690656 -0.414862844141371 0
96 -0.32548657825839 -0.32645514685244 0
97 0.00708747126658134 -0.274592301837486 0
98 -0.0655924114143158 -0.440121831135265 0
99 0.142168456743245 -0.34992157668824 0
100 0.373095968741778 -0.243750924575298 0
101 -0.0267559617225731 -0.122058582790002 0
102 0.228697870566257 -0.408790173697604 0
103 -0.0208563508525345 -0.387690625373979 0
104 -0.2658089979679 -0.296564816909849 0
105 0.0371342732452349 -0.316403223079961 0
106 0.152139193261041 -0.524009690827208 0
107 0.0152640410113996 -0.485181610867011 0
108 0.23417100404671 -0.404169253913255 0
109 -0.14819852605659 -0.22235701136825 0
110 -0.121350675950645 -0.410729796322936 0
111 0.110581068414528 -0.398863498644058 0
112 -0.0162345683437421 -0.528662892337069 0
113 -0.0162756263333158 -0.444404785986898 0
114 -0.234071581021822 -0.393362907874568 0
115 -0.039480311771424 -0.46690369331823 0
116 0.111365364317301 -0.373659577935379 0
117 0.465941776317812 -0.347028700136459 0
118 -0.118625944540161 -0.335635832040995 0
119 -0.264496664245486 -0.340627326293276 0
120 0.381004994956789 -0.377246458810903 0
121 -0.367666065509162 -0.149563909753075 0
122 -0.385090227428477 -0.317887039754528 0
123 -0.0634254195372838 -0.442048913223935 0
124 0.279362463391296 -0.296861526355432 0
125 -0.207198665443424 -0.441375912799587 0
126 -0.336601125867031 -0.23278221114359 0
127 0.0181847661090528 -0.383595019371159 0
128 -0.0886154007155758 -0.343921574661329 0
129 0.0758137887676288 -0.465680111908361 0
130 0.0924586845236432 -0.474023981914572 0
131 -0.484213500540918 -0.28193702988138 0
132 0.0997011697487212 -0.410968793972769 0
133 -0.32218840855145 -0.601045023612065 0
134 -0.308714040732398 -0.396790212990156 0
135 0.25969646531539 -0.250856853377189 0
136 0.199479775552453 -0.346855862765848 0
137 -0.353465588554533 -0.384653467579685 0
138 0.0140919597547969 -0.285610428543893 0
139 -0.363031264584036 -0.420846596043949 0
140 0.55694851984213 -0.196503111970476 0
141 -0.0221660561886353 -0.439203375107342 0
142 -0.0580062240515992 -0.422392948912932 0
143 -0.0265241839732181 -0.176113037257867 0
144 -0.244548960292975 -0.417143495697057 0
145 0.0954050033750175 -0.528970337646558 0
146 0.165106661187907 -0.422469763706894 0
147 -0.064241415936065 -0.321362200114808 0
148 0.342134861236354 -0.323674434241251 0
149 -0.0716212745812031 -0.364923556431891 0
150 -0.0412213146890145 -0.225722910244987 0
151 0.0877990088047631 -0.10634140323734 0
152 0.344927595758758 -0.422696675225703 0
153 0.230692774962433 -0.3856213645519 0
154 -0.0765224395863042 -0.252264426933667 0
155 0.0346840593483945 -0.388958628600961 0
156 0.155657924437247 -0.352527787058182 0
157 -0.0332780778168831 -0.532749741981741 0
158 0.287755822862834 -0.612109430884176 0
159 0.134817312822258 -0.335280541495154 0
160 -0.0442193696326343 -0.355031309535732 0
161 0.233358732253578 -0.394801089987008 0
162 0.0691340709338968 -0.382640194283673 0
163 0.439290728753685 -0.348726684223879 0
164 -0.19401732060652 -0.415154085106048 0
165 -0.0558899878567264 -0.403719572224766 0
166 0.019237843745614 -0.320103084000332 0
167 -0.351854526311453 -0.333624384960788 0
168 -0.00700324658412169 -0.250822546115147 0
169 0.343164019246389 -0.281757655741306 0
170 0.363736131970998 -0.440409281194075 0
171 0.169207607397591 -0.421970298097911 0
172 -0.239709013232896 -0.174048040056398 0
173 0.0308476001067441 -0.432854890985997 0
174 -0.298652292094192 -0.316676847562481 0
175 -0.133613308064384 -0.417743990593339 0
176 0.349704330241126 -0.281582350386465 0
177 0.008585517458807 -0.401759464400179 0
178 0.27198036931864 -0.160699196725697 0
179 0.212890404567317 -0.267246714393653 0
180 -0.0391264774699833 -0.393452777832721 0
181 0.249413675865272 -0.175668712786436 0
182 -0.079535269644019 -0.248832763174522 0
183 -0.0488991883804357 -0.322215086582999 0
184 0.112506480793342 -0.483702536321433 0
185 0.0748593921364602 -0.320323966657029 0
186 0.271169216256691 -0.334945455281045 0
187 0.136105451733718 -0.341951649599278 0
188 -0.135914346352017 -0.26733012942978 0
189 -0.160968547738528 -0.476556389721016 0
190 -0.110351568204019 -0.449539560801916 0
191 -0.404829665676228 -0.314979523004723 0
192 0.12637284229725 -0.365399540497586 0
193 0.055282965492785 -0.262249102654067 0
194 0.131776165553923 -0.361211142534453 0
195 -0.0804232760245454 -0.379804977737963 0
196 0.34351720925594 -0.380082337138706 0
197 -0.0579593267648313 -0.295287508441302 0
198 0.0950384879700661 -0.526156765545299 0
199 -0.15473198585685 -0.346736171704404 0
200 -0.190389942502436 -0.34375837702657 0
201 -0.0416103469074419 -0.321794889025542 0
202 -0.0416809214239959 -0.13976338735523 0
203 0.0380565429227658 -0.46723167580905 0
204 0.152767989366777 -0.417867242239028 0
205 0.515089033292528 -0.2439514710721 0
206 0.293579868196867 -0.543203299330016 0
207 0.161917826696669 -0.479265127081294 0
208 -0.205640311199742 -0.489641301159808 0
209 0.437761519259702 -0.405940472877245 0
210 0.000865127403514725 -0.209027192426346 0
211 -0.473282877616698 -0.369947060447968 0
212 0.0462320587138329 -0.385249039905529 0
213 -0.514849187940315 -0.361633674993952 0
214 0.0182446556538538 -0.354998495441505 0
215 0.0400997242515905 -0.489272273487707 0
216 0.21771239343985 -0.451384885031068 0
217 -0.100808678668017 -0.389922524182626 0
218 0.258246923787413 -0.172631153364667 0
219 0.0301946786616178 -0.482228442847463 0
220 -0.0287906435822234 -0.418860662448431 0
221 -0.195083860858195 -0.318001782204744 0
222 0.095147999911919 -0.487537857672114 0
223 -0.148167792097665 -0.462292446920138 0
224 0.100803627524989 -0.316024406599848 0
225 0.222922174094797 -0.319634088866016 0
226 -0.00376584347096197 -0.331364471751212 0
227 0.44518177582632 -0.404802236625566 0
228 0.0436642957433838 -0.471700139474381 0
229 -0.152626788091646 -0.225020934793489 0
230 0.0626770121425132 -0.337611363642686 0
231 0.218587846427609 -0.367930886787791 0
232 0.0012127736915556 -0.253261771203956 0
233 0.0206080018068725 -0.207927742990419 0
234 0.264432998903038 -0.185156515133207 0
235 -0.069623468710611 -0.208577506513665 0
236 -0.180891926304293 -0.352608310044069 0
237 0.220453277766868 -0.300716980801346 0
238 0.0527087777063976 -0.516520632907703 0
239 -0.286501205586897 -0.322611233006587 0
240 0.0562041948356102 -0.413556074551125 0
241 0.0216903548252743 -0.425398526712976 0
242 0.0904894308235824 -0.518008032993868 0
243 -0.0328605551573555 -0.330561567798903 0
244 -0.140212542705414 -0.476280323272275 0
245 -0.069363340674042 -0.585647208228152 0
246 -0.0600367784178969 -0.229350648979719 0
247 0.288002762189891 -0.5420092901163 0
248 0.0880999268591725 -0.413198663035075 0
249 0.0291188467947824 -0.357362682882485 0
250 -0.0440209537374999 -0.264284034280123 0
251 0.0571822079494416 -0.493738404538305 0
252 -0.347225903824626 -0.452259242766249 0
253 0.306317072005758 -0.130731714005473 0
254 -0.102895663863573 -0.470981595346415 0
255 -0.0927214825712864 -0.440743889194758 0
256 -0.189962434637827 -0.471683951359646 0
257 -0.287916906034587 -0.444688342351154 0
258 0.158939842422105 -0.392590564702355 0
259 0.220231499959185 -0.276396665584534 0
260 0.154504619028951 -0.490875785104491 0
261 0.264442434906414 -0.420903723923653 0
262 -0.280430117083297 -0.383838375240799 0
263 -0.277790825895099 -0.472466004273035 0
264 0.0835043718469951 -0.284891064629103 0
265 0.107191358746072 -0.320491318294222 0
266 0.275563175887982 -0.360076780261697 0
267 -0.24522768653535 -0.540128855307511 0
268 -0.486382682274053 -0.476162606913522 0
269 -0.179454330630704 -0.405075928352007 0
270 -0.358818912945828 -0.201084788652693 0
271 -0.255687671172837 -0.349742647738943 0
272 -0.19517863069175 -0.312235735563839 0
273 0.34516763220267 -0.390111079734523 0
274 0.219305576442079 -0.367378019042754 0
275 0.202012794192262 -0.288459753186889 0
276 0.0823847910881047 -0.404564760359243 0
277 0.133565256594802 -0.263461891988716 0
278 0.0127698272974298 -0.463877612619156 0
279 -0.221197542782359 -0.434313038699493 0
280 0.373895741005989 -0.334356648622612 0
281 0.12894636387424 -0.58074971782415 0
282 0.0470278495955719 -0.241310343481868 0
283 -0.00524184459971298 -0.367366373129168 0
284 -0.368628115375392 -0.439237389983919 0
285 -0.244754717043212 -0.272321217143427 0
286 0.129543495036394 -0.328443690528283 0
287 0.201515151833448 -0.432073769069839 0
288 0.0589024636590333 -0.520635352721037 0
289 0.208165758598717 -0.277937916146859 0
290 0.09422788259789 -0.251783809811771 0
291 0.0601018695502379 -0.3498124665271 0
292 -0.306307778301936 -0.234057210073255 0
293 0.277669004904584 -0.312203861933151 0
294 -0.0758811654759161 -0.329349014058275 0
295 -0.26181476114785 -0.274874923797095 0
296 0.120834102138802 -0.428703500480363 0
297 0.357325266132651 -0.343921921662971 0
298 -0.182274988391584 -0.435106093436856 0
299 -0.37723970463307 -0.376403892435308 0
300 -0.109861756682219 -0.386375009761891 0
301 -0.207916707142973 -0.267274200218151 0
302 -0.175805357237968 -0.467558246319577 0
303 0.405850340774881 -0.391247019103394 0
304 0.0732626666963925 -0.339856074150657 0
305 -0.0663092746841575 -0.241084889808357 0
306 -0.405590297030769 -0.405660007443621 0
307 -0.0932274877659403 -0.313279914372271 0
308 0.1984787232492 -0.493200790797003 0
309 -0.628777995326378 -0.115771038381816 0
310 0.496408992022561 -0.404877438560286 0
311 0.249433622374217 -0.552367803537531 0
312 0.224151636735736 -0.401102550311833 0
313 0.0928875422897237 -0.257528595144209 0
314 0.0779369649687173 -0.433818678046091 0
315 0.0998925634719298 -0.293142553494571 0
316 0.248330759485851 -0.417713370145495 0
317 0.204096975134761 -0.366880042778182 0
318 -0.162673961800807 -0.334517473385089 0
319 0.169825830356366 -0.134827493931302 0
320 0.00501669236523221 -0.589114700356758 0
321 -0.0181625077618465 -0.378403749325044 0
322 -0.595137725775767 -0.381618205020797 0
323 0.477066765475548 -0.352293788612079 0
324 -0.0927626128100104 -0.608456497299712 0
325 0.219162427073079 -0.358105198905187 0
326 -0.216515892805106 -0.400861850688567 0
327 0.0369039053397945 -0.503473087600697 0
328 0.0446429268011139 -0.253442786897808 0
329 0.106998085049372 -0.434374112169411 0
330 -0.0605526828926141 -0.289243731575876 0
331 -0.101748986778898 -0.326415525862279 0
332 -0.130246815176995 -0.309316526417028 0
333 0.0877005307147042 -0.27994929703331 0
334 0.288805665385593 -0.555738322391167 0
335 -0.204507638967554 -0.352998597308146 0
336 0.168474328482449 -0.422576084410199 0
337 -0.0471785576407473 -0.338613181810476 0
338 0.303558473299432 -0.231049795753865 0
339 -0.60910831175101 -0.400378749550631 0
340 0.119134117615567 -0.364223088190151 0
341 0.434828116124217 -0.427145097556579 0
342 -0.119605316410455 -0.381139370503435 0
343 0.277319677321652 -0.291935949364493 0
344 -0.133782771934314 -0.391085634937645 0
345 -0.256145829470858 -0.316173308513014 0
346 -0.0943855050525997 -0.219523937343722 0
347 0.0783505293616847 -0.432335485558648 0
348 -0.028011282296244 -0.657374542214536 0
349 -0.0458659435765873 -0.426616619107778 0
350 -0.0819488990191505 -0.38587796143334 0
351 0.126594565003196 -0.355697802095287 0
352 0.525391541099878 -0.397535267406553 0
353 0.153516661347476 -0.406404653697457 0
354 0.320922971398453 -0.176650847840276 0
355 0.354128053710517 -0.355259774149718 0
356 -0.231819528390161 -0.351657684448523 0
357 -0.172238508177051 -0.154445877830013 0
358 0.175478002952535 -0.335759340743897 0
359 -0.420859337843382 -0.224937965731466 0
360 0.0570226056313544 -0.458973248975091 0
361 -0.109427548486645 -0.29601725647568 0
362 -0.159984800243608 -0.607035083579931 0
363 -0.281228868491914 -0.375814338977142 0
364 0.0517668770150364 -0.171510422437103 0
365 0.107407026176065 -0.486734716043406 0
366 -0.065430240282188 -0.409091176510425 0
367 -0.150271839435149 -0.352084588230172 0
368 -0.2387028331767 -0.285488789221969 0
369 0.0801767319359307 -0.675919477089718 0
370 -0.170665838106399 -0.300208019674202 0
371 0.0922021576186738 -0.478674857052965 0
372 -0.00297150058166107 -0.381828755180079 0
373 0.510572160890362 -0.356458885103284 0
374 -0.190216133858294 -0.424423745873912 0
375 0.0266329577050593 -0.408577663438173 0
376 -0.145066172832608 -0.358322357508253 0
377 0.0808566423553206 -0.521497148155418 0
378 -0.235509025133019 -0.301530374102727 0
379 -0.1651045048525 -0.323130665013613 0
380 0.0920052699473265 -0.287726443214507 0
381 -0.378112183150352 -0.313821550689082 0
382 0.0221278304086194 -0.291914554509289 0
383 -0.0405363549217259 -0.355290472677112 0
384 0.204896475538633 -0.274430870210968 0
385 0.48290661872856 -0.285027117323508 0
386 -0.113359838805874 -0.367662406170346 0
387 0.437950778564108 -0.34386792027469 0
388 -0.186019064185575 -0.418467076844077 0
389 0.00879468688703382 -0.468166349494887 0
390 0.190473273547292 -0.667520500562446 0
391 -0.282483997063675 -0.361100773603804 0
392 -0.217530988934962 -0.506868107323752 0
393 -0.0581644573861335 -0.258763834869332 0
394 0.162203826635492 -0.39019031098909 0
395 0.18590399316698 -0.489659008637684 0
396 -0.15970974917362 -0.33413731833816 0
397 -0.237959875567012 -0.270056488594581 0
398 0.118679884592537 -0.236272873966881 0
399 0.0961248531321052 -0.366938290995267 0
400 0.0135663286491105 -0.458466507568033 0
401 -0.0158476313292303 -0.537968931662907 0
402 0.0929509402901183 -0.406155518759027 0
403 -0.0236430119732057 -0.291937600008774 0
404 0.15872144988892 -0.28932832981707 0
405 -0.178063936313838 -0.53112697902925 0
406 0.277882975461789 -0.434073396907851 0
407 0.00691434808692441 -0.298712115542362 0
408 0.0884341303637304 -0.343410091203789 0
409 0.19554801102097 -0.379661810920084 0
410 -0.0880091742734151 -0.372920440053487 0
411 0.147275991959101 -0.409958893624699 0
412 0.328754866555099 -0.245778696484597 0
413 -0.105576934148962 -0.381401363359209 0
414 0.321506480357724 -0.384644671648911 0
415 0.183444904500491 -0.298676294933323 0
416 -0.115312385489624 -0.405522501501154 0
417 0.112967784018276 -0.389585744242215 0
418 0.35431887954982 -0.427479690337955 0
419 0.00672738578268746 -0.262297542464101 0
420 0.271513486158021 -0.544531390491712 0
421 0.187109382307511 -0.499426527275023 0
422 -0.454835747089936 -0.270616229473456 0
423 -0.0331506307467097 -0.432724038580414 0
424 -0.200190065162996 -0.489510645429099 0
425 -0.277938689192789 -0.450731175715627 0
426 0.0443725630271844 -0.423598979380557 0
427 -0.0746108824262076 -0.428010005859127 0
428 0.153337167072001 -0.329642558549061 0
429 0.256058353384132 -0.495742862356364 0
430 0.410739705708936 -0.43513115396605 0
431 0.32875673558945 -0.503511792013497 0
432 -0.281565416150508 -0.401583067240674 0
433 -0.0498788027750573 -0.514241517759534 0
434 -0.0231449544963495 -0.500212684317371 0
435 0.0697545484401738 -0.156796628002354 0
436 -0.183463348682999 -0.273347162630757 0
437 0.359062743809283 -0.205915257415031 0
438 -0.0341958264917995 -0.503850309025427 0
439 -0.248765290206732 -0.254937808068798 0
440 -0.206870534663359 -0.413009100998162 0
441 0.0371580121138943 -0.381582714282533 0
442 -0.191707414340787 -0.362405600771412 0
443 0.1044442261881 -0.4592812150582 0
444 0.222858164082391 -0.290862192190692 0
445 0.00858775036725237 -0.287537113870623 0
446 -0.0900343152560901 -0.380517646351251 0
447 -0.0202567248806621 -0.394493769778234 0
448 -0.150463152524898 -0.295674970600474 0
449 0.102377596170352 -0.381281923593776 0
450 -0.186289417223538 -0.608197761561114 0
451 0.3280086616382 -0.162727293680075 0
452 0.31052315096653 -0.261941911947706 0
453 -0.0499683170609746 -0.371870516561844 0
454 0.112729405867658 -0.536628083268821 0
455 0.0463883692685823 -0.368667967703725 0
456 0.191643234573983 -0.230963296290884 0
457 -0.192653890319847 -0.114342974971932 0
458 -0.414487495224381 -0.469184582315581 0
459 0.215499265918023 -0.282565000033716 0
460 -0.341013385913757 -0.551756521497896 0
461 0.16229705512731 -0.362127570836764 0
462 0.00582492547248906 -0.40078102275458 0
463 0.228126980961434 -0.251523778236288 0
464 0.0175953375744644 -0.318771357120303 0
465 -0.00339138774601384 -0.417135134413024 0
466 -0.00371761058031839 -0.227920713101825 0
467 -0.0895644277497237 -0.468405611765219 0
468 0.239696827751895 -0.343876628347532 0
469 -0.138499018132874 -0.278245153009442 0
470 -0.310261516436643 -0.451627635868637 0
471 0.0833111186886621 -0.357468638656493 0
472 0.15592442662832 -0.163635302783061 0
473 0.0315044559316384 -0.424435653889244 0
474 -0.172862040475778 -0.561758542350603 0
475 -0.421782058503219 -0.496581476471582 0
476 -0.104098137166682 -0.428300142713549 0
477 0.0559220264938304 -0.255855966277581 0
478 0.140548259175277 -0.408737004453415 0
479 -0.149049807821123 -0.466643178595935 0
480 -0.144337256129205 -0.386207679110789 0
481 0.358843027282412 -0.416464571089339 0
482 -0.030436392622997 -0.240464795003907 0
483 -0.0106830197079634 -0.414208591191844 0
484 -0.110177917533444 -0.277740984177879 0
485 0.0406960404207192 -0.305314205753276 0
486 0.291666312578095 -0.427670204853686 0
487 0.0300167695650418 -0.492912159618965 0
488 0.516095155273181 -0.46814354094679 0
489 -0.264478017367498 -0.276376442204376 0
490 -0.192283308351037 -0.334075154190374 0
491 -0.00485031288655624 -0.455373525101128 0
492 0.235352770858824 -0.498039945977139 0
493 -0.0235499018304598 -0.341565766017207 0
494 -0.0931756550330723 -0.305644308966392 0
495 0.0826494539267871 -0.390680143186173 0
496 -0.26027192538837 -0.372151177808868 0
497 -0.210692375894698 -0.45834688710053 0
498 0.0913155833628732 -0.611749785984793 0
499 0.151664140600018 -0.320803196222685 0
500 0.0153980681476176 -0.374826476514308 0
501 0.18511737904401 -0.434584383757593 0.85
502 0.150264483863107 -0.50936190050283 0.85
503 -0.0261956972099791 -0.291137986049004 0.85
504 -0.167690820418086 -0.537371746637694 0.85
505 0.105026815393969 -0.288269498297874 0.85
506 0.0177082815788698 -0.55190701569756 0.85
507 0.144056110977314 -0.494213659117888 0.85
508 0.084138922394281 -0.332830746567062 0.85
509 0.0252308496427025 -0.374896841142814 0.85
510 0.00581240167935207 -0.408595550727236 0.85
511 -0.263054239386034 -0.278754673277209 0.85
512 -0.387774571813467 -0.320084162190059 0.85
513 -0.0818277350818924 -0.371752000552868 0.85
514 -0.0790153893566958 -0.361232933657358 0.85
515 0.394297958530774 -0.458049998175137 0.85
516 -0.294173398451065 -0.39836923863676 0.85
517 0.175976195442464 -0.453933966235083 0.85
518 -0.0865550136644819 -0.393528482090565 0.85
519 -0.130082048410709 -0.441959717157222 0.85
520 0.00649496115120821 -0.355282370458702 0.85
521 0.327303905219321 -0.377943222117117 0.85
522 0.0939085053669015 -0.386940530828989 0.85
523 0.529127052242252 -0.395299267927831 0.85
524 -0.0241027325016382 -0.362967570997301 0.85
525 -0.379779418209252 -0.280075000030619 0.85
526 -0.0567731332490117 -0.296817811768327 0.85
527 -0.077511648657792 -0.366142016770217 0.85
528 0.152926551951407 -0.476101363027718 0.85
529 0.0461488421797458 -0.199369465140172 0.85
530 -0.0609818488497496 -0.297097042437297 0.85
531 -0.329681302663588 -0.436653968318749 0.85
532 -0.16837260920863 -0.324026250152952 0.85
533 -0.174079412549316 -0.455321542522045 0.85
534 -0.0322735520583588 -0.458660807400763 0.85
535 -0.121257882614352 -0.623121872084339 0.85
536 0.195040185352696 -0.402800023638186 0.85
537 -0.399240104083971 -0.33251322739699 0.85
538 -0.133783986786671 -0.345979313265498 0.85
539 -0.11768439207184 -0.38547566837103 0.85
540 -0.355589259330547 -0.344377865652652 0.85
541 0.172766249931416 -0.326437572532098 0.85
542 -0.0838213570665225 -0.288526723432371 0.85
543 -0.155704380988177 -0.304100766554613 0.85
544 -0.288108151814569 -0.378037960399566 0.85
545 0.349483319710614 -0.275389852152258 0.85
546 -0.180671990013595 -0.473883222677701 0.85
547 0.168835894930425 -0.330096244718604 0.85
548 -0.108478026713138 -0.404900129390106 0.85
549 -0.0552535422722496 -0.306661143532864 0.85
550 -0.0747904631327609 -0.249439581784835 0.85
551 0.0211849511941928 -0.321441808837723 0.85
552 -0.0156157031837789 -0.340777684978004 0.85
553 -0.243335497925861 -0.599125128497012 0.85
554 -0.167583421226902 -0.348972516635268 0.85
555 0.18554527546751 -0.385130777321413 0.85
556 0.146266905925958 -0.356324119321995 0.85
557 -0.347570624652803 -0.233797486250538 0.85
558 -0.0649005464687271 -0.199353985814974 0.85
559 0.486049013645844 -0.31089609640046 0.85
560 -0.252078305596078 -0.452659875522535 0.85
561 -0.386456444248017 -0.427630633033217 0.85
562 -0.00432502293538243 -0.466864868282586 0.85
563 0.0368903639411927 -0.44917695072395 0.85
564 0.172315791008112 -0.416480077758421 0.85
565 -0.214382162966582 -0.302657355340305 0.85
566 0.00152982489995812 -0.507328263367917 0.85
567 -0.201168052609901 -0.431087729191766 0.85
568 0.158692388707622 -0.408000635540514 0.85
569 0.138480728436198 -0.341476557507568 0.85
570 -0.162951633012765 -0.397096906447119 0.85
571 0.27598648980738 -0.305800755549686 0.85
572 -0.127471151910904 -0.463245410461555 0.85
573 -0.0937742339343887 -0.37087543995021 0.85
574 0.193831083491606 -0.202224023949308 0.85
575 0.290808455439057 -0.315521070189575 0.85
576 -0.346788413116774 -0.374427796196382 0.85
577 -0.0652993573782217 -0.466664948033885 0.85
578 -0.0287972004331353 -0.369880935468158 0.85
579 -0.00152621430164074 -0.279531258864846 0.85
580 -0.519897317889901 -0.361001582811532 0.85
581 -0.0406956994345046 -0.23400058971342 0.85
582 0.0489101829432278 -0.417339859516411 0.85
583 -0.254961989104312 -0.237937366662695 0.85
584 -0.0352147655057919 -0.26693594374497 0.85
585 -0.0774021333081789 -0.470910808702663 0.85
586 -0.203174844147336 -0.503513147875322 0.85
587 -0.0297785092266134 -0.32644748011827 0.85
588 -0.298295058542131 -0.493522121355675 0.85
589 -0.264004850675443 -0.290773511844888 0.85
590 0.0154899511062151 -0.28233077285183 0.85
591 0.192139981591404 -0.441504490268114 0.85
592 0.0262212723873682 -0.322830587062617 0.85
593 -0.0165218304673323 -0.574096796815648 0.85
594 -0.0755029064279329 -0.368434735425391 0.85
595 0.0383700792492641 -0.37005625460039 0.85
596 0.249315002824858 -0.29847169451411 0.85
597 -0.183217002772525 -0.25688103481239 0.85
598 -0.226753002862305 -0.537878413509077 0.85
599 0.0737520449363823 -0.261749197327012 0.85
600 0.176379362858965 -0.516765209302248 0.85
601 0.0769167713154943 -0.248314182302954 0.85
602 0.0217214388924556 -0.421497524109861 0.85
603 -0.0368467283295922 -0.469857390705485 0.85
604 0.196350957614706 -0.440060019835964 0.85
605 0.00192078642001936 -0.377348119566732 0.85
606 0.113852178270805 -0.380965844093295 0.85
607 0.514013127364319 -0.422842215898004 0.85
608 -0.0957930561992742 -0.211074148896532 0.85
609 -0.164830148040249 -0.337914005987716 0.85
610 0.236467321047513 -0.294913361302207 0.85
611 0.0924361366998332 -0.361355826669467 0.85
612 0.360195420256742 -0.398882312590079 0.85
613 0.0465165969333499 -0.52548791052089 0.85
614 0.292020824150842 -0.350861579298739 0.85
615 0.228659670511411 -0.367549186636429 0.85
616 0.0380218057798468 -0.385264699396199 0.85
617 0.310155727002575 -0.28420387485296 0.85
618 0.194607637066274 -0.392200846024411 0.85
619 0.402596794209086 -0.2314752578124 0.85
620 0.170436636575723 -0.400693734347029 0.85
621 0.0068677106740402 -0.303490279009276 0.85
622 -0.0473436247467212 -0.441327575145594 0.85
623 0.245079658131685 -0.230855393220455 0.85
624 -0.249717399212135 -0.321794298947816 0.85
625 -0.180480397208818 -0.400319758428383 0.85
626 0.0416406032935017 -0.229062155398474 0.85
627 0.0735214956010605 -0.387775089248124 0.85
628 0.0925318471986416 -0.350579571389166 0.85
629 -0.0286781722132069 -0.316412330951533 0.85
630 0.505986443092544 -0.335656919935031 0.85
631 0.0558626209728436 -0.384034759506366 0.85
632 0.225652291106395 -0.418451318180503 0.85
633 0.178221438602339 -0.2979625919887 0.85
634 -0.0338815865186959 -0.216853845280397 0.85
635 -0.196851303723252 -0.399326349506956 0.85
636 -0.109999033982972 -0.492103287323972 0.85
637 -0.0657289271584021 -0.402894021372936 0.85
638 -0.0237540681842694 -0.269007138801251 0.85
639 -0.30328755358258 -0.358505682599777 0.85
640 -0.0503581169279244 -0.312918870833719 0.85
641 -0.0120907197866314 -0.37812993223196 0.85
642 -0.0240085101618217 -0.452365557258308 0.85
643 0.0677045997173197 -0.360888355598984 0.85
644 -0.175567534833032 -0.428830331070004 0.85
645 0.0436960674836454 -0.53017691702782 0.85
646 -0.293210331933475 -0.486254744673098 0.85
647 -0.114611131270214 -0.371076034357311 0.85
648 -0.154721519328163 -0.363826925127774 0.85
649 0.067412762087345 -0.382477586300443 0.85
650 0.142879184449759 -0.368999665098282 0.85
651 -0.205125949223494 -0.464384748688533 0.85
652 -0.0186741780197451 -0.27284987527899 0.85
653 0.143466719907722 -0.473382635982858 0.85
654 -0.115572677663934 -0.205020577785775 0.85
655 0.0158681130970954 -0.307871370647403 0.85
656 -0.115615133460153 -0.26225984978672 0.85
657 -0.0215904461617448 -0.372049505432209 0.85
658 -0.0489898542684623 -0.379729111801587 0.85
659 -0.0935601226091463 -0.200415316532519 0.85
660 0.0419936061764391 -0.327312840108062 0.85
661 0.1160850327537 -0.495441185837378 0.85
662 0.109512315074981 -0.344975439784682 0.85
663 -0.0282545882020651 -0.264396541140976 0.85
664 0.183690587884106 -0.205714703769375 0.85
665 -0.0884945239338036 -0.444944091043212 0.85
666 -0.206964896487701 -0.479450483418369 0.85
667 -0.119190879397497 -0.390968670928663 0.85
668 -0.234855487879551 -0.34279099783514 0.85
669 0.212024346236447 -0.383730685306149 0.85
670 -0.24410850440787 -0.274007690296836 0.85
671 0.207564871424314 -0.501486471845333 0.85
672 -0.213330301577288 -0.263883143825985 0.85
673 0.183216368193546 -0.475459332139084 0.85
674 0.0239972333690081 -0.20955462718656 0.85
675 -0.265961745752798 -0.331885752465896 0.85
676 -0.0750339181558964 -0.431367803131522 0.85
677 -0.0271026187813416 -0.373865963718929 0.85
678 0.0762829375350865 -0.361977000783684 0.85
679 -0.0368670844489962 -0.204840184741969 0.85
680 -0.19428681162219 -0.195615868401548 0.85
681 -0.232934706838945 -0.51763602723181 0.85
682 -0.352494448153312 -0.279220655292931 0.85
683 0.55078137946298 -0.369258556351312 0.85
684 0.438598007945973 -0.396520623172397 0.85
685 -0.234628235443077 -0.2348843555691 0.85
686 -0.0887903383530561 -0.298200099120561 0.85
687 -0.180621701951493 -0.436817738819213 0.85
688 -0.182832090750172 -0.445286427729173 0.85
689 0.0708308222281864 -0.408851218355699 0.85
690 -0.252438757331381 -0.428593303623577 0.85
691 -0.0949795478051067 -0.505934726869159 0.85
692 0.308289480994788 -0.456574482498508 0.85
693 -0.010708237764331 -0.445327710604051 0.85
694 -0.356373335102928 -0.271352652432985 0.85
695 0.0835146962803291 -0.415672338799542 0.85
696 -0.0805229363409477 -0.434186789133955 0.85
697 0.119276543801903 -0.241939337825093 0.85
698 0.231020020875582 -0.282675560521177 0.85
699 0.200669592425239 -0.311591911533173 0.85
700 0.383635850994109 -0.250937650808137 0.85
701 0.0561978274207412 -0.478006527733562 0.85
702 -0.132880878894861 -0.159224337668372 0.85
703 0.0555219046999075 -0.361879206998785 0.85
704 -0.382243321173137 -0.439068766196697 0.85
705 -0.132939470577569 -0.402912750611694 0.85
706 0.225105589209004 -0.360371087195168 0.85
707 -0.0497350504092757 -0.23027903740047 0.85
708 -0.0206441766102536 -0.373990680193573 0.85
709 -0.0425360989793804 -0.386775141767065 0.85
710 -0.571623820618998 -0.465529738980929 0.85
711 0.0722767454664914 -0.333989137036296 0.85
712 0.304112373445933 -0.423518733807544 0.85
713 -0.213899795560167 -0.401389790925463 0.85
714 0.0723902389151624 -0.559526377244544 0.85
715 -0.236962999365762 -0.465769324544711 0.85
716 -0.10025316991378 -0.348654200249265 0.85
717 0.0291641747230761 -0.351842400367902 0.85
718 -0.00938696559277012 -0.351558349117144 0.85
719 -0.553597394492567 -0.307901372169555 0.85
720 0.106999229316857 -0.485221568610373 0.85
721 -0.131534271628098 -0.507360147110489 0.85
722 0.147931455317869 -0.225074606741027 0.85
723 0.337387829488592 -0.515809647791344 0.85
724 0.127374321190111 -0.445306772336257 0.85
725 -0.107250272986698 -0.434832660327386 0.85
726 -0.334764069437343 -0.318963928958681 0.85
727 -0.12573350415207 -0.193162531656368 0.85
728 0.107110894430755 -0.333318487310157 0.85
729 -0.00748760219240512 -0.301149707767144 0.85
730 0.420195450266714 -0.139814302132377 0.85
731 -0.524586343521267 -0.326243062419287 0.85
732 -0.244073775005398 -0.435723179818702 0.85
733 0.181216548904725 -0.263356938873708 0.85
734 -0.0407464338567011 -0.281288902804619 0.85
735 0.0768161890356027 -0.365492428719176 0.85
736 -0.242972546005799 -0.386898342861728 0.85
737 0.0166455812968279 -0.290863267134669 0.85
738 0.234656533960231 -0.503261765249377 0.85
739 0.074088891725048 -0.541950246483497 0.85
740 0.0322782379014225 -0.412164402596871 0.85
741 0.101683622244869 -0.528714889438231 0.85
742 -0.101595172381792 -0.463702997275962 0.85
743 0.0377094959605364 -0.413599775183979 0.85
744 -0.065888818177313 -0.439346026814504 0.85
745 -0.172005752967157 -0.453790227112004 0.85
746 0.0562723881852933 -0.551205554234699 0.85
747 0.0879334642362924 -0.2407257984947 0.85
748 -0.130338516450642 -0.410792990871654 0.85
749 0.133935355025781 -0.284387124647926 0.85
750 -0.280934284553894 -0.366723495360361 0.85
751 -0.118599268383959 -0.385351380292618 0.85
752 -0.0726608085590279 -0.267364628942597 0.85
753 -0.148554246344807 -0.426375501026653 0.85
754 0.0266647649338977 -0.402359453798579 0.85
755 -0.126040662877318 -0.302263489384677 0.85
756 -0.00625336076116104 -0.263881481661351 0.85
757 -0.118651558306567 -0.234116485393089 0.85
758 0.303849303323177 -0.546545375232527 0.85
759 -0.0266660985730838 -0.417335043170896 0.85
760 -0.0782466039502948 -0.224120215277178 0.85
761 0.160480560884379 -0.416929715754511 0.85
762 0.232013706783048 -0.508199026057983 0.85
763 0.000627970021312786 -0.236877701998141 0.85
764 -0.000102320988240692 -0.314278977850821 0.85
765 0.0956686556686393 -0.29452846982099 0.85
766 -0.0897617927925733 -0.370565484247926 0.85
767 -0.130775418551348 -0.421321180081294 0.85
768 0.0221304313807297 -0.406041837628673 0.85
769 -0.0789199843274363 -0.389022849476371 0.85
770 -0.472018264741441 -0.349723855957858 0.85
771 0.202371328347421 -0.43059409611818 0.85
772 0.303018736318155 -0.467140925081068 0.85
773 0.22031216168513 -0.495363378175711 0.85
774 -0.148589336546287 -0.354010351958826 0.85
775 0.00527948022837594 -0.471321396720045 0.85
776 0.00412511319460906 -0.359164855888716 0.85
777 -0.116113875897602 -0.203735065536147 0.85
778 -0.410451220049897 -0.406919232620212 0.85
779 -0.131219592386259 -0.492164171724662 0.85
780 -0.00341718022671612 -0.465117205934914 0.85
781 -0.116060853279686 -0.391709365885044 0.85
782 -0.241698082997362 -0.37592966349519 0.85
783 -0.138254999223892 -0.362322988181426 0.85
784 0.0395384393829237 -0.182107977244558 0.85
785 -0.125658885054362 -0.293927297701705 0.85
786 -0.217895334170827 -0.472251199904947 0.85
787 0.0143690940298587 -0.338104528821191 0.85
788 -0.327472506401607 -0.304135590220589 0.85
789 0.0586641400040608 -0.376811929436666 0.85
790 -0.22182113311252 -0.349641346189148 0.85
791 0.148601809178181 -0.610060496057754 0.85
792 0.23939520294759 -0.305826304501254 0.85
793 -0.0825798880600164 -0.539301259205327 0.85
794 0.0998533249112567 -0.310559234196614 0.85
795 -0.0159136231074206 -0.368067666138449 0.85
796 -0.14645963810915 -0.347122747728177 0.85
797 -0.291028929676716 -0.270462266345724 0.85
798 -0.0621193779885125 -0.312608966273598 0.85
799 -0.338283733436555 -0.420983898799965 0.85
800 0.119667762949396 -0.253793380223786 0.85
801 0.0225303549777025 -0.392801747842686 0.85
802 0.229029440393828 -0.456174680163861 0.85
803 -0.059877208032958 -0.338746837405471 0.85
804 -0.253988205355358 -0.38793883603563 0.85
805 0.0809093122574546 -0.474481683692392 0.85
806 0.254123264861777 -0.332229795654862 0.85
807 -0.296878360633008 -0.541847696643684 0.85
808 0.236882225030001 -0.374764765796712 0.85
809 -0.218069954951756 -0.456780082424068 0.85
810 -0.304760352495199 -0.532109746587203 0.85
811 0.155657991661898 -0.317981209281579 0.85
812 0.0523200008576822 -0.38226571848428 0.85
813 -0.573003237734591 -0.384395846568426 0.85
814 -0.124819999761506 -0.347288707214839 0.85
815 0.202437609126256 -0.466494754042105 0.85
816 0.331969545437024 -0.346760468498748 0.85
817 0.10548571810824 -0.39435112347039 0.85
818 0.0518621134953539 -0.557115466367715 0.85
819 0.326177260373878 -0.429269012343588 0.85
820 -0.209256591468983 -0.443946919839951 0.85
821 0.369082137551327 -0.436909203694289 0.85
822 -0.23812351024707 -0.382258053841796 0.85
823 -0.281283633604878 -0.29942513509821 0.85
824 -0.0578672548165358 -0.368785544883449 0.85
825 -0.0251596204796558 -0.322387661282325 0.85
826 0.0171962582130066 -0.394568608709719 0.85
827 -0.199219217612392 -0.44451889182664 0.85
828 0.181359771949555 -0.244615535838075 0.85
829 0.0553447000350614 -0.438946324304897 0.85
830 -0.230485601981903 -0.487850121821428 0.85
831 -0.201670493427205 -0.205560535827647 0.85
832 -0.311186741369366 -0.136432329786104 0.85
833 0.253668647463937 -0.24177293511834 0.85
834 0.303564508514696 -0.468433515504221 0.85
835 0.330741473123423 -0.515253269250627 0.85
836 -0.250122320799313 -0.290331878814604 0.85
837 -0.138982090445294 -0.423764907826923 0.85
838 -0.0867404726638003 -0.346403883693049 0.85
839 -0.227862070423146 -0.474763191134625 0.85
840 -0.0881150720290984 -0.481808567344179 0.85
841 0.0389143442364303 -0.264777243873621 0.85
842 0.0949753662665483 -0.375473274771186 0.85
843 -0.176669692968138 -0.20205238675575 0.85
844 0.0432020775152132 -0.448365768357171 0.85
845 0.011283416483622 -0.387421875799784 0.85
846 0.102320332559796 -0.261177789674627 0.85
847 -0.251155793053785 -0.422214811495412 0.85
848 -0.288290917256432 -0.472913103716562 0.85
849 -0.0682951580550798 -0.526430628016009 0.85
850 0.0880279681608225 -0.363335905542642 0.85
851 -0.0245480393533918 -0.434386196087466 0.85
852 -0.141817897271866 -0.39215050323399 0.85
853 0.0498361145717028 -0.254387020039783 0.85
854 0.0688479492322549 -0.2432029239382 0.85
855 -0.0731866256366583 -0.25896478200316 0.85
856 0.366101816487651 -0.357661044766344 0.85
857 -0.147065590595347 -0.28655345539804 0.85
858 0.142345278743026 -0.496756229671044 0.85
859 -0.114563141737607 -0.427640819853638 0.85
860 -0.162273811897755 -0.3376932601018 0.85
861 -0.0132241351548234 -0.396802716597501 0.85
862 0.162509537335874 -0.295102786512849 0.85
863 0.0298984332907262 -0.390534718948457 0.85
864 0.175797080945366 -0.232990141913041 0.85
865 -0.426973648803668 -0.45056908109858 0.85
866 -0.0895171009089928 -0.368318492621976 0.85
867 0.116941967909895 -0.378872344010728 0.85
868 0.47523766315043 -0.479550805534055 0.85
869 -0.0713824346292702 -0.293806197607135 0.85
870 -0.00977665967364024 -0.504268812567999 0.85
871 -0.24092552067053 -0.283198183393466 0.85
872 -0.0178488446396755 -0.325534222408361 0.85
873 -0.0868841652892756 -0.119078666977345 0.85
874 0.0789179909040679 -0.435346292830867 0.85
875 -0.482980006538343 -0.37206630763647 0.85
876 0.094498530466877 -0.308574739569767 0.85
877 -0.0843337808726199 -0.337790892333409 0.85
878 -0.229357984189085 -0.309584635235001 0.85
879 0.470645761524355 -0.537344472032028 0.85
880 -0.352815176943079 -0.434456500131098 0.85
881 0.171901603061671 -0.309214153227221 0.85
882 -0.135696849620607 -0.407339566264839 0.85
883 -0.010356211137311 -0.224855878284138 0.85
884 -0.0495467783877525 -0.392709531004328 0.85
885 0.196398650073643 -0.21109677477298 0.85
886 -0.146413795670589 -0.295706549544024 0.85
887 -0.283758323437628 -0.342071582541621 0.85
888 -0.11600799548588 -0.271863671235119 0.85
889 0.10919531215119 -0.564629315113278 0.85
890 0.274576261200383 -0.242310836908843 0.85
891 0.101843543567936 -0.277124203679008 0.85
892 -0.00799874889833195 -0.114649077675776 0.85
893 0.0165066989124635 -0.322220824037695 0.85
894 -0.0182819080058595 -0.367619759262973 0.85
895 0.132047210341228 -0.319233936556204 0.85
896 0.265233988862007 -0.513214516233621 0.85
897 0.0475211060976205 -0.171055173785825 0.85
898 0.108508102967118 -0.419396407496468 0.85
899 0.119477206895329 -0.399219234809529 0.85
900 0.327872401267962 -0.475829760244704 0.85
901 0.0200832363078009 -0.383463512366247 0.85
902 -0.229959112214451 -0.499017853721668 0.85
903 -0.0132070659722575 -0.328706802519788 0.85
904 -0.226515508211843 -0.404910358132624 0.85
905 -0.114102118770648 -0.455624139264144 0.85
906 -0.477624273437304 -0.354779580463849 0.85
907 0.0692816094921315 -0.250010129076394 0.85
908 -0.30078729698874 -0.368972291045849 0.85
909 0.329223563352957 -0.486651610745039 0.85
910 0.370712363046248 -0.442036841952377 0.85
911 0.370923692366783 -0.307632689228274 0.85
912 -0.272062614370601 -0.405610670081697 0.85
913 0.241494949797289 -0.375390714900751 0.85
914 -0.346002518888399 -0.444118981388202 0.85
915 0.132713603021842 -0.276646156230773 0.85
916 0.130895922133871 -0.49647883965267 0.85
917 0.15858044778088 -0.30369915904304 0.85
918 0.0848884853002846 -0.290026051656894 0.85
919 0.237443036539604 -0.311611185683816 0.85
920 -0.300952668054403 -0.489105989950546 0.85
921 0.0418593805978737 -0.30490517965317 0.85
922 0.0664755421900388 -0.248363785659583 0.85
923 0.173830742950708 -0.267556757537189 0.85
924 -0.0363196356450165 -0.42487138863332 0.85
925 0.00496510008712192 -0.359623903423579 0.85
926 0.041662814387093 -0.501966286176005 0.85
927 0.200958238042893 -0.302699391583254 0.85
928 -0.220175902488566 -0.332378248131349 0.85
929 0.0851350436188211 -0.329950145529161 0.85
930 -0.146926687063876 -0.410425378011553 0.85
931 -0.0548987181808885 -0.465099705696809 0.85
932 -0.173902817860506 -0.263243276375296 0.85
933 -0.0212732780422767 -0.366186707153841 0.85
934 0.0575008041632701 -0.431103350353786 0.85
935 -0.112215485116128 -0.248027563052912 0.85
936 -0.00846218016814294 -0.359719417658277 0.85
937 0.154976312864896 -0.38497531538439 0.85
938 -0.257244668869393 -0.368220406749667 0.85
939 -0.287614537937286 -0.318469501730767 0.85
940 0.144742416689726 -0.360674401182159 0.85
941 0.114967117787187 -0.411321824837116 0.85
942 0.186706196576186 -0.40180723298828 0.85
943 0.209199434109994 -0.482630692259318 0.85
944 0.214079573275477 -0.235938337143591 0.85
945 -0.174482644536127 -0.418408050732302 0.85
946 -0.0753633341444343 -0.337485839864352 0.85
947 -0.139184286778743 -0.186005364942411 0.85
948 -0.12327112557056 -0.287060754543943 0.85
949 -0.073954333927663 -0.531527017323465 0.85
950 -0.00155795142206503 -0.45566649865307 0.85
951 -0.164005586480137 -0.271339647657621 0.85
952 0.00237087512816061 -0.455617320051032 0.85
953 -0.423351744149266 -0.484421618455844 0.85
954 -0.0706001420131298 -0.3793611971843 0.85
955 -0.0735497927021646 -0.380680390657732 0.85
956 0.175937331423479 -0.379026041883756 0.85
957 0.188794816514776 -0.490614162183758 0.85
958 -0.388926177899222 -0.289660117116063 0.85
959 0.0570741312524803 -0.491296040781078 0.85
960 -0.111943028924254 -0.290036794602257 0.85
961 -0.0691879039145226 -0.473576921044823 0.85
962 -0.0253897570297805 -0.258049646547019 0.85
963 0.0574191981515488 -0.349254216470325 0.85
964 0.161217573974473 -0.326436783292915 0.85
965 0.33277509195835 -0.273004060404698 0.85
966 0.214866737420119 -0.351520533383896 0.85
967 -0.0407948006062931 -0.469538193079244 0.85
968 0.175686951529217 -0.396099668234962 0.85
969 -0.353884027614605 -0.512989345385346 0.85
970 0.0472898853662276 -0.252813944697565 0.85
971 -0.314820474296067 -0.52752603572486 0.85
972 -0.158679614507728 -0.243017578252522 0.85
973 0.0347602842082074 -0.355860699937463 0.85
974 -0.772609636277448 -0.287654915256161 0.85
975 0.029530352029288 -0.553813900199782 0.85
976 -0.123028060773629 -0.418180955914167 0.85
977 -0.352537873091266 -0.414498393125497 0.85
978 -0.0978317310288032 -0.386994026941199 0.85
979 0.0420498024702061 -0.272002233967211 0.85
980 -0.21521015381987 -0.326001739137305 0.85
981 -0.374895806175163 -0.379029710044912 0.85
982 0.0626159004841902 -0.294605505834414 0.85
983 -0.116008467296574 -0.426060203116251 0.85
984 0.116859038297702 -0.455597503973878 0.85
985 -0.194246228686616 -0.355227653683695 0.85
986 0.109946559661318 -0.24439830063249 0.85
987 0.0012127623803674 -0.471043162145978 0.85
988 0.12644716109734 -0.525959558676863 0.85
989 -0.000520634607005232 -0.386561724591431 0.85
990 -0.118840151221391 -0.341712970544558 0.85
991 0.321431991373461 -0.460843585608383 0.85
992 0.0821107386161647 -0.360142817927469 0.85
993 0.00642586553127402 -0.358816606823751 0.85
994 -0.0466174348969963 -0.2936581529083 0.85
995 0.087616846523119 -0.45192615895799 0.85
996 -0.0121684032172063 -0.354787256270331 0.85
997 0.157800262647081 -0.340560310073225 0.85
998 0.335138112168294 -0.404422327626124 0.85
999 -0.343094224610084 -0.267532241119875 0.85
1000 0.32008989420977 -0.446264653059767 0.85
