            1         4.02            0         0.74         79.6
            1         4.02         0.25         2.84         79.6
            1         4.02         0.57         6.57         79.6
            1         4.02         1.12         10.5         79.6
            1         4.02         2.02         9.66         79.6
            1         4.02         3.82         8.58         79.6
            1         4.02          5.1         8.36         79.6
            1         4.02         7.03         7.47         79.6
            1         4.02         9.05         6.89         79.6
            1         4.02        12.12         5.94         79.6
            1         4.02        24.37         3.28         79.6
            2          4.4            0            0         72.4
            2          4.4         0.27         1.72         72.4
            2          4.4         0.52         7.91         72.4
            2          4.4            1         8.31         72.4
            2          4.4         1.92         8.33         72.4
            2          4.4          3.5         6.85         72.4
            2          4.4         5.02         6.08         72.4
            2          4.4         7.03          5.4         72.4
            2          4.4            9         4.55         72.4
            2          4.4           12         3.01         72.4
            2          4.4         24.3          0.9         72.4
            3         4.53            0            0         70.5
            3         4.53         0.27          4.4         70.5
            3         4.53         0.58          6.9         70.5
            3         4.53         1.02          8.2         70.5
            3         4.53         2.02          7.8         70.5
            3         4.53         3.62          7.5         70.5
            3         4.53         5.08          6.2         70.5
            3         4.53         7.07          5.3         70.5
            3         4.53            9          4.9         70.5
            3         4.53        12.15          3.7         70.5
            3         4.53        24.17         1.05         70.5
            4          4.4            0            0         72.7
            4          4.4         0.35         1.89         72.7
            4          4.4          0.6          4.6         72.7
            4          4.4         1.07          8.6         72.7
            4          4.4         2.13         8.38         72.7
            4          4.4          3.5         7.54         72.7
            4          4.4         5.02         6.88         72.7
            4          4.4         7.02         5.78         72.7
            4          4.4         9.02         5.33         72.7
            4          4.4        11.98         4.19         72.7
            4          4.4        24.65         1.15         72.7
            5         5.86            0            0         54.6
            5         5.86          0.3         2.02         54.6
            5         5.86         0.52         5.63         54.6
            5         5.86            1         11.4         54.6
            5         5.86         2.02         9.33         54.6
            5         5.86          3.5         8.74         54.6
            5         5.86         5.02         7.56         54.6
            5         5.86         7.02         7.09         54.6
            5         5.86          9.1          5.9         54.6
            5         5.86           12         4.37         54.6
            5         5.86        24.35         1.57         54.6
            6            4            0            0           80
            6            4         0.27         1.29           80
            6            4         0.58         3.08           80
            6            4         1.15         6.44           80
            6            4         2.03         6.32           80
            6            4         3.57         5.53           80
            6            4            5         4.94           80
            6            4            7         4.02           80
            6            4         9.22         3.46           80
            6            4         12.1         2.78           80
            6            4        23.85         0.92           80
            7         4.95            0         0.15         64.6
            7         4.95         0.25         0.85         64.6
            7         4.95          0.5         2.35         64.6
            7         4.95         1.02         5.02         64.6
            7         4.95         2.02         6.58         64.6
            7         4.95         3.48         7.09         64.6
            7         4.95            5         6.66         64.6
            7         4.95         6.98         5.25         64.6
            7         4.95            9         4.39         64.6
            7         4.95        12.05         3.53         64.6
            7         4.95        24.22         1.15         64.6
            8         4.53            0            0         70.5
            8         4.53         0.25         3.05         70.5
            8         4.53         0.52         3.05         70.5
            8         4.53         0.98         7.31         70.5
            8         4.53         2.02         7.56         70.5
            8         4.53         3.53         6.59         70.5
            8         4.53         5.05         5.88         70.5
            8         4.53         7.15         4.73         70.5
            8         4.53         9.07         4.57         70.5
            8         4.53         12.1            3         70.5
            8         4.53        24.12         1.25         70.5
            9          3.1            0            0         86.4
            9          3.1          0.3         7.37         86.4
            9          3.1         0.63         9.03         86.4
            9          3.1         1.05         7.14         86.4
            9          3.1         2.02         6.33         86.4
            9          3.1         3.53         5.66         86.4
            9          3.1         5.02         5.67         86.4
            9          3.1         7.17         4.24         86.4
            9          3.1          8.8         4.11         86.4
            9          3.1         11.6         3.16         86.4
            9          3.1        24.43         1.12         86.4
           10          5.5            0         0.24         58.2
           10          5.5         0.37         2.89         58.2
           10          5.5         0.77         5.22         58.2
           10          5.5         1.02         6.41         58.2
           10          5.5         2.05         7.83         58.2
           10          5.5         3.55        10.21         58.2
           10          5.5         5.05         9.18         58.2
           10          5.5         7.08         8.02         58.2
           10          5.5         9.38         7.14         58.2
           10          5.5         12.1         5.68         58.2
           10          5.5         23.7         2.42         58.2
           11         4.92            0            0           65
           11         4.92         0.25         4.86           65
           11         4.92          0.5         7.24           65
           11         4.92         0.98            8           65
           11         4.92         1.98         6.81           65
           11         4.92          3.6         5.87           65
           11         4.92         5.02         5.22           65
           11         4.92         7.03         4.45           65
           11         4.92         9.03         3.62           65
           11         4.92        12.12         2.69           65
           11         4.92        24.08         0.86           65
           12          5.3            0            0         60.5
           12          5.3         0.25         1.25         60.5
           12          5.3          0.5         3.96         60.5
           12          5.3            1         7.82         60.5
           12          5.3            2         9.72         60.5
           12          5.3         3.52         9.75         60.5
           12          5.3         5.07         8.57         60.5
           12          5.3         7.07         6.59         60.5
           12          5.3         9.03         6.11         60.5
           12          5.3        12.05         4.57         60.5
           12          5.3        24.15         1.17         60.5