  1.0000000e+000  4.0200000e+000  0.0000000e+000  7.4000000e-001  7.9600000e+001
  1.0000000e+000  4.0200000e+000  2.5000000e-001  2.8400000e+000  7.9600000e+001
  2.0000000e+000  4.0200000e+000  5.7000000e-001  6.5700000e+000  7.9600000e+001
  2.0000000e+000  4.0200000e+000  1.1200000e+000  1.0500000e+001  7.9600000e+001
  3.0000000e+000  4.0200000e+000  2.0200000e+000  9.6600000e+000  7.9600000e+001
  3.0000000e+000  4.0200000e+000  3.8200000e+000  8.5800000e+000  7.9600000e+001
  4.0000000e+000  4.0200000e+000  5.1000000e+000  8.3600000e+000  7.9600000e+001
  4.0000000e+000  4.0200000e+000  7.0300000e+000  7.4700000e+000  7.9600000e+001
  5.0000000e+000  4.0200000e+000  9.0500000e+000  6.8900000e+000  7.9600000e+001
  6.0000000e+000  4.0200000e+000  1.2120000e+001  5.9400000e+000  7.9600000e+001
  7.0000000e+000  4.0200000e+000  2.4370000e+001  3.2800000e+000  7.9600000e+001
  8.0000000e+000  4.4000000e+000  0.0000000e+000  0.0000000e+000  7.2400000e+001
  8.0000000e+000  4.4000000e+000  2.7000000e-001  1.7200000e+000  7.2400000e+001
  9.0000000e+000  4.4000000e+000  5.2000000e-001  7.9100000e+000  7.2400000e+001
  9.0000000e+000  4.4000000e+000  1.0000000e+000  8.3100000e+000  7.2400000e+001
  1.0000000e+001  4.4000000e+000  1.9200000e+000  8.3300000e+000  7.2400000e+001
  1.0000000e+001  4.4000000e+000  3.5000000e+000  6.8500000e+000  7.2400000e+001
  1.1000000e+001  4.4000000e+000  5.0200000e+000  6.0800000e+000  7.2400000e+001
  1.1000000e+001  4.4000000e+000  7.0300000e+000  5.4000000e+000  7.2400000e+001
  1.2000000e+001  4.4000000e+000  9.0000000e+000  4.5500000e+000  7.2400000e+001
  1.3000000e+001  4.4000000e+000  1.2000000e+001  3.0100000e+000  7.2400000e+001
  1.4000000e+001  4.4000000e+000  2.4300000e+001  9.0000000e-001  7.2400000e+001
  1.5000000e+001  4.5300000e+000  0.0000000e+000  0.0000000e+000  7.0500000e+001
  1.5000000e+001  4.5300000e+000  2.7000000e-001  4.4000000e+000  7.0500000e+001
  1.6000000e+001  4.5300000e+000  5.8000000e-001  6.9000000e+000  7.0500000e+001
  1.6000000e+001  4.5300000e+000  1.0200000e+000  8.2000000e+000  7.0500000e+001
  1.7000000e+001  4.5300000e+000  2.0200000e+000  7.8000000e+000  7.0500000e+001
  1.7000000e+001  4.5300000e+000  3.6200000e+000  7.5000000e+000  7.0500000e+001
  1.8000000e+001  4.5300000e+000  5.0800000e+000  6.2000000e+000  7.0500000e+001
  1.8000000e+001  4.5300000e+000  7.0700000e+000  5.3000000e+000  7.0500000e+001
  1.9000000e+001  4.5300000e+000  9.0000000e+000  4.9000000e+000  7.0500000e+001
  2.0000000e+001  4.5300000e+000  1.2150000e+001  3.7000000e+000  7.0500000e+001
  2.1000000e+001  4.5300000e+000  2.4170000e+001  1.0500000e+000  7.0500000e+001
  2.2000000e+001  4.4000000e+000  0.0000000e+000  0.0000000e+000  7.2700000e+001
  2.2000000e+001  4.4000000e+000  3.5000000e-001  1.8900000e+000  7.2700000e+001
  2.3000000e+001  4.4000000e+000  6.0000000e-001  4.6000000e+000  7.2700000e+001
  2.3000000e+001  4.4000000e+000  1.0700000e+000  8.6000000e+000  7.2700000e+001
  2.4000000e+001  4.4000000e+000  2.1300000e+000  8.3800000e+000  7.2700000e+001
  2.4000000e+001  4.4000000e+000  3.5000000e+000  7.5400000e+000  7.2700000e+001
  2.5000000e+001  4.4000000e+000  5.0200000e+000  6.8800000e+000  7.2700000e+001
  2.5000000e+001  4.4000000e+000  7.0200000e+000  5.7800000e+000  7.2700000e+001
  2.6000000e+001  4.4000000e+000  9.0200000e+000  5.3300000e+000  7.2700000e+001
  2.7000000e+001  4.4000000e+000  1.1980000e+001  4.1900000e+000  7.2700000e+001
  2.8000000e+001  4.4000000e+000  2.4650000e+001  1.1500000e+000  7.2700000e+001
  2.9000000e+001  5.8600000e+000  0.0000000e+000  0.0000000e+000  5.4600000e+001
  2.9000000e+001  5.8600000e+000  3.0000000e-001  2.0200000e+000  5.4600000e+001
  3.0000000e+001  5.8600000e+000  5.2000000e-001  5.6300000e+000  5.4600000e+001
  3.0000000e+001  5.8600000e+000  1.0000000e+000  1.1400000e+001  5.4600000e+001
  3.1000000e+001  5.8600000e+000  2.0200000e+000  9.3300000e+000  5.4600000e+001
  3.1000000e+001  5.8600000e+000  3.5000000e+000  8.7400000e+000  5.4600000e+001
  3.2000000e+001  5.8600000e+000  5.0200000e+000  7.5600000e+000  5.4600000e+001
  3.2000000e+001  5.8600000e+000  7.0200000e+000  7.0900000e+000  5.4600000e+001
  3.3000000e+001  5.8600000e+000  9.1000000e+000  5.9000000e+000  5.4600000e+001
  3.4000000e+001  5.8600000e+000  1.2000000e+001  4.3700000e+000  5.4600000e+001
  3.5000000e+001  5.8600000e+000  2.4350000e+001  1.5700000e+000  5.4600000e+001
  3.6000000e+001  4.0000000e+000  0.0000000e+000  0.0000000e+000  8.0000000e+001
  3.6000000e+001  4.0000000e+000  2.7000000e-001  1.2900000e+000  8.0000000e+001
  3.7000000e+001  4.0000000e+000  5.8000000e-001  3.0800000e+000  8.0000000e+001
  3.7000000e+001  4.0000000e+000  1.1500000e+000  6.4400000e+000  8.0000000e+001
  3.8000000e+001  4.0000000e+000  2.0300000e+000  6.3200000e+000  8.0000000e+001
  3.8000000e+001  4.0000000e+000  3.5700000e+000  5.5300000e+000  8.0000000e+001
  3.9000000e+001  4.0000000e+000  5.0000000e+000  4.9400000e+000  8.0000000e+001
  3.9000000e+001  4.0000000e+000  7.0000000e+000  4.0200000e+000  8.0000000e+001
  4.0000000e+001  4.0000000e+000  9.2200000e+000  3.4600000e+000  8.0000000e+001
  4.1000000e+001  4.0000000e+000  1.2100000e+001  2.7800000e+000  8.0000000e+001
  4.2000000e+001  4.0000000e+000  2.3850000e+001  9.2000000e-001  8.0000000e+001
  4.3000000e+001  4.9500000e+000  0.0000000e+000  1.5000000e-001  6.4600000e+001
  4.3000000e+001  4.9500000e+000  2.5000000e-001  8.5000000e-001  6.4600000e+001
  4.4000000e+001  4.9500000e+000  5.0000000e-001  2.3500000e+000  6.4600000e+001
  4.4000000e+001  4.9500000e+000  1.0200000e+000  5.0200000e+000  6.4600000e+001
  4.5000000e+001  4.9500000e+000  2.0200000e+000  6.5800000e+000  6.4600000e+001
  4.5000000e+001  4.9500000e+000  3.4800000e+000  7.0900000e+000  6.4600000e+001
  4.6000000e+001  4.9500000e+000  5.0000000e+000  6.6600000e+000  6.4600000e+001
  4.6000000e+001  4.9500000e+000  6.9800000e+000  5.2500000e+000  6.4600000e+001
  4.7000000e+001  4.9500000e+000  9.0000000e+000  4.3900000e+000  6.4600000e+001
  4.8000000e+001  4.9500000e+000  1.2050000e+001  3.5300000e+000  6.4600000e+001
  4.9000000e+001  4.9500000e+000  2.4220000e+001  1.1500000e+000  6.4600000e+001
  5.0000000e+001  4.5300000e+000  0.0000000e+000  0.0000000e+000  7.0500000e+001
  5.0000000e+001  4.5300000e+000  2.5000000e-001  3.0500000e+000  7.0500000e+001
  5.1000000e+001  4.5300000e+000  5.2000000e-001  3.0500000e+000  7.0500000e+001
  5.1000000e+001  4.5300000e+000  9.8000000e-001  7.3100000e+000  7.0500000e+001
  5.2000000e+001  4.5300000e+000  2.0200000e+000  7.5600000e+000  7.0500000e+001
  5.2000000e+001  4.5300000e+000  3.5300000e+000  6.5900000e+000  7.0500000e+001
  5.3000000e+001  4.5300000e+000  5.0500000e+000  5.8800000e+000  7.0500000e+001
  5.3000000e+001  4.5300000e+000  7.1500000e+000  4.7300000e+000  7.0500000e+001
  5.4000000e+001  4.5300000e+000  9.0700000e+000  4.5700000e+000  7.0500000e+001
  5.5000000e+001  4.5300000e+000  1.2100000e+001  3.0000000e+000  7.0500000e+001
  5.6000000e+001  4.5300000e+000  2.4120000e+001  1.2500000e+000  7.0500000e+001
  5.7000000e+001  3.1000000e+000  0.0000000e+000  0.0000000e+000  8.6400000e+001
  5.7000000e+001  3.1000000e+000  3.0000000e-001  7.3700000e+000  8.6400000e+001
  5.8000000e+001  3.1000000e+000  6.3000000e-001  9.0300000e+000  8.6400000e+001
  5.8000000e+001  3.1000000e+000  1.0500000e+000  7.1400000e+000  8.6400000e+001
  5.9000000e+001  3.1000000e+000  2.0200000e+000  6.3300000e+000  8.6400000e+001
  5.9000000e+001  3.1000000e+000  3.5300000e+000  5.6600000e+000  8.6400000e+001
  6.0000000e+001  3.1000000e+000  5.0200000e+000  5.6700000e+000  8.6400000e+001
  6.0000000e+001  3.1000000e+000  7.1700000e+000  4.2400000e+000  8.6400000e+001
  6.1000000e+001  3.1000000e+000  8.8000000e+000  4.1100000e+000  8.6400000e+001
  6.2000000e+001  3.1000000e+000  1.1600000e+001  3.1600000e+000  8.6400000e+001
  6.3000000e+001  3.1000000e+000  2.4430000e+001  1.1200000e+000  8.6400000e+001
  6.4000000e+001  5.5000000e+000  0.0000000e+000  2.4000000e-001  5.8200000e+001
  6.4000000e+001  5.5000000e+000  3.7000000e-001  2.8900000e+000  5.8200000e+001
  6.5000000e+001  5.5000000e+000  7.7000000e-001  5.2200000e+000  5.8200000e+001
  6.5000000e+001  5.5000000e+000  1.0200000e+000  6.4100000e+000  5.8200000e+001
  6.6000000e+001  5.5000000e+000  2.0500000e+000  7.8300000e+000  5.8200000e+001
  6.6000000e+001  5.5000000e+000  3.5500000e+000  1.0210000e+001  5.8200000e+001
  6.7000000e+001  5.5000000e+000  5.0500000e+000  9.1800000e+000  5.8200000e+001
  6.7000000e+001  5.5000000e+000  7.0800000e+000  8.0200000e+000  5.8200000e+001
  6.8000000e+001  5.5000000e+000  9.3800000e+000  7.1400000e+000  5.8200000e+001
  6.9000000e+001  5.5000000e+000  1.2100000e+001  5.6800000e+000  5.8200000e+001
  7.0000000e+001  5.5000000e+000  2.3700000e+001  2.4200000e+000  5.8200000e+001
  7.1000000e+001  4.9200000e+000  0.0000000e+000  0.0000000e+000  6.5000000e+001
  7.1000000e+001  4.9200000e+000  2.5000000e-001  4.8600000e+000  6.5000000e+001
  7.2000000e+001  4.9200000e+000  5.0000000e-001  7.2400000e+000  6.5000000e+001
  7.2000000e+001  4.9200000e+000  9.8000000e-001  8.0000000e+000  6.5000000e+001
  7.3000000e+001  4.9200000e+000  1.9800000e+000  6.8100000e+000  6.5000000e+001
  7.3000000e+001  4.9200000e+000  3.6000000e+000  5.8700000e+000  6.5000000e+001
  7.4000000e+001  4.9200000e+000  5.0200000e+000  5.2200000e+000  6.5000000e+001
  7.4000000e+001  4.9200000e+000  7.0300000e+000  4.4500000e+000  6.5000000e+001
  7.5000000e+001  4.9200000e+000  9.0300000e+000  3.6200000e+000  6.5000000e+001
  7.6000000e+001  4.9200000e+000  1.2120000e+001  2.6900000e+000  6.5000000e+001
  7.7000000e+001  4.9200000e+000  2.4080000e+001  8.6000000e-001  6.5000000e+001
  7.8000000e+001  5.3000000e+000  0.0000000e+000  0.0000000e+000  6.0500000e+001
  7.8000000e+001  5.3000000e+000  2.5000000e-001  1.2500000e+000  6.0500000e+001
  7.9000000e+001  5.3000000e+000  5.0000000e-001  3.9600000e+000  6.0500000e+001
  7.9000000e+001  5.3000000e+000  1.0000000e+000  7.8200000e+000  6.0500000e+001
  8.0000000e+001  5.3000000e+000  2.0000000e+000  9.7200000e+000  6.0500000e+001
  8.0000000e+001  5.3000000e+000  3.5200000e+000  9.7500000e+000  6.0500000e+001
  8.1000000e+001  5.3000000e+000  5.0700000e+000  8.5700000e+000  6.0500000e+001
  8.1000000e+001  5.3000000e+000  7.0700000e+000  6.5900000e+000  6.0500000e+001
  8.2000000e+001  5.3000000e+000  9.0300000e+000  6.1100000e+000  6.0500000e+001
  8.3000000e+001  5.3000000e+000  1.2050000e+001  4.5700000e+000  6.0500000e+001
  8.4000000e+001  5.3000000e+000  2.4150000e+001  1.1700000e+000  6.0500000e+001
