id dose eff group
1 0 132.92664103858 0
1 200 85.6906861647115 0
1 400 78.3776647283184 0
1 500 74.2631355815108 0
1 700 44.2790990446966 0
1 1000 64.4297975692231 0
2 0 106.689436483682 0
2 200 80.6127511483974 0
2 400 83.2193113601277 0
2 500 69.3036575065101 0
2 700 56.9019581543447 0
2 1000 41.3999085855814 0
3 0 89.4953247532074 0
3 200 72.835594122887 0
3 400 38.5628532978918 0
3 500 54.6595384768279 0
3 700 52.6777762974674 0
3 1000 33.5134434926145 0
4 0 80.5316475921887 0
4 200 67.6753570855178 0
4 400 39.7941842727974 0
4 500 69.0246168495657 0
4 700 56.7050778054272 0
4 1000 42.2827107085828 0
5 0 86.737583739874 0
5 200 63.3986572605445 0
5 400 78.1554564122044 0
5 500 67.5724865236893 0
5 700 50.1619311432714 0
5 1000 37.5773594272559 0
6 0 127.748037312458 0
6 200 71.0872377340509 0
6 400 80.0207042625788 0
6 500 59.9373729559309 0
6 700 62.7309773372227 0
6 1000 44.0144695319224 0
7 0 110.318734924549 0
7 200 103.327430340549 0
7 400 76.1276736479739 0
7 500 55.4945939289626 0
7 700 87.6333623515626 0
7 1000 60.8395079469574 0
8 0 57.9567933595572 0
8 200 57.9107159697028 0
8 400 32.8571830671004 0
8 500 53.584405368187 0
8 700 69.9971382949734 0
8 1000 36.0929100638653 0
9 0 94.4297281185593 0
9 200 60.0655641886629 0
9 400 50.4160883796521 0
9 500 29.2237958026501 0
9 700 32.2808304873168 0
9 1000 19.6854509158943 0
10 0 130.688315052461 0
10 200 143.096474871757 0
10 400 98.2284624024542 0
10 500 72.9969190390663 0
10 700 69.1832102452756 0
10 1000 64.0173180534571 0
11 0 111.997372067529 0
11 200 79.1005781458989 0
11 400 52.0709356194398 0
11 500 54.6371067735577 0
11 700 38.5753954101291 0
11 1000 56.8486522817373 0
12 0 119.838224163021 0
12 200 95.809305384723 0
12 400 79.9446147250377 0
12 500 92.5174686376905 0
12 700 83.4514886295063 0
12 1000 49.7518665722156 0
13 0 108.991958862033 0
13 200 83.4154050845202 0
13 400 82.8525541987079 0
13 500 59.1901333430695 0
13 700 46.9286895791528 0
13 1000 31.4877201217577 0
14 0 79.8799655967805 0
14 200 83.7461340770577 0
14 400 47.8491743118252 0
14 500 44.1440830722943 0
14 700 46.4769187990361 0
14 1000 26.9943660424285 0
15 0 119.593089357486 0
15 200 78.8272313143318 0
15 400 39.2504069005295 0
15 500 24.2200898152872 0
15 700 38.3042215666465 0
15 1000 35.7308049254912 0
16 0 131.199020251672 0
16 200 123.989306901064 0
16 400 74.5753325691528 0
16 500 62.9795168686477 0
16 700 45.9151501910402 0
16 1000 42.1361730199801 0
17 0 129.84037770644 0
17 200 72.6411797874777 0
17 400 112.849750374336 0
17 500 55.8943599257562 0
17 700 71.1519078620782 0
17 1000 66.0359109704173 0
18 0 90.4156340676639 0
18 200 78.0941476189506 0
18 400 55.6979793288152 0
18 500 56.9248747078268 0
18 700 39.2408008072539 0
18 1000 43.3571569326028 0
19 0 63.9503683050001 0
19 200 84.0717256034072 0
19 400 75.7750252221465 0
19 500 58.4274462196561 0
19 700 46.6309891756112 0
19 1000 41.0091474575796 0
20 0 127.176775378403 0
20 200 76.3281877862092 0
20 400 75.9619190910574 0
20 500 37.1561648312573 0
20 700 33.8752018007701 0
20 1000 39.1244676789291 0
21 0 71.7827680691613 0
21 200 101.689068469666 0
21 400 52.714057875354 0
21 500 51.7317995815571 0
21 700 41.4713799861343 0
21 1000 27.1171313822197 0
22 0 131.421468204765 0
22 200 71.6580755357788 0
22 400 36.9666587125381 0
22 500 28.873256012731 0
22 700 38.2158375614637 0
22 1000 17.6816660290291 0
23 0 89.0221717267763 0
23 200 46.79012761663 0
23 400 49.1580953159615 0
23 500 57.656227729456 0
23 700 32.9860775353214 0
23 1000 30.0685744531644 0
24 0 79.8220718763011 0
24 200 79.9874458196456 0
24 400 93.2017451905337 0
24 500 87.3115316744611 0
24 700 56.2268821058516 0
24 1000 43.8476502947222 0
25 0 124.454335748144 0
25 200 95.3862348489321 0
25 400 107.066232707337 0
25 500 66.4952425608267 0
25 700 84.4212404667715 0
25 1000 57.0744911473842 0
26 0 73.9787132837863 0
26 200 92.9275087376454 0
26 400 54.2809853611209 0
26 500 42.8868912564217 0
26 700 48.5001159470761 0
26 1000 28.7049612649388 0
27 0 140.462844348957 0
27 200 146.966746881163 0
27 400 112.592536140455 0
27 500 96.4285758480396 0
27 700 84.0263205100704 0
27 1000 71.4920908390046 0
28 0 127.399166329455 0
28 200 114.830333663006 0
28 400 72.1550353589706 0
28 500 56.4273690383821 0
28 700 64.8840820192611 0
28 1000 56.2508642873149 0
29 0 105.289662475171 0
29 200 168.284296585932 0
29 400 145.072468368322 0
29 500 88.8391652462143 0
29 700 104.648709695434 0
29 1000 58.4620739350125 0
30 0 81.8566131503362 0
30 200 131.361726209358 0
30 400 72.6618255131666 0
30 500 86.8519513200809 0
30 700 60.1993850999846 0
30 1000 49.1836472354684 0
31 0 79.6011559924608 0
31 200 73.3535488231996 0
31 400 79.9743569491382 0
31 500 48.0063694287024 0
31 700 75.638798162802 0
31 1000 100.974947738101 0
32 0 67.413558795153 0
32 200 100.394569630072 0
32 400 82.5260674677487 0
32 500 72.4556114540637 0
32 700 54.4354366493715 0
32 1000 37.736891246019 0
33 0 117.678920824228 0
33 200 109.521456286599 0
33 400 62.6037540729644 0
33 500 118.927478150282 0
33 700 81.1956103629451 0
33 1000 66.2766823243176 0
34 0 86.4600854202891 0
34 200 76.3506816612521 0
34 400 42.0909513372363 0
34 500 58.7684680560437 0
34 700 62.7150288185846 0
34 1000 32.7948306237191 0
35 0 82.8404999160981 0
35 200 52.6526177670032 0
35 400 25.4753609713717 0
35 500 53.5148601526928 0
35 700 29.7581844941381 0
35 1000 32.4710082743298 0
36 0 121.290307105595 0
36 200 137.74297620473 0
36 400 67.3182820964548 0
36 500 141.831609652291 0
36 700 76.1989066534446 0
36 1000 62.1342033582125 0
37 0 155.283023164553 0
37 200 82.702906683939 0
37 400 74.8760826579221 0
37 500 72.3037557416604 0
37 700 46.5728883094197 0
37 1000 44.7820742249346 0
38 0 109.059372629323 0
38 200 82.8350097828195 0
38 400 82.1777250134182 0
38 500 55.9322767397762 0
38 700 48.3760674816976 0
38 1000 41.1768122530679 0
39 0 75.361476770098 0
39 200 123.828616602174 0
39 400 86.4034569746831 0
39 500 74.5232910686599 0
39 700 85.5650523425744 0
39 1000 41.6473921359209 0
40 0 115.53043645998 0
40 200 77.2874107244274 0
40 400 56.8646813935994 0
40 500 58.3255274119433 0
40 700 56.0756936964853 0
40 1000 41.779572408413 0
41 0 105.980195991954 0
41 200 82.8097797780297 0
41 400 89.4869669777372 0
41 500 112.307627758438 0
41 700 50.6284485836998 0
41 1000 53.3964871335484 0
42 0 60.1155195919711 0
42 200 62.6564750177647 0
42 400 49.5468174553817 0
42 500 57.1487086647862 0
42 700 56.7105977687013 0
42 1000 41.7440907002623 0
43 0 67.2841129296356 0
43 200 47.1397163847016 0
43 400 47.9914764541308 0
43 500 55.7669382794994 0
43 700 38.3980288811333 0
43 1000 38.494717684914 0
44 0 121.092951105379 0
44 200 73.9138621713775 0
44 400 71.2241996016491 0
44 500 79.7486436269356 0
44 700 56.0314780713144 0
44 1000 35.9672314436994 0
45 0 139.681049004739 0
45 200 69.0687166907149 0
45 400 83.3200351856782 0
45 500 93.5714497388788 0
45 700 58.2899378106276 0
45 1000 63.0480045718025 0
46 0 86.0507782088298 0
46 200 90.5582591834109 0
46 400 67.2260999177506 0
46 500 67.4673577201445 0
46 700 59.6628109091608 0
46 1000 44.7405120658163 0
47 0 89.210504232604 0
47 200 88.3719107883255 0
47 400 75.6364224740287 0
47 500 45.9642912799505 0
47 700 23.5559821595446 0
47 1000 19.9166914928357 0
48 0 83.2193628428651 0
48 200 80.4219423744134 0
48 400 92.2665120923132 0
48 500 64.5242877376054 0
48 700 45.3976174773522 0
48 1000 33.219869768721 0
49 0 138.113157659934 0
49 200 66.1208401347324 0
49 400 91.8520629761398 0
49 500 50.7353893344711 0
49 700 36.3779721936462 0
49 1000 24.6941733295069 0
50 0 115.857462529484 0
50 200 59.3995159135082 0
50 400 55.5533163831224 0
50 500 46.4919276858512 0
50 700 38.2775213569752 0
50 1000 32.4053313275381 0
51 0 89.3364855251318 1
51 200 82.3473369221096 1
51 400 55.6241142174158 1
51 500 52.8929296333732 1
51 700 28.2722327469489 1
51 1000 46.9794877149567 1
52 0 68.1904326438824 1
52 200 48.1381688043095 1
52 400 47.1431238125873 1
52 500 53.8544100201277 1
52 700 39.1584697289288 1
52 1000 31.265217138997 1
53 0 105.946655067938 1
53 200 83.7218761903037 1
53 400 44.4840845858679 1
53 500 51.7972021065354 1
53 700 38.2231094340504 1
53 1000 32.2157420569748 1
54 0 61.3767511170725 1
54 200 37.1027909163965 1
54 400 47.6112692892253 1
54 500 30.357574058007 1
54 700 36.3040588526196 1
54 1000 29.4345385704202 1
55 0 123.309883215998 1
55 200 100.698731944158 1
55 400 61.7623675674661 1
55 500 41.2386601100889 1
55 700 48.8162240348082 1
55 1000 55.61693675142 1
56 0 106.346301243413 1
56 200 49.1363690681378 1
56 400 53.5008512445587 1
56 500 67.0674470912043 1
56 700 44.1625937086222 1
56 1000 35.7198991508117 1
57 0 103.69169479679 1
57 200 127.377221434709 1
57 400 77.1432499898426 1
57 500 48.7112092250687 1
57 700 63.2215298778903 1
57 1000 50.4901629386509 1
58 0 100.376700016429 1
58 200 81.9564505888376 1
58 400 52.5492649317326 1
58 500 73.281418965597 1
58 700 38.0665946830807 1
58 1000 32.5492835470276 1
59 0 86.5360635970865 1
59 200 58.2221247111697 1
59 400 34.5905525403412 1
59 500 38.954780444099 1
59 700 43.5004564087979 1
59 1000 36.8192307608995 1
60 0 139.512059471256 1
60 200 86.7770878594944 1
60 400 65.4888249902222 1
60 500 67.7141041763555 1
60 700 22.5725230724388 1
60 1000 32.7156585834053 1
61 0 76.4577851081051 1
61 200 68.8325168110612 1
61 400 59.7682394771389 1
61 500 50.5031113473637 1
61 700 46.7480054010618 1
61 1000 35.071888618194 1
62 0 116.138036608245 1
62 200 61.0097370777161 1
62 400 39.09815554658 1
62 500 36.2900937596508 1
62 700 32.3903582521133 1
62 1000 19.6595063476622 1
63 0 113.658454302117 1
63 200 77.550778467633 1
63 400 47.9119568750314 1
63 500 58.6560760464144 1
63 700 47.3503350693931 1
63 1000 27.1210290077937 1
64 0 90.5306042720225 1
64 200 51.9905403045345 1
64 400 41.4828718906798 1
64 500 36.1951325902498 1
64 700 33.7969412901265 1
64 1000 35.2004159702231 1
65 0 88.9266421931315 1
65 200 69.7607979033698 1
65 400 67.5195236967113 1
65 500 56.0893325716683 1
65 700 43.2237988429742 1
65 1000 37.9371120609909 1
66 0 96.606428960084 1
66 200 62.4916654511733 1
66 400 49.9604838444445 1
66 500 54.1260654235249 1
66 700 30.8870370787772 1
66 1000 38.3450314080978 1
67 0 83.2333272885534 1
67 200 63.4141918852029 1
67 400 51.2523848399942 1
67 500 44.4928963473145 1
67 700 32.5485362813578 1
67 1000 30.8971159682211 1
68 0 137.077386264351 1
68 200 67.5782863350562 1
68 400 46.3717532067963 1
68 500 62.1501957871806 1
68 700 39.1209777197866 1
68 1000 24.3404151661779 1
69 0 91.8912277886576 1
69 200 65.8537605251607 1
69 400 70.0221177714378 1
69 500 67.556196674432 1
69 700 44.3546835212502 1
69 1000 36.344552169321 1
70 0 95.7646135496984 1
70 200 70.2528461124824 1
70 400 55.7997854039302 1
70 500 17.0452485760599 1
70 700 32.592955912713 1
70 1000 35.1615607856461 1
71 0 97.5903919000558 1
71 200 109.06534437732 1
71 400 76.8368521973207 1
71 500 98.0445506178877 1
71 700 55.315837092841 1
71 1000 61.8166686236806 1
72 0 98.6903707821692 1
72 200 92.8263907944847 1
72 400 29.919165548165 1
72 500 54.0266034081091 1
72 700 43.664701076998 1
72 1000 42.9270300497819 1
73 0 125.720817300033 1
73 200 65.4101240669544 1
73 400 79.565595051007 1
73 500 58.8330883679741 1
73 700 52.7816170832852 1
73 1000 28.0372290682808 1
74 0 142.222917939009 1
74 200 90.4870810621663 1
74 400 65.2303652210475 1
74 500 53.4882470998094 1
74 700 38.6689910138839 1
74 1000 42.1364922131246 1
75 0 115.917981920881 1
75 200 84.2404362713561 1
75 400 53.3660432133262 1
75 500 49.9530433515776 1
75 700 43.6145327591364 1
75 1000 48.1141546740674 1
76 0 119.900961086587 1
76 200 63.7320918501302 1
76 400 45.390130371486 1
76 500 38.4373757531788 1
76 700 43.2028112435506 1
76 1000 36.2924976290213 1
77 0 76.8212705645486 1
77 200 86.7914960582534 1
77 400 79.1271185763356 1
77 500 77.5843924846988 1
77 700 50.7748615980611 1
77 1000 51.1226054191604 1
78 0 96.8417091274147 1
78 200 52.6429692384721 1
78 400 49.1483266070423 1
78 500 42.1437795723182 1
78 700 24.8491959561086 1
78 1000 30.2451005450622 1
79 0 119.226316663462 1
79 200 54.6871786540015 1
79 400 76.0265019025762 1
79 500 44.4580157349087 1
79 700 47.6119766176408 1
79 1000 42.7348688961939 1
80 0 105.180126744911 1
80 200 60.9003985087428 1
80 400 47.4114634146839 1
80 500 49.1089408519579 1
80 700 44.24791407536 1
80 1000 32.0010135577889 1
81 0 64.7768878421817 1
81 200 86.6546857394478 1
81 400 105.24900120522 1
81 500 78.9176024700634 1
81 700 55.8520898825899 1
81 1000 20.1734616299433 1
82 0 106.983189715642 1
82 200 66.2426113084692 1
82 400 48.8014085316668 1
82 500 27.3045385591821 1
82 700 32.4453974721355 1
82 1000 49.4120018899727 1
83 0 124.646199983376 1
83 200 92.5615793411799 1
83 400 62.8155219959346 1
83 500 64.761513591012 1
83 700 47.819376289193 1
83 1000 42.4925733023972 1
84 0 97.5467302236023 1
84 200 77.6715873561255 1
84 400 61.4727923945209 1
84 500 46.908598828712 1
84 700 46.9395729748321 1
84 1000 32.3893559372738 1
85 0 109.276723872141 1
85 200 70.3503547682451 1
85 400 65.6369059278087 1
85 500 59.1312266857917 1
85 700 45.4789902230148 1
85 1000 33.656589427565 1
86 0 110.828899836421 1
86 200 110.343767164482 1
86 400 84.5758308155242 1
86 500 85.8917571142146 1
86 700 61.9880920243437 1
86 1000 55.1994616173619 1
87 0 107.055655639624 1
87 200 76.2811239522927 1
87 400 67.3273083104658 1
87 500 41.5289742224389 1
87 700 55.4483521548211 1
87 1000 34.770251787952 1
88 0 141.854108196988 1
88 200 67.8621015577453 1
88 400 30.5562040578106 1
88 500 35.1540032896381 1
88 700 42.1675219533503 1
88 1000 33.511942568266 1
89 0 106.786668726164 1
89 200 63.0221460131937 1
89 400 76.7813184069411 1
89 500 53.0730295639009 1
89 700 56.0704827380024 1
89 1000 36.0163466757573 1
90 0 68.2025591172869 1
90 200 95.1188742181541 1
90 400 69.1485583066102 1
90 500 49.3014825847014 1
90 700 35.8149915526419 1
90 1000 34.2858657462075 1
91 0 75.8085469182907 1
91 200 59.1066545682589 1
91 400 68.0929207187201 1
91 500 40.0694554875054 1
91 700 48.7831187281416 1
91 1000 30.5503373218375 1
92 0 96.5171714528736 1
92 200 74.2859137175113 1
92 400 34.5564809570238 1
92 500 42.3311762050098 1
92 700 36.8400254008135 1
92 1000 30.8120460188338 1
93 0 115.644894885194 1
93 200 72.9869872838956 1
93 400 34.9350960408782 1
93 500 39.7334420780905 1
93 700 32.0780305811786 1
93 1000 38.8109449290371 1
94 0 110.107592416995 1
94 200 50.3173843438037 1
94 400 59.6105934003043 1
94 500 45.8196042117734 1
94 700 39.3713713683409 1
94 1000 24.9176637406921 1
95 0 121.636668213145 1
95 200 88.1628618803062 1
95 400 52.0718756345759 1
95 500 45.212888820536 1
95 700 39.562580030146 1
95 1000 40.7174590686741 1
96 0 88.3747683696965 1
96 200 86.3489093172107 1
96 400 52.1018486468144 1
96 500 46.6947911171128 1
96 700 52.2700698764288 1
96 1000 24.7061123083672 1
97 0 128.36081638268 1
97 200 82.7411726629634 1
97 400 62.5819129515335 1
97 500 43.3146270278183 1
97 700 52.9649954789077 1
97 1000 34.0747682310529 1
98 0 137.360800866275 1
98 200 67.5341807772843 1
98 400 54.1274353074444 1
98 500 61.6897233598342 1
98 700 48.081753137303 1
98 1000 42.1297265051264 1
99 0 82.9214192781124 1
99 200 56.8440055193198 1
99 400 58.7324976206499 1
99 500 48.9713461956989 1
99 700 40.1490466592613 1
99 1000 23.323107761204 1
100 0 98.9757863578722 1
100 200 78.9201057255217 1
100 400 49.7494861639139 1
100 500 46.6295191034919 1
100 700 37.733477430975 1
100 1000 30.3009274682575 1
