id dose eff group
1 0 74.9341600660646 0
1 200 110.960796629784 0
1 400 94.8197434276283 0
1 500 44.8699427176028 0
1 700 64.4229789821803 0
1 1000 43.7722672610663 0
2 0 68.1542346149403 0
2 200 68.0833998303896 0
2 400 50.8597759250212 0
2 500 53.0196365056573 0
2 700 23.7981667370643 0
2 1000 42.9777957910011 0
3 0 94.4493183692071 0
3 200 93.6635113692734 0
3 400 54.6207909458717 0
3 500 57.1623728409756 0
3 700 35.1366050456246 0
3 1000 36.9129722821129 0
4 0 67.267931575026 0
4 200 74.3497950299023 0
4 400 57.7418502790451 0
4 500 37.5668987958325 0
4 700 41.5719849244152 0
4 1000 37.0228957682467 0
5 0 89.848045595582 0
5 200 105.926353970402 0
5 400 59.0810304143967 0
5 500 54.1626736914033 0
5 700 60.6207898842452 0
5 1000 51.003870394113 0
6 0 87.1852661125678 0
6 200 58.9024887847345 0
6 400 56.0580145981011 0
6 500 70.5706810957393 0
6 700 74.8953674312412 0
6 1000 57.9425582741396 0
7 0 92.8867455156466 0
7 200 77.1608438365252 0
7 400 49.4722449656198 0
7 500 56.0120861645695 0
7 700 54.9921217948123 0
7 1000 33.9820791625773 0
8 0 91.2079210089874 0
8 200 123.247230985959 0
8 400 55.225400416323 0
8 500 61.4752188247993 0
8 700 65.8774836751542 0
8 1000 43.4397904384186 0
9 0 104.624926270887 0
9 200 72.5395430615774 0
9 400 57.6574073797316 0
9 500 29.1286041298493 0
9 700 43.5208923526563 0
9 1000 25.1203040983334 0
10 0 113.453127783876 0
10 200 68.0893929975213 0
10 400 49.942499401902 0
10 500 47.1464116516089 0
10 700 50.4753409154454 0
10 1000 37.8496059166738 0
11 0 135.548138756314 0
11 200 94.330533186807 0
11 400 77.3431903326337 0
11 500 67.454181331409 0
11 700 89.2463356860131 0
11 1000 57.6592910385724 0
12 0 67.6834229433756 0
12 200 67.4831446069229 0
12 400 68.9678078421089 0
12 500 82.7053125842237 0
12 700 65.4879447785712 0
12 1000 49.571512411873 0
13 0 97.7964868755166 0
13 200 91.5714593709811 0
13 400 107.139134019032 0
13 500 72.599966744347 0
13 700 61.5683728355345 0
13 1000 30.4724948827186 0
14 0 102.014259810712 0
14 200 88.7289880516826 0
14 400 81.4261445594357 0
14 500 79.4123796199474 0
14 700 48.8014783098451 0
14 1000 47.6834884007601 0
15 0 129.115232111618 0
15 200 113.219016004391 0
15 400 95.0573652966543 0
15 500 58.9915364149675 0
15 700 111.448291185786 0
15 1000 60.7867074025752 0
16 0 123.341288567507 0
16 200 103.724971566398 0
16 400 28.2749513699519 0
16 500 58.8435139111579 0
16 700 68.5947986158718 0
16 1000 29.0480069661749 0
17 0 113.796002622509 0
17 200 134.908767495847 0
17 400 79.0734691152632 0
17 500 75.3531816524403 0
17 700 42.8195765751518 0
17 1000 60.6466624804479 0
18 0 74.3724402040625 0
18 200 80.1894450071535 0
18 400 63.3640288491253 0
18 500 52.3897192217978 0
18 700 70.0806995307211 0
18 1000 47.5517887807732 0
19 0 136.563373598371 0
19 200 115.856412100843 0
19 400 75.2739668543515 0
19 500 64.2324404813057 0
19 700 72.7884570571795 0
19 1000 58.0323803424307 0
20 0 114.779873308358 0
20 200 85.9237451442591 0
20 400 77.1789697082435 0
20 500 60.928375999174 0
20 700 45.767673505322 0
20 1000 38.059066864763 0
21 0 90.430380846697 0
21 200 60.9997391825837 0
21 400 69.7997851715726 0
21 500 62.6565866883102 0
21 700 54.187897576057 0
21 1000 49.1242510668884 0
22 0 127.924632634869 0
22 200 76.2218076309351 0
22 400 44.3499007682265 0
22 500 68.0716744275118 0
22 700 41.2907730221542 0
22 1000 29.7007662461796 0
23 0 109.056992820132 0
23 200 77.2055955619573 0
23 400 52.1860492742537 0
23 500 32.9392535269858 0
23 700 33.9161773871626 0
23 1000 36.080453481937 0
24 0 106.07066576755 0
24 200 103.584732956046 0
24 400 62.1386040286304 0
24 500 53.3319528576959 0
24 700 47.2037682829486 0
24 1000 53.5691104000521 0
25 0 124.7254398687 0
25 200 82.9769374203107 0
25 400 102.118083143973 0
25 500 85.152693746288 0
25 700 51.0209541514498 0
25 1000 56.9896836054016 0
26 0 92.8210266834147 0
26 200 89.71382763159 0
26 400 83.3461711457641 0
26 500 83.157954339524 0
26 700 57.5438519127276 0
26 1000 33.4739557512674 0
27 0 126.196048976642 0
27 200 88.5787075957738 0
27 400 61.2197798629156 0
27 500 56.3939907114393 0
27 700 55.107284036804 0
27 1000 39.9975271726894 0
28 0 122.096217540159 0
28 200 89.6398953702715 0
28 400 63.7974283330589 0
28 500 61.587203458219 0
28 700 80.5487530200484 0
28 1000 47.6869055158931 0
29 0 141.748500939699 0
29 200 97.6847599012109 0
29 400 100.414322218648 0
29 500 57.0764812569431 0
29 700 60.7219689387938 0
29 1000 76.167162035593 0
30 0 105.263402067664 0
30 200 84.0771181094567 0
30 400 63.6489327454277 0
30 500 72.4212081269896 0
30 700 58.4935811252104 0
30 1000 44.2069683170179 0
31 0 96.0555058248737 0
31 200 94.7363151570414 0
31 400 39.5993870807338 0
31 500 57.4401117267215 0
31 700 50.3154486830671 0
31 1000 33.5434811991929 0
32 0 139.192427667344 0
32 200 96.9975184982653 0
32 400 70.3215865692109 0
32 500 83.8284218220366 0
32 700 41.3530958450607 0
32 1000 63.6149735333384 0
33 0 108.010120053005 0
33 200 82.1789591094802 0
33 400 81.1352087305309 0
33 500 94.1906334129908 0
33 700 91.5825727840821 0
33 1000 61.1608396863635 0
34 0 95.7971910273137 0
34 200 73.2018723958728 0
34 400 40.8029873949814 0
34 500 41.6511463397285 0
34 700 41.30077133051 0
34 1000 44.8802015857809 0
35 0 105.227623895285 0
35 200 97.9872122951089 0
35 400 78.5945735390392 0
35 500 56.5053089039761 0
35 700 61.6667332852266 0
35 1000 54.0780397468615 0
36 0 97.9992391331525 0
36 200 88.6192073998982 0
36 400 55.3881578782994 0
36 500 45.3733464031145 0
36 700 62.9789307878215 0
36 1000 52.178380045447 0
37 0 89.0482425200692 0
37 200 118.334368705039 0
37 400 75.5233796441399 0
37 500 74.8809719361441 0
37 700 80.99421446595 0
37 1000 58.6806617995826 0
38 0 105.41932603379 0
38 200 86.9937262772704 0
38 400 103.241164066331 0
38 500 88.2240869132745 0
38 700 69.8235674949278 0
38 1000 30.0874444594632 0
39 0 80.3498967450764 0
39 200 53.1858497318689 0
39 400 71.407754010994 0
39 500 93.6948338625044 0
39 700 66.2323013911375 0
39 1000 56.9997343820195 0
40 0 92.7271540412582 0
40 200 90.4047330309611 0
40 400 61.8768753089716 0
40 500 65.7590542919974 0
40 700 57.9516364315989 0
40 1000 37.952969399432 0
41 0 79.9710310522948 0
41 200 90.3099911997269 0
41 400 44.2549758380321 0
41 500 47.2746561430529 0
41 700 29.7048675777729 0
41 1000 43.6514349780121 0
42 0 95.0580235409729 0
42 200 72.3539898251497 0
42 400 59.2748948881528 0
42 500 50.731759222673 0
42 700 56.0302609669879 0
42 1000 34.6494832448248 0
43 0 124.037394628598 0
43 200 90.7653057275283 0
43 400 76.2949839450406 0
43 500 69.9231870898533 0
43 700 56.2799068760693 0
43 1000 78.8016933893553 0
44 0 119.109391641651 0
44 200 110.613001682269 0
44 400 70.992627319756 0
44 500 46.3391200824093 0
44 700 59.0539986849494 0
44 1000 45.0724903272608 0
45 0 108.339290988606 0
45 200 89.0684550753084 0
45 400 104.80243731079 0
45 500 69.6320790205574 0
45 700 35.8885748192905 0
45 1000 39.2194396929568 0
46 0 117.838935489901 0
46 200 96.2927794232429 0
46 400 93.350266117626 0
46 500 52.0994490082965 0
46 700 55.1092573518769 0
46 1000 51.6369725323103 0
47 0 59.6975589927753 0
47 200 73.9178044078169 0
47 400 38.7167810016041 0
47 500 35.2792856843172 0
47 700 51.589848349321 0
47 1000 23.5917525946898 0
48 0 126.738309676633 0
48 200 113.099394861106 0
48 400 69.9599782261077 0
48 500 73.9937643296834 0
48 700 46.4881648066956 0
48 1000 29.4979647393896 0
49 0 73.7431500935821 0
49 200 69.4820540523105 0
49 400 17.2837469677388 0
49 500 48.9490175780695 0
49 700 49.6505390730007 0
49 1000 36.165024693885 0
50 0 70.1438435099112 0
50 200 78.7277791348819 0
50 400 75.9885066994078 0
50 500 72.2338413835022 0
50 700 58.4290946333927 0
50 1000 65.5281396837575 0
51 0 114.325858229646 1
51 200 82.3950357054783 1
51 400 60.2230414830534 1
51 500 30.6041689172266 1
51 700 45.6455499977288 1
51 1000 31.6953701218716 1
52 0 77.6284592880102 1
52 200 56.6041096885687 1
52 400 49.895456858684 1
52 500 59.5188839251813 1
52 700 41.7560939807634 1
52 1000 24.779736020338 1
53 0 120.365085907963 1
53 200 71.2898010808773 1
53 400 52.7498577623923 1
53 500 57.7395224810512 1
53 700 34.816859651569 1
53 1000 25.2760355842751 1
54 0 76.2231228601657 1
54 200 97.212891275521 1
54 400 34.3383874718562 1
54 500 48.8967397989965 1
54 700 41.4790828565777 1
54 1000 31.5648539545715 1
55 0 109.72035444568 1
55 200 79.6103807890878 1
55 400 47.6323380823885 1
55 500 45.1499755676083 1
55 700 40.7707265279604 1
55 1000 34.6132664485449 1
56 0 134.626889174111 1
56 200 66.0496060454367 1
56 400 32.1220281495717 1
56 500 44.2718695887678 1
56 700 27.2267877533909 1
56 1000 18.8412620930737 1
57 0 98.6159306038249 1
57 200 102.586947594702 1
57 400 39.119315974977 1
57 500 47.8466142199767 1
57 700 36.084359585488 1
57 1000 45.1662500603968 1
58 0 95.7368691792083 1
58 200 66.9041108101958 1
58 400 66.4517415731994 1
58 500 69.1796869093411 1
58 700 56.563075563396 1
58 1000 53.5038110400311 1
59 0 94.9418663079113 1
59 200 88.2297733971846 1
59 400 89.0423970499665 1
59 500 54.6635134418812 1
59 700 45.691077871767 1
59 1000 22.9239228246407 1
60 0 92.5493862938565 1
60 200 110.472483066913 1
60 400 63.0714649424648 1
60 500 44.3492915379246 1
60 700 59.2670504389628 1
60 1000 41.2971434459399 1
61 0 125.783654303749 1
61 200 58.8333290382464 1
61 400 49.6159192228554 1
61 500 40.6250549962582 1
61 700 44.1995957248573 1
61 1000 38.3716682675049 1
62 0 134.566606875615 1
62 200 87.711661832025 1
62 400 72.2641131415896 1
62 500 45.9649562002929 1
62 700 30.2737068305604 1
62 1000 24.3333475303404 1
63 0 93.4199616775116 1
63 200 67.199434164098 1
63 400 53.590387681733 1
63 500 44.5121716058915 1
63 700 41.5771616103141 1
63 1000 42.3118384829343 1
64 0 123.949580303454 1
64 200 123.035112689408 1
64 400 104.964318569341 1
64 500 69.8492723627202 1
64 700 54.3719772284548 1
64 1000 39.0537231233896 1
65 0 80.8106011397811 1
65 200 56.7571474371007 1
65 400 48.9176980985827 1
65 500 33.0292083379663 1
65 700 40.8314726100176 1
65 1000 32.9094013243726 1
66 0 90.9372449681558 1
66 200 95.050503243469 1
66 400 80.7537677224032 1
66 500 46.0851243732106 1
66 700 52.0980195918548 1
66 1000 35.150214154406 1
67 0 133.448582269973 1
67 200 47.0696410774844 1
67 400 35.3671401310871 1
67 500 59.7630607717433 1
67 700 56.3289875640687 1
67 1000 54.7702501492045 1
68 0 108.470380917701 1
68 200 76.0850947387207 1
68 400 71.2728496941647 1
68 500 62.4738589154789 1
68 700 35.4340815038136 1
68 1000 38.690130100295 1
69 0 103.115806770253 1
69 200 53.1569719968531 1
69 400 52.2745779426826 1
69 500 34.0877496393114 1
69 700 38.6267669782938 1
69 1000 34.1179347836201 1
70 0 111.850249455348 1
70 200 64.5499784066551 1
70 400 41.3098712598684 1
70 500 32.4084959311907 1
70 700 20.4979820520545 1
70 1000 27.7414035930315 1
71 0 94.6005539617209 1
71 200 72.9154665635458 1
71 400 41.8005007409535 1
71 500 48.0457169881654 1
71 700 45.6139704761218 1
71 1000 33.816351785744 1
72 0 116.024997618237 1
72 200 107.336186235328 1
72 400 47.6617285316712 1
72 500 56.2865984304026 1
72 700 49.467265537514 1
72 1000 39.1236721527859 1
73 0 106.594827210851 1
73 200 103.893852019087 1
73 400 117.843603693937 1
73 500 86.358312621697 1
73 700 60.967437711646 1
73 1000 58.345836717028 1
74 0 105.187230044888 1
74 200 38.9180597823198 1
74 400 52.5730162713278 1
74 500 33.9853143402335 1
74 700 25.7862194168518 1
74 1000 32.4655079996037 1
75 0 103.489289856734 1
75 200 86.2590517700712 1
75 400 36.2979914492417 1
75 500 43.6720535479231 1
75 700 38.8398923488553 1
75 1000 48.8022695586001 1
76 0 86.1839789614504 1
76 200 85.6963969088959 1
76 400 74.2220813897331 1
76 500 58.8635132465328 1
76 700 52.119490135374 1
76 1000 50.6195454612315 1
77 0 105.385559829336 1
77 200 54.3157183750176 1
77 400 34.7381056419637 1
77 500 36.0052831620963 1
77 700 31.9791793643727 1
77 1000 28.5717509245089 1
78 0 52.3297188717977 1
78 200 97.7712469522933 1
78 400 31.6510395023891 1
78 500 43.6796288361849 1
78 700 47.3132909145692 1
78 1000 33.8806335804075 1
79 0 65.4394805460969 1
79 200 53.9940983235185 1
79 400 36.095883275482 1
79 500 21.6440387371296 1
79 700 36.0307019061863 1
79 1000 30.9202044552866 1
80 0 93.0382583134158 1
80 200 82.8758865271076 1
80 400 54.0872731841676 1
80 500 51.0157883438178 1
80 700 45.8401062163831 1
80 1000 43.5635395622038 1
81 0 113.545973022606 1
81 200 59.4485680363425 1
81 400 52.1272314148117 1
81 500 52.9174650473153 1
81 700 49.6759319835449 1
81 1000 30.9958005436989 1
82 0 97.0707938672982 1
82 200 83.190648511142 1
82 400 57.3217681843931 1
82 500 61.7185057373472 1
82 700 64.2132564981772 1
82 1000 53.203005364472 1
83 0 122.874243214848 1
83 200 96.9223479145563 1
83 400 84.3078948871261 1
83 500 68.055299073472 1
83 700 66.7484296948161 1
83 1000 54.1387834940169 1
84 0 119.972138274665 1
84 200 63.2510892166535 1
84 400 29.8064236667542 1
84 500 33.5038404648151 1
84 700 39.2407304078351 1
84 1000 26.8036381804253 1
85 0 120.575641179087 1
85 200 63.5915659445099 1
85 400 82.9820450487927 1
85 500 69.6832885995837 1
85 700 58.2828442228052 1
85 1000 35.6779794202997 1
86 0 96.495496305028 1
86 200 69.4847555504152 1
86 400 33.3558336128073 1
86 500 41.8859566834199 1
86 700 21.3319464081911 1
86 1000 25.674046880625 1
87 0 111.284081187673 1
87 200 93.0614794985901 1
87 400 76.1315574244649 1
87 500 61.6887625248104 1
87 700 61.187291184864 1
87 1000 36.9650888013498 1
88 0 127.828774062843 1
88 200 99.4261637887428 1
88 400 34.7198870879457 1
88 500 36.3259271057266 1
88 700 35.9305935213989 1
88 1000 50.6553630281771 1
89 0 99.9772946261044 1
89 200 84.0164811843647 1
89 400 57.7924882896073 1
89 500 68.7588133560776 1
89 700 65.1062431541453 1
89 1000 44.7491268840036 1
90 0 102.285783248807 1
90 200 77.1081127552066 1
90 400 48.6963765171251 1
90 500 38.7385458157583 1
90 700 41.1583222775828 1
90 1000 22.4353207023769 1
91 0 82.264785577207 1
91 200 51.2099344804389 1
91 400 38.8569847349162 1
91 500 34.6250311166176 1
91 700 35.5603609400406 1
91 1000 24.8823053853574 1
92 0 111.216395972903 1
92 200 72.2099844723124 1
92 400 65.4023948981816 1
92 500 48.2668265800571 1
92 700 37.7538443129494 1
92 1000 45.4629096987477 1
93 0 98.0705208785455 1
93 200 98.9096078868528 1
93 400 62.3094390329639 1
93 500 30.9541040119589 1
93 700 41.894194578211 1
93 1000 15.448186564685 1
94 0 107.28941181886 1
94 200 103.370649305767 1
94 400 90.2834760960398 1
94 500 49.5459128724643 1
94 700 58.544819259158 1
94 1000 37.381233551162 1
95 0 95.7667140171313 1
95 200 75.1525697583512 1
95 400 97.3794273482873 1
95 500 74.3258992500467 1
95 700 45.1749717282761 1
95 1000 49.8223708428952 1
96 0 122.512071766742 1
96 200 85.3021084097671 1
96 400 53.5244513734171 1
96 500 57.8841716212404 1
96 700 42.1148765601604 1
96 1000 45.3159413235723 1
97 0 94.3752564630414 1
97 200 105.459862313132 1
97 400 73.5737154275189 1
97 500 43.0014792152548 1
97 700 51.3611906692822 1
97 1000 30.4542186081595 1
98 0 142.983239850424 1
98 200 81.173029189993 1
98 400 94.584174110039 1
98 500 80.6365494450046 1
98 700 78.3629887066666 1
98 1000 44.2753412442222 1
99 0 66.0734538548022 1
99 200 84.7380316661812 1
99 400 39.656437088193 1
99 500 64.9961336047371 1
99 700 50.5818656949028 1
99 1000 41.4065405291643 1
100 0 111.059549073457 1
100 200 73.6497922905516 1
100 400 51.941338616873 1
100 500 42.2820988099251 1
100 700 42.4027501618795 1
100 1000 42.6580591152148 1
