id dose eff group
1 0 95.5733403831856 0
1 200 107.185652290094 0
1 400 84.6057968276615 0
1 500 63.2031460905645 0
1 700 61.9363175571037 0
1 1000 43.560562611585 0
2 0 94.7033731053173 0
2 200 77.7295018976758 0
2 400 51.2018358117337 0
2 500 85.1763771758147 0
2 700 70.9618669268617 0
2 1000 47.0229496433743 0
3 0 84.402464134143 0
3 200 108.581020324914 0
3 400 61.2559468373488 0
3 500 80.4736785055206 0
3 700 72.1080771349422 0
3 1000 45.2859789975059 0
4 0 83.4747211822598 0
4 200 80.1628711347497 0
4 400 61.0075228389936 0
4 500 49.4469713831988 0
4 700 36.8965771799585 0
4 1000 39.5076378204511 0
5 0 75.6907617312948 0
5 200 90.4145168519779 0
5 400 70.6766562873416 0
5 500 58.2375407225202 0
5 700 46.4639292619664 0
5 1000 30.9307270928836 0
6 0 116.619999812714 0
6 200 127.081419688866 0
6 400 70.3757642742881 0
6 500 66.2001696735767 0
6 700 36.4084545282371 0
6 1000 52.8838716100487 0
7 0 101.287518263433 0
7 200 97.3021436113502 0
7 400 54.6487453419616 0
7 500 57.4967987335097 0
7 700 40.13346876504 0
7 1000 37.1721330914202 0
8 0 170.097938861786 0
8 200 124.82679193704 0
8 400 98.2875785197718 0
8 500 86.4879508545137 0
8 700 56.0738799092258 0
8 1000 56.9098635312859 0
9 0 59.1118431422306 0
9 200 111.009505011451 0
9 400 63.5289673280387 0
9 500 82.6670119779764 0
9 700 71.1532991910194 0
9 1000 38.9611975060896 0
10 0 117.596245603748 0
10 200 95.2576096118316 0
10 400 81.0896211188138 0
10 500 75.5378069601237 0
10 700 81.2183661935699 0
10 1000 25.1046257701646 0
11 0 126.008219155771 0
11 200 50.2892736688249 0
11 400 74.2527129845788 0
11 500 75.6041028423933 0
11 700 70.1677654239527 0
11 1000 61.6159203345554 0
12 0 132.186141531365 0
12 200 92.2678809875111 0
12 400 79.2112504262531 0
12 500 53.9448674328279 0
12 700 56.0044944868241 0
12 1000 36.030021432681 0
13 0 98.2099673660957 0
13 200 117.526702911767 0
13 400 94.3379258645384 0
13 500 66.0274069112771 0
13 700 57.7022970245232 0
13 1000 59.2350198857014 0
14 0 117.466939494451 0
14 200 118.569954086192 0
14 400 72.0603719368406 0
14 500 46.3543531247998 0
14 700 37.4373805994932 0
14 1000 42.8170799727168 0
15 0 106.087839035874 0
15 200 113.290703958938 0
15 400 94.7287248895735 0
15 500 128.829416236389 0
15 700 98.0433706295874 0
15 1000 62.7010338096768 0
16 0 103.437795050668 0
16 200 102.02515757702 0
16 400 35.5665875322903 0
16 500 62.7768117574749 0
16 700 55.257377400627 0
16 1000 45.1828300343838 0
17 0 104.591189488605 0
17 200 78.6835282771759 0
17 400 52.2482089254591 0
17 500 63.3138384925432 0
17 700 29.255352369236 0
17 1000 33.5083254477284 0
18 0 93.9362653671325 0
18 200 49.3304205669088 0
18 400 30.1042873865543 0
18 500 39.5461349944604 0
18 700 21.9203393182176 0
18 1000 34.8754756545322 0
19 0 113.655959228521 0
19 200 94.630265100806 0
19 400 61.7634596914796 0
19 500 62.2535546906645 0
19 700 63.7985951464635 0
19 1000 54.204923872136 0
20 0 119.083255772452 0
20 200 70.232650937648 0
20 400 75.6517373320738 0
20 500 54.8772004777064 0
20 700 56.5722600943619 0
20 1000 29.1260154929718 0
21 0 106.933516218976 0
21 200 119.404928801525 0
21 400 89.4273295582456 0
21 500 70.455291169462 0
21 700 67.3466727235518 0
21 1000 77.0173130909984 0
22 0 149.590584928504 0
22 200 63.7564407738504 0
22 400 65.1546722584205 0
22 500 57.017443743137 0
22 700 54.4472482768221 0
22 1000 43.0058419548488 0
23 0 119.284482967784 0
23 200 72.4589062548323 0
23 400 63.4368847449154 0
23 500 75.2950559652421 0
23 700 88.1268895579733 0
23 1000 50.7852936859847 0
24 0 89.7369427571441 0
24 200 87.6989798086176 0
24 400 86.0446227827708 0
24 500 44.6694753004864 0
24 700 62.8534849592896 0
24 1000 51.6460338365719 0
25 0 92.0475687943079 0
25 200 119.853858583739 0
25 400 69.1190633566657 0
25 500 78.4353726159313 0
25 700 59.5491934645935 0
25 1000 67.6844013286436 0
26 0 87.638744409669 0
26 200 83.4495192208401 0
26 400 89.1939490557644 0
26 500 53.5600315927126 0
26 700 39.6888701722059 0
26 1000 55.1662593256264 0
27 0 87.5040047503989 0
27 200 119.227203807737 0
27 400 101.18557229495 0
27 500 65.3428349286426 0
27 700 40.8489834419571 0
27 1000 34.5079818317136 0
28 0 87.1200337205454 0
28 200 79.8269208153141 0
28 400 47.3929143051537 0
28 500 52.9727865904477 0
28 700 36.3279796887399 0
28 1000 49.4922272341866 0
29 0 129.247387878667 0
29 200 91.7964815323672 0
29 400 62.0806001562475 0
29 500 50.288792568233 0
29 700 55.4850982024444 0
29 1000 45.4623872585581 0
30 0 144.055845152951 0
30 200 106.60545670961 0
30 400 101.485963703509 0
30 500 96.3033193841172 0
30 700 104.862202692726 0
30 1000 77.411680036433 0
31 0 118.012503714621 0
31 200 74.568119501765 0
31 400 50.83089362671 0
31 500 46.946004106085 0
31 700 71.1197989365422 0
31 1000 50.2509810207296 0
32 0 96.3828510281679 0
32 200 150.253758428558 0
32 400 83.7622675262943 0
32 500 67.8248434384192 0
32 700 83.1595378066674 0
32 1000 54.6166783993967 0
33 0 103.466515380184 0
33 200 83.7305042723471 0
33 400 62.8753604679174 0
33 500 68.5749691234211 0
33 700 74.1401781248283 0
33 1000 39.0861101031076 0
34 0 123.620226079099 0
34 200 95.9657298262326 0
34 400 107.06371700978 0
34 500 52.9964889207989 0
34 700 95.9637803803445 0
34 1000 68.2048308025525 0
35 0 88.8505872177956 0
35 200 92.1476972766138 0
35 400 39.2518081702208 0
35 500 72.5661191612008 0
35 700 55.3013718979083 0
35 1000 25.7933448911769 0
36 0 91.8785537766951 0
36 200 75.1519507653954 0
36 400 53.9749617727157 0
36 500 52.7514018103044 0
36 700 37.907961561032 0
36 1000 47.4000736638561 0
37 0 74.274061328755 0
37 200 102.934190033629 0
37 400 51.7977978644344 0
37 500 34.0418339774224 0
37 700 36.4761535085271 0
37 1000 24.7370306053303 0
38 0 118.702348014045 0
38 200 53.3501046086201 0
38 400 70.7647504995464 0
38 500 37.2760542553085 0
38 700 37.8685543428818 0
38 1000 41.5345799205223 0
39 0 97.9893109747134 0
39 200 77.4832914111294 0
39 400 76.6435867711367 0
39 500 78.3876028938329 0
39 700 62.7533716739305 0
39 1000 39.2187526357185 0
40 0 145.13658353917 0
40 200 108.187289536178 0
40 400 79.9351823928963 0
40 500 73.4106219524714 0
40 700 78.9661606767 0
40 1000 40.3060080857865 0
41 0 113.925687889169 0
41 200 71.9518935390119 0
41 400 65.1289930464254 0
41 500 65.8660241623704 0
41 700 47.8707150462265 0
41 1000 45.2721717265609 0
42 0 150.616305981824 0
42 200 73.6305846616805 0
42 400 104.918871890969 0
42 500 53.7125272297971 0
42 700 79.665689239768 0
42 1000 50.4868521527024 0
43 0 79.4979606634387 0
43 200 77.2367226649075 0
43 400 79.1975412373543 0
43 500 48.2082120950491 0
43 700 68.9860564434376 0
43 1000 32.8332825143649 0
44 0 62.4320073237862 0
44 200 78.5464242573536 0
44 400 47.2503106287944 0
44 500 36.0610774724035 0
44 700 23.3556984252925 0
44 1000 19.1287692241619 0
45 0 96.9981783663202 0
45 200 60.7219817313717 0
45 400 65.5665995912517 0
45 500 63.1746026931466 0
45 700 57.2129245993856 0
45 1000 39.158746169792 0
46 0 115.358112253229 0
46 200 106.60639195059 0
46 400 102.874923355505 0
46 500 47.3780869169381 0
46 700 58.1183285326267 0
46 1000 54.936409566904 0
47 0 129.717792755271 0
47 200 93.8591826425995 0
47 400 81.1608203583177 0
47 500 69.0594057400742 0
47 700 51.1601309956186 0
47 1000 50.358392495012 0
48 0 107.14019633987 0
48 200 121.609473731466 0
48 400 93.8194860221845 0
48 500 89.7358538044491 0
48 700 63.2469967957019 0
48 1000 60.6101185486361 0
49 0 77.706027336168 0
49 200 110.446615592289 0
49 400 74.9096010731297 0
49 500 70.063075593474 0
49 700 59.4291957792405 0
49 1000 60.1120239883683 0
50 0 68.6355057533207 0
50 200 64.9479237296628 0
50 400 78.2890784272684 0
50 500 79.982791377979 0
50 700 84.0679979578535 0
50 1000 46.0468059758121 0
51 0 78.6493498339071 1
51 200 74.8213497082545 1
51 400 60.6817306568779 1
51 500 49.2866511260521 1
51 700 45.9135632360709 1
51 1000 29.7729702609525 1
52 0 89.6052537474279 1
52 200 60.5702736613488 1
52 400 46.8049784536549 1
52 500 36.2664101028453 1
52 700 35.8976775882235 1
52 1000 28.3780258914626 1
53 0 123.336299821695 1
53 200 94.7171483306304 1
53 400 57.8845080850847 1
53 500 63.7591550381051 1
53 700 34.5449633345477 1
53 1000 25.8951030439632 1
54 0 135.373955765745 1
54 200 71.8158812590637 1
54 400 53.7300760943701 1
54 500 57.4235937216453 1
54 700 49.7644509929514 1
54 1000 41.5514488638498 1
55 0 103.484940987624 1
55 200 80.642946605086 1
55 400 32.0136474168539 1
55 500 52.7209479781501 1
55 700 48.8911675935506 1
55 1000 40.7140714935877 1
56 0 107.534570911379 1
56 200 64.4745662806619 1
56 400 78.4124478297847 1
56 500 63.0497440133065 1
56 700 42.559461604742 1
56 1000 47.985759317004 1
57 0 112.900859087448 1
57 200 104.726359164586 1
57 400 39.6081544960773 1
57 500 59.2866865942331 1
57 700 53.8160303892199 1
57 1000 29.4223111492827 1
58 0 75.5904092850744 1
58 200 68.9133053190137 1
58 400 46.4226543062041 1
58 500 43.087119719583 1
58 700 32.8721535528991 1
58 1000 42.0556610736429 1
59 0 178.929050713604 1
59 200 90.1232961183644 1
59 400 44.1125890948169 1
59 500 57.8876446882088 1
59 700 49.4440168691872 1
59 1000 37.0401656674252 1
60 0 99.6076227311689 1
60 200 92.9280000560651 1
60 400 66.8780823834201 1
60 500 63.622382383839 1
60 700 65.8286805965587 1
60 1000 40.9161670441001 1
61 0 94.1587909487048 1
61 200 66.6420216319382 1
61 400 70.1949464734645 1
61 500 30.1211770458343 1
61 700 35.5904775598654 1
61 1000 29.6269657936484 1
62 0 105.640652135838 1
62 200 42.3245288330805 1
62 400 44.3377474126531 1
62 500 42.9328133891787 1
62 700 43.3437011719302 1
62 1000 31.4214204288413 1
63 0 104.244503978952 1
63 200 73.4747699787201 1
63 400 48.4421669723953 1
63 500 51.741131242839 1
63 700 46.5683974719807 1
63 1000 38.5774590346097 1
64 0 121.113663650905 1
64 200 105.646421753645 1
64 400 71.8139608739681 1
64 500 57.1134922895199 1
64 700 37.5400529219651 1
64 1000 56.087476149182 1
65 0 93.3355694959115 1
65 200 74.0979241416348 1
65 400 89.8149315550011 1
65 500 51.4368474910857 1
65 700 44.2688990584691 1
65 1000 37.9442596963188 1
66 0 112.378076939526 1
66 200 68.3557872436126 1
66 400 64.9816038620815 1
66 500 40.0707118582912 1
66 700 32.2398341521986 1
66 1000 46.5189069767589 1
67 0 98.7435651694166 1
67 200 69.2295085840892 1
67 400 50.7486274933775 1
67 500 23.8063025006896 1
67 700 44.2716460053915 1
67 1000 48.1554865361065 1
68 0 105.381584204719 1
68 200 102.104499961903 1
68 400 61.8559539351579 1
68 500 82.627711540468 1
68 700 43.8182546324005 1
68 1000 41.4031288318019 1
69 0 100.05639123067 1
69 200 101.732007694242 1
69 400 33.1064752685774 1
69 500 52.1882556856699 1
69 700 54.3705969502437 1
69 1000 15.4217469343955 1
70 0 67.1274139972725 1
70 200 32.4915551050784 1
70 400 29.5030893689047 1
70 500 36.405025215693 1
70 700 26.5141577767755 1
70 1000 26.5857774038716 1
71 0 79.9355233063202 1
71 200 59.1722877928672 1
71 400 64.3691681776475 1
71 500 56.1978122347296 1
71 700 57.3573271260482 1
71 1000 18.3722096177428 1
72 0 79.7347898920015 1
72 200 63.5131874967628 1
72 400 49.1322677950282 1
72 500 44.1137100396587 1
72 700 29.8081801655801 1
72 1000 41.0492921213003 1
73 0 61.5054802209948 1
73 200 63.743190620347 1
73 400 72.2079890359476 1
73 500 42.9843203449819 1
73 700 56.0879667415802 1
73 1000 50.4207995337152 1
74 0 103.048515887598 1
74 200 91.399592238897 1
74 400 52.4179118543692 1
74 500 52.2078583757984 1
74 700 67.6055617974568 1
74 1000 45.4795474566877 1
75 0 123.622098814467 1
75 200 76.3627219290327 1
75 400 46.6667937270952 1
75 500 40.7863146565173 1
75 700 42.8383777991225 1
75 1000 33.1545046063231 1
76 0 123.026613237046 1
76 200 79.9254553982634 1
76 400 58.453677268491 1
76 500 65.4617605460162 1
76 700 25.0245384472583 1
76 1000 22.7448276733513 1
77 0 92.7810685357437 1
77 200 57.7716228556221 1
77 400 68.542940131911 1
77 500 50.763269625654 1
77 700 47.4070406125752 1
77 1000 34.2526138848877 1
78 0 129.210800159395 1
78 200 72.817525211686 1
78 400 60.6238491360848 1
78 500 53.6536724428003 1
78 700 29.1525787348259 1
78 1000 23.2225089985443 1
79 0 102.426719950041 1
79 200 76.7361960114438 1
79 400 41.5738472721833 1
79 500 18.904381962254 1
79 700 38.6069870750344 1
79 1000 34.2611957074302 1
80 0 53.2943956405547 1
80 200 50.673496208522 1
80 400 50.9574420376852 1
80 500 37.5848214323161 1
80 700 34.2938425403357 1
80 1000 30.3721829251529 1
81 0 85.5852955465066 1
81 200 89.2565739802084 1
81 400 55.0792147489226 1
81 500 47.4635717762158 1
81 700 27.4392594767026 1
81 1000 49.2959578012979 1
82 0 135.919790949062 1
82 200 70.6877275745182 1
82 400 42.0397840078441 1
82 500 36.0872712534128 1
82 700 38.2295621326839 1
82 1000 43.9452881522272 1
83 0 100.990848335057 1
83 200 114.908621989257 1
83 400 56.7716719143536 1
83 500 74.8617245775783 1
83 700 31.158098558247 1
83 1000 32.9879022990405 1
84 0 76.3051348370956 1
84 200 74.7195865353006 1
84 400 56.0348632003441 1
84 500 66.8294966853728 1
84 700 53.4136444112866 1
84 1000 42.2440536703305 1
85 0 92.6922887605741 1
85 200 84.0137079830527 1
85 400 40.4095452520689 1
85 500 36.7291672637868 1
85 700 39.1862219244011 1
85 1000 37.6055298001381 1
86 0 100.784510660577 1
86 200 96.6008427328282 1
86 400 48.3280395879589 1
86 500 56.459710586167 1
86 700 26.3466848439083 1
86 1000 35.8402773347926 1
87 0 139.507339738584 1
87 200 79.4474912162028 1
87 400 59.2216564605175 1
87 500 52.0277407928074 1
87 700 57.0694019027208 1
87 1000 34.4499219632605 1
88 0 117.592835748817 1
88 200 84.8910110000016 1
88 400 51.8173356281455 1
88 500 42.7057643810025 1
88 700 47.5439008917474 1
88 1000 36.0730981542359 1
89 0 91.0330205930309 1
89 200 62.2110392021771 1
89 400 38.7288644107862 1
89 500 39.7744103356428 1
89 700 35.3870280988678 1
89 1000 36.4908790591751 1
90 0 135.286336896308 1
90 200 76.5268131351831 1
90 400 31.3909330096615 1
90 500 52.5821823238085 1
90 700 29.3858313107111 1
90 1000 29.7720801090949 1
91 0 146.916871198446 1
91 200 85.2206389202218 1
91 400 42.2604938025726 1
91 500 41.3692998727763 1
91 700 33.8151377633093 1
91 1000 31.7933608431178 1
92 0 97.233398721284 1
92 200 69.5383672577916 1
92 400 55.2941749286221 1
92 500 47.6617212931141 1
92 700 34.7356540237253 1
92 1000 48.5467457909921 1
93 0 117.376603768107 1
93 200 85.1255993225911 1
93 400 61.9972095639904 1
93 500 51.082852707774 1
93 700 39.6705623685357 1
93 1000 38.3313978995999 1
94 0 109.803321731675 1
94 200 56.9046307419662 1
94 400 48.0594726409213 1
94 500 36.4604519023688 1
94 700 32.3804466139838 1
94 1000 23.4338734854897 1
95 0 102.170405475296 1
95 200 74.9967125831455 1
95 400 60.1038904956553 1
95 500 59.9564121595898 1
95 700 69.0679648521256 1
95 1000 42.9385411770048 1
96 0 102.166966839627 1
96 200 109.597837093798 1
96 400 65.0011359053318 1
96 500 45.5492773703994 1
96 700 39.4925310661279 1
96 1000 32.0449174621269 1
97 0 83.7531160459633 1
97 200 81.6508428623192 1
97 400 66.9367699152691 1
97 500 41.8625640508424 1
97 700 35.0023492589567 1
97 1000 20.8241935605207 1
98 0 71.804292014891 1
98 200 39.6153078800286 1
98 400 35.4291688372347 1
98 500 23.3962003470227 1
98 700 17.8878976093504 1
98 1000 20.9089681873997 1
99 0 54.3202324076244 1
99 200 108.332174036855 1
99 400 53.9437421672272 1
99 500 42.1619188796276 1
99 700 49.9597998560584 1
99 1000 45.39541821281 1
100 0 102.525090664892 1
100 200 91.0915952868335 1
100 400 66.8675103555567 1
100 500 82.463884988805 1
100 700 43.2828124610943 1
100 1000 51.9710519108283 1
