id dose eff group
1 0 101.990938809052 0
1 200 98.5056679882422 0
1 400 92.1069263990703 0
1 500 80.2136269845522 0
1 700 46.0911300093108 0
1 1000 85.7093211820594 0
2 0 61.015680029727 0
2 200 91.7114618471593 0
2 400 80.091265988475 0
2 500 76.0287720392641 0
2 700 44.4571476507978 0
2 1000 53.5229934670097 0
3 0 121.578657764811 0
3 200 83.5322552773532 0
3 400 97.4510062284804 0
3 500 40.071949591726 0
3 700 40.1667014264324 0
3 1000 57.0768498925125 0
4 0 105.573420533152 0
4 200 102.421709768443 0
4 400 54.3076266033706 0
4 500 64.6721133500081 0
4 700 53.3390563780303 0
4 1000 50.7103660491087 0
5 0 102.802431282735 0
5 200 76.8281406824119 0
5 400 70.3026644052362 0
5 500 94.4549836213593 0
5 700 76.2524467613454 0
5 1000 36.4244942807835 0
6 0 86.5568014116057 0
6 200 81.2169991313215 0
6 400 73.3211554022621 0
6 500 52.6844554450478 0
6 700 34.9894765111611 0
6 1000 24.407052386828 0
7 0 76.7985675099 0
7 200 85.6859012881826 0
7 400 100.320668999696 0
7 500 119.25920866391 0
7 700 56.6378945011174 0
7 1000 53.5272657233648 0
8 0 93.380505235791 0
8 200 93.656722132348 0
8 400 50.1790120236248 0
8 500 35.4767785277224 0
8 700 31.7287764631382 0
8 1000 44.3923523734692 0
9 0 114.331174875765 0
9 200 117.77621941613 0
9 400 93.5465463426989 0
9 500 95.2394323493368 0
9 700 68.4944139761426 0
9 1000 49.3743829052815 0
10 0 54.0998459141924 0
10 200 90.3719163729185 0
10 400 102.164301162455 0
10 500 67.8788377085467 0
10 700 56.8410404506087 0
10 1000 69.5632566940678 0
11 0 88.8404707581545 0
11 200 104.493814587683 0
11 400 95.9910658645874 0
11 500 85.8064603885168 0
11 700 49.143926901256 0
11 1000 42.5260023709483 0
12 0 116.030043941464 0
12 200 76.4990394523234 0
12 400 81.9136295368611 0
12 500 47.6858025936556 0
12 700 23.6419890652538 0
12 1000 49.8895375631727 0
13 0 116.218168959996 0
13 200 118.455312913245 0
13 400 73.6834856612463 0
13 500 80.0334632450523 0
13 700 49.3845361933124 0
13 1000 35.7883642706279 0
14 0 156.398271415972 0
14 200 105.6665084925 0
14 400 79.6270391925063 0
14 500 92.2296064439288 0
14 700 67.5681039342485 0
14 1000 76.4143353297288 0
15 0 71.3822680495404 0
15 200 70.3139882019655 0
15 400 58.9949166797901 0
15 500 56.1760335123302 0
15 700 67.9867443957363 0
15 1000 48.8467984488069 0
16 0 88.1085895781409 0
16 200 82.0591884380303 0
16 400 76.9650110707679 0
16 500 76.7191286257026 0
16 700 63.5351282348805 0
16 1000 81.696712948141 0
17 0 108.831398869594 0
17 200 41.3335499821157 0
17 400 68.092588232782 0
17 500 64.4845991667918 0
17 700 47.7235669282593 0
17 1000 43.8256402003413 0
18 0 72.4870251957772 0
18 200 84.905684096335 0
18 400 70.6765555451698 0
18 500 77.2070255627626 0
18 700 81.5583591148421 0
18 1000 52.4707419725644 0
19 0 86.1701904718761 0
19 200 85.6009993672495 0
19 400 73.9377197824478 0
19 500 49.2023578389595 0
19 700 58.1282089936537 0
19 1000 32.7784726801143 0
20 0 122.393193803832 0
20 200 84.6683733540678 0
20 400 51.5955369410622 0
20 500 61.5401775053977 0
20 700 46.5775256485962 0
20 1000 37.1370980705188 0
21 0 92.2482542659452 0
21 200 63.8036472088593 0
21 400 44.7436421339935 0
21 500 58.8254392239773 0
21 700 27.8284572388546 0
21 1000 24.4678460747333 0
22 0 70.0723541279881 0
22 200 70.739761177332 0
22 400 48.2155474640769 0
22 500 58.9053197481094 0
22 700 55.6014341809215 0
22 1000 28.6396207856754 0
23 0 119.241816404646 0
23 200 67.3425894786925 0
23 400 56.4654109724614 0
23 500 63.6710940387275 0
23 700 49.2772997710062 0
23 1000 55.6167390635761 0
24 0 133.786655493447 0
24 200 93.4308721147594 0
24 400 89.0575012009693 0
24 500 65.1410347763779 0
24 700 80.2854645491145 0
24 1000 68.1777523857799 0
25 0 78.11796759468 0
25 200 135.669856554862 0
25 400 85.5378563629218 0
25 500 90.1029187589482 0
25 700 80.1143297497422 0
25 1000 55.9402574827982 0
26 0 97.3759172801027 0
26 200 106.717112575746 0
26 400 69.1296387382392 0
26 500 62.8649417755416 0
26 700 69.6511577964502 0
26 1000 46.6980294072238 0
27 0 101.623414903144 0
27 200 93.4781342914242 0
27 400 61.2143686226258 0
27 500 70.6599778424024 0
27 700 62.6783708987393 0
27 1000 45.1380774268274 0
28 0 69.0334804001423 0
28 200 103.609891344584 0
28 400 67.7587099166849 0
28 500 53.1933365650009 0
28 700 43.4540302440282 0
28 1000 35.7918600675468 0
29 0 87.5482010519645 0
29 200 119.42785664919 0
29 400 82.8950274554483 0
29 500 53.8064208533783 0
29 700 60.4744010467351 0
29 1000 30.3003496559446 0
30 0 108.985529344334 0
30 200 87.0998257969444 0
30 400 81.3263239102069 0
30 500 60.8710209682415 0
30 700 30.4332519509378 0
30 1000 48.672518002107 0
31 0 103.862054373448 0
31 200 111.710811957937 0
31 400 50.2455774818809 0
31 500 64.1940369237263 0
31 700 55.0485704699343 0
31 1000 58.9608065396381 0
32 0 113.794882907431 0
32 200 84.700946181049 0
32 400 111.115474820719 0
32 500 79.6203271437053 0
32 700 66.8352231758601 0
32 1000 51.1612227217171 0
33 0 81.9931729989915 0
33 200 52.6254055208314 0
33 400 49.362019656389 0
33 500 55.6556618140296 0
33 700 35.4399402022088 0
33 1000 35.1723277743522 0
34 0 84.6028053495175 0
34 200 61.4826347065994 0
34 400 72.3800165220228 0
34 500 79.3073061593029 0
34 700 66.2122771427332 0
34 1000 63.493407908422 0
35 0 84.8858512770997 0
35 200 79.7349045223996 0
35 400 98.4512319354063 0
35 500 80.5888417425007 0
35 700 53.2461967412391 0
35 1000 56.6596560892573 0
36 0 149.245050468111 0
36 200 71.7128470855087 0
36 400 68.8582253740153 0
36 500 63.657166864858 0
36 700 61.3243722261517 0
36 1000 54.7837560934722 0
37 0 117.255024780761 0
37 200 84.4433774718891 0
37 400 66.9712921586226 0
37 500 79.8169528897867 0
37 700 48.7155125722661 0
37 1000 43.7325110528143 0
38 0 116.556557479085 0
38 200 45.7035794892934 0
38 400 76.7219118323675 0
38 500 78.7952672543901 0
38 700 66.4809295221134 0
38 1000 63.2978783636949 0
39 0 90.4521669078473 0
39 200 78.8772088784604 0
39 400 78.7532539052395 0
39 500 44.1243789122707 0
39 700 50.9760430053893 0
39 1000 44.0270892831664 0
40 0 87.8956757384972 0
40 200 71.5943686156129 0
40 400 67.0307277057405 0
40 500 39.7985352401034 0
40 700 47.0215916016794 0
40 1000 41.5441739866781 0
41 0 94.7145824389112 0
41 200 90.380129773891 0
41 400 87.7199033091464 0
41 500 100.822327811865 0
41 700 61.1820262398011 0
41 1000 72.4767311581273 0
42 0 61.1948924813259 0
42 200 93.5101037376677 0
42 400 56.8124660524 0
42 500 71.0741228855534 0
42 700 47.7382014907453 0
42 1000 47.7267361431147 0
43 0 121.985202789624 0
43 200 120.495272368242 0
43 400 113.763152247603 0
43 500 95.7840466970376 0
43 700 81.9406319028441 0
43 1000 40.4850292184803 0
44 0 95.8767680062132 0
44 200 97.9420122971725 0
44 400 52.8295925221124 0
44 500 79.9094514535006 0
44 700 53.0592099504563 0
44 1000 43.5073753557089 0
45 0 108.837998659004 0
45 200 155.381677901542 0
45 400 114.517656906666 0
45 500 72.1195229977332 0
45 700 80.5729376849895 0
45 1000 56.947664555752 0
46 0 92.8899672269325 0
46 200 101.220605797185 0
46 400 91.7002613059131 0
46 500 80.8255206963176 0
46 700 95.9350614815949 0
46 1000 58.3204367529007 0
47 0 90.6286662941999 0
47 200 95.233816192999 0
47 400 61.9753693435495 0
47 500 51.9957514897961 0
47 700 46.4370336847297 0
47 1000 32.0396386981859 0
48 0 85.170434285297 0
48 200 101.453847974568 0
48 400 89.6582155913329 0
48 500 72.9413736050036 0
48 700 57.0141292732145 0
48 1000 43.5461157862492 0
49 0 123.578235914953 0
49 200 84.1270025171612 0
49 400 76.9424376818377 0
49 500 67.8486280666431 0
49 700 43.8360898959659 0
49 1000 41.7881796024579 0
50 0 135.622618669021 0
50 200 93.879180799675 0
50 400 62.0075742079634 0
50 500 42.2980953681176 0
50 700 44.6633434742412 0
50 1000 50.7741115352196 0
51 0 96.3931143304253 1
51 200 58.2387492236056 1
51 400 52.1597071099094 1
51 500 50.763932300553 1
51 700 50.5613323336181 1
51 1000 45.131868651876 1
52 0 84.7131450835852 1
52 200 77.9186339284703 1
52 400 47.2423353523864 1
52 500 32.0763866363933 1
52 700 39.5228706249978 1
52 1000 33.7049649281114 1
53 0 114.632449793689 1
53 200 105.78668138188 1
53 400 76.9376746131382 1
53 500 83.4425988200957 1
53 700 58.041448501946 1
53 1000 50.1320254240203 1
54 0 72.2357759553737 1
54 200 57.6736769229245 1
54 400 56.6752103894203 1
54 500 45.8273310025659 1
54 700 43.7681620947465 1
54 1000 33.3732592978219 1
55 0 138.861254821474 1
55 200 84.8949768678546 1
55 400 63.1341370669431 1
55 500 44.1944349656464 1
55 700 53.0661377270547 1
55 1000 40.4824759342682 1
56 0 103.093645358597 1
56 200 58.7273551860228 1
56 400 60.6786023772394 1
56 500 51.2897859758956 1
56 700 34.8719929169309 1
56 1000 19.1462302069968 1
57 0 53.4854446984388 1
57 200 75.5381320764527 1
57 400 73.7271382524193 1
57 500 40.6980864274117 1
57 700 38.6244973680704 1
57 1000 26.3460915508292 1
58 0 108.308563035995 1
58 200 58.0822903029276 1
58 400 65.5759367274542 1
58 500 55.9239820321441 1
58 700 33.5925448385022 1
58 1000 30.8340211639979 1
59 0 86.5055550288372 1
59 200 60.1500491981261 1
59 400 50.8793977187719 1
59 500 54.68736213695 1
59 700 25.0974337889579 1
59 1000 21.8782315404667 1
60 0 123.546711375999 1
60 200 64.3780501037101 1
60 400 77.6217474595967 1
60 500 42.0006667060651 1
60 700 65.8598874736158 1
60 1000 44.607438958366 1
61 0 110.577902487765 1
61 200 129.999599092139 1
61 400 82.0841763219926 1
61 500 95.0116134581275 1
61 700 72.9550185299219 1
61 1000 47.844301006437 1
62 0 78.4146041117745 1
62 200 52.9475070490383 1
62 400 46.9538456156051 1
62 500 47.1375983211744 1
62 700 31.1932016796147 1
62 1000 37.3438289658583 1
63 0 115.841538566323 1
63 200 93.4998079763178 1
63 400 58.5367575784978 1
63 500 43.5598078153167 1
63 700 42.1291124895305 1
63 1000 46.5582692169324 1
64 0 120.769911846192 1
64 200 73.9972219423002 1
64 400 47.2351326545949 1
64 500 46.3230736167386 1
64 700 31.068577253864 1
64 1000 45.3278427023427 1
65 0 75.6256591390879 1
65 200 53.9730717058582 1
65 400 46.5187006354542 1
65 500 36.2629056193957 1
65 700 36.4005935929022 1
65 1000 29.4994608930749 1
66 0 67.8590149024052 1
66 200 27.0612960093708 1
66 400 55.1722652985631 1
66 500 43.1214461651958 1
66 700 40.969172225069 1
66 1000 25.4507048260314 1
67 0 114.098003215094 1
67 200 75.9543501668932 1
67 400 80.3732157200427 1
67 500 58.109586255287 1
67 700 39.3494998879557 1
67 1000 35.9966085909284 1
68 0 89.6187989239412 1
68 200 62.1680341096335 1
68 400 67.6968324208173 1
68 500 43.2198067406113 1
68 700 39.1304605214596 1
68 1000 24.5750982629257 1
69 0 146.911662660152 1
69 200 87.6484805197703 1
69 400 75.2079045296617 1
69 500 64.0024033064564 1
69 700 39.4985091576745 1
69 1000 51.1666396295746 1
70 0 99.0618542316993 1
70 200 34.7335570136629 1
70 400 26.6753865618311 1
70 500 21.0498858067078 1
70 700 28.797339942175 1
70 1000 38.2776300902191 1
71 0 104.894026837919 1
71 200 96.2455160042263 1
71 400 76.1032885149242 1
71 500 71.9538972871756 1
71 700 86.3301023963076 1
71 1000 43.4937875173672 1
72 0 120.933994000444 1
72 200 102.048023102973 1
72 400 58.1347795851968 1
72 500 51.044210710115 1
72 700 52.1886748548643 1
72 1000 40.4104268292931 1
73 0 65.9454851134251 1
73 200 85.9041766171309 1
73 400 29.9712268196897 1
73 500 43.2029772721184 1
73 700 38.5743675180509 1
73 1000 33.0678402496837 1
74 0 114.288899681641 1
74 200 96.5619197754715 1
74 400 58.4285117739872 1
74 500 67.3282872702207 1
74 700 44.9095929260403 1
74 1000 54.3073593914227 1
75 0 81.4235021979828 1
75 200 106.109421451981 1
75 400 66.7989604203303 1
75 500 41.3658535460039 1
75 700 35.6722652087812 1
75 1000 17.5340324453607 1
76 0 93.1303287187967 1
76 200 92.4555171267341 1
76 400 81.1897537648825 1
76 500 83.8609198695186 1
76 700 58.2803146150459 1
76 1000 39.712492552259 1
77 0 119.740508960227 1
77 200 87.7116148830454 1
77 400 72.8513375052783 1
77 500 56.1634027151911 1
77 700 44.6755859947994 1
77 1000 47.7133850500138 1
78 0 109.723812236526 1
78 200 84.3086574250352 1
78 400 47.0379830442172 1
78 500 40.1927489943436 1
78 700 28.2542044840803 1
78 1000 35.5229639660205 1
79 0 98.4581901649086 1
79 200 116.251796671909 1
79 400 45.670247622304 1
79 500 66.0508213191092 1
79 700 56.7602828634586 1
79 1000 39.3569693685754 1
80 0 80.2357028608317 1
80 200 86.0162894248827 1
80 400 32.6703475922793 1
80 500 44.9154330890294 1
80 700 38.4623453716599 1
80 1000 32.0197172438145 1
81 0 70.338382701134 1
81 200 71.0304166802498 1
81 400 47.5925238867168 1
81 500 34.3451897567435 1
81 700 32.6861046513838 1
81 1000 37.1015116576519 1
82 0 74.8870116789049 1
82 200 44.0360129913932 1
82 400 56.9882261773848 1
82 500 52.3287806010143 1
82 700 45.1086283092736 1
82 1000 31.9367539607254 1
83 0 92.3995284176169 1
83 200 55.7500550593594 1
83 400 27.7512125253739 1
83 500 20.444702822831 1
83 700 49.5148691809023 1
83 1000 32.4588716074285 1
84 0 93.3370557111209 1
84 200 103.644460003843 1
84 400 61.9199827435505 1
84 500 61.3777301967628 1
84 700 32.9911701013639 1
84 1000 51.3051691817699 1
85 0 91.4784746693866 1
85 200 80.7428887962677 1
85 400 54.7210704863874 1
85 500 30.5618186093917 1
85 700 42.9293518945762 1
85 1000 24.3337020591656 1
86 0 61.2502750076921 1
86 200 79.1918628864114 1
86 400 56.8807169013047 1
86 500 30.7549687043728 1
86 700 36.2677478458841 1
86 1000 36.147722436283 1
87 0 142.52908339727 1
87 200 73.689226938912 1
87 400 44.9305787796093 1
87 500 52.9644638586942 1
87 700 49.6104780045952 1
87 1000 42.8158037170442 1
88 0 78.4668703279053 1
88 200 55.8347078526313 1
88 400 42.8182620493513 1
88 500 27.2926021668904 1
88 700 35.6260974409072 1
88 1000 37.217791821706 1
89 0 79.1981052208497 1
89 200 101.4861586912 1
89 400 54.595591955968 1
89 500 62.1274389461735 1
89 700 51.7829100724435 1
89 1000 49.3666460606219 1
90 0 60.7893399332306 1
90 200 102.40087138322 1
90 400 63.8471782507268 1
90 500 69.2778194889365 1
90 700 32.036258026315 1
90 1000 43.2640599499767 1
91 0 127.980510381907 1
91 200 91.6765728688689 1
91 400 61.240410962507 1
91 500 63.5658886114082 1
91 700 49.0185362826029 1
91 1000 40.1301068017918 1
92 0 128.538952102144 1
92 200 72.5007721644142 1
92 400 67.4887978475153 1
92 500 69.9502987635189 1
92 700 39.4034516019014 1
92 1000 43.0260738327245 1
93 0 86.3790077657786 1
93 200 78.2289301640845 1
93 400 41.435086539904 1
93 500 73.6679640941468 1
93 700 46.7985319094316 1
93 1000 34.9705998460536 1
94 0 81.1113203466121 1
94 200 92.9987755688977 1
94 400 69.7148330300418 1
94 500 55.5503843250774 1
94 700 54.71865293458 1
94 1000 41.1052877130763 1
95 0 77.393228387803 1
95 200 66.8350527127517 1
95 400 48.5660072920089 1
95 500 45.8361883034191 1
95 700 32.7677278436742 1
95 1000 35.2245407017213 1
96 0 144.288613980664 1
96 200 44.8631199658404 1
96 400 41.5228949976716 1
96 500 38.5332494018497 1
96 700 42.1789853107599 1
96 1000 25.3769488947685 1
97 0 120.121652605676 1
97 200 53.302490507486 1
97 400 62.7064069742244 1
97 500 49.7851860869783 1
97 700 18.6766649873546 1
97 1000 37.7352922304929 1
98 0 79.6688641096919 1
98 200 71.7506580851027 1
98 400 65.1700103930845 1
98 500 36.0799822246584 1
98 700 34.7817823774306 1
98 1000 32.5994209245513 1
99 0 85.1522215366264 1
99 200 86.5369589185002 1
99 400 77.0312057892383 1
99 500 78.4542628434635 1
99 700 43.4684751903797 1
99 1000 43.1488839078624 1
100 0 100.053443040446 1
100 200 67.293632781618 1
100 400 48.7339446370377 1
100 500 59.7239010649771 1
100 700 40.7924426264828 1
100 1000 36.0634821910778 1
