id dose eff group
1 0 82.0042314003206 0
1 200 64.9388984658625 0
1 400 66.6162444912736 0
1 500 41.7934655309107 0
1 700 37.051991644997 0
1 1000 24.7702828325566 0
2 0 130.249884534676 0
2 200 65.1673645161719 0
2 400 63.4020633862832 0
2 500 39.04032593566 0
2 700 67.3424351331484 0
2 1000 33.0951539831831 0
3 0 94.333459379472 0
3 200 97.9226610644078 0
3 400 74.6284394154485 0
3 500 77.1383778342228 0
3 700 56.699384469071 0
3 1000 39.6136374945757 0
4 0 108.77656153144 0
4 200 79.5574461027821 0
4 400 68.3290690406398 0
4 500 67.8280794406027 0
4 700 58.9445985466177 0
4 1000 42.8745209018426 0
5 0 87.8001827200532 0
5 200 72.3097691187283 0
5 400 85.2076612683612 0
5 500 113.127512398007 0
5 700 96.1927424516207 0
5 1000 65.2613445357722 0
6 0 74.0955483160759 0
6 200 100.607241890818 0
6 400 76.415466870599 0
6 500 55.8194876635137 0
6 700 29.0371258546801 0
6 1000 37.0133061865972 0
7 0 67.0675437891712 0
7 200 72.3422663782213 0
7 400 73.9943045543951 0
7 500 32.6157572099923 0
7 700 38.3453802059295 0
7 1000 36.8713576949262 0
8 0 94.4319397211175 0
8 200 85.2196072520828 0
8 400 62.2266082450233 0
8 500 51.8072369734113 0
8 700 70.0913425407361 0
8 1000 35.6817363696345 0
9 0 100.658868959841 0
9 200 107.795519073028 0
9 400 111.3205305645 0
9 500 121.419454799068 0
9 700 69.4812172219492 0
9 1000 56.5327738980856 0
10 0 74.7322461658899 0
10 200 60.999559732 0
10 400 86.2602471451505 0
10 500 47.6047177713881 0
10 700 38.5947764913529 0
10 1000 31.6387907003623 0
11 0 105.339432913568 0
11 200 94.6576297973989 0
11 400 82.9269842055112 0
11 500 57.2869383984316 0
11 700 47.0942532176743 0
11 1000 43.2179044547381 0
12 0 101.436676922957 0
12 200 103.393349298142 0
12 400 90.7461417358593 0
12 500 101.442693614016 0
12 700 96.911065414012 0
12 1000 54.3830373794091 0
13 0 88.9505591905326 0
13 200 86.3647744093185 0
13 400 61.353901071708 0
13 500 77.3461013201683 0
13 700 40.7753785704868 0
13 1000 54.4675679164275 0
14 0 122.665638528322 0
14 200 106.704356715568 0
14 400 62.1581671822785 0
14 500 55.3443741126816 0
14 700 38.264053485957 0
14 1000 53.9240529381942 0
15 0 84.4280202269263 0
15 200 117.289109359619 0
15 400 97.2384995424705 0
15 500 70.6173558639924 0
15 700 61.4762943119036 0
15 1000 51.5824437951909 0
16 0 127.13202385967 0
16 200 74.3551534073193 0
16 400 72.837172455883 0
16 500 56.4042970551119 0
16 700 57.5161811996775 0
16 1000 44.4902362101625 0
17 0 103.439952105505 0
17 200 83.0846824429233 0
17 400 49.8215435148972 0
17 500 63.2906721400728 0
17 700 41.4313458419521 0
17 1000 40.9992257246023 0
18 0 114.908489843228 0
18 200 72.8743367376269 0
18 400 63.6534239272257 0
18 500 66.8259449760428 0
18 700 66.132500689903 0
18 1000 46.7852539922508 0
19 0 93.7505984909984 0
19 200 35.6292660378311 0
19 400 63.1283430641599 0
19 500 74.5550404928158 0
19 700 29.0657895458432 0
19 1000 43.9077669461046 0
20 0 84.0605342903243 0
20 200 107.13932520458 0
20 400 83.438888905055 0
20 500 70.1805948782946 0
20 700 66.8460276958866 0
20 1000 45.0247197058783 0
21 0 105.751187301814 0
21 200 131.73475981235 0
21 400 84.5424980058665 0
21 500 97.2145002540992 0
21 700 48.6604033297367 0
21 1000 51.9968832220674 0
22 0 59.703607961173 0
22 200 88.713626981504 0
22 400 46.4012520673197 0
22 500 63.5495027433265 0
22 700 42.5312822891416 0
22 1000 34.8291486602336 0
23 0 85.1700069248309 0
23 200 134.59386361912 0
23 400 100.833547610957 0
23 500 48.7534452407535 0
23 700 70.6040517776776 0
23 1000 58.7316098741195 0
24 0 102.812156989227 0
24 200 70.8921940397881 0
24 400 42.4656808419558 0
24 500 46.8838767225039 0
24 700 30.1376020971025 0
24 1000 27.2703176420534 0
25 0 123.133305971833 0
25 200 78.8850937812941 0
25 400 59.76257630633 0
25 500 67.3598775625625 0
25 700 66.347490159024 0
25 1000 35.4421300028227 0
26 0 78.6920421624379 0
26 200 99.4789703740386 0
26 400 65.293836346086 0
26 500 63.0810702163697 0
26 700 57.2222398316944 0
26 1000 26.1758440632229 0
27 0 99.7122149447173 0
27 200 75.9602500495766 0
27 400 77.3720474491894 0
27 500 74.2993544020331 0
27 700 48.8025561337507 0
27 1000 34.5284313940604 0
28 0 99.5189054298712 0
28 200 63.9519467724222 0
28 400 74.0937720293915 0
28 500 73.2193845951079 0
28 700 52.0546834554444 0
28 1000 40.3661547619817 0
29 0 138.544127663438 0
29 200 84.0483229449714 0
29 400 36.0142105435975 0
29 500 39.5578243001638 0
29 700 34.2116592654722 0
29 1000 41.0564782865881 0
30 0 108.752994072311 0
30 200 99.7113770331845 0
30 400 76.996889713115 0
30 500 86.2636474216558 0
30 700 73.7384236218433 0
30 1000 48.2300052093402 0
31 0 90.7511624558549 0
31 200 69.6679839262732 0
31 400 48.992635730077 0
31 500 48.580181399674 0
31 700 33.7750461842591 0
31 1000 50.6911048715559 0
32 0 125.811661293338 0
32 200 74.1702179058821 0
32 400 90.1432890434522 0
32 500 76.7064657462507 0
32 700 57.1365460980744 0
32 1000 40.5176955131236 0
33 0 64.537158064106 0
33 200 73.5708288860111 0
33 400 50.2355003762008 0
33 500 38.833909899061 0
33 700 40.9976722866322 0
33 1000 33.8015409255748 0
34 0 129.273520757626 0
34 200 78.6817174428342 0
34 400 47.9178843963069 0
34 500 52.6114350012545 0
34 700 39.4613600324994 0
34 1000 47.5916397637609 0
35 0 86.7457022727323 0
35 200 68.9734383794165 0
35 400 56.81711245285 0
35 500 49.5508443101786 0
35 700 32.8495603816576 0
35 1000 43.7197815562312 0
36 0 94.1616641176445 0
36 200 73.5564839066633 0
36 400 59.6243109481681 0
36 500 79.4401386526444 0
36 700 46.7805486599086 0
36 1000 40.4585819443051 0
37 0 110.338315775086 0
37 200 103.170236174039 0
37 400 61.2351378046304 0
37 500 55.2741126514055 0
37 700 63.4208190505981 0
37 1000 38.080407052709 0
38 0 127.618155916678 0
38 200 64.9328566670325 0
38 400 109.29027887369 0
38 500 93.1513532778332 0
38 700 70.3404675818834 0
38 1000 70.6597849893391 0
39 0 40.0134670112231 0
39 200 85.2334760424371 0
39 400 59.9546966782298 0
39 500 84.780342716408 0
39 700 38.3739948452724 0
39 1000 47.8842060922974 0
40 0 115.09422137167 0
40 200 77.1953717816313 0
40 400 48.9188748121083 0
40 500 46.54481820596 0
40 700 71.1495053235092 0
40 1000 41.4340859872117 0
41 0 90.9390249843294 0
41 200 38.7291525388917 0
41 400 43.5389068540925 0
41 500 48.9417065307674 0
41 700 27.7269567516959 0
41 1000 41.237935621019 0
42 0 95.8941290012849 0
42 200 62.9986956974618 0
42 400 77.6518737828093 0
42 500 69.3713933435589 0
42 700 59.7661905137366 0
42 1000 47.0837405050876 0
43 0 77.5782397747622 0
43 200 101.10522530816 0
43 400 65.2512560377307 0
43 500 39.4944279840361 0
43 700 58.6981218422552 0
43 1000 45.4558678601058 0
44 0 115.22060724195 0
44 200 140.112872153292 0
44 400 87.9040221972808 0
44 500 79.0187146236975 0
44 700 48.4487536177048 0
44 1000 55.5727962506523 0
45 0 124.701482525917 0
45 200 65.3771440452997 0
45 400 71.0110140714144 0
45 500 59.0095005515258 0
45 700 49.7334047936701 0
45 1000 37.9871157753042 0
46 0 81.4567351635392 0
46 200 92.3248184617325 0
46 400 62.3165220375371 0
46 500 85.8485791997897 0
46 700 46.2588165181246 0
46 1000 36.2665707686801 0
47 0 122.735866455251 0
47 200 80.2200782748182 0
47 400 47.6666946806134 0
47 500 58.1991135219062 0
47 700 52.3123308740903 0
47 1000 35.8688748556299 0
48 0 87.5373834185742 0
48 200 76.5324376114116 0
48 400 64.5492494779824 0
48 500 47.1613625768775 0
48 700 51.7797734601479 0
48 1000 62.3467225725548 0
49 0 131.991597576829 0
49 200 74.2677426548968 0
49 400 60.3468826537863 0
49 500 65.9260900597953 0
49 700 31.7665902965634 0
49 1000 32.5485264484656 0
50 0 131.717437646647 0
50 200 81.6423423246291 0
50 400 30.5077383259247 0
50 500 64.4506249807813 0
50 700 45.6614294578623 0
50 1000 64.6361319244109 0
51 0 116.163452968093 1
51 200 49.7752739269121 1
51 400 73.664844082113 1
51 500 49.6768967410881 1
51 700 46.0049890434665 1
51 1000 26.2773148723687 1
52 0 92.2462116047333 1
52 200 85.8185233488871 1
52 400 59.1207000700181 1
52 500 55.9203951212807 1
52 700 31.6490884958172 1
52 1000 41.6073438284983 1
53 0 123.514617865065 1
53 200 60.1007041200279 1
53 400 47.862019861759 1
53 500 51.8617533731955 1
53 700 26.9738445201797 1
53 1000 29.9482099934111 1
54 0 111.246963366507 1
54 200 54.3038364985561 1
54 400 55.1466910310737 1
54 500 61.0740984015103 1
54 700 51.3441766012566 1
54 1000 33.6011649373044 1
55 0 93.5480154797412 1
55 200 67.0344964190793 1
55 400 72.5980275929244 1
55 500 57.4999221470876 1
55 700 41.3052650624031 1
55 1000 38.8748500512578 1
56 0 100.702001285273 1
56 200 61.5307779123016 1
56 400 52.9267089083812 1
56 500 24.3269119910443 1
56 700 34.7255192692527 1
56 1000 43.6682376293077 1
57 0 109.041171090704 1
57 200 91.7154488208704 1
57 400 46.0028902393809 1
57 500 90.918294087826 1
57 700 68.2505456125087 1
57 1000 51.0744393477386 1
58 0 128.538193285708 1
58 200 50.8763841044219 1
58 400 84.7278249735855 1
58 500 75.0871226466185 1
58 700 58.2480042143339 1
58 1000 41.8812624929524 1
59 0 97.3716766290199 1
59 200 68.0014024001266 1
59 400 63.7893349729058 1
59 500 45.3325602903044 1
59 700 43.8772809086536 1
59 1000 21.7122494180806 1
60 0 127.80432476263 1
60 200 89.2827747387168 1
60 400 65.9489827795017 1
60 500 62.3014669412843 1
60 700 36.06286135898 1
60 1000 48.7151417911851 1
61 0 119.926401605946 1
61 200 68.5510965435745 1
61 400 47.5270586962871 1
61 500 37.4671399438788 1
61 700 51.0831591424692 1
61 1000 38.1602137284824 1
62 0 139.156827055092 1
62 200 107.175670242146 1
62 400 45.0403616563706 1
62 500 85.9502835038177 1
62 700 57.0783838347662 1
62 1000 62.7902441334677 1
63 0 129.081607824234 1
63 200 103.243488238374 1
63 400 103.082209953568 1
63 500 76.9888943574534 1
63 700 56.2027614607441 1
63 1000 54.8384293302746 1
64 0 118.358579225697 1
64 200 102.684940417332 1
64 400 45.8952112058367 1
64 500 48.5330018291565 1
64 700 51.885548538744 1
64 1000 49.7552362121439 1
65 0 117.475226396694 1
65 200 84.0514281744454 1
65 400 54.6260877185354 1
65 500 30.8165892817938 1
65 700 34.0279312368668 1
65 1000 54.6523040755286 1
66 0 115.041667119006 1
66 200 57.5805265501083 1
66 400 48.3122390522359 1
66 500 58.2435997949766 1
66 700 45.9721858405291 1
66 1000 39.6494691459032 1
67 0 50.4831242781551 1
67 200 55.3950292634794 1
67 400 60.9021506794692 1
67 500 43.6783081083101 1
67 700 28.7885862957248 1
67 1000 26.8458909641309 1
68 0 56.7801958604448 1
68 200 67.030814580022 1
68 400 55.7363282579773 1
68 500 77.003304692797 1
68 700 52.1959716700441 1
68 1000 20.541102561348 1
69 0 80.8337152652344 1
69 200 72.3496177296442 1
69 400 69.2480334586989 1
69 500 38.7488123247454 1
69 700 49.8345321180794 1
69 1000 43.5650525111352 1
70 0 127.573832093921 1
70 200 101.904141736317 1
70 400 79.3642165356435 1
70 500 62.7861858825324 1
70 700 66.3731228543663 1
70 1000 42.4724303352296 1
71 0 88.6446989364072 1
71 200 121.947299520931 1
71 400 69.5671395908659 1
71 500 51.823644649972 1
71 700 49.6840864593427 1
71 1000 33.439481146572 1
72 0 105.206303569776 1
72 200 89.9399683549328 1
72 400 67.6052644865355 1
72 500 53.5714386208241 1
72 700 38.8811515085105 1
72 1000 35.4659602313735 1
73 0 83.0790703543802 1
73 200 77.3956426357982 1
73 400 52.3492839753598 1
73 500 51.2418649772033 1
73 700 47.8692305057146 1
73 1000 25.3622397928341 1
74 0 78.2279160161823 1
74 200 75.2166169434801 1
74 400 73.8119408111406 1
74 500 41.7041832527106 1
74 700 46.4875155493431 1
74 1000 32.4361728121541 1
75 0 103.434320032409 1
75 200 66.974469925797 1
75 400 37.2869528678772 1
75 500 32.8492517216118 1
75 700 31.1053242707388 1
75 1000 28.6992877418556 1
76 0 136.071064660283 1
76 200 66.1164599191473 1
76 400 47.8696615824652 1
76 500 55.0993003883001 1
76 700 35.9071737750743 1
76 1000 31.0717661663179 1
77 0 121.755299352102 1
77 200 94.5659889035874 1
77 400 97.3659518103505 1
77 500 101.402544683831 1
77 700 41.6342331207401 1
77 1000 63.0947991103993 1
78 0 81.5791310548433 1
78 200 89.3226043700644 1
78 400 83.0115307192844 1
78 500 33.6797786930372 1
78 700 50.2695507889552 1
78 1000 48.5376234681813 1
79 0 88.1715430865003 1
79 200 93.8650035868824 1
79 400 61.8868276843145 1
79 500 43.6650099331317 1
79 700 40.5572526612411 1
79 1000 33.5901844246699 1
80 0 100.042322009887 1
80 200 61.4608791308688 1
80 400 56.6415826962835 1
80 500 50.5614219668232 1
80 700 30.8397671567441 1
80 1000 31.819408407064 1
81 0 82.4440352395258 1
81 200 70.3970545826411 1
81 400 41.2802763023753 1
81 500 28.1580154163332 1
81 700 29.0445998257768 1
81 1000 28.2438113026734 1
82 0 97.4638367350437 1
82 200 105.026823519193 1
82 400 52.8447451117811 1
82 500 62.0419991026111 1
82 700 46.2421507911901 1
82 1000 36.871605204671 1
83 0 124.449894414012 1
83 200 127.110979347207 1
83 400 55.6721354367375 1
83 500 68.6853569385074 1
83 700 43.973649035935 1
83 1000 37.0579460552328 1
84 0 90.5016445973119 1
84 200 75.627507555123 1
84 400 55.3797266792298 1
84 500 44.6419153940467 1
84 700 41.0112613313013 1
84 1000 32.3253207450166 1
85 0 105.867117773488 1
85 200 20.3096117696334 1
85 400 31.7088002508217 1
85 500 36.3539975307396 1
85 700 21.1318762399137 1
85 1000 23.2840684019441 1
86 0 134.466716801323 1
86 200 88.9212547648261 1
86 400 78.8886380076004 1
86 500 77.052474565378 1
86 700 50.5464415260397 1
86 1000 45.0952078228676 1
87 0 79.021449178795 1
87 200 66.6877237019196 1
87 400 77.0905351840138 1
87 500 50.6658753028072 1
87 700 41.4359860437263 1
87 1000 45.2441110309978 1
88 0 97.465924332926 1
88 200 61.281080197166 1
88 400 45.0790518521533 1
88 500 28.4371787244879 1
88 700 45.0732115651992 1
88 1000 42.7318419648177 1
89 0 47.3767492825427 1
89 200 103.031096259443 1
89 400 41.8903808863057 1
89 500 55.0298910896576 1
89 700 29.9125974392316 1
89 1000 30.7478907409593 1
90 0 107.621157355776 1
90 200 104.248288267206 1
90 400 72.631834820388 1
90 500 66.1533256888969 1
90 700 62.0952575831418 1
90 1000 34.224663660373 1
91 0 109.948222941371 1
91 200 97.3479282399318 1
91 400 92.2476040546895 1
91 500 53.9526692769053 1
91 700 45.0008287032732 1
91 1000 29.0851197996546 1
92 0 99.3350989409273 1
92 200 64.5298986815423 1
92 400 33.3723024480199 1
92 500 42.6945706586833 1
92 700 43.1872276125004 1
92 1000 22.9969187256854 1
93 0 100.337455341126 1
93 200 94.9201800627116 1
93 400 29.5829145656296 1
93 500 49.2688033140723 1
93 700 37.4840489870949 1
93 1000 38.6912608268579 1
94 0 118.060050905733 1
94 200 86.9973250629764 1
94 400 67.3026406650018 1
94 500 49.2819910370032 1
94 700 46.7359948192881 1
94 1000 31.1553270521605 1
95 0 95.2439317833561 1
95 200 80.5185937751044 1
95 400 51.8654665780441 1
95 500 48.4379519317098 1
95 700 44.0180681909654 1
95 1000 38.4556272755658 1
96 0 73.7495249278705 1
96 200 72.2987158308226 1
96 400 77.6464851202219 1
96 500 48.2032667827853 1
96 700 57.1974746747465 1
96 1000 32.7227154897531 1
97 0 130.514086417625 1
97 200 77.9499118795589 1
97 400 104.889469570865 1
97 500 67.0836420455333 1
97 700 87.8190068791927 1
97 1000 57.4076132220855 1
98 0 78.8147795432874 1
98 200 91.8724891398659 1
98 400 35.0741080900784 1
98 500 41.9766606099923 1
98 700 31.4538380736926 1
98 1000 30.9303371247217 1
99 0 115.304435441153 1
99 200 112.583396942053 1
99 400 80.8006399235456 1
99 500 63.3850286382174 1
99 700 37.7718462082124 1
99 1000 41.6942900941099 1
100 0 96.5692183389334 1
100 200 97.5090502047684 1
100 400 62.2872833735562 1
100 500 57.469379981116 1
100 700 45.7896163064421 1
100 1000 36.4577688216011 1
