id dose eff group
1 0 80.4884892296679 0
1 200 86.4518897855674 0
1 400 74.5472401192324 0
1 500 56.7507855337421 0
1 700 54.6029587378888 0
1 1000 41.6762606180961 0
2 0 64.1552236235238 0
2 200 97.2716024863583 0
2 400 38.4017181587714 0
2 500 53.2474701502129 0
2 700 40.4660035736111 0
2 1000 39.0133764347017 0
3 0 104.192496379975 0
3 200 91.8303922753323 0
3 400 86.1757260829071 0
3 500 59.6740682488286 0
3 700 42.8554872213576 0
3 1000 47.0444521122052 0
4 0 81.0535926645863 0
4 200 66.0107165531883 0
4 400 77.2666285041497 0
4 500 74.4179215118426 0
4 700 53.7097089752554 0
4 1000 44.2275332207004 0
5 0 96.3227667523597 0
5 200 64.6292792624777 0
5 400 82.4257404997075 0
5 500 82.1761266216254 0
5 700 63.4121095531508 0
5 1000 52.9344246209134 0
6 0 105.266316658661 0
6 200 49.0676847220921 0
6 400 62.0539450341987 0
6 500 67.937540691078 0
6 700 45.1127747388155 0
6 1000 46.4662940761704 0
7 0 104.288076455049 0
7 200 98.1681372798646 0
7 400 50.970391330669 0
7 500 74.2011173753771 0
7 700 56.4449638938928 0
7 1000 51.3896267397249 0
8 0 90.0968773938749 0
8 200 98.7808722414888 0
8 400 83.3040425953502 0
8 500 77.4272240133998 0
8 700 76.9501706634645 0
8 1000 68.2277962690996 0
9 0 112.504704773442 0
9 200 100.925872199904 0
9 400 55.6522463587356 0
9 500 42.723441338498 0
9 700 61.8117684113531 0
9 1000 45.4568524193824 0
10 0 126.745276366211 0
10 200 99.5935756952725 0
10 400 72.3363961190039 0
10 500 78.3342000272612 0
10 700 47.7869502478429 0
10 1000 57.5417734133156 0
11 0 81.7444149645085 0
11 200 118.052532372168 0
11 400 59.3553248151195 0
11 500 50.7148225251693 0
11 700 54.7176427535542 0
11 1000 36.8658479181469 0
12 0 120.90961056697 0
12 200 78.5868833435493 0
12 400 31.747117114083 0
12 500 34.8518445603641 0
12 700 59.661745113879 0
12 1000 42.4041782007268 0
13 0 134.996468084579 0
13 200 103.759692936091 0
13 400 79.8080528929437 0
13 500 70.8258294661461 0
13 700 68.364498839035 0
13 1000 44.9381881064884 0
14 0 89.1694946787679 0
14 200 73.4797579734729 0
14 400 72.0127996748741 0
14 500 55.8073091739759 0
14 700 46.809287295038 0
14 1000 55.3864324128611 0
15 0 78.7283698775783 0
15 200 90.2319878968447 0
15 400 72.2863314832047 0
15 500 49.707716880873 0
15 700 41.2879006771632 0
15 1000 43.6483149960049 0
16 0 106.306712601857 0
16 200 86.3707937243108 0
16 400 114.317618308873 0
16 500 99.0559542387083 0
16 700 61.4748567563691 0
16 1000 73.0755020225482 0
17 0 112.451952771599 0
17 200 128.942919677318 0
17 400 78.2178955992648 0
17 500 67.4036136727168 0
17 700 56.383433400865 0
17 1000 52.0386746571276 0
18 0 91.0344237601272 0
18 200 119.347397520535 0
18 400 80.8690625612571 0
18 500 87.1761512757705 0
18 700 59.4727913054664 0
18 1000 69.7360169413627 0
19 0 109.459139006152 0
19 200 81.6772297130962 0
19 400 35.1857025376133 0
19 500 62.7208685309331 0
19 700 43.4133919134032 0
19 1000 45.59501608629 0
20 0 86.5649845457354 0
20 200 92.6790163679707 0
20 400 102.616849523647 0
20 500 89.0622109620601 0
20 700 55.6318677413462 0
20 1000 65.8955875707324 0
21 0 93.3131831513969 0
21 200 83.3153421053177 0
21 400 112.105753259132 0
21 500 65.6782569812362 0
21 700 68.3422222507038 0
21 1000 38.124484618302 0
22 0 99.1010694284941 0
22 200 123.965614706992 0
22 400 117.128541847273 0
22 500 54.0023254763232 0
22 700 77.7755790994195 0
22 1000 37.2320539273375 0
23 0 117.163516123652 0
23 200 85.4994227550066 0
23 400 80.3075011329552 0
23 500 79.8647589261702 0
23 700 63.542133259417 0
23 1000 36.4690422986263 0
24 0 107.204880462455 0
24 200 76.9911109268652 0
24 400 64.5257416428993 0
24 500 48.0961482334042 0
24 700 36.5638593698182 0
24 1000 31.684511391978 0
25 0 134.860076244496 0
25 200 90.3142309807371 0
25 400 64.9128876128906 0
25 500 35.1750902214081 0
25 700 43.3277847537208 0
25 1000 34.3684058809133 0
26 0 93.1255317636646 0
26 200 122.151099954345 0
26 400 95.5151544618978 0
26 500 61.2458223213742 0
26 700 60.6504979432184 0
26 1000 52.2921729157912 0
27 0 92.5550777367302 0
27 200 66.3547056490601 0
27 400 53.4199171922637 0
27 500 67.0025771741309 0
27 700 23.4862663595974 0
27 1000 18.5060570737858 0
28 0 103.403689909919 0
28 200 102.029484266639 0
28 400 83.6595555198934 0
28 500 52.9765928150534 0
28 700 50.5345541431012 0
28 1000 48.7969806548138 0
29 0 74.0535677830916 0
29 200 86.0516278621859 0
29 400 38.6166357293092 0
29 500 39.9893739316268 0
29 700 27.1694968109053 0
29 1000 40.5263418649995 0
30 0 86.484541522393 0
30 200 129.024383253225 0
30 400 74.6535798267363 0
30 500 62.5526276871331 0
30 700 59.7309469058498 0
30 1000 53.8064667237223 0
31 0 113.32921091903 0
31 200 75.7000999721094 0
31 400 85.5445052406275 0
31 500 63.2604229350193 0
31 700 63.1508863025175 0
31 1000 55.8393859250842 0
32 0 183.935764007231 0
32 200 136.548398928245 0
32 400 111.809125431996 0
32 500 106.728022288949 0
32 700 66.5564027174784 0
32 1000 96.9266602983185 0
33 0 78.8838348314246 0
33 200 69.3289842744578 0
33 400 54.4329277633482 0
33 500 38.0085828750654 0
33 700 43.4788227730006 0
33 1000 57.2141555662838 0
34 0 122.82418507169 0
34 200 110.596892171718 0
34 400 87.3120934786343 0
34 500 38.9772192211597 0
34 700 47.47828782541 0
34 1000 30.7241940780821 0
35 0 104.63359122987 0
35 200 80.394060007305 0
35 400 31.3357584022684 0
35 500 52.1354567354326 0
35 700 27.8458175367681 0
35 1000 28.6838815923185 0
36 0 102.163188362734 0
36 200 118.413093438847 0
36 400 138.37151212559 0
36 500 119.029575255924 0
36 700 79.0263741654616 0
36 1000 83.7295483755417 0
37 0 86.0833443910134 0
37 200 74.9279556892427 0
37 400 87.9846731493018 0
37 500 95.8973038568789 0
37 700 68.5235586106071 0
37 1000 54.5262301712618 0
38 0 108.584568889174 0
38 200 48.843355787907 0
38 400 76.3670644152936 0
38 500 76.5273746034622 0
38 700 65.2585013848335 0
38 1000 35.8689866481367 0
39 0 120.741128559789 0
39 200 64.6602975784896 0
39 400 52.4983468955818 0
39 500 58.8360829147753 0
39 700 36.6825548053494 0
39 1000 32.102220144044 0
40 0 106.984745142864 0
40 200 107.098973925222 0
40 400 92.5040378797919 0
40 500 66.139902638132 0
40 700 53.9266165598721 0
40 1000 52.0013134028509 0
41 0 79.8061222973536 0
41 200 70.5345330998887 0
41 400 71.6318266799337 0
41 500 46.0764182522451 0
41 700 53.4821473793694 0
41 1000 43.074693029607 0
42 0 79.5139357809874 0
42 200 83.850179566854 0
42 400 88.6579013781447 0
42 500 96.6310393143296 0
42 700 54.0697684813363 0
42 1000 50.9341495615603 0
43 0 127.413330472617 0
43 200 84.7623639069153 0
43 400 86.8625067779481 0
43 500 73.1597473795133 0
43 700 55.7781182728896 0
43 1000 63.5082305798558 0
44 0 98.596768691196 0
44 200 43.7562400090277 0
44 400 43.7523144033114 0
44 500 38.4825562696696 0
44 700 46.2159340371022 0
44 1000 31.1977249314264 0
45 0 142.255116837913 0
45 200 106.556824418148 0
45 400 68.915416483559 0
45 500 50.9802410831634 0
45 700 47.3917710335667 0
45 1000 64.7567244755848 0
46 0 143.543751670366 0
46 200 70.4954811071257 0
46 400 65.411496864894 0
46 500 32.5195140242698 0
46 700 17.3441219335112 0
46 1000 45.7932203663554 0
47 0 141.880455357382 0
47 200 71.4298269254045 0
47 400 70.0721736151605 0
47 500 38.5304105311465 0
47 700 59.6433338220225 0
47 1000 32.451299031953 0
48 0 135.837581776552 0
48 200 75.2601575305032 0
48 400 90.7063681902043 0
48 500 66.698810372316 0
48 700 67.4464652957064 0
48 1000 37.029607451397 0
49 0 121.566071393858 0
49 200 92.3607196495726 0
49 400 63.486093430941 0
49 500 63.7273620440112 0
49 700 46.9150327038304 0
49 1000 37.4709329278709 0
50 0 117.187830454444 0
50 200 43.1067275920268 0
50 400 79.4466961925633 0
50 500 69.0354293441126 0
50 700 51.9367078701708 0
50 1000 56.5179358009586 0
51 0 118.321273907626 1
51 200 74.8557945784005 1
51 400 61.7218053588781 1
51 500 48.9702991672651 1
51 700 43.5223325232204 1
51 1000 30.3238477458557 1
52 0 62.399629372837 1
52 200 78.912249038897 1
52 400 50.5987193359898 1
52 500 50.3798081569785 1
52 700 32.9688527778327 1
52 1000 34.5495012663956 1
53 0 79.4737013919223 1
53 200 105.295430454719 1
53 400 50.2901634557438 1
53 500 52.6540488792967 1
53 700 40.8423174394822 1
53 1000 33.2585761315848 1
54 0 133.953651203129 1
54 200 65.6511709887585 1
54 400 51.895823388985 1
54 500 36.1899592795763 1
54 700 43.2356907188459 1
54 1000 37.0732668376077 1
55 0 71.286228309832 1
55 200 63.3970174764714 1
55 400 62.1153174528353 1
55 500 49.404682870223 1
55 700 41.3537545321918 1
55 1000 25.6611909930442 1
56 0 142.223878684114 1
56 200 88.4786207474226 1
56 400 73.783236547215 1
56 500 54.4910037863146 1
56 700 48.9924440642599 1
56 1000 45.8050953620949 1
57 0 126.675316829513 1
57 200 71.3657820661479 1
57 400 43.3244627126763 1
57 500 35.451948701157 1
57 700 35.4993276311289 1
57 1000 33.0620707113571 1
58 0 85.9751304334337 1
58 200 70.5936568688058 1
58 400 47.1362725524891 1
58 500 35.9952730570333 1
58 700 30.6036840035393 1
58 1000 34.0073339533159 1
59 0 73.2306607929261 1
59 200 71.4749628476819 1
59 400 47.1994028014 1
59 500 50.0704505116197 1
59 700 46.5950161962389 1
59 1000 38.675064523608 1
60 0 102.450596271886 1
60 200 70.1667538370287 1
60 400 55.10044466073 1
60 500 42.2920230612515 1
60 700 51.0357424257653 1
60 1000 30.9637743442341 1
61 0 73.3598813560789 1
61 200 64.8258221408214 1
61 400 63.5828264394763 1
61 500 59.0751161804765 1
61 700 47.7203276071767 1
61 1000 43.5498848550851 1
62 0 82.519769741637 1
62 200 100.67938648364 1
62 400 100.16535720554 1
62 500 97.1691077805327 1
62 700 72.77580032607 1
62 1000 53.884297200949 1
63 0 106.415950854276 1
63 200 97.3890826196582 1
63 400 68.8285260000246 1
63 500 48.6085791422139 1
63 700 64.7912029269124 1
63 1000 30.3768437059306 1
64 0 145.351322407598 1
64 200 101.250069907116 1
64 400 61.6528159650591 1
64 500 70.4267229313174 1
64 700 51.5561757915476 1
64 1000 21.6764575158581 1
65 0 90.2371167804338 1
65 200 68.9487793830056 1
65 400 61.8374862210444 1
65 500 63.8151262516474 1
65 700 44.7440837375577 1
65 1000 43.0523864026012 1
66 0 89.196975785066 1
66 200 67.4209326085524 1
66 400 41.3399634247732 1
66 500 36.4866923906239 1
66 700 32.7420550735324 1
66 1000 35.111262589177 1
67 0 162.8034704023 1
67 200 57.073726210306 1
67 400 71.4305623925695 1
67 500 53.8469448129176 1
67 700 67.0907126859684 1
67 1000 42.3472803409482 1
68 0 98.8582538066532 1
68 200 56.8490555558188 1
68 400 52.2820761992718 1
68 500 52.6763037719891 1
68 700 41.8124268080187 1
68 1000 37.538629071683 1
69 0 82.0685462227505 1
69 200 48.8342668190249 1
69 400 43.046435219442 1
69 500 55.3874817392325 1
69 700 28.4554048602839 1
69 1000 33.3782569860901 1
70 0 125.543196917577 1
70 200 72.437480761336 1
70 400 49.7793968538443 1
70 500 51.2255502283017 1
70 700 41.3341886211764 1
70 1000 32.1005872622298 1
71 0 79.4910936489604 1
71 200 67.3627963105856 1
71 400 51.97723492428 1
71 500 42.6073780261175 1
71 700 33.9819859184048 1
71 1000 23.2872520649483 1
72 0 98.6081482844552 1
72 200 58.9866659505744 1
72 400 56.4788554686755 1
72 500 48.4041633740241 1
72 700 36.916859642741 1
72 1000 57.7064541084029 1
73 0 105.498252334425 1
73 200 75.5128740049053 1
73 400 49.2068209479869 1
73 500 59.3408473826316 1
73 700 37.5777190922127 1
73 1000 17.9967575060351 1
74 0 111.535781459705 1
74 200 70.2843119838461 1
74 400 39.2196781163383 1
74 500 43.5867061714711 1
74 700 35.6323066150459 1
74 1000 35.9222311980016 1
75 0 72.3473576892502 1
75 200 33.9058159135576 1
75 400 68.1107790575703 1
75 500 43.3758782586725 1
75 700 41.2989212477976 1
75 1000 40.3423054113313 1
76 0 67.7906046278671 1
76 200 49.2367074299407 1
76 400 45.39743895987 1
76 500 45.4377142397789 1
76 700 38.1255219456228 1
76 1000 30.9055266767931 1
77 0 68.5928668001815 1
77 200 71.4999461596371 1
77 400 51.2223980853728 1
77 500 52.3822557459811 1
77 700 40.6223089493306 1
77 1000 40.9772000947541 1
78 0 92.581459578298 1
78 200 72.8494517793127 1
78 400 42.552083349322 1
78 500 40.1123291258378 1
78 700 21.1820703355319 1
78 1000 37.7781720742804 1
79 0 96.296831629827 1
79 200 92.9115586720455 1
79 400 56.1752929545587 1
79 500 53.1702057368658 1
79 700 24.4877238051217 1
79 1000 32.9175401935511 1
80 0 130.713553664709 1
80 200 49.821416066811 1
80 400 97.332655310606 1
80 500 68.8614183340508 1
80 700 62.3849289041444 1
80 1000 42.0065754195434 1
81 0 149.755296482493 1
81 200 62.9670427959411 1
81 400 49.536421273023 1
81 500 56.8616439369143 1
81 700 51.4785107421604 1
81 1000 26.3645484043523 1
82 0 80.1067871485331 1
82 200 81.1862741240011 1
82 400 67.2714739289996 1
82 500 66.3682992786669 1
82 700 46.3471934456036 1
82 1000 32.7261957095315 1
83 0 95.7708325766971 1
83 200 83.9750172446942 1
83 400 46.2266020339147 1
83 500 60.7614923582373 1
83 700 46.924057143883 1
83 1000 44.5032421807039 1
84 0 114.146682410968 1
84 200 58.8537091277121 1
84 400 51.1025817415975 1
84 500 48.8787755052136 1
84 700 44.1097373184886 1
84 1000 21.8400223613762 1
85 0 100.44015694582 1
85 200 91.6783195483945 1
85 400 55.6484077895468 1
85 500 46.269364759711 1
85 700 46.5413799791812 1
85 1000 30.756329148368 1
86 0 110.526623432835 1
86 200 80.2333968123015 1
86 400 78.1192228284144 1
86 500 64.2853368847045 1
86 700 44.0830811979151 1
86 1000 33.5525500305797 1
87 0 104.502889639114 1
87 200 73.4526312032506 1
87 400 54.7918762523617 1
87 500 46.7178639149529 1
87 700 42.9863566105745 1
87 1000 31.2779509940009 1
88 0 101.42612469212 1
88 200 93.1823850168382 1
88 400 54.9844124598374 1
88 500 36.7333258834881 1
88 700 42.8231625447247 1
88 1000 48.7222294252493 1
89 0 146.477252915519 1
89 200 85.7563258763785 1
89 400 74.6863662580688 1
89 500 61.985223501955 1
89 700 36.5384371143052 1
89 1000 38.4160947771249 1
90 0 111.863022506259 1
90 200 91.8875822924714 1
90 400 54.5679416511932 1
90 500 52.3868166229014 1
90 700 31.7045387748904 1
90 1000 51.854150117422 1
91 0 100.008973969527 1
91 200 71.5277993896141 1
91 400 72.1074573160995 1
91 500 61.5950996422688 1
91 700 60.0739359307552 1
91 1000 42.7426604301938 1
92 0 111.911601505775 1
92 200 97.4237759345865 1
92 400 61.1710659709283 1
92 500 63.6578329133565 1
92 700 64.0306307185077 1
92 1000 33.6747862223061 1
93 0 77.8606831906098 1
93 200 62.3529375691081 1
93 400 28.8754298673686 1
93 500 44.8445343001694 1
93 700 36.1915683630474 1
93 1000 36.2416180724582 1
94 0 99.2979098763559 1
94 200 96.6319732539025 1
94 400 67.1163352225206 1
94 500 67.7185529657396 1
94 700 39.2318430071727 1
94 1000 27.6853299175931 1
95 0 93.9463089206619 1
95 200 59.9670621193872 1
95 400 47.5114325616759 1
95 500 47.1192822209775 1
95 700 51.3081075557511 1
95 1000 34.0552463084973 1
96 0 88.0890406781692 1
96 200 67.1634024279422 1
96 400 35.090421019604 1
96 500 44.5316336953254 1
96 700 55.1501094436812 1
96 1000 31.499480535027 1
97 0 90.5763343051045 1
97 200 85.7307464687862 1
97 400 52.9702077854684 1
97 500 34.9180330701398 1
97 700 46.3592113518637 1
97 1000 38.8790066754315 1
98 0 60.490347602857 1
98 200 75.2024837412404 1
98 400 77.6815519591604 1
98 500 56.2319943220769 1
98 700 49.0264700858256 1
98 1000 19.9163692869079 1
99 0 114.356290774181 1
99 200 99.1509258051044 1
99 400 65.4437993105852 1
99 500 36.8225488198373 1
99 700 45.0143326561246 1
99 1000 27.725693025771 1
100 0 85.9093257349527 1
100 200 59.3738524572871 1
100 400 44.1646528435906 1
100 500 56.6141619869991 1
100 700 40.4536239437052 1
100 1000 40.8934599278467 1
