id dose eff group
1 0 99.5673542515025 0
1 200 82.0653687975597 0
1 400 112.074843226556 0
1 500 91.3322445254855 0
1 700 73.7438841050325 0
1 1000 49.844658613244 0
2 0 101.701533473576 0
2 200 74.9470977010089 0
2 400 78.7107460040986 0
2 500 64.6161175668704 0
2 700 36.003437343332 0
2 1000 36.8502705495288 0
3 0 103.645853404136 0
3 200 82.8405428353688 0
3 400 30.7906439823333 0
3 500 62.136990175176 0
3 700 21.3499025338932 0
3 1000 39.1205982253584 0
4 0 90.4313969646282 0
4 200 115.193647018389 0
4 400 80.8794393242209 0
4 500 59.9128932103597 0
4 700 27.6740322974011 0
4 1000 37.7099950140259 0
5 0 99.4885843668821 0
5 200 70.7662678520931 0
5 400 62.5227630801999 0
5 500 71.6018460671168 0
5 700 42.3571396584618 0
5 1000 31.3522963348499 0
6 0 89.3837998617824 0
6 200 64.6267988057774 0
6 400 52.5791989166412 0
6 500 51.9163367750158 0
6 700 32.2937628195675 0
6 1000 32.580513045168 0
7 0 103.936143898571 0
7 200 122.972722812232 0
7 400 67.5419407494295 0
7 500 104.357239313784 0
7 700 85.6128274717417 0
7 1000 62.4325131555169 0
8 0 99.6559624578168 0
8 200 47.1007739138359 0
8 400 71.6440763599389 0
8 500 103.098247664942 0
8 700 85.746314089762 0
8 1000 78.8996670148461 0
9 0 103.163635716698 0
9 200 96.0441207655766 0
9 400 48.8869315479894 0
9 500 58.3233689483956 0
9 700 46.4224747133785 0
9 1000 42.1508904568413 0
10 0 101.668280802435 0
10 200 99.2268123907422 0
10 400 67.6696928541046 0
10 500 71.8532466018621 0
10 700 53.770820214023 0
10 1000 28.4031059944436 0
11 0 140.082728029437 0
11 200 88.5585339252918 0
11 400 89.8789216513822 0
11 500 71.1275429584456 0
11 700 60.2559258953927 0
11 1000 43.8492484954516 0
12 0 106.482112293141 0
12 200 102.745264237646 0
12 400 64.7066236102244 0
12 500 87.0059400325556 0
12 700 45.7494418679475 0
12 1000 43.5492816184239 0
13 0 93.741705170074 0
13 200 97.5804061654696 0
13 400 64.0906174051171 0
13 500 65.4087907190634 0
13 700 46.9526129746474 0
13 1000 40.6320492103624 0
14 0 144.186713865491 0
14 200 85.9922721940001 0
14 400 103.218883471334 0
14 500 100.378721379533 0
14 700 85.9606345806963 0
14 1000 52.0707725157434 0
15 0 64.7923971609365 0
15 200 52.6170347815624 0
15 400 71.6072521491019 0
15 500 74.0343927766795 0
15 700 49.8786983455064 0
15 1000 47.7710312252465 0
16 0 141.78031887574 0
16 200 102.631750159628 0
16 400 112.336965510034 0
16 500 101.476214547969 0
16 700 78.6424296321523 0
16 1000 81.0605959159274 0
17 0 153.746124261446 0
17 200 104.257459823194 0
17 400 99.4123511852516 0
17 500 73.1434295150524 0
17 700 75.2251167874678 0
17 1000 68.2247140151744 0
18 0 103.968434796731 0
18 200 88.7801764226 0
18 400 94.2115043223533 0
18 500 80.578344246213 0
18 700 54.3739507795219 0
18 1000 56.7508118633911 0
19 0 64.4583156075504 0
19 200 90.7119695582088 0
19 400 61.0659142046662 0
19 500 62.6445956678206 0
19 700 61.5081498511987 0
19 1000 51.1561393599174 0
20 0 108.617400239802 0
20 200 75.447399269069 0
20 400 45.3979348670901 0
20 500 62.534101633262 0
20 700 34.5098704778165 0
20 1000 25.9439156832136 0
21 0 152.134287258737 0
21 200 82.5913852241565 0
21 400 146.128629241911 0
21 500 113.607603027754 0
21 700 104.306117533284 0
21 1000 68.0631564816409 0
22 0 38.1572585343001 0
22 200 91.1954373798003 0
22 400 57.168416358072 0
22 500 61.8230504228039 0
22 700 44.810152547279 0
22 1000 52.0324467662659 0
23 0 75.5570203253005 0
23 200 70.0465595193048 0
23 400 85.7836253382221 0
23 500 91.0329547845836 0
23 700 44.9059592078832 0
23 1000 25.5722058863174 0
24 0 67.3877316642501 0
24 200 91.4687978261279 0
24 400 76.3097035738787 0
24 500 80.7546143860248 0
24 700 28.714178242138 0
24 1000 37.5009826774174 0
25 0 100.201244376798 0
25 200 112.111010638762 0
25 400 50.6466473777117 0
25 500 68.4043441166528 0
25 700 41.6811406869836 0
25 1000 47.7051646150318 0
26 0 104.783178252188 0
26 200 73.3951068739406 0
26 400 49.0481874141605 0
26 500 50.7448630537914 0
26 700 48.1533925027455 0
26 1000 35.1224546431938 0
27 0 159.317447529941 0
27 200 110.175551552771 0
27 400 80.4150542840954 0
27 500 84.5281499248181 0
27 700 66.4438368824642 0
27 1000 42.3350702572743 0
28 0 108.822574968768 0
28 200 58.9479370478279 0
28 400 79.9518614613066 0
28 500 46.3815596240657 0
28 700 64.9880205721945 0
28 1000 36.3736961805309 0
29 0 81.6758716273832 0
29 200 81.5660759791277 0
29 400 79.3166403881813 0
29 500 69.3525555063397 0
29 700 45.8463041316858 0
29 1000 42.8013819475185 0
30 0 75.809065151108 0
30 200 74.6399471590528 0
30 400 72.1713640630587 0
30 500 47.6770610219292 0
30 700 55.1930841476982 0
30 1000 47.0253579868668 0
31 0 60.5455329776166 0
31 200 85.4462580282485 0
31 400 55.6506517519749 0
31 500 61.9261138258673 0
31 700 37.099179851499 0
31 1000 36.8565080267352 0
32 0 135.18978743263 0
32 200 49.9504035708125 0
32 400 89.4097094902428 0
32 500 88.7150597306951 0
32 700 116.909444276882 0
32 1000 49.9120361862453 0
33 0 70.636993994588 0
33 200 64.2575112551928 0
33 400 64.6924774860797 0
33 500 68.8623148778225 0
33 700 38.0616999095397 0
33 1000 35.8214748618216 0
34 0 110.930326317281 0
34 200 90.6718623420092 0
34 400 39.2989208676126 0
34 500 76.0166286791238 0
34 700 44.6136073063513 0
34 1000 40.2504023422981 0
35 0 96.5940200499237 0
35 200 82.9742161816001 0
35 400 61.7924143271337 0
35 500 64.3970559868378 0
35 700 57.9938109033356 0
35 1000 38.0309045257269 0
36 0 120.886299661509 0
36 200 60.2663241590688 0
36 400 46.687869006637 0
36 500 41.4022863303457 0
36 700 41.011640200576 0
36 1000 30.8998966486987 0
37 0 108.480833524595 0
37 200 69.7637522948717 0
37 400 77.0877029227724 0
37 500 61.2567498989329 0
37 700 30.8437289674576 0
37 1000 51.8226113845819 0
38 0 98.0639600488462 0
38 200 67.6181560068371 0
38 400 72.7443558895815 0
38 500 71.0303356750775 0
38 700 77.577989627424 0
38 1000 48.9083834994381 0
39 0 99.2420052268413 0
39 200 107.166312660375 0
39 400 84.5118501113956 0
39 500 67.4714991440723 0
39 700 34.4801836815097 0
39 1000 48.0577780593954 0
40 0 59.9209127177505 0
40 200 82.1126375945992 0
40 400 90.1530923447493 0
40 500 54.2905950378407 0
40 700 47.9620879460297 0
40 1000 37.7743955056547 0
41 0 113.342601059775 0
41 200 73.8902665114393 0
41 400 58.5493362612102 0
41 500 51.1755858136116 0
41 700 45.5355559420931 0
41 1000 41.7418908759739 0
42 0 79.3039808178372 0
42 200 37.2784951900516 0
42 400 63.7975950956452 0
42 500 68.268466595419 0
42 700 44.155528231752 0
42 1000 30.0195726917803 0
43 0 109.665463189511 0
43 200 31.7782015477275 0
43 400 46.5325007441385 0
43 500 32.6407978264308 0
43 700 29.5999681949081 0
43 1000 23.5690004720913 0
44 0 90.0055167969124 0
44 200 71.6108348940743 0
44 400 83.0248707377609 0
44 500 57.8749391779052 0
44 700 45.3088362670763 0
44 1000 51.8806312112903 0
45 0 69.2532985242985 0
45 200 78.3585704118021 0
45 400 54.2706709412742 0
45 500 33.4222446594141 0
45 700 21.0391379937683 0
45 1000 26.5757998457033 0
46 0 111.403885393877 0
46 200 88.8366805690711 0
46 400 64.8685616993507 0
46 500 87.5803447151632 0
46 700 72.9707597617007 0
46 1000 43.480147282287 0
47 0 80.0514566858911 0
47 200 120.139021919378 0
47 400 75.6391708593198 0
47 500 68.9093555288405 0
47 700 52.1557954842224 0
47 1000 34.4228210029353 0
48 0 97.7030876623885 0
48 200 102.205233126438 0
48 400 56.021821351105 0
48 500 62.2171665290047 0
48 700 42.511551613159 0
48 1000 54.4912202879813 0
49 0 70.825258025727 0
49 200 44.5585157878026 0
49 400 72.6327421919808 0
49 500 52.5285758500809 0
49 700 45.3352856323234 0
49 1000 41.7945408823871 0
50 0 91.0431339687087 0
50 200 126.025015121619 0
50 400 100.611378886833 0
50 500 87.8441325890479 0
50 700 43.9026257326354 0
50 1000 50.4033981717551 0
51 0 105.140788289563 1
51 200 80.2511636681122 1
51 400 52.0953634624847 1
51 500 55.1168369086191 1
51 700 34.9949431816486 1
51 1000 47.5307016625556 1
52 0 122.573538274467 1
52 200 77.1656261503279 1
52 400 63.3290351278869 1
52 500 38.9492589736123 1
52 700 66.5350670124399 1
52 1000 36.4032300300044 1
53 0 84.0935917405576 1
53 200 54.3719556948847 1
53 400 42.0418082094974 1
53 500 39.9582642855784 1
53 700 20.611711114592 1
53 1000 24.7449779993228 1
54 0 75.2850036644007 1
54 200 70.9998557007672 1
54 400 61.5281946033654 1
54 500 53.0921888082018 1
54 700 46.0121839141039 1
54 1000 32.4830611584915 1
55 0 94.8862694779064 1
55 200 115.335877593407 1
55 400 80.1570228798372 1
55 500 71.2848124627636 1
55 700 29.2170501727218 1
55 1000 60.8928613228283 1
56 0 86.2065077439145 1
56 200 85.9705492978148 1
56 400 60.3994574647287 1
56 500 61.2698971922237 1
56 700 48.0396851739382 1
56 1000 46.0367046863931 1
57 0 78.0434501379352 1
57 200 72.358545233274 1
57 400 55.769314219757 1
57 500 49.7799152357071 1
57 700 32.6866763633916 1
57 1000 35.3058032672529 1
58 0 90.4108303076524 1
58 200 86.9190339987848 1
58 400 62.8643978638328 1
58 500 28.202424233636 1
58 700 40.2544810652274 1
58 1000 49.5462920042683 1
59 0 84.2701545792395 1
59 200 75.7532344061345 1
59 400 79.9534135487034 1
59 500 43.338336590106 1
59 700 41.7150366184547 1
59 1000 28.0854924369747 1
60 0 115.717253677701 1
60 200 64.5926800176452 1
60 400 60.2648005532045 1
60 500 44.7037418517436 1
60 700 30.4072945980702 1
60 1000 34.3935008960228 1
61 0 113.979630557438 1
61 200 114.686337194078 1
61 400 72.1751351986602 1
61 500 39.6648787467464 1
61 700 44.5861596389523 1
61 1000 24.9571535805639 1
62 0 75.3269485878645 1
62 200 78.1333673136775 1
62 400 54.129857777335 1
62 500 57.2191751289129 1
62 700 34.4701274917252 1
62 1000 55.2172762148395 1
63 0 76.0490863397511 1
63 200 115.460695187453 1
63 400 61.9208890650285 1
63 500 51.0337973776109 1
63 700 49.4863734178993 1
63 1000 43.984848722715 1
64 0 80.9898714048089 1
64 200 48.3156745974403 1
64 400 48.7846585915705 1
64 500 42.6139010017883 1
64 700 34.3072628030475 1
64 1000 28.8194210424116 1
65 0 90.3551179443004 1
65 200 65.9667114677209 1
65 400 19.2164095331554 1
65 500 33.3613373724998 1
65 700 25.8125556031746 1
65 1000 17.267389943078 1
66 0 98.3165995376549 1
66 200 107.546884418609 1
66 400 53.4469769591343 1
66 500 34.3030696149893 1
66 700 26.9659424980371 1
66 1000 29.3485062658586 1
67 0 77.5423270811723 1
67 200 76.9994503291216 1
67 400 56.0170096621879 1
67 500 43.9059183646164 1
67 700 27.946439848438 1
67 1000 43.8062344349299 1
68 0 82.3720965504334 1
68 200 95.1129357364841 1
68 400 54.5446354318812 1
68 500 58.7198283603986 1
68 700 35.8920784366141 1
68 1000 39.4052149010775 1
69 0 81.1262799102732 1
69 200 108.55806813827 1
69 400 76.5680505336277 1
69 500 68.6785419055918 1
69 700 35.2672153857051 1
69 1000 34.22279683547 1
70 0 121.568908675236 1
70 200 83.348369485987 1
70 400 60.1704862080104 1
70 500 71.7978600917453 1
70 700 37.9386111843128 1
70 1000 49.8462450058456 1
71 0 127.322023835705 1
71 200 70.0731252874686 1
71 400 56.027675117509 1
71 500 47.8913506200926 1
71 700 36.8384548201129 1
71 1000 31.5724683352282 1
72 0 97.1845160773101 1
72 200 82.3194420245345 1
72 400 60.0156898870206 1
72 500 60.9451847758743 1
72 700 48.5718092490221 1
72 1000 44.7564344823851 1
73 0 91.5998561710297 1
73 200 73.4398217401562 1
73 400 46.0544022285424 1
73 500 45.1187180502996 1
73 700 35.5202814606943 1
73 1000 36.1010179452021 1
74 0 94.6534483810501 1
74 200 62.8236682486067 1
74 400 58.7443322167793 1
74 500 37.1057256435494 1
74 700 35.7965240912009 1
74 1000 36.7915957496955 1
75 0 97.7940182464989 1
75 200 78.7718696978129 1
75 400 48.0915295750276 1
75 500 39.8765789518152 1
75 700 45.7837851334632 1
75 1000 42.7925109531498 1
76 0 90.3628988408886 1
76 200 77.4026770290646 1
76 400 73.4520232484849 1
76 500 48.9085123748251 1
76 700 50.8211466135189 1
76 1000 38.8617598524353 1
77 0 122.659067424686 1
77 200 54.436498623041 1
77 400 57.2178695541435 1
77 500 50.484190871871 1
77 700 31.0288125026304 1
77 1000 20.6287641556713 1
78 0 47.5001322202395 1
78 200 59.2858495647343 1
78 400 45.0567969597797 1
78 500 46.1942942413749 1
78 700 34.7857337451466 1
78 1000 34.5722536916465 1
79 0 92.9923791803289 1
79 200 66.3750196702872 1
79 400 26.4540970763921 1
79 500 38.0393225944293 1
79 700 24.2507127615755 1
79 1000 37.4628054278078 1
80 0 145.733645357389 1
80 200 81.4198877927836 1
80 400 50.8469796844224 1
80 500 43.6483865796901 1
80 700 38.8655495440506 1
80 1000 33.6977858614037 1
81 0 73.0894298976618 1
81 200 47.3847300957804 1
81 400 46.7771269289643 1
81 500 38.9431879898912 1
81 700 29.1614268528682 1
81 1000 43.7259223741026 1
82 0 107.462640217566 1
82 200 70.9447028811275 1
82 400 53.3194460795166 1
82 500 44.414519340434 1
82 700 46.905273305624 1
82 1000 43.5167442429174 1
83 0 86.7367389466268 1
83 200 48.6025585130487 1
83 400 55.909664784339 1
83 500 39.6281459926198 1
83 700 29.7471459878861 1
83 1000 33.8544292799052 1
84 0 105.750043548078 1
84 200 61.0466778021225 1
84 400 51.2431331175137 1
84 500 38.8287586057562 1
84 700 38.5853573430464 1
84 1000 38.5205452441614 1
85 0 87.9548752105743 1
85 200 74.8324027882388 1
85 400 51.9600415876242 1
85 500 45.1172793321688 1
85 700 47.6069699174206 1
85 1000 24.8278698320656 1
86 0 120.474521291761 1
86 200 53.887878437958 1
86 400 62.4875870520254 1
86 500 46.6182530717155 1
86 700 50.4774346059057 1
86 1000 26.9292711170183 1
87 0 88.0378064429691 1
87 200 66.1870720676611 1
87 400 45.3918822891019 1
87 500 64.4783893656692 1
87 700 42.6124925947801 1
87 1000 28.8640748558046 1
88 0 37.3846038957352 1
88 200 51.4863182336011 1
88 400 48.3631001702854 1
88 500 24.3222617935612 1
88 700 28.0210198252767 1
88 1000 31.9589892662132 1
89 0 107.587171294325 1
89 200 74.1033641541969 1
89 400 51.1800306099729 1
89 500 51.4670813672517 1
89 700 36.6770950034567 1
89 1000 30.9770502023042 1
90 0 72.4010466759299 1
90 200 66.7319070133864 1
90 400 26.6162871416154 1
90 500 33.2776208076089 1
90 700 23.6101260263731 1
90 1000 32.5139012063884 1
91 0 121.154428044025 1
91 200 77.6884728625988 1
91 400 63.072819301231 1
91 500 79.6836611060019 1
91 700 66.6587693723903 1
91 1000 42.2033735489868 1
92 0 78.2249423450352 1
92 200 60.91553131723 1
92 400 63.0762366854146 1
92 500 55.4849499398273 1
92 700 37.9787202998839 1
92 1000 22.5152854167001 1
93 0 102.348724996751 1
93 200 53.4113924255428 1
93 400 34.1678601644472 1
93 500 45.5339818820323 1
93 700 32.1055973007017 1
93 1000 21.4335056065293 1
94 0 82.4838978082715 1
94 200 58.2117183532892 1
94 400 53.6354397734086 1
94 500 47.4536026375652 1
94 700 44.3823694655836 1
94 1000 42.0206049874662 1
95 0 103.260617647138 1
95 200 75.1717891166136 1
95 400 60.104099121259 1
95 500 38.8101796504963 1
95 700 30.4993234892261 1
95 1000 30.8946283577753 1
96 0 84.3535029897009 1
96 200 54.7098919062581 1
96 400 44.3973339595395 1
96 500 56.4217608484832 1
96 700 45.3800670585088 1
96 1000 40.8441068501127 1
97 0 110.371677199853 1
97 200 75.8943816914277 1
97 400 72.5448165640205 1
97 500 55.4362671322617 1
97 700 38.4392547165171 1
97 1000 34.3550859828117 1
98 0 95.1219537890462 1
98 200 97.3869966581054 1
98 400 70.7427157670272 1
98 500 52.9134334274625 1
98 700 48.7039591037544 1
98 1000 46.5771820508128 1
99 0 89.734495419213 1
99 200 78.2560226441435 1
99 400 49.1644942209789 1
99 500 39.697003815134 1
99 700 54.4716797450592 1
99 1000 34.6441064185044 1
100 0 141.326866039628 1
100 200 86.7678844378647 1
100 400 52.1062588173738 1
100 500 93.5924169242276 1
100 700 65.1710658309009 1
100 1000 37.306300188482 1
