id dose eff group
1 0 113.669625193885 0
1 200 94.3301175944886 0
1 400 60.0950887478604 0
1 500 71.7522784321429 0
1 700 28.1163328204893 0
1 1000 45.6552653497482 0
2 0 143.398322356409 0
2 200 93.9679466189877 0
2 400 85.013602780555 0
2 500 63.123902086311 0
2 700 39.2668187873615 0
2 1000 52.9979025850162 0
3 0 100.249587241195 0
3 200 53.9951907487353 0
3 400 50.8052138345512 0
3 500 70.198979937963 0
3 700 42.7276105588682 0
3 1000 53.7523603010443 0
4 0 129.089760317646 0
4 200 97.3454087111696 0
4 400 87.4528592080432 0
4 500 101.098966710689 0
4 700 70.7720600846958 0
4 1000 71.0543465183777 0
5 0 108.886371318576 0
5 200 73.0075794403807 0
5 400 51.8067034864549 0
5 500 35.3222921268875 0
5 700 41.0916958401664 0
5 1000 38.4884143092878 0
6 0 73.6739775989184 0
6 200 54.6971837236249 0
6 400 59.7065059123449 0
6 500 46.8992681867821 0
6 700 26.3183565990992 0
6 1000 21.8133520553785 0
7 0 105.761492869487 0
7 200 89.5788573153264 0
7 400 73.8207970923832 0
7 500 74.74963545676 0
7 700 53.4426877969593 0
7 1000 54.16968723705 0
8 0 93.8473372801626 0
8 200 112.38887293837 0
8 400 98.8676298438105 0
8 500 84.6491313650723 0
8 700 59.950206897487 0
8 1000 43.3605595820018 0
9 0 69.5532866874316 0
9 200 92.3720242028523 0
9 400 49.1473021754995 0
9 500 52.3524171783355 0
9 700 35.2761145851575 0
9 1000 35.7494534990312 0
10 0 110.958998115797 0
10 200 134.563087629296 0
10 400 77.032738572149 0
10 500 62.4284908377967 0
10 700 70.2027402528073 0
10 1000 57.3774702059413 0
11 0 93.7312047250196 0
11 200 81.1359158408122 0
11 400 74.7012812740164 0
11 500 56.1330029136549 0
11 700 37.8317631260668 0
11 1000 35.5772200646209 0
12 0 110.629865720341 0
12 200 92.0988116167127 0
12 400 79.2659945159165 0
12 500 53.9599202979397 0
12 700 67.1038376320342 0
12 1000 37.1313065119679 0
13 0 125.576315219314 0
13 200 96.6975096094919 0
13 400 47.0651416976728 0
13 500 36.5826391935619 0
13 700 54.6190986228955 0
13 1000 42.1894651921891 0
14 0 86.2185274865905 0
14 200 112.063257640821 0
14 400 63.275081454007 0
14 500 45.5905589244387 0
14 700 63.9282317726511 0
14 1000 54.7488722431136 0
15 0 80.4284591220117 0
15 200 107.561288299547 0
15 400 100.907577194015 0
15 500 71.897716304977 0
15 700 46.0313239221002 0
15 1000 54.0221616685631 0
16 0 109.545378158512 0
16 200 84.0061650057009 0
16 400 54.5850563650604 0
16 500 47.7591581852515 0
16 700 44.6827984029968 0
16 1000 26.1984998549175 0
17 0 83.687630394451 0
17 200 105.816932168867 0
17 400 45.5839674879878 0
17 500 43.3250438999583 0
17 700 50.054430456837 0
17 1000 20.4579838748202 0
18 0 78.929698644516 0
18 200 74.1516365039522 0
18 400 50.062585827494 0
18 500 57.702462092105 0
18 700 37.903433743402 0
18 1000 27.5157181992373 0
19 0 123.315399073807 0
19 200 88.4737392272447 0
19 400 70.2586122607938 0
19 500 62.2936423343193 0
19 700 56.2641195072452 0
19 1000 42.9142260228235 0
20 0 107.052987640031 0
20 200 74.3454360391307 0
20 400 98.4106419980595 0
20 500 95.7450250314655 0
20 700 54.7112367348369 0
20 1000 38.1324775453168 0
21 0 116.651366911664 0
21 200 73.8824380877626 0
21 400 82.7475921403388 0
21 500 45.1429894416943 0
21 700 46.4675318930526 0
21 1000 31.5770589146739 0
22 0 120.328569445341 0
22 200 59.3740943774439 0
22 400 90.5333214368443 0
22 500 62.8668044207727 0
22 700 85.1406799281539 0
22 1000 48.7607635178183 0
23 0 74.2589051651839 0
23 200 100.07907087811 0
23 400 60.8064068131432 0
23 500 64.359959428893 0
23 700 54.6098835345865 0
23 1000 42.3505683033505 0
24 0 122.032841472594 0
24 200 72.755767904694 0
24 400 74.8702573785953 0
24 500 83.3988503309061 0
24 700 47.4201389607171 0
24 1000 52.0260963649714 0
25 0 138.98992277641 0
25 200 89.0558367364039 0
25 400 73.6980507744118 0
25 500 56.5158065479602 0
25 700 55.1529199591597 0
25 1000 40.8314852556134 0
26 0 99.5186996105309 0
26 200 122.510025335418 0
26 400 67.8835307352982 0
26 500 83.2190870602628 0
26 700 43.9623876117779 0
26 1000 53.0657839589957 0
27 0 66.684612314661 0
27 200 108.830842065761 0
27 400 86.3805383853984 0
27 500 88.2738138958422 0
27 700 50.4751883928611 0
27 1000 46.7869649987775 0
28 0 123.11341285629 0
28 200 94.4372998921875 0
28 400 108.372525904074 0
28 500 60.1216805707354 0
28 700 38.5587469603649 0
28 1000 49.1254778911034 0
29 0 95.7654661298363 0
29 200 83.762312705361 0
29 400 81.7926248637511 0
29 500 45.1611061166993 0
29 700 33.6049143701294 0
29 1000 21.2535085367663 0
30 0 171.608525619132 0
30 200 121.968263754588 0
30 400 60.0191188070352 0
30 500 72.1810338926084 0
30 700 45.4589056592298 0
30 1000 48.7138058002312 0
31 0 88.4961837587392 0
31 200 77.4334206236935 0
31 400 112.981295668258 0
31 500 72.6849451874343 0
31 700 71.2829548197481 0
31 1000 59.3427819528676 0
32 0 98.7693017325479 0
32 200 73.5538159268774 0
32 400 82.075713238633 0
32 500 58.1219523051957 0
32 700 40.6144406170279 0
32 1000 32.5424501984181 0
33 0 76.0392347477069 0
33 200 79.9629821466032 0
33 400 53.558540596112 0
33 500 39.023803820603 0
33 700 40.1445038546947 0
33 1000 25.1704512362683 0
34 0 110.99615730116 0
34 200 94.4494857525161 0
34 400 81.318474338942 0
34 500 80.4267374397907 0
34 700 77.3186270524031 0
34 1000 50.6014155622545 0
35 0 133.035935242151 0
35 200 105.686079714431 0
35 400 82.1451816927723 0
35 500 97.8217401701294 0
35 700 66.4340730930702 0
35 1000 55.8689646262022 0
36 0 100.598415166288 0
36 200 110.016163476435 0
36 400 58.4930142167372 0
36 500 47.3822323420817 0
36 700 29.7629021924611 0
36 1000 46.1325748510116 0
37 0 127.349049431556 0
37 200 74.2151995664134 0
37 400 81.7825749982213 0
37 500 67.7565904156251 0
37 700 53.4798404984488 0
37 1000 36.6013161201271 0
38 0 69.9919000897101 0
38 200 104.849707411936 0
38 400 75.7384805536748 0
38 500 79.0651477069163 0
38 700 43.5274474595464 0
38 1000 49.644313287305 0
39 0 131.218539647263 0
39 200 93.3646334274042 0
39 400 78.6157679387244 0
39 500 72.7008523410912 0
39 700 49.7955478524877 0
39 1000 53.0154532718007 0
40 0 65.1322922609918 0
40 200 85.7786993401552 0
40 400 93.7702940518243 0
40 500 66.6069654612629 0
40 700 70.9200636695171 0
40 1000 45.4638879185306 0
41 0 95.4082329551299 0
41 200 83.1154640910005 0
41 400 47.3964900315607 0
41 500 70.8105464353512 0
41 700 43.5136294803406 0
41 1000 46.4247899039232 0
42 0 67.1375877622677 0
42 200 81.8118307167716 0
42 400 71.9571478315421 0
42 500 68.1420214391956 0
42 700 47.7519273726562 0
42 1000 47.3358367629069 0
43 0 84.7790687806326 0
43 200 67.6776294215737 0
43 400 60.1944578724496 0
43 500 37.7905946206835 0
43 700 43.1479927899595 0
43 1000 35.036774718963 0
44 0 146.166693529715 0
44 200 117.041504992229 0
44 400 67.9538124160918 0
44 500 76.212361566077 0
44 700 61.6783296867069 0
44 1000 62.4540007461591 0
45 0 120.165538589447 0
45 200 68.4629142018042 0
45 400 67.6164390580357 0
45 500 54.3528414159782 0
45 700 43.4346016890975 0
45 1000 44.4358688340462 0
46 0 96.1756416040497 0
46 200 85.5849542224715 0
46 400 69.5523929078444 0
46 500 42.9900986845484 0
46 700 53.7544539917883 0
46 1000 27.2983925222965 0
47 0 90.7262572467188 0
47 200 82.5810524504475 0
47 400 37.4271499779886 0
47 500 48.796007398403 0
47 700 43.2774216776964 0
47 1000 37.5830060794129 0
48 0 94.8265503624352 0
48 200 76.213967240282 0
48 400 68.8544367964867 0
48 500 72.0400492218236 0
48 700 70.3296393020065 0
48 1000 54.068932903262 0
49 0 74.7422648422646 0
49 200 74.9121017880511 0
49 400 69.739759114342 0
49 500 52.1003675233258 0
49 700 48.3096647313312 0
49 1000 33.7917382726422 0
50 0 150.471167297799 0
50 200 112.715530260455 0
50 400 74.7829556357002 0
50 500 79.8669732459992 0
50 700 58.6560723624482 0
50 1000 55.6897586592017 0
51 0 110.735158966142 1
51 200 84.4732881867543 1
51 400 53.9277944839307 1
51 500 50.7272386644941 1
51 700 23.401716084966 1
51 1000 24.6446020557436 1
52 0 106.498474282637 1
52 200 69.1342772246525 1
52 400 53.1399890355842 1
52 500 35.7687970129565 1
52 700 30.9294350308767 1
52 1000 39.731873052789 1
53 0 99.5995693568975 1
53 200 62.6130658053844 1
53 400 55.3895748956153 1
53 500 25.5851259367348 1
53 700 60.0405563725353 1
53 1000 34.9896546264265 1
54 0 108.356189475583 1
54 200 58.0717261191529 1
54 400 58.4346219636334 1
54 500 45.5699815867637 1
54 700 44.2137876055406 1
54 1000 36.0934561971115 1
55 0 95.5188008500926 1
55 200 90.8625136990971 1
55 400 49.129594357023 1
55 500 41.5291813891831 1
55 700 42.5962152077729 1
55 1000 44.0128336542374 1
56 0 134.958997523943 1
56 200 67.9661609722752 1
56 400 45.5508305121271 1
56 500 38.4224295084418 1
56 700 39.4538252937876 1
56 1000 31.8407214934441 1
57 0 74.2926646135994 1
57 200 87.7124056989832 1
57 400 53.210708885633 1
57 500 39.8438526073595 1
57 700 30.7618138847571 1
57 1000 40.3875057030922 1
58 0 61.7568680708911 1
58 200 90.7414809581964 1
58 400 76.5448749032462 1
58 500 41.2229981209425 1
58 700 50.3152034503026 1
58 1000 31.9574463346492 1
59 0 72.240242366138 1
59 200 65.0982225004656 1
59 400 55.586531638131 1
59 500 59.0220168098786 1
59 700 34.7496826560352 1
59 1000 34.8569978965026 1
60 0 82.3125762309401 1
60 200 58.7796806590233 1
60 400 50.5628574508151 1
60 500 49.1143758700602 1
60 700 42.5097197474864 1
60 1000 36.8539560537832 1
61 0 115.938112944021 1
61 200 97.7359605583713 1
61 400 77.1424520512867 1
61 500 71.7547084596703 1
61 700 38.2439672475561 1
61 1000 42.2337603726732 1
62 0 71.4636792566492 1
62 200 93.8342029918735 1
62 400 83.3238725363941 1
62 500 45.1191062579052 1
62 700 52.828862362193 1
62 1000 36.1596532629723 1
63 0 106.54471394478 1
63 200 56.2959618968191 1
63 400 62.0746692544706 1
63 500 57.4253623659244 1
63 700 44.8177188509432 1
63 1000 43.9353748601199 1
64 0 74.2006863478939 1
64 200 99.1771367845005 1
64 400 55.2930702452566 1
64 500 47.4287698417745 1
64 700 47.9405417659922 1
64 1000 35.2791773700595 1
65 0 116.142283792316 1
65 200 78.8202834078389 1
65 400 47.6406236129169 1
65 500 32.6531586033065 1
65 700 49.9324205431402 1
65 1000 32.1529038715989 1
66 0 86.0332263902034 1
66 200 86.8735110158191 1
66 400 62.7020322728343 1
66 500 51.8133968976947 1
66 700 58.3899321380738 1
66 1000 45.8555574768101 1
67 0 109.637026429395 1
67 200 58.1784524327722 1
67 400 91.4454755688615 1
67 500 58.8012411870885 1
67 700 27.3893619672865 1
67 1000 36.7462360029807 1
68 0 106.190661799999 1
68 200 74.9473914705801 1
68 400 47.5004198371981 1
68 500 47.602957067246 1
68 700 37.2208438060246 1
68 1000 22.3746263870609 1
69 0 81.5974969950494 1
69 200 108.269455284652 1
69 400 53.5198956202857 1
69 500 57.0511796999305 1
69 700 64.1484389506097 1
69 1000 41.0198292630293 1
70 0 85.8896321156 1
70 200 51.3117608131717 1
70 400 61.6528019323077 1
70 500 41.5079154292353 1
70 700 26.4285714760071 1
70 1000 30.1565823042762 1
71 0 114.342572941255 1
71 200 64.8939362942154 1
71 400 44.5185469899741 1
71 500 39.9790906525163 1
71 700 33.2521397151934 1
71 1000 38.5978639235364 1
72 0 90.2488240518331 1
72 200 86.2082450033902 1
72 400 18.2906542383327 1
72 500 52.1018827067284 1
72 700 54.4030014907536 1
72 1000 20.9723436778112 1
73 0 127.827578201714 1
73 200 111.454736464846 1
73 400 93.9635781659046 1
73 500 79.5809585964577 1
73 700 49.4519884676169 1
73 1000 37.2582040982154 1
74 0 73.3420873251655 1
74 200 68.6805393232628 1
74 400 56.5911264964677 1
74 500 49.2036382657764 1
74 700 33.2861873744157 1
74 1000 41.5611690813764 1
75 0 68.5951328272266 1
75 200 102.961242985705 1
75 400 58.38338384047 1
75 500 44.3974826834734 1
75 700 40.772937412502 1
75 1000 28.3596107439416 1
76 0 123.088997122472 1
76 200 87.8355801373276 1
76 400 63.4058817733454 1
76 500 81.2637493018179 1
76 700 52.2845336274132 1
76 1000 38.381194133265 1
77 0 74.0030177804165 1
77 200 47.1060407119051 1
77 400 61.3126537642055 1
77 500 45.8590024002588 1
77 700 43.4503092842557 1
77 1000 55.0793261502434 1
78 0 126.812649953216 1
78 200 78.7675802466115 1
78 400 44.4245971840963 1
78 500 55.8943034280753 1
78 700 34.492185000875 1
78 1000 54.6606123179955 1
79 0 122.791909653973 1
79 200 61.3933776077458 1
79 400 53.5082086836399 1
79 500 45.6084199080897 1
79 700 34.3541523017618 1
79 1000 28.8746271788635 1
80 0 117.026448203396 1
80 200 80.7700705492677 1
80 400 40.5248443805735 1
80 500 61.5658089318913 1
80 700 45.0473950703694 1
80 1000 45.1663356065619 1
81 0 106.086777345082 1
81 200 102.979805662406 1
81 400 60.7268342364569 1
81 500 71.8731138761632 1
81 700 40.3566649445334 1
81 1000 48.7850551368352 1
82 0 93.1048570802611 1
82 200 54.0723636032724 1
82 400 30.8074139409688 1
82 500 27.2828260275352 1
82 700 28.3005368388101 1
82 1000 36.7334745575267 1
83 0 72.2180386547474 1
83 200 60.8957326524151 1
83 400 50.2790228452647 1
83 500 61.3291324586784 1
83 700 40.0957632601423 1
83 1000 54.3425773564059 1
84 0 172.600172324951 1
84 200 110.249708288594 1
84 400 62.5292240074927 1
84 500 77.1878579096907 1
84 700 62.6560322841913 1
84 1000 47.1900247717453 1
85 0 90.437447646851 1
85 200 85.4366435935858 1
85 400 55.7795346710161 1
85 500 58.890281959365 1
85 700 51.0904190386741 1
85 1000 33.6045910474453 1
86 0 68.9599883972871 1
86 200 81.8658494493949 1
86 400 35.8133262591168 1
86 500 38.8457965699533 1
86 700 37.2769099274158 1
86 1000 27.6728029956306 1
87 0 100.177387564842 1
87 200 72.687910272677 1
87 400 75.5828538815995 1
87 500 77.3550947327041 1
87 700 50.3851735196722 1
87 1000 41.5518947535026 1
88 0 88.5155264317811 1
88 200 56.5047241852376 1
88 400 62.4616279948044 1
88 500 39.4497871025471 1
88 700 46.0386774199012 1
88 1000 36.893361432358 1
89 0 89.0406140631927 1
89 200 81.2452518838072 1
89 400 67.3490005085906 1
89 500 57.7683921684353 1
89 700 57.3591208101502 1
89 1000 37.3645564261228 1
90 0 115.974322784291 1
90 200 101.301849219864 1
90 400 58.7628774962781 1
90 500 60.1193120239856 1
90 700 43.5164133228177 1
90 1000 39.1817953935099 1
91 0 96.0967285921771 1
91 200 87.3558429517607 1
91 400 82.1645004668424 1
91 500 80.9615132405103 1
91 700 52.7722283513987 1
91 1000 56.0685226770402 1
92 0 105.849057229486 1
92 200 89.0537288856638 1
92 400 46.5448496947209 1
92 500 56.8870612758762 1
92 700 54.9233504383393 1
92 1000 25.2073229545417 1
93 0 129.830131389405 1
93 200 101.140386710737 1
93 400 39.5302042849936 1
93 500 47.5795527232731 1
93 700 40.6358496848634 1
93 1000 23.6805315977321 1
94 0 123.757997988442 1
94 200 80.4116875638927 1
94 400 61.7586148513166 1
94 500 26.7064844509212 1
94 700 34.0009058532644 1
94 1000 34.023797681212 1
95 0 101.881996170037 1
95 200 44.3702533021714 1
95 400 51.8066734763016 1
95 500 43.2365640089039 1
95 700 36.2260862319944 1
95 1000 34.3855836070596 1
96 0 78.1149004779618 1
96 200 30.416349213696 1
96 400 30.3707773307927 1
96 500 23.4078882063068 1
96 700 30.4237791850046 1
96 1000 29.6577280199681 1
97 0 104.036507142055 1
97 200 105.316999457228 1
97 400 48.859713128206 1
97 500 36.8176489939726 1
97 700 30.2605565677792 1
97 1000 42.4210110429333 1
98 0 62.9756180079709 1
98 200 69.3603543873344 1
98 400 54.4710172184463 1
98 500 42.7525538404083 1
98 700 32.671105289566 1
98 1000 22.3918404230841 1
99 0 97.1730129772223 1
99 200 62.6652536388444 1
99 400 42.5982935891163 1
99 500 48.9352403557424 1
99 700 44.0322994846823 1
99 1000 31.1343475509393 1
100 0 103.969232729516 1
100 200 102.130582632061 1
100 400 54.8810615972023 1
100 500 45.8834210975492 1
100 700 39.2148588445572 1
100 1000 39.5020836603895 1
