id dose eff group
1 0 113.783271466433 0
1 200 78.8228410108122 0
1 400 81.4969684175234 0
1 500 76.8170504226137 0
1 700 62.4081006825529 0
1 1000 48.0578579051302 0
2 0 93.1675094627909 0
2 200 75.9975433554576 0
2 400 63.3556701972283 0
2 500 51.4809148318465 0
2 700 38.5281195250533 0
2 1000 32.3681991421778 0
3 0 114.682011895453 0
3 200 88.4742347991304 0
3 400 67.9907176287882 0
3 500 74.5889402334489 0
3 700 86.2998110191827 0
3 1000 87.9428772932271 0
4 0 102.319834271032 0
4 200 70.4082999159879 0
4 400 48.6269893234579 0
4 500 54.3565922056852 0
4 700 45.2874131657401 0
4 1000 29.3510707801047 0
5 0 108.092089615942 0
5 200 102.019872352463 0
5 400 74.1148445023955 0
5 500 54.5985647706656 0
5 700 54.7035018453378 0
5 1000 36.207819023349 0
6 0 93.5499780974115 0
6 200 92.7565602503589 0
6 400 41.9820998291114 0
6 500 45.888931411362 0
6 700 47.5854982897531 0
6 1000 43.1838909580218 0
7 0 78.6064360622066 0
7 200 77.5788517329141 0
7 400 31.655471403424 0
7 500 47.3653702579447 0
7 700 52.7953665401651 0
7 1000 38.6049072706139 0
8 0 98.0345827105834 0
8 200 76.9648983794789 0
8 400 70.8072487981643 0
8 500 74.2119338961602 0
8 700 51.8198582500899 0
8 1000 52.4242199871371 0
9 0 118.493262673267 0
9 200 82.8009030381981 0
9 400 73.6376620918848 0
9 500 65.9299931741513 0
9 700 44.6528264072183 0
9 1000 46.1909859540891 0
10 0 107.736629576077 0
10 200 56.7144150199338 0
10 400 53.9655324109342 0
10 500 40.5979775816928 0
10 700 47.3946183658518 0
10 1000 35.1714166348924 0
11 0 99.9057409563606 0
11 200 116.738061082146 0
11 400 73.1126643514348 0
11 500 75.1418114895482 0
11 700 84.9242966907805 0
11 1000 64.782231183062 0
12 0 121.920835271408 0
12 200 136.008955330793 0
12 400 70.9322380277882 0
12 500 88.8450194118736 0
12 700 74.4102792011231 0
12 1000 68.7592623469986 0
13 0 105.97034409083 0
13 200 77.3517638601814 0
13 400 72.8096346897754 0
13 500 75.9012154813223 0
13 700 55.0785863923201 0
13 1000 51.2453350099983 0
14 0 72.2988074220281 0
14 200 82.3650252501806 0
14 400 96.8342132653195 0
14 500 66.503590547148 0
14 700 46.8248069468267 0
14 1000 45.834807025284 0
15 0 135.288340054692 0
15 200 70.1323513292041 0
15 400 66.9253034196937 0
15 500 51.3876919186439 0
15 700 54.3023652497008 0
15 1000 44.9256333952979 0
16 0 129.455414461588 0
16 200 73.7790200988192 0
16 400 82.8408144367563 0
16 500 86.5515200983033 0
16 700 70.2883300332694 0
16 1000 50.8755895169833 0
17 0 116.149955137822 0
17 200 108.114183884386 0
17 400 99.8722955475759 0
17 500 97.6806610509476 0
17 700 50.7499011664132 0
17 1000 37.0740868420324 0
18 0 107.408832088972 0
18 200 81.1869283065759 0
18 400 62.3085004449944 0
18 500 60.1582537110383 0
18 700 35.410167637132 0
18 1000 27.1353276043141 0
19 0 92.3169419442728 0
19 200 50.2259230349866 0
19 400 46.3579263122682 0
19 500 39.2817372442443 0
19 700 41.122322950586 0
19 1000 34.8282234260069 0
20 0 93.4786297150693 0
20 200 76.711774651693 0
20 400 80.916616245633 0
20 500 88.3742817985401 0
20 700 50.9723377799167 0
20 1000 43.9611298531479 0
21 0 70.8118771230827 0
21 200 104.935878117665 0
21 400 48.2197027438489 0
21 500 62.2287828621066 0
21 700 78.3268486506334 0
21 1000 51.9649429927613 0
22 0 101.214008986277 0
22 200 95.9727584148556 0
22 400 79.0989727414971 0
22 500 71.6602698800471 0
22 700 71.0402390492131 0
22 1000 45.205023521084 0
23 0 120.726884606312 0
23 200 90.3813318871234 0
23 400 109.529880096195 0
23 500 135.324712025668 0
23 700 113.878407272224 0
23 1000 48.6874690886462 0
24 0 126.835194529268 0
24 200 104.880408028976 0
24 400 92.2986560032616 0
24 500 56.056309278237 0
24 700 54.4575560709407 0
24 1000 30.5861060003719 0
25 0 109.190367951857 0
25 200 106.240635244995 0
25 400 60.411716753284 0
25 500 67.1032008750689 0
25 700 44.0769907988003 0
25 1000 60.348698449411 0
26 0 109.46142106441 0
26 200 88.4865945794435 0
26 400 80.0398479005205 0
26 500 62.5579042776029 0
26 700 70.5952906424988 0
26 1000 30.9711770889835 0
27 0 99.6456074259351 0
27 200 101.313831866538 0
27 400 68.0496876454516 0
27 500 34.8229573525055 0
27 700 65.1392700314562 0
27 1000 33.1465999337266 0
28 0 86.468258266063 0
28 200 46.7288350456602 0
28 400 69.5190147885107 0
28 500 43.1207231130179 0
28 700 45.3366565505293 0
28 1000 25.846338823334 0
29 0 126.233455822219 0
29 200 105.763145229923 0
29 400 73.0346791691497 0
29 500 71.2933367541403 0
29 700 48.0744203398986 0
29 1000 37.6396854232388 0
30 0 123.649791468107 0
30 200 112.294496739239 0
30 400 62.6166369754635 0
30 500 47.8638549054206 0
30 700 47.3979380357633 0
30 1000 36.8297217815756 0
31 0 115.343740867626 0
31 200 104.003152433027 0
31 400 87.1007363314526 0
31 500 64.271102580957 0
31 700 49.5334371399096 0
31 1000 62.3304241803165 0
32 0 78.8181253050416 0
32 200 67.8875661786544 0
32 400 64.2368567569539 0
32 500 59.8815160247461 0
32 700 50.1334104283327 0
32 1000 45.8615289756678 0
33 0 137.523571519885 0
33 200 113.248624662101 0
33 400 72.6989015074517 0
33 500 64.6519362943674 0
33 700 62.9474386392681 0
33 1000 58.3628338915648 0
34 0 133.609627501397 0
34 200 60.8702821994132 0
34 400 34.2127265830869 0
34 500 40.4491050639362 0
34 700 49.2206042815463 0
34 1000 32.0895656976863 0
35 0 69.7692796480644 0
35 200 75.0809598840703 0
35 400 76.6325726719523 0
35 500 47.5166431147385 0
35 700 53.6806169697752 0
35 1000 38.935072390189 0
36 0 102.688646186348 0
36 200 95.6113082898852 0
36 400 84.7598493727202 0
36 500 55.8691715190493 0
36 700 64.1821755484579 0
36 1000 51.4533952486218 0
37 0 110.746787081745 0
37 200 74.8925680549825 0
37 400 75.2776311035024 0
37 500 71.9868558948704 0
37 700 45.7561102557453 0
37 1000 38.4364352267039 0
38 0 108.792437675264 0
38 200 98.7933275973686 0
38 400 71.9197951807822 0
38 500 64.9054683937705 0
38 700 56.3052946286891 0
38 1000 48.5365848388207 0
39 0 117.067559773798 0
39 200 96.7489290118895 0
39 400 38.5465478435313 0
39 500 60.1236858971285 0
39 700 56.8391097395915 0
39 1000 39.0874949912757 0
40 0 105.370637124217 0
40 200 109.506681124767 0
40 400 63.314305453191 0
40 500 52.896749232353 0
40 700 56.6918839236713 0
40 1000 47.7267975539081 0
41 0 153.896984374868 0
41 200 104.54391171338 0
41 400 95.9049794612642 0
41 500 69.5963220697926 0
41 700 82.6051272743007 0
41 1000 84.5898123366986 0
42 0 171.679239161442 0
42 200 100.440118376051 0
42 400 110.519516650937 0
42 500 84.5108593924549 0
42 700 27.2292430954342 0
42 1000 40.5384642604717 0
43 0 93.5266194603715 0
43 200 79.8053562987671 0
43 400 60.9347941754957 0
43 500 62.9227720859573 0
43 700 41.406250659424 0
43 1000 50.8709292836572 0
44 0 68.1990130690049 0
44 200 73.8943054845365 0
44 400 77.7642174097284 0
44 500 80.5512029938336 0
44 700 32.5616898892348 0
44 1000 44.9215624574091 0
45 0 95.6510542267233 0
45 200 91.840910877557 0
45 400 90.1382571636994 0
45 500 72.5476926540011 0
45 700 47.2262987423258 0
45 1000 50.4447606878208 0
46 0 108.898640448423 0
46 200 88.5970196532392 0
46 400 71.8807485090453 0
46 500 61.2894000493489 0
46 700 51.9075638138954 0
46 1000 36.8393132805627 0
47 0 115.104800339896 0
47 200 99.7976870520668 0
47 400 97.2036156365923 0
47 500 84.4654161515451 0
47 700 87.4635368844862 0
47 1000 60.0773036013457 0
48 0 80.97870447372 0
48 200 72.8129376424429 0
48 400 104.178313547199 0
48 500 101.095473702079 0
48 700 87.5622277084499 0
48 1000 75.3409139921685 0
49 0 139.470502105765 0
49 200 73.7786028691471 0
49 400 64.0077237622889 0
49 500 66.0586981335404 0
49 700 60.3417269689693 0
49 1000 45.7970672658614 0
50 0 103.39537969153 0
50 200 118.399107516102 0
50 400 41.448833917585 0
50 500 66.0166255404091 0
50 700 71.5313529132549 0
50 1000 52.4851312573278 0
51 0 142.011284263401 1
51 200 82.0502946127097 1
51 400 43.156846840087 1
51 500 68.9179760709005 1
51 700 52.7986608153468 1
51 1000 70.5097173308382 1
52 0 79.708693200421 1
52 200 100.703807104274 1
52 400 69.7187130864449 1
52 500 106.004512686082 1
52 700 48.8283150748561 1
52 1000 41.2984498840032 1
53 0 138.248974962995 1
53 200 89.4973015316401 1
53 400 37.0814924952016 1
53 500 61.5652043205374 1
53 700 42.1239274588346 1
53 1000 23.5182494514338 1
54 0 107.196716903032 1
54 200 91.2513042856785 1
54 400 84.3095744344033 1
54 500 40.2186072065424 1
54 700 53.5881041003206 1
54 1000 51.1397461242537 1
55 0 112.247807403835 1
55 200 87.6176416370681 1
55 400 70.7825181192671 1
55 500 48.2160452045569 1
55 700 34.108105635026 1
55 1000 28.3015380704737 1
56 0 130.333242591702 1
56 200 72.717796823588 1
56 400 33.267004095771 1
56 500 38.8096842652124 1
56 700 40.284585145948 1
56 1000 46.6374314439374 1
57 0 112.151476823429 1
57 200 102.466420863945 1
57 400 87.6360004291647 1
57 500 55.3739231654993 1
57 700 60.9597935019409 1
57 1000 46.6114514997867 1
58 0 70.3187531876667 1
58 200 65.9029532302164 1
58 400 37.1872721701147 1
58 500 46.0530925204087 1
58 700 40.8531085003175 1
58 1000 42.7161120999309 1
59 0 100.074704166194 1
59 200 74.5441920849943 1
59 400 62.1191930065149 1
59 500 47.2925132707665 1
59 700 40.0893559578044 1
59 1000 36.0044675910504 1
60 0 127.749684135965 1
60 200 61.9498616202507 1
60 400 55.4582530753895 1
60 500 68.7011937950755 1
60 700 45.8967460223868 1
60 1000 47.4135751290172 1
61 0 127.771837809936 1
61 200 98.529085732904 1
61 400 66.1067779832162 1
61 500 42.3524274614446 1
61 700 20.5513733179473 1
61 1000 23.8524535945466 1
62 0 76.2217282960883 1
62 200 57.6295087031944 1
62 400 28.0673360785806 1
62 500 25.7312429997083 1
62 700 33.7270521101048 1
62 1000 19.8233792192196 1
63 0 118.469931019882 1
63 200 76.3424131007185 1
63 400 58.0361688600819 1
63 500 47.1921306457482 1
63 700 50.1547019540226 1
63 1000 37.0944804398891 1
64 0 110.689490937327 1
64 200 60.8418122575911 1
64 400 34.6469106747178 1
64 500 36.5565674881189 1
64 700 28.2157414362866 1
64 1000 33.481006015161 1
65 0 72.6333484095937 1
65 200 58.0906537359563 1
65 400 55.7254098173608 1
65 500 34.3485185962002 1
65 700 34.6641023618624 1
65 1000 23.1281172185251 1
66 0 104.970506579216 1
66 200 107.105017268406 1
66 400 76.921258874954 1
66 500 89.5198073447456 1
66 700 51.1985531873484 1
66 1000 40.3834060448148 1
67 0 78.7293006413107 1
67 200 63.8153071307937 1
67 400 51.7529065337925 1
67 500 64.8988542504193 1
67 700 53.2876712956899 1
67 1000 50.8602424381821 1
68 0 78.9216620333029 1
68 200 74.3456271190086 1
68 400 35.2904427742857 1
68 500 37.8202210387631 1
68 700 37.5280669057409 1
68 1000 28.5519431126998 1
69 0 75.0199363139341 1
69 200 79.3153190375781 1
69 400 52.7898565407371 1
69 500 39.3450837505978 1
69 700 31.0333080174431 1
69 1000 35.2871184296166 1
70 0 143.743629407937 1
70 200 98.7480988206189 1
70 400 67.6002094869115 1
70 500 30.2339836720937 1
70 700 42.3823150452383 1
70 1000 36.9233864853317 1
71 0 84.456005139512 1
71 200 63.7817613037411 1
71 400 56.2261600094592 1
71 500 67.1722520174582 1
71 700 51.7978976096024 1
71 1000 49.3630803358834 1
72 0 109.472180841615 1
72 200 63.3594752699423 1
72 400 55.6840848558646 1
72 500 42.0430063465679 1
72 700 28.8891760084739 1
72 1000 19.328284406047 1
73 0 135.152800290261 1
73 200 137.000503064842 1
73 400 69.1805474256891 1
73 500 99.6490248733981 1
73 700 44.9252387459665 1
73 1000 26.8464809839457 1
74 0 126.097745376604 1
74 200 73.6678465871738 1
74 400 69.506659961343 1
74 500 60.7942428229944 1
74 700 42.5387440607695 1
74 1000 45.6215786163283 1
75 0 83.7642181738791 1
75 200 67.0887314029721 1
75 400 35.728020404411 1
75 500 44.0603891669653 1
75 700 42.8013121388766 1
75 1000 28.5853141588516 1
76 0 97.2436391817355 1
76 200 64.7535468145324 1
76 400 22.8908049826039 1
76 500 42.7215803677236 1
76 700 33.1245295312595 1
76 1000 31.5237320445752 1
77 0 113.31346259054 1
77 200 67.2125121874438 1
77 400 23.1141090341651 1
77 500 41.6889066039456 1
77 700 37.8984727323174 1
77 1000 28.9350422948643 1
78 0 93.4827052213329 1
78 200 94.9849311669698 1
78 400 40.9581734607642 1
78 500 49.4200393099316 1
78 700 40.2053616088899 1
78 1000 37.5074760346901 1
79 0 90.4296169324539 1
79 200 72.9498211417285 1
79 400 60.5306848220338 1
79 500 52.8434874871309 1
79 700 18.2656367375323 1
79 1000 37.2660432413014 1
80 0 93.7394331378887 1
80 200 79.1650744203493 1
80 400 32.2234610909787 1
80 500 61.5432992193729 1
80 700 45.7290816914464 1
80 1000 30.3086687315897 1
81 0 130.57191402542 1
81 200 106.867484430367 1
81 400 67.217748551125 1
81 500 35.1180157283259 1
81 700 50.7071708712234 1
81 1000 43.5962027611522 1
82 0 77.7830535361213 1
82 200 75.1424501052818 1
82 400 41.8883016246712 1
82 500 54.3744977256933 1
82 700 37.0121864814945 1
82 1000 39.4712897617506 1
83 0 141.351070255125 1
83 200 91.0777379418322 1
83 400 52.7163616138711 1
83 500 36.4091988818993 1
83 700 50.2555822555043 1
83 1000 29.1293930454905 1
84 0 85.1990669154725 1
84 200 52.4264872586268 1
84 400 66.4701511766691 1
84 500 46.0241129072951 1
84 700 61.6045511485036 1
84 1000 29.0105036871886 1
85 0 89.160621627075 1
85 200 49.5786231659946 1
85 400 44.642764316837 1
85 500 25.8519949429968 1
85 700 27.6198422707268 1
85 1000 26.3961630384903 1
86 0 85.8612959264346 1
86 200 54.7579579212996 1
86 400 48.0598654111935 1
86 500 39.3009706506271 1
86 700 41.4341301831276 1
86 1000 29.7530878259524 1
87 0 105.812488205693 1
87 200 51.3521083803887 1
87 400 54.911972244765 1
87 500 48.7902510942145 1
87 700 39.7660752432797 1
87 1000 39.9340957587008 1
88 0 114.97409576025 1
88 200 80.2089098592049 1
88 400 63.1488548505608 1
88 500 42.1516357669925 1
88 700 51.9314776886934 1
88 1000 40.0195973002102 1
89 0 43.2176478482793 1
89 200 53.4104214532638 1
89 400 44.0648384836613 1
89 500 29.5231168378314 1
89 700 35.7930625662759 1
89 1000 32.9203649336577 1
90 0 94.1475438584652 1
90 200 77.3648921994725 1
90 400 58.2250322204219 1
90 500 50.977676157382 1
90 700 40.4777641066414 1
90 1000 30.9008042305196 1
91 0 127.826952670836 1
91 200 68.3145254933164 1
91 400 61.9288413799227 1
91 500 72.3932755902231 1
91 700 43.4311435411527 1
91 1000 56.3087843591454 1
92 0 89.9341336205175 1
92 200 64.373648808498 1
92 400 35.2360809219802 1
92 500 44.5680504711455 1
92 700 38.9111404232349 1
92 1000 37.2202839808466 1
93 0 88.1624281349204 1
93 200 97.4741102106205 1
93 400 73.666749249611 1
93 500 42.7166549569285 1
93 700 23.3457435334146 1
93 1000 38.0475549191332 1
94 0 107.723113331609 1
94 200 53.3935779495099 1
94 400 42.0693060234492 1
94 500 35.8452506861466 1
94 700 45.9707383954939 1
94 1000 29.7256502835595 1
95 0 95.2971083908293 1
95 200 72.7947768219478 1
95 400 36.8623644315382 1
95 500 30.9367317782245 1
95 700 28.1200802723706 1
95 1000 26.7528660478856 1
96 0 67.4085650310399 1
96 200 39.4232465114505 1
96 400 64.2545421799857 1
96 500 65.8552290873213 1
96 700 59.8159743832713 1
96 1000 45.553589910636 1
97 0 126.791369399439 1
97 200 91.7402358002107 1
97 400 82.5029913398911 1
97 500 56.0181258941071 1
97 700 50.1085776755049 1
97 1000 29.0024494464253 1
98 0 114.983650261299 1
98 200 75.2641544198668 1
98 400 60.2556724677161 1
98 500 56.1917914915972 1
98 700 28.1546734118618 1
98 1000 31.2722285190026 1
99 0 74.5528933202515 1
99 200 72.9951387944591 1
99 400 46.4315571327893 1
99 500 37.1488997891093 1
99 700 45.4570746371324 1
99 1000 36.1252279443573 1
100 0 105.170434511249 1
100 200 86.939231109297 1
100 400 66.5851461497698 1
100 500 54.1821911088891 1
100 700 43.6676455796137 1
100 1000 37.1372045974473 1
