id dose eff group
1 0 89.3064459007035 0
1 200 95.3622036245522 0
1 400 60.1320492426536 0
1 500 35.004872530435 0
1 700 51.3292338498143 0
1 1000 56.648512106817 0
2 0 63.5068020595902 0
2 200 47.2693855478699 0
2 400 26.335955427949 0
2 500 40.1491854623412 0
2 700 30.6188038625612 0
2 1000 28.3924135368839 0
3 0 107.034215627665 0
3 200 55.0971405843612 0
3 400 58.3746894140212 0
3 500 81.966301255569 0
3 700 62.6753482585719 0
3 1000 38.6676898510876 0
4 0 110.65100004508 0
4 200 76.2798117435236 0
4 400 52.3214081020069 0
4 500 52.1808409927464 0
4 700 33.3783113595239 0
4 1000 36.2077242918936 0
5 0 86.750735269725 0
5 200 96.8828494766441 0
5 400 77.6543470873126 0
5 500 67.9418249813963 0
5 700 55.3381700281726 0
5 1000 58.1675017875538 0
6 0 88.2335095338428 0
6 200 91.5445634902947 0
6 400 84.8246386961231 0
6 500 74.2560161976621 0
6 700 59.9290082431546 0
6 1000 58.8366145148982 0
7 0 83.4116110445377 0
7 200 104.832246869663 0
7 400 87.8467946788035 0
7 500 49.4525660223777 0
7 700 56.0041754831824 0
7 1000 41.801403989521 0
8 0 99.1662747598411 0
8 200 82.1572670102698 0
8 400 55.6874897269996 0
8 500 58.3942375786137 0
8 700 39.9329015673822 0
8 1000 36.6124451067343 0
9 0 116.505899114421 0
9 200 91.108217107247 0
9 400 66.9413376836369 0
9 500 58.6027749977279 0
9 700 48.0503409276004 0
9 1000 27.9676789772819 0
10 0 104.994066197029 0
10 200 105.358071246608 0
10 400 58.9239616298079 0
10 500 48.3316809780507 0
10 700 40.7955064281885 0
10 1000 39.1760636062913 0
11 0 131.069279582182 0
11 200 130.293523830771 0
11 400 137.233036755143 0
11 500 114.010419409366 0
11 700 72.3284038058748 0
11 1000 83.5481399402515 0
12 0 129.539218396328 0
12 200 62.0919972972956 0
12 400 120.914994223076 0
12 500 72.833933161022 0
12 700 78.0260123135316 0
12 1000 60.0934792230149 0
13 0 106.530308905067 0
13 200 92.8007872763656 0
13 400 75.844476409485 0
13 500 109.165152475384 0
13 700 78.4118783941397 0
13 1000 39.9124167774963 0
14 0 98.0800629108954 0
14 200 95.6099642741019 0
14 400 91.4458714908323 0
14 500 101.286990399902 0
14 700 54.2177345644152 0
14 1000 33.9443148809716 0
15 0 133.965032812597 0
15 200 124.905036599449 0
15 400 72.3451958842026 0
15 500 64.6354481479416 0
15 700 76.6641026920129 0
15 1000 41.2389744072659 0
16 0 162.564575007636 0
16 200 95.8768079096364 0
16 400 68.4262979399961 0
16 500 68.1693850432415 0
16 700 62.9059325413597 0
16 1000 46.0215229991316 0
17 0 87.3598230168728 0
17 200 69.8020295804107 0
17 400 81.1581805760291 0
17 500 53.9191651574666 0
17 700 72.0953145576083 0
17 1000 37.2993738028522 0
18 0 99.3696355236038 0
18 200 67.8656090201823 0
18 400 93.5948731207507 0
18 500 53.8733474268253 0
18 700 86.4361052146009 0
18 1000 41.1711523465929 0
19 0 64.0495823885701 0
19 200 75.1967748437402 0
19 400 85.2432733730243 0
19 500 69.6782396056977 0
19 700 41.7353757646144 0
19 1000 48.6854823235338 0
20 0 103.157990764728 0
20 200 55.5666816517677 0
20 400 54.7728275000882 0
20 500 43.0412937742735 0
20 700 27.7680897072398 0
20 1000 35.6130088641183 0
21 0 118.649505088004 0
21 200 105.843117482875 0
21 400 105.649088025694 0
21 500 60.2855533062815 0
21 700 35.9110057517839 0
21 1000 43.1230266728696 0
22 0 162.260743520352 0
22 200 90.8432707330137 0
22 400 86.467668281003 0
22 500 78.567844193223 0
22 700 61.252388798716 0
22 1000 74.0840557202833 0
23 0 139.350442531038 0
23 200 80.9541932300521 0
23 400 77.9007541664658 0
23 500 46.0434647580706 0
23 700 66.5436200059723 0
23 1000 56.8052879535076 0
24 0 109.653476833548 0
24 200 118.040190073921 0
24 400 59.7382933496547 0
24 500 68.536619817567 0
24 700 47.1092526796302 0
24 1000 57.394191839463 0
25 0 88.5958004555268 0
25 200 95.5197952688271 0
25 400 58.2809196344645 0
25 500 67.2343925621583 0
25 700 36.6228524287779 0
25 1000 41.2002213495517 0
26 0 95.3304587474431 0
26 200 86.7053733188435 0
26 400 96.5466460585722 0
26 500 63.6849141918569 0
26 700 84.2645360492433 0
26 1000 59.0578475425439 0
27 0 80.8173415443275 0
27 200 81.743310731306 0
27 400 74.4902990858765 0
27 500 54.9025841904829 0
27 700 57.9358904639421 0
27 1000 42.6314118605649 0
28 0 94.0662689025157 0
28 200 92.5738093502839 0
28 400 80.938399309836 0
28 500 59.1671829417477 0
28 700 49.516769061932 0
28 1000 55.1546102403466 0
29 0 91.2759259554052 0
29 200 85.3139856839276 0
29 400 56.6562108721948 0
29 500 68.9610828411678 0
29 700 68.9722307804318 0
29 1000 40.3450180698263 0
30 0 102.317926776717 0
30 200 86.2778590846867 0
30 400 52.8006202318319 0
30 500 47.3499251221013 0
30 700 28.2023393039001 0
30 1000 57.4657090554945 0
31 0 116.121017025635 0
31 200 117.218054141447 0
31 400 90.3924726254521 0
31 500 64.2332590420175 0
31 700 69.0629837953432 0
31 1000 44.5035169644013 0
32 0 91.9032344443766 0
32 200 92.6982391962097 0
32 400 51.7665815067851 0
32 500 75.3824096599661 0
32 700 60.3327715603948 0
32 1000 30.8652838219774 0
33 0 121.147693430564 0
33 200 76.0832616849339 0
33 400 76.8628989800972 0
33 500 44.0672260347185 0
33 700 52.7474785180312 0
33 1000 22.2164172062449 0
34 0 77.8998272963495 0
34 200 71.8098768437526 0
34 400 44.98190627997 0
34 500 38.7883221439143 0
34 700 52.136125722551 0
34 1000 45.7930752473861 0
35 0 83.2364744658506 0
35 200 101.115749572873 0
35 400 73.8025371152803 0
35 500 66.6174610036982 0
35 700 72.5309532383044 0
35 1000 56.0801688136039 0
36 0 75.0850989694502 0
36 200 97.1115553252069 0
36 400 39.6559349633274 0
36 500 52.229673266517 0
36 700 34.274375785059 0
36 1000 49.2520242493388 0
37 0 98.4425888907227 0
37 200 94.1026988973292 0
37 400 58.0748774794065 0
37 500 55.6373142249791 0
37 700 30.707101219111 0
37 1000 40.3618180925652 0
38 0 43.3289485498693 0
38 200 87.3578891519807 0
38 400 124.072014609371 0
38 500 79.8481415422726 0
38 700 72.2566804300595 0
38 1000 49.8269820172441 0
39 0 113.810905753567 0
39 200 92.2055745349678 0
39 400 59.8912722676041 0
39 500 81.3303585951725 0
39 700 51.1639291037619 0
39 1000 52.4771305471671 0
40 0 96.2261295526673 0
40 200 56.9847701050688 0
40 400 49.0772698708233 0
40 500 49.5659800145073 0
40 700 52.4355837395312 0
40 1000 36.6020284765848 0
41 0 130.449801815554 0
41 200 54.9041590161683 0
41 400 56.0028146971559 0
41 500 69.9195542699026 0
41 700 62.4549291203541 0
41 1000 47.7983634207326 0
42 0 113.549122486528 0
42 200 101.025287561485 0
42 400 81.7839390046911 0
42 500 47.6286526405625 0
42 700 51.473778576653 0
42 1000 49.2104459958214 0
43 0 107.322282642578 0
43 200 91.8399718568587 0
43 400 61.3525387254422 0
43 500 52.3160609217412 0
43 700 42.6685007249548 0
43 1000 25.1899882983412 0
44 0 76.7869476959196 0
44 200 71.9536251224489 0
44 400 53.8841523135474 0
44 500 61.0233747374818 0
44 700 40.7588576403059 0
44 1000 28.9878583958136 0
45 0 121.05821880046 0
45 200 72.6098715609538 0
45 400 47.3065859549614 0
45 500 45.6717396098428 0
45 700 40.174900401779 0
45 1000 31.0246147286217 0
46 0 101.790740169106 0
46 200 102.478053294542 0
46 400 62.94370631219 0
46 500 56.7272919963262 0
46 700 38.9607227028451 0
46 1000 30.1221696729422 0
47 0 105.190997302873 0
47 200 75.9797321028138 0
47 400 90.1479698787029 0
47 500 75.8969548112556 0
47 700 56.6924616926163 0
47 1000 36.8951080231135 0
48 0 117.29498268406 0
48 200 95.4764051567636 0
48 400 89.8933098345558 0
48 500 80.8919156810445 0
48 700 48.8266145364076 0
48 1000 56.295393043737 0
49 0 101.592397111677 0
49 200 76.5239197393865 0
49 400 68.2196275633999 0
49 500 55.3693399738416 0
49 700 45.4289986369631 0
49 1000 37.0036285966596 0
50 0 90.0643006273339 0
50 200 92.7878206018047 0
50 400 22.5615789509946 0
50 500 82.3914362826106 0
50 700 72.4883000348629 0
50 1000 41.1832388843326 0
51 0 75.3052975728838 1
51 200 63.9402624139802 1
51 400 53.4739791194884 1
51 500 48.8153469209575 1
51 700 45.5867614591846 1
51 1000 35.2606800637669 1
52 0 141.177984291853 1
52 200 98.1992800363748 1
52 400 68.0922183100909 1
52 500 76.5997875130218 1
52 700 44.0746261009663 1
52 1000 43.7365346391664 1
53 0 63.2317446519187 1
53 200 87.4967953646228 1
53 400 48.2111645045945 1
53 500 65.3476237892748 1
53 700 49.1620245496814 1
53 1000 30.0460824855077 1
54 0 96.9297396629332 1
54 200 103.663500740575 1
54 400 68.646623572918 1
54 500 54.2272095379403 1
54 700 40.6501242373244 1
54 1000 25.5100442062086 1
55 0 84.2172515295642 1
55 200 57.8888885497716 1
55 400 41.186567801498 1
55 500 39.447480141305 1
55 700 39.650062852438 1
55 1000 22.0335284207798 1
56 0 107.998252531117 1
56 200 83.1105208071822 1
56 400 72.1006152328182 1
56 500 48.7923139230095 1
56 700 43.7465131324602 1
56 1000 34.053117299658 1
57 0 93.8440711966746 1
57 200 70.7853376467386 1
57 400 63.8568494015821 1
57 500 55.3381444355805 1
57 700 42.6444111060477 1
57 1000 39.4346155253651 1
58 0 124.49956799983 1
58 200 82.8493115919616 1
58 400 71.8046122210116 1
58 500 65.888702414502 1
58 700 39.2660026670075 1
58 1000 50.5368971869185 1
59 0 76.7927208459 1
59 200 89.5340684441686 1
59 400 74.7058741608717 1
59 500 50.8566262069667 1
59 700 62.0950780851736 1
59 1000 25.5779556103867 1
60 0 105.801504505435 1
60 200 81.3002887645535 1
60 400 54.9244797019212 1
60 500 52.6010830359801 1
60 700 48.9268609486446 1
60 1000 24.6872859450919 1
61 0 81.9555467541489 1
61 200 86.6518344973668 1
61 400 58.8296113213809 1
61 500 54.0505574024596 1
61 700 37.0417949437899 1
61 1000 31.9953659777364 1
62 0 83.9172085673982 1
62 200 88.1838958521889 1
62 400 59.094757188743 1
62 500 49.7181327337544 1
62 700 35.0608477258353 1
62 1000 40.6818027054559 1
63 0 84.9846155701952 1
63 200 69.2453799664074 1
63 400 57.7812263476155 1
63 500 51.0635240444953 1
63 700 41.7042446557454 1
63 1000 26.7149161913818 1
64 0 158.745882981227 1
64 200 106.150116098056 1
64 400 62.9656225137539 1
64 500 66.139352372179 1
64 700 48.4726480582454 1
64 1000 41.4396139639042 1
65 0 118.45552245256 1
65 200 52.1373499207901 1
65 400 41.0719297751565 1
65 500 46.3725310602845 1
65 700 30.9583107605487 1
65 1000 36.4624207228756 1
66 0 134.465659055627 1
66 200 50.2679364217589 1
66 400 56.2439191665392 1
66 500 30.8074092496891 1
66 700 41.4223769788519 1
66 1000 32.6036546198688 1
67 0 148.062685866826 1
67 200 89.7936019495679 1
67 400 60.4115415482922 1
67 500 52.9507641784208 1
67 700 43.3131862545454 1
67 1000 37.6063829915332 1
68 0 99.0803588876776 1
68 200 116.939172055854 1
68 400 40.1361851953944 1
68 500 54.7633532612604 1
68 700 46.1784630793064 1
68 1000 53.1483373451336 1
69 0 97.1171405555285 1
69 200 51.2692002610914 1
69 400 37.0920213951041 1
69 500 33.7816613674394 1
69 700 32.0408251247388 1
69 1000 27.8138741654984 1
70 0 118.925900072884 1
70 200 91.9897089473903 1
70 400 52.0625267330558 1
70 500 39.3203193591536 1
70 700 47.616294477505 1
70 1000 30.4940729417152 1
71 0 91.7284091227345 1
71 200 61.4195740869599 1
71 400 42.3911847448423 1
71 500 43.1046489997138 1
71 700 48.530304917109 1
71 1000 20.1469374583457 1
72 0 89.8103638238435 1
72 200 71.0451214559809 1
72 400 28.9132587225082 1
72 500 36.2524113568096 1
72 700 36.1373267121754 1
72 1000 32.1761338386931 1
73 0 83.2802577448724 1
73 200 49.1066175517507 1
73 400 46.324193307732 1
73 500 50.0361474661901 1
73 700 34.6115192658155 1
73 1000 41.7949103721913 1
74 0 100.75282941434 1
74 200 78.4767491207305 1
74 400 63.9985822725797 1
74 500 47.8189067545914 1
74 700 23.9264050990606 1
74 1000 31.6452109487105 1
75 0 91.6708546078018 1
75 200 77.6815674645939 1
75 400 72.1565710503273 1
75 500 60.6742857446948 1
75 700 50.8938554292224 1
75 1000 58.9311640010482 1
76 0 121.146840308134 1
76 200 79.6408635127945 1
76 400 68.8578704397135 1
76 500 59.2427616047183 1
76 700 46.3054286040459 1
76 1000 45.147770726362 1
77 0 89.8249636128014 1
77 200 41.1894848102026 1
77 400 45.7407036891487 1
77 500 59.9250930720388 1
77 700 55.3777510091085 1
77 1000 25.7991443792094 1
78 0 93.971693245011 1
78 200 82.4283892998734 1
78 400 63.8607364472509 1
78 500 51.6439820609824 1
78 700 56.0756616089309 1
78 1000 24.7454428214546 1
79 0 55.6592150002396 1
79 200 81.0205110001915 1
79 400 43.2392214337827 1
79 500 38.6118590156328 1
79 700 24.1667044218964 1
79 1000 39.003149454896 1
80 0 103.407016893664 1
80 200 71.8558568628852 1
80 400 48.5225243251115 1
80 500 44.7642676498534 1
80 700 34.5579075503715 1
80 1000 35.3482146189232 1
81 0 96.3141336169917 1
81 200 101.714895824526 1
81 400 82.6963363654525 1
81 500 39.0202917247859 1
81 700 41.2794812509185 1
81 1000 32.2017822890423 1
82 0 110.507418498979 1
82 200 39.3933745462568 1
82 400 35.8718609452806 1
82 500 28.0151843068286 1
82 700 18.318066742938 1
82 1000 37.7613949970813 1
83 0 134.057815369125 1
83 200 87.0020814052572 1
83 400 76.8607924535288 1
83 500 66.9406204641317 1
83 700 74.5465985391906 1
83 1000 39.2561913973489 1
84 0 83.3171730101186 1
84 200 60.4074761630957 1
84 400 49.558071995899 1
84 500 42.8599494568214 1
84 700 69.0779495181992 1
84 1000 27.8892637873612 1
85 0 121.839475936716 1
85 200 64.8879304618693 1
85 400 41.9273478147472 1
85 500 30.2938682146327 1
85 700 25.3547230677948 1
85 1000 37.9642932928241 1
86 0 97.8367461688047 1
86 200 68.0297850450363 1
86 400 67.6604464138867 1
86 500 53.2907646807266 1
86 700 47.9166449614211 1
86 1000 37.973751204698 1
87 0 94.1485590627802 1
87 200 123.130470539717 1
87 400 55.982423426494 1
87 500 70.4972091954767 1
87 700 23.694564689954 1
87 1000 26.6187344500606 1
88 0 120.033506588023 1
88 200 79.3181964016805 1
88 400 87.5416175696836 1
88 500 48.6157340073303 1
88 700 38.124650486578 1
88 1000 44.5605319862972 1
89 0 96.5333298515164 1
89 200 108.07436855257 1
89 400 52.2629440709572 1
89 500 74.2897645219573 1
89 700 29.6387057655576 1
89 1000 36.0367330235418 1
90 0 77.1713436405038 1
90 200 82.2339342821302 1
90 400 48.6431653518553 1
90 500 46.8655571087788 1
90 700 36.6802074857887 1
90 1000 30.9348740972684 1
91 0 135.245413280109 1
91 200 78.1255159829364 1
91 400 76.1544943190037 1
91 500 51.4335309437189 1
91 700 37.8418196558219 1
91 1000 52.5419974996594 1
92 0 92.1891097844607 1
92 200 74.7793084762944 1
92 400 43.2724986035146 1
92 500 41.6513572906647 1
92 700 30.7827857766587 1
92 1000 30.9557031924474 1
93 0 91.9526546021542 1
93 200 102.820530461293 1
93 400 95.6681786608172 1
93 500 73.2139967977588 1
93 700 63.2086191042608 1
93 1000 43.9504313208949 1
94 0 104.130331870201 1
94 200 38.1362808486501 1
94 400 74.7031706883956 1
94 500 42.0509544430113 1
94 700 47.055897475754 1
94 1000 45.2311085775678 1
95 0 119.449429820541 1
95 200 65.5686339835014 1
95 400 62.3407629949892 1
95 500 52.4186993979713 1
95 700 56.8119904839765 1
95 1000 45.8047562204189 1
96 0 82.1975560459555 1
96 200 103.707064294083 1
96 400 61.268453991113 1
96 500 59.3984544137433 1
96 700 26.767125969525 1
96 1000 35.7169102715181 1
97 0 115.986962606123 1
97 200 86.6499892442897 1
97 400 73.9920259077394 1
97 500 45.0085744580415 1
97 700 40.376864722775 1
97 1000 33.7277409382731 1
98 0 132.532149997189 1
98 200 81.7321248746354 1
98 400 41.2631032092873 1
98 500 38.4768502219747 1
98 700 44.938436054801 1
98 1000 27.2204383357909 1
99 0 87.2498009609805 1
99 200 70.0386582956716 1
99 400 100.173138346772 1
99 500 58.701081854378 1
99 700 49.017019285332 1
99 1000 36.5144837204648 1
100 0 87.37342407655 1
100 200 68.7418942913724 1
100 400 40.5399255061146 1
100 500 44.6298065603685 1
100 700 32.3016155189532 1
100 1000 32.9719084049031 1
