id dose eff group
1 0 77.8568069999897 0
1 200 89.1953207601863 0
1 400 80.6140713320781 0
1 500 83.1197220823502 0
1 700 54.3624595131397 0
1 1000 44.7352814661871 0
2 0 110.691556237612 0
2 200 84.5683425085322 0
2 400 58.4061968502471 0
2 500 61.7621123108891 0
2 700 57.6122169109798 0
2 1000 59.1023873815887 0
3 0 91.7068141712281 0
3 200 110.051239559444 0
3 400 88.0284147834415 0
3 500 71.2894540298882 0
3 700 90.6754286971613 0
3 1000 44.5202675317408 0
4 0 100.482635099552 0
4 200 97.7622403363212 0
4 400 83.3283269217714 0
4 500 69.6243635808504 0
4 700 32.3247060889999 0
4 1000 25.0938627345864 0
5 0 76.9073080259601 0
5 200 93.582617069083 0
5 400 27.1207789642529 0
5 500 62.6016478517355 0
5 700 46.8279271640651 0
5 1000 30.123720014094 0
6 0 90.3445559700667 0
6 200 41.7604926464521 0
6 400 114.713121445901 0
6 500 45.5107510491507 0
6 700 67.0651723427549 0
6 1000 35.4696399565645 0
7 0 77.8921625874656 0
7 200 82.2587647305522 0
7 400 55.6602019266002 0
7 500 55.2267084152577 0
7 700 42.9864278858445 0
7 1000 30.9497637722269 0
8 0 73.373091265473 0
8 200 69.4063104139629 0
8 400 64.9715051855576 0
8 500 51.6770404849407 0
8 700 49.7827485787861 0
8 1000 39.8418664226385 0
9 0 113.178578270271 0
9 200 82.5897442042666 0
9 400 53.215879552529 0
9 500 48.8640317364604 0
9 700 61.4851086952688 0
9 1000 34.2173567822021 0
10 0 119.459880308985 0
10 200 108.772803216982 0
10 400 55.0953841708741 0
10 500 46.0029754414346 0
10 700 52.5080981107203 0
10 1000 58.9064609613146 0
11 0 78.2019473583426 0
11 200 64.3619776909152 0
11 400 55.7046907651255 0
11 500 48.1591535450327 0
11 700 27.7434844325752 0
11 1000 22.1126080553171 0
12 0 96.8556113482589 0
12 200 94.867963061175 0
12 400 66.7511400151839 0
12 500 58.3093246575246 0
12 700 48.0995562649033 0
12 1000 33.4937729945062 0
13 0 104.975054625677 0
13 200 62.3310224294024 0
13 400 55.8923675787524 0
13 500 43.0917267859612 0
13 700 40.0369016885887 0
13 1000 36.7101773935214 0
14 0 100.198303383746 0
14 200 85.0280030140732 0
14 400 64.2700612291797 0
14 500 60.4677057103906 0
14 700 37.4408545114825 0
14 1000 45.2451678187617 0
15 0 69.6017010023192 0
15 200 59.7768546702717 0
15 400 40.6520710257009 0
15 500 61.4780308907703 0
15 700 51.6492993967598 0
15 1000 34.5474412707691 0
16 0 110.80959694288 0
16 200 112.406080557849 0
16 400 81.5722310820641 0
16 500 86.042354706321 0
16 700 90.1774474158244 0
16 1000 62.9839957017564 0
17 0 111.81834396317 0
17 200 115.41633898785 0
17 400 78.4437019824546 0
17 500 72.1552021079308 0
17 700 54.9212615806662 0
17 1000 38.1314524562757 0
18 0 79.9571224154628 0
18 200 90.0652449496056 0
18 400 61.306731692987 0
18 500 52.6557561592705 0
18 700 46.9216054158271 0
18 1000 33.9733132157919 0
19 0 72.6256444027917 0
19 200 111.784127080898 0
19 400 58.4493335514482 0
19 500 75.2981356257674 0
19 700 53.6351124864607 0
19 1000 56.3634934289111 0
20 0 99.9162569518069 0
20 200 103.708459251532 0
20 400 67.9817761534183 0
20 500 75.1954153088651 0
20 700 70.8583360403734 0
20 1000 55.4355364622503 0
21 0 137.466667644173 0
21 200 92.0134680865621 0
21 400 81.3177401235234 0
21 500 48.3218356669901 0
21 700 50.6408630230273 0
21 1000 60.6620525707897 0
22 0 99.7121430744506 0
22 200 103.597678158158 0
22 400 85.9550241939555 0
22 500 58.2697836881225 0
22 700 56.4910836337397 0
22 1000 30.9934993450886 0
23 0 116.359100279365 0
23 200 94.4874391512515 0
23 400 86.3761886215847 0
23 500 87.5995722002648 0
23 700 67.1368065572466 0
23 1000 41.3391060875384 0
24 0 55.1638767730379 0
24 200 65.5588568365415 0
24 400 38.9669124740209 0
24 500 52.0623929587597 0
24 700 29.9746326939616 0
24 1000 30.100840632251 0
25 0 91.0856910144589 0
25 200 82.2495748192809 0
25 400 85.8193377638841 0
25 500 55.964536070112 0
25 700 50.9379242341107 0
25 1000 69.5003900496263 0
26 0 92.28358006319 0
26 200 54.7635157447723 0
26 400 84.5627962265206 0
26 500 59.1596621476046 0
26 700 41.6775577669891 0
26 1000 43.4146036919422 0
27 0 98.0606171008278 0
27 200 79.4555216763129 0
27 400 98.3615153449854 0
27 500 64.2201601827085 0
27 700 61.8892929495796 0
27 1000 55.5878953138842 0
28 0 103.851258544321 0
28 200 111.414622332947 0
28 400 107.730656693916 0
28 500 64.5902216511135 0
28 700 33.2599055726614 0
28 1000 36.1028080491607 0
29 0 117.395478147692 0
29 200 99.9951422376608 0
29 400 37.3129267354102 0
29 500 71.0317752190605 0
29 700 54.641763484138 0
29 1000 39.3382869448184 0
30 0 86.4486818414823 0
30 200 76.4272783017047 0
30 400 104.869910218211 0
30 500 80.3017385345865 0
30 700 80.5797649873218 0
30 1000 57.1007166016474 0
31 0 67.718445287496 0
31 200 109.419336297931 0
31 400 98.1233985813689 0
31 500 57.4156643485852 0
31 700 38.4945769141918 0
31 1000 46.2269821465545 0
32 0 94.9484096161304 0
32 200 100.023918461888 0
32 400 55.4445299598188 0
32 500 62.7329993729549 0
32 700 42.3837863535565 0
32 1000 36.1951078946332 0
33 0 108.427625362904 0
33 200 62.135455320485 0
33 400 71.0696276610406 0
33 500 48.4720881660061 0
33 700 45.708897163218 0
33 1000 37.7533575990459 0
34 0 123.60670160983 0
34 200 91.7823709924281 0
34 400 53.8577093089587 0
34 500 64.1957742044584 0
34 700 30.2227693601371 0
34 1000 21.4697466958196 0
35 0 108.617741602417 0
35 200 77.8923057639475 0
35 400 100.962601898233 0
35 500 61.5386986935526 0
35 700 58.4611539074352 0
35 1000 59.586690326755 0
36 0 99.3264701824754 0
36 200 74.8401603276007 0
36 400 41.1747137542621 0
36 500 63.2280078966219 0
36 700 46.1466231324992 0
36 1000 43.1301212298587 0
37 0 79.2493446791723 0
37 200 110.381141398924 0
37 400 105.239690661355 0
37 500 86.2430281147104 0
37 700 66.7027187128182 0
37 1000 57.9338079359472 0
38 0 97.6475458187898 0
38 200 93.4437611989176 0
38 400 74.1687559796115 0
38 500 62.772668606263 0
38 700 58.5282937325879 0
38 1000 53.0476233875258 0
39 0 99.9475549616865 0
39 200 110.988164138543 0
39 400 57.4701937693252 0
39 500 64.4965788819197 0
39 700 45.247932770968 0
39 1000 58.933679547663 0
40 0 114.811840201902 0
40 200 69.5943123069294 0
40 400 48.5150354325323 0
40 500 65.1080320399819 0
40 700 37.324785230769 0
40 1000 25.3086209917981 0
41 0 108.017868701113 0
41 200 60.6654408940696 0
41 400 78.0088494515621 0
41 500 46.5790548665696 0
41 700 61.292366912171 0
41 1000 37.1247176219956 0
42 0 121.515854967491 0
42 200 85.6445819447048 0
42 400 67.1449739410253 0
42 500 75.6138753316012 0
42 700 63.1910079792182 0
42 1000 58.7769355005006 0
43 0 129.954404419096 0
43 200 82.4189992932365 0
43 400 65.5065596339321 0
43 500 71.8068505915472 0
43 700 62.8103533429683 0
43 1000 45.8661842502282 0
44 0 135.476023587275 0
44 200 83.7622832248329 0
44 400 43.7269177870913 0
44 500 69.4841433401902 0
44 700 43.9859167285507 0
44 1000 35.9965680903648 0
45 0 125.394196139998 0
45 200 64.1693151586369 0
45 400 80.7753236132111 0
45 500 55.2270128500448 0
45 700 52.8607383873423 0
45 1000 53.2188350427548 0
46 0 175.369556364798 0
46 200 115.201105636173 0
46 400 75.0248026454714 0
46 500 126.047421411014 0
46 700 99.1332894895489 0
46 1000 68.2708363161701 0
47 0 99.1413323530732 0
47 200 85.5395334955074 0
47 400 107.081773690452 0
47 500 78.3838010300634 0
47 700 83.2004537951317 0
47 1000 55.5217207607554 0
48 0 68.8253667138983 0
48 200 85.7523601061626 0
48 400 43.615207908722 0
48 500 27.958902401935 0
48 700 65.3052663374255 0
48 1000 37.0331571410481 0
49 0 70.1397536229099 0
49 200 85.113877793673 0
49 400 56.0260334598395 0
49 500 50.5721147683207 0
49 700 48.3580115612248 0
49 1000 34.6225072774249 0
50 0 112.176808753421 0
50 200 94.9472174722303 0
50 400 84.3694595602205 0
50 500 80.6120419382218 0
50 700 55.3104309109029 0
50 1000 40.5403208302764 0
51 0 99.6696635866953 1
51 200 71.2717722220881 1
51 400 63.3781237936173 1
51 500 54.0031091029144 1
51 700 27.5094521558174 1
51 1000 27.3283478599762 1
52 0 86.2132363868013 1
52 200 59.5620913076019 1
52 400 106.928666250221 1
52 500 46.9764269228022 1
52 700 54.1808502392234 1
52 1000 41.0842548592443 1
53 0 123.816774313889 1
53 200 61.6645614308559 1
53 400 45.0900778517499 1
53 500 35.1074861251313 1
53 700 28.0783405723762 1
53 1000 50.6634114489978 1
54 0 124.4453871156 1
54 200 88.1624719374054 1
54 400 53.8451025344022 1
54 500 74.4852236312911 1
54 700 49.8230619954382 1
54 1000 39.5223076361542 1
55 0 97.9851034291718 1
55 200 97.1740348582872 1
55 400 66.4274516202032 1
55 500 56.0765249573991 1
55 700 34.5705431060265 1
55 1000 27.4321712189212 1
56 0 23.8008476190857 1
56 200 74.7466200758743 1
56 400 48.4196476238084 1
56 500 46.3062335550085 1
56 700 34.2008329109099 1
56 1000 19.7647064329777 1
57 0 140.662115809583 1
57 200 62.6106197571228 1
57 400 53.7294646044286 1
57 500 54.5327272336365 1
57 700 49.5717643013723 1
57 1000 37.1636002126157 1
58 0 105.933025869374 1
58 200 93.8383630367774 1
58 400 70.1761498158701 1
58 500 65.0591953015599 1
58 700 34.534107882491 1
58 1000 45.4727980871298 1
59 0 107.017783429265 1
59 200 65.9374601422312 1
59 400 52.7601522476437 1
59 500 31.7289853352389 1
59 700 25.6856970112551 1
59 1000 35.7359073712342 1
60 0 103.296385211447 1
60 200 51.3011388128143 1
60 400 44.5409592574448 1
60 500 30.8948299983804 1
60 700 24.2680335917524 1
60 1000 35.6094089506659 1
61 0 89.1316008000716 1
61 200 95.5663322973666 1
61 400 43.8218968037473 1
61 500 34.2964787975979 1
61 700 35.4717969280008 1
61 1000 35.1223540887487 1
62 0 115.770300794972 1
62 200 43.8322320652072 1
62 400 59.1053088392303 1
62 500 57.828521131358 1
62 700 49.8059358059379 1
62 1000 34.3537951616026 1
63 0 105.08660355416 1
63 200 101.807989043299 1
63 400 32.6842823758304 1
63 500 47.5013206234445 1
63 700 41.0831129165121 1
63 1000 43.2139243147606 1
64 0 129.007529069311 1
64 200 77.8638487557337 1
64 400 50.5931225283747 1
64 500 29.8594152262778 1
64 700 47.6172079442121 1
64 1000 19.5148787239591 1
65 0 63.0109245101267 1
65 200 101.728198949597 1
65 400 31.1086759685541 1
65 500 51.7925060829741 1
65 700 49.2935722625917 1
65 1000 36.5662447172952 1
66 0 98.5972384300316 1
66 200 81.5865451828238 1
66 400 51.6632462553925 1
66 500 31.4479854317095 1
66 700 31.2363201794064 1
66 1000 34.6965477641692 1
67 0 140.963228533646 1
67 200 77.8755517145584 1
67 400 62.7749914258671 1
67 500 74.4804705020394 1
67 700 58.7541733499983 1
67 1000 60.0968540338642 1
68 0 133.543243081375 1
68 200 44.1161075136331 1
68 400 67.5327867003157 1
68 500 49.6431967070798 1
68 700 31.074514792488 1
68 1000 34.37364171784 1
69 0 90.8041389354791 1
69 200 83.7829678310455 1
69 400 52.3545307220443 1
69 500 49.6210709615075 1
69 700 34.5782172364594 1
69 1000 44.2293556230631 1
70 0 118.768055290415 1
70 200 95.9267029026631 1
70 400 34.1044680352179 1
70 500 44.2125461407945 1
70 700 42.7886110877333 1
70 1000 45.9321062050901 1
71 0 85.3664710820929 1
71 200 90.0841037959087 1
71 400 43.7756023370806 1
71 500 60.8612959440334 1
71 700 29.6033230848393 1
71 1000 22.9204695632158 1
72 0 105.539024891811 1
72 200 91.3873077478533 1
72 400 40.2036790224794 1
72 500 39.2959156756912 1
72 700 51.563049382062 1
72 1000 16.629571312426 1
73 0 99.6301465799337 1
73 200 87.0807076082996 1
73 400 75.423329693556 1
73 500 50.4355549737969 1
73 700 40.0741810171805 1
73 1000 42.8360750071953 1
74 0 158.389651504487 1
74 200 107.840418847336 1
74 400 60.7754142491844 1
74 500 74.4256820123498 1
74 700 43.3455750916948 1
74 1000 37.275692392203 1
75 0 89.0148800970102 1
75 200 84.6842908704475 1
75 400 62.0229987087989 1
75 500 48.9969841130294 1
75 700 29.9142194918405 1
75 1000 31.0932788141167 1
76 0 86.2855967912514 1
76 200 76.6427060219677 1
76 400 59.7222701518589 1
76 500 46.4275795926166 1
76 700 52.4346094194775 1
76 1000 27.0477479680989 1
77 0 82.4733526167108 1
77 200 64.7180609450183 1
77 400 59.1604391218786 1
77 500 56.4028586815983 1
77 700 21.6209611876387 1
77 1000 31.5174770124546 1
78 0 106.634392112002 1
78 200 58.7312875180344 1
78 400 38.2262079084734 1
78 500 34.4793673264033 1
78 700 40.7596517525399 1
78 1000 32.7910178988535 1
79 0 95.6044007988872 1
79 200 56.069336704503 1
79 400 25.3798256798295 1
79 500 34.3241749475332 1
79 700 39.4050954241904 1
79 1000 37.5119419984046 1
80 0 137.54986426402 1
80 200 124.852960706401 1
80 400 96.899744687471 1
80 500 75.5444319604534 1
80 700 37.5367907862605 1
80 1000 30.538884856704 1
81 0 82.4250335625049 1
81 200 72.2102494188627 1
81 400 56.135927935695 1
81 500 56.0406528177348 1
81 700 45.3424355098024 1
81 1000 37.6231387848467 1
82 0 86.3656915852005 1
82 200 75.6687863826402 1
82 400 51.2410649571899 1
82 500 34.4079878374823 1
82 700 35.5655505813432 1
82 1000 27.1593130073969 1
83 0 118.977473486711 1
83 200 96.8902040598873 1
83 400 85.185912374546 1
83 500 70.945810989544 1
83 700 47.3182110579767 1
83 1000 50.3789252047085 1
84 0 106.827033064155 1
84 200 71.6407483238047 1
84 400 21.7407812993394 1
84 500 57.2880782104244 1
84 700 40.4481945210483 1
84 1000 32.9845422155693 1
85 0 122.454479931727 1
85 200 67.5579064137524 1
85 400 46.5078633098827 1
85 500 31.1560588703042 1
85 700 41.9692525521391 1
85 1000 37.3411885632314 1
86 0 92.7413439897158 1
86 200 81.8267287771894 1
86 400 48.2728945563438 1
86 500 37.1653487841677 1
86 700 30.973128239395 1
86 1000 40.7507043035692 1
87 0 88.6470232501165 1
87 200 67.9778527057811 1
87 400 59.9392938974901 1
87 500 42.9407690417582 1
87 700 34.3853182605627 1
87 1000 34.7279557053253 1
88 0 118.605012505615 1
88 200 93.1020301252057 1
88 400 53.2027970237754 1
88 500 51.5529143243754 1
88 700 32.230974696043 1
88 1000 27.988605084492 1
89 0 87.9094724240975 1
89 200 94.5858307763251 1
89 400 66.7243553342216 1
89 500 48.0568490497639 1
89 700 57.7505003604817 1
89 1000 43.035584173763 1
90 0 104.048190680141 1
90 200 66.8276090778297 1
90 400 53.9979862488589 1
90 500 54.4812751724043 1
90 700 42.1447962566722 1
90 1000 30.4353147799779 1
91 0 85.4807866219869 1
91 200 75.9677997586833 1
91 400 94.7623102296037 1
91 500 54.1264832350967 1
91 700 42.9682798407983 1
91 1000 41.5626722296334 1
92 0 95.3827444665334 1
92 200 51.7614828774496 1
92 400 53.6124383161849 1
92 500 25.6947136848811 1
92 700 38.4805743082671 1
92 1000 33.6533850248526 1
93 0 93.753386506509 1
93 200 67.0821383290523 1
93 400 73.85967112979 1
93 500 59.3282197320784 1
93 700 30.2401122385312 1
93 1000 46.7336438798597 1
94 0 91.0114873491568 1
94 200 49.9424806562713 1
94 400 33.0686807184554 1
94 500 39.2361763018437 1
94 700 24.9280837698828 1
94 1000 25.5208096224087 1
95 0 83.8531059805635 1
95 200 71.0749251504185 1
95 400 61.614326200454 1
95 500 44.4915681293054 1
95 700 35.3990872170106 1
95 1000 24.3696477938415 1
96 0 103.309197448438 1
96 200 85.5040236853237 1
96 400 74.6292877753129 1
96 500 49.2120872290386 1
96 700 26.505191347659 1
96 1000 41.7977927704116 1
97 0 102.874802106793 1
97 200 104.51966343066 1
97 400 76.8545091990219 1
97 500 46.3520649463037 1
97 700 60.1270532003275 1
97 1000 51.7468458214779 1
98 0 117.637976443539 1
98 200 63.2042356073284 1
98 400 28.6633277283622 1
98 500 54.3423952564826 1
98 700 37.3707951559795 1
98 1000 39.3932806345614 1
99 0 97.8329935607688 1
99 200 84.8669667318982 1
99 400 61.1546534920852 1
99 500 46.1396897890863 1
99 700 38.2079557289716 1
99 1000 36.2419271382108 1
100 0 126.346931631086 1
100 200 67.9254028148675 1
100 400 64.2930458526828 1
100 500 44.6694101747582 1
100 700 47.1630435231933 1
100 1000 46.9187907081528 1
