id dose eff group
1 0 83.9487077932087 0
1 200 115.835254739124 0
1 400 97.0431428463269 0
1 500 92.8397314226511 0
1 700 78.5217100796944 0
1 1000 60.6127925200796 0
2 0 159.019319677609 0
2 200 105.566222300192 0
2 400 144.593526185033 0
2 500 140.998685911339 0
2 700 88.5710610396413 0
2 1000 82.0600751576303 0
3 0 143.888788411972 0
3 200 95.3779540842709 0
3 400 84.9435724203019 0
3 500 62.9613680027602 0
3 700 44.7954142165968 0
3 1000 50.1424159397255 0
4 0 58.8327437117897 0
4 200 108.385131705042 0
4 400 57.5342459749569 0
4 500 70.1711562379521 0
4 700 50.8794363453221 0
4 1000 41.4825155321443 0
5 0 130.135182805162 0
5 200 124.665537947882 0
5 400 91.9556024220952 0
5 500 82.4941347664371 0
5 700 62.5833086296569 0
5 1000 46.5444291966244 0
6 0 116.35305958255 0
6 200 68.0006766667193 0
6 400 35.0336780743332 0
6 500 39.9485814144703 0
6 700 53.3568096977434 0
6 1000 46.3177617435558 0
7 0 117.114245929321 0
7 200 70.4465770163067 0
7 400 72.6460709146147 0
7 500 53.8064206286902 0
7 700 42.7586812987356 0
7 1000 40.3647426816095 0
8 0 101.571646487957 0
8 200 68.1720394880976 0
8 400 37.1909342077175 0
8 500 73.5399696828134 0
8 700 54.0512307316272 0
8 1000 34.3265345495354 0
9 0 105.053275728058 0
9 200 95.0066738433361 0
9 400 74.4584276960834 0
9 500 116.349665576337 0
9 700 73.451804930271 0
9 1000 58.9106730797146 0
10 0 116.756497676435 0
10 200 69.7353611153394 0
10 400 70.7875719303226 0
10 500 36.0919304557675 0
10 700 44.1428576958609 0
10 1000 38.6513489687 0
11 0 81.8317748260214 0
11 200 67.6709532284825 0
11 400 54.8177838094644 0
11 500 51.7530579302092 0
11 700 50.2166682353214 0
11 1000 42.2424826551539 0
12 0 104.456223957944 0
12 200 88.2956904380064 0
12 400 96.1699085679425 0
12 500 106.200797632848 0
12 700 66.6853680093577 0
12 1000 39.3501554381194 0
13 0 75.2497103585098 0
13 200 85.0245893871975 0
13 400 41.5635035742771 0
13 500 56.7684427462049 0
13 700 35.7598735987608 0
13 1000 40.9356479818542 0
14 0 138.891402316979 0
14 200 102.864180849366 0
14 400 83.7014459851521 0
14 500 70.4544788808952 0
14 700 64.2460644592798 0
14 1000 60.6962183312753 0
15 0 104.209402973459 0
15 200 92.143150643113 0
15 400 60.5275812359123 0
15 500 76.1181431458609 0
15 700 72.7348786145332 0
15 1000 49.0605147879663 0
16 0 64.6008559700384 0
16 200 44.7850153549427 0
16 400 76.5820042891258 0
16 500 66.6577255031693 0
16 700 52.8357092145008 0
16 1000 24.1451608391502 0
17 0 106.743159968509 0
17 200 55.5950518704439 0
17 400 75.2707000388151 0
17 500 85.092624182158 0
17 700 60.4788065023935 0
17 1000 32.3914175119771 0
18 0 102.356688660709 0
18 200 92.0483448979651 0
18 400 76.3942942983427 0
18 500 65.4387913640121 0
18 700 40.9737152757796 0
18 1000 43.8244805583615 0
19 0 139.98492056763 0
19 200 99.6019239118096 0
19 400 90.2130951670642 0
19 500 44.6041570623194 0
19 700 74.8430580977409 0
19 1000 25.7307696253734 0
20 0 116.670987350348 0
20 200 109.088324362044 0
20 400 87.164817502669 0
20 500 57.2763420697267 0
20 700 73.6118177135867 0
20 1000 43.646706462833 0
21 0 103.632023731217 0
21 200 77.5059213581854 0
21 400 68.6295575666929 0
21 500 45.8360763435815 0
21 700 35.3972891269791 0
21 1000 41.9307225329269 0
22 0 95.903982918277 0
22 200 76.3090897378785 0
22 400 84.7789819458318 0
22 500 36.6019737065499 0
22 700 41.6850472989071 0
22 1000 37.610524150239 0
23 0 106.865591280578 0
23 200 90.7729897527295 0
23 400 106.562112680917 0
23 500 92.9817803478144 0
23 700 61.4579083779752 0
23 1000 63.5973778801131 0
24 0 115.056924682431 0
24 200 81.4315906845839 0
24 400 66.8536631661022 0
24 500 73.2573685454744 0
24 700 57.8143863077083 0
24 1000 25.2981915144365 0
25 0 97.6549798467587 0
25 200 74.9208059958859 0
25 400 75.3340166716414 0
25 500 86.3569195187488 0
25 700 49.5361597716243 0
25 1000 53.7459998685096 0
26 0 99.1389663249217 0
26 200 103.206973491501 0
26 400 85.4523212937406 0
26 500 69.3976483898428 0
26 700 34.2424073580877 0
26 1000 39.4092103752046 0
27 0 76.7215224385969 0
27 200 85.0706429932317 0
27 400 61.8430745442761 0
27 500 31.6191387784629 0
27 700 38.0422502071505 0
27 1000 38.5261644225312 0
28 0 117.051099138257 0
28 200 75.2050193248138 0
28 400 92.843301133488 0
28 500 59.6105043155114 0
28 700 37.2732851860086 0
28 1000 57.6482451362412 0
29 0 133.319640433837 0
29 200 65.205952372543 0
29 400 102.585319762783 0
29 500 54.9127968270802 0
29 700 59.8003744919985 0
29 1000 41.331215257001 0
30 0 139.936792455891 0
30 200 96.4769079623627 0
30 400 77.8276356204629 0
30 500 40.1194779403389 0
30 700 51.7452176770616 0
30 1000 30.8784913295262 0
31 0 99.5053263770982 0
31 200 82.5509697550885 0
31 400 69.8420268186407 0
31 500 59.9526917461049 0
31 700 53.0691749448817 0
31 1000 41.0567560227992 0
32 0 60.2617839284276 0
32 200 67.1251898729112 0
32 400 50.5038140457472 0
32 500 57.1094863228059 0
32 700 67.1386552237256 0
32 1000 30.3781687071408 0
33 0 93.3353079980676 0
33 200 106.055471706561 0
33 400 71.9895069679451 0
33 500 67.165866346161 0
33 700 83.6349376609072 0
33 1000 56.2675979299395 0
34 0 76.2479562483593 0
34 200 92.726177356962 0
34 400 99.3145226737319 0
34 500 76.6689175590196 0
34 700 51.5031734276191 0
34 1000 39.4996565087237 0
35 0 107.099462569311 0
35 200 92.0585418426633 0
35 400 122.727763787827 0
35 500 59.0916013905388 0
35 700 55.8400221473258 0
35 1000 59.9391831203142 0
36 0 90.9837729820641 0
36 200 95.663439282967 0
36 400 92.3860450863909 0
36 500 83.3162304389549 0
36 700 52.9020235951573 0
36 1000 48.6352389025892 0
37 0 81.1094575038378 0
37 200 91.3078497990213 0
37 400 40.7522292955497 0
37 500 55.0901138964198 0
37 700 41.8528684542096 0
37 1000 34.4321448598298 0
38 0 81.3903719793726 0
38 200 95.5872055642656 0
38 400 53.7277593458619 0
38 500 62.7786821994053 0
38 700 38.3048795454119 0
38 1000 45.065181476549 0
39 0 126.618765473852 0
39 200 113.67788511418 0
39 400 65.3854421358985 0
39 500 58.3060458909109 0
39 700 45.8639656119315 0
39 1000 37.2824056319997 0
40 0 125.15547628414 0
40 200 91.1517908681165 0
40 400 101.494934403047 0
40 500 74.3685164367567 0
40 700 78.9911045766414 0
40 1000 40.1981366277623 0
41 0 111.656215091686 0
41 200 57.8331490191885 0
41 400 53.0258855316517 0
41 500 42.0894280616406 0
41 700 48.7232227716459 0
41 1000 30.5223614701442 0
42 0 125.273461053311 0
42 200 124.389417674692 0
42 400 50.347068495251 0
42 500 54.713634849148 0
42 700 46.5409343261402 0
42 1000 65.0669785075811 0
43 0 89.0015190941872 0
43 200 70.1165652725922 0
43 400 53.9642808996811 0
43 500 41.8042322782901 0
43 700 37.4906438848374 0
43 1000 30.2279687167473 0
44 0 123.409128244866 0
44 200 78.4375669521595 0
44 400 86.8228102024744 0
44 500 59.6891207383283 0
44 700 60.5757159461113 0
44 1000 32.8403312532643 0
45 0 69.4025208341766 0
45 200 71.6561841886541 0
45 400 61.7510258466822 0
45 500 58.6164563619608 0
45 700 39.6812589175552 0
45 1000 32.5549062666945 0
46 0 66.8824889444941 0
46 200 59.5864288716625 0
46 400 54.5863766241077 0
46 500 69.8440799745522 0
46 700 53.5658926911248 0
46 1000 40.4353606955414 0
47 0 75.9440209943988 0
47 200 89.6550591885592 0
47 400 42.6082642548893 0
47 500 45.4881117306785 0
47 700 75.1625122932724 0
47 1000 53.5689358249336 0
48 0 82.3379692832546 0
48 200 79.9187660041182 0
48 400 75.5750363744793 0
48 500 61.3254602851251 0
48 700 45.3367869909615 0
48 1000 53.1750885961624 0
49 0 107.378740813814 0
49 200 138.298743001025 0
49 400 80.3246642971176 0
49 500 87.5054747861795 0
49 700 51.7119840047458 0
49 1000 83.0647309540482 0
50 0 102.587194943989 0
50 200 95.5229323330203 0
50 400 55.3386564946928 0
50 500 48.969128890997 0
50 700 55.8047613284025 0
50 1000 39.0346547904972 0
51 0 104.153457514184 1
51 200 65.3626899706143 1
51 400 72.1812445803221 1
51 500 42.9533765986778 1
51 700 36.9605770303869 1
51 1000 28.4574510201454 1
52 0 96.2980685190399 1
52 200 102.854020950203 1
52 400 74.7136410627711 1
52 500 49.4557194250961 1
52 700 29.9961849861423 1
52 1000 27.3376585825013 1
53 0 112.066770244858 1
53 200 64.2620047145797 1
53 400 52.0288901894957 1
53 500 37.3916032732078 1
53 700 41.8338954681074 1
53 1000 22.2921531162302 1
54 0 72.4543333954372 1
54 200 66.4281587113738 1
54 400 53.8547311475149 1
54 500 37.9825063093418 1
54 700 37.4303167519991 1
54 1000 31.7764357253754 1
55 0 96.2071783335999 1
55 200 61.2853745018889 1
55 400 76.2645617453409 1
55 500 54.0474409286831 1
55 700 41.7783025532777 1
55 1000 39.8987485618239 1
56 0 110.412291328235 1
56 200 100.781822542132 1
56 400 69.8043738257986 1
56 500 44.260841114958 1
56 700 52.9729333542241 1
56 1000 54.449831959823 1
57 0 150.112967505175 1
57 200 107.838902256688 1
57 400 38.5609208351167 1
57 500 36.6844410093149 1
57 700 45.706478797556 1
57 1000 22.8306385052455 1
58 0 109.830710876127 1
58 200 78.6257401212281 1
58 400 47.5962711262861 1
58 500 49.4421359991646 1
58 700 33.3275093784557 1
58 1000 40.6831913927249 1
59 0 133.240569279998 1
59 200 67.7909576552245 1
59 400 72.0361846769113 1
59 500 63.3622057122309 1
59 700 49.0405737159463 1
59 1000 30.2490689912841 1
60 0 89.8026059401132 1
60 200 114.017447012343 1
60 400 59.3346782554341 1
60 500 38.5291527076769 1
60 700 42.7857556470106 1
60 1000 32.6336628418284 1
61 0 136.570351471782 1
61 200 84.4738703601122 1
61 400 67.5401558772003 1
61 500 64.5106820261937 1
61 700 55.9189582380998 1
61 1000 41.8618526112832 1
62 0 116.891418884768 1
62 200 65.324468684344 1
62 400 57.6220456510004 1
62 500 50.0342897583301 1
62 700 45.7343659289619 1
62 1000 44.4914921808323 1
63 0 56.9048781989918 1
63 200 57.4157275524815 1
63 400 46.1297410637587 1
63 500 48.4040568692537 1
63 700 32.3589731651792 1
63 1000 29.9815367849314 1
64 0 122.736040461127 1
64 200 133.849861918294 1
64 400 71.0921782993661 1
64 500 36.162766570717 1
64 700 56.8975563345745 1
64 1000 53.9377156193656 1
65 0 87.9161021429766 1
65 200 81.6283083856154 1
65 400 48.7332418958477 1
65 500 51.1961811908784 1
65 700 38.925894061681 1
65 1000 22.5578235415057 1
66 0 99.2516528589146 1
66 200 73.4786634205004 1
66 400 109.172536095327 1
66 500 81.1803164620128 1
66 700 47.3011952803089 1
66 1000 57.4355653170617 1
67 0 103.20807984923 1
67 200 93.1929420669219 1
67 400 46.7744093731896 1
67 500 56.1767487539387 1
67 700 42.7175738250278 1
67 1000 30.1708279942162 1
68 0 110.300402247967 1
68 200 64.056489780225 1
68 400 33.2705122281264 1
68 500 37.4891915132199 1
68 700 31.4665942398261 1
68 1000 39.3229672039732 1
69 0 138.695491789449 1
69 200 120.314305978398 1
69 400 92.8244111258451 1
69 500 59.6012859755448 1
69 700 53.7445827227428 1
69 1000 44.9296886740594 1
70 0 78.8828507444499 1
70 200 71.2745971594452 1
70 400 89.9308422648804 1
70 500 83.3655414107204 1
70 700 45.50227047554 1
70 1000 36.2086381841115 1
71 0 93.5791264393719 1
71 200 57.9651137041232 1
71 400 40.2679142890807 1
71 500 44.8206737081794 1
71 700 41.2447682429986 1
71 1000 34.211418127225 1
72 0 49.6289350259482 1
72 200 76.420571433191 1
72 400 66.4911620427884 1
72 500 51.7660858531237 1
72 700 52.4778307650357 1
72 1000 38.834557270507 1
73 0 74.9158845972297 1
73 200 99.3140755424325 1
73 400 53.0240400593829 1
73 500 62.2530929370788 1
73 700 35.9266372976423 1
73 1000 36.766145802657 1
74 0 91.3684215459477 1
74 200 56.4351550862807 1
74 400 35.3913877010734 1
74 500 45.5050052323226 1
74 700 58.2468910186494 1
74 1000 30.6444238914865 1
75 0 95.4918113337746 1
75 200 96.0533932028375 1
75 400 65.9285967550366 1
75 500 57.1850409625258 1
75 700 47.6066970993062 1
75 1000 48.027462007443 1
76 0 156.012073278888 1
76 200 72.8906531036768 1
76 400 59.6305973989045 1
76 500 51.2071859222333 1
76 700 45.7132939210247 1
76 1000 30.1917214781581 1
77 0 54.582832223627 1
77 200 106.022117752533 1
77 400 58.4830248409305 1
77 500 43.4735675456953 1
77 700 47.804031555887 1
77 1000 44.1224202446394 1
78 0 90.5234641891031 1
78 200 91.8305896014974 1
78 400 69.475458228375 1
78 500 56.7605607028704 1
78 700 47.343070738979 1
78 1000 26.9524997827279 1
79 0 129.687385566865 1
79 200 63.4488966572453 1
79 400 64.3427650258052 1
79 500 61.6172716467932 1
79 700 40.9111968070012 1
79 1000 40.1215483823996 1
80 0 92.061690300808 1
80 200 100.305905965105 1
80 400 54.5034836465957 1
80 500 57.755419730521 1
80 700 33.5650499704908 1
80 1000 39.5700754314738 1
81 0 95.3768232993012 1
81 200 62.7972308265856 1
81 400 65.2293887069668 1
81 500 39.169535340961 1
81 700 46.1987541278087 1
81 1000 45.8419749008397 1
82 0 66.5068546903476 1
82 200 105.270486302403 1
82 400 82.26720066911 1
82 500 79.2458316745121 1
82 700 59.5194895009065 1
82 1000 32.7824613664425 1
83 0 96.3622892021371 1
83 200 86.7692121961966 1
83 400 58.8038132686235 1
83 500 31.1793213882966 1
83 700 36.1196762814902 1
83 1000 36.9793106696862 1
84 0 106.595128898203 1
84 200 65.0076544346275 1
84 400 51.0161453453983 1
84 500 58.4909275191263 1
84 700 46.0910884701092 1
84 1000 39.4233160778065 1
85 0 100.208866690072 1
85 200 65.935408638531 1
85 400 57.0404607506469 1
85 500 27.6226873769806 1
85 700 33.9597135279339 1
85 1000 27.8791218962735 1
86 0 112.602976729424 1
86 200 87.3932549820915 1
86 400 70.4940387374978 1
86 500 62.583967787212 1
86 700 55.3916781588933 1
86 1000 38.6125478019277 1
87 0 84.0101639053283 1
87 200 45.8086968133394 1
87 400 38.3044031820595 1
87 500 39.8166636829177 1
87 700 20.6076347602945 1
87 1000 21.1603069609613 1
88 0 100.150778804497 1
88 200 60.2795069392616 1
88 400 49.3198437063599 1
88 500 36.439327134018 1
88 700 27.8282307827668 1
88 1000 36.6593148831739 1
89 0 121.422876828097 1
89 200 73.7422597883541 1
89 400 52.4509026897491 1
89 500 33.742059876598 1
89 700 33.0073142629629 1
89 1000 35.1227114350911 1
90 0 94.1397903883746 1
90 200 82.2452017651815 1
90 400 59.2182473323346 1
90 500 62.6473904765278 1
90 700 62.7208653590128 1
90 1000 47.6915249160118 1
91 0 128.218419181739 1
91 200 76.6464003801483 1
91 400 40.8124411192894 1
91 500 43.3557902565276 1
91 700 36.8792797574229 1
91 1000 28.0349560762442 1
92 0 73.6189137456831 1
92 200 55.635291910285 1
92 400 55.8955413238944 1
92 500 36.8787106759385 1
92 700 32.8860639595353 1
92 1000 40.8115955891656 1
93 0 126.117887972892 1
93 200 77.1827354335656 1
93 400 72.4090869474192 1
93 500 42.4955636171475 1
93 700 35.8330187151316 1
93 1000 40.3444537500361 1
94 0 81.5144718644271 1
94 200 54.5308107424872 1
94 400 49.140923376772 1
94 500 40.7765816617147 1
94 700 20.0967322803678 1
94 1000 21.2972308585112 1
95 0 95.3827870854244 1
95 200 60.0180093510932 1
95 400 59.4973779647605 1
95 500 79.3610181701774 1
95 700 53.1374034156742 1
95 1000 37.7157857649721 1
96 0 86.1981022023913 1
96 200 90.2904647600299 1
96 400 57.3766309073477 1
96 500 47.6125934125754 1
96 700 33.9911224505946 1
96 1000 31.8275548071014 1
97 0 85.8580122214578 1
97 200 128.405203576183 1
97 400 80.5700747121928 1
97 500 72.8105560024026 1
97 700 46.8582630471777 1
97 1000 55.7305499848459 1
98 0 119.020660341809 1
98 200 70.0998131853518 1
98 400 43.0284181167626 1
98 500 40.6217060732024 1
98 700 36.7618017387906 1
98 1000 32.1896451646863 1
99 0 83.9889806577232 1
99 200 53.1280090542539 1
99 400 50.9835507814031 1
99 500 55.4625901507387 1
99 700 39.2003631506058 1
99 1000 28.020540820491 1
100 0 122.20057905953 1
100 200 75.705208792252 1
100 400 70.5527579879249 1
100 500 56.7595183583953 1
100 700 36.7650550082979 1
100 1000 14.2777344681074 1
