id dose eff group
1 0 123.565379565648 0
1 200 69.0512698850939 0
1 400 75.6642994487606 0
1 500 42.8227588426338 0
1 700 28.4621608601548 0
1 1000 22.2716744919662 0
2 0 106.054154756976 0
2 200 105.3638614098 0
2 400 67.3380181349312 0
2 500 49.6293310080941 0
2 700 52.4547575956425 0
2 1000 34.5712231579449 0
3 0 118.178818911386 0
3 200 98.1561788950826 0
3 400 57.5300123501206 0
3 500 54.455199698555 0
3 700 48.190197667727 0
3 1000 38.572998161778 0
4 0 72.3646860457278 0
4 200 44.8280179400563 0
4 400 97.056194093712 0
4 500 71.2688514583123 0
4 700 60.6720739404066 0
4 1000 39.9165542588118 0
5 0 75.3025605410897 0
5 200 86.4384984737004 0
5 400 53.2509844344538 0
5 500 58.9149984602211 0
5 700 66.5036852238463 0
5 1000 41.8333837648371 0
6 0 96.125890676598 0
6 200 56.1064816213272 0
6 400 89.658564482693 0
6 500 70.4340095723119 0
6 700 74.3947162052487 0
6 1000 55.3078582483249 0
7 0 62.0097257418891 0
7 200 85.2406655892435 0
7 400 45.2922309092904 0
7 500 82.3334705157207 0
7 700 51.401260106429 0
7 1000 43.011874869834 0
8 0 100.215742110082 0
8 200 82.8005819026203 0
8 400 89.1856108780174 0
8 500 54.7986395899777 0
8 700 47.4862630523915 0
8 1000 45.5485672406603 0
9 0 48.3242947807244 0
9 200 58.0747762722446 0
9 400 76.23580144554 0
9 500 70.3684889419545 0
9 700 76.2907133649534 0
9 1000 56.8476508144702 0
10 0 82.2858555476692 0
10 200 80.7732256147155 0
10 400 44.580237297398 0
10 500 55.9394675094708 0
10 700 34.1287558897103 0
10 1000 27.4636112509562 0
11 0 82.6994755054556 0
11 200 115.504258946358 0
11 400 59.9947136951074 0
11 500 81.7673505088937 0
11 700 60.678836926354 0
11 1000 47.5876256473641 0
12 0 92.1719242963478 0
12 200 59.884048145303 0
12 400 91.1001580962737 0
12 500 104.815859869626 0
12 700 67.9430806192785 0
12 1000 48.9838850463327 0
13 0 69.2556882737341 0
13 200 126.168627188219 0
13 400 83.9468757318054 0
13 500 100.403929352226 0
13 700 86.9657492715594 0
13 1000 58.6245404610647 0
14 0 120.706227470455 0
14 200 112.410982452877 0
14 400 50.7750567315889 0
14 500 103.596301460194 0
14 700 79.6020138302954 0
14 1000 62.8973999119391 0
15 0 77.5681129446785 0
15 200 80.5342591950882 0
15 400 94.3862367332452 0
15 500 69.76594194871 0
15 700 51.2954429403383 0
15 1000 40.8019445661904 0
16 0 57.9003621355862 0
16 200 91.0383608572253 0
16 400 69.5805706418068 0
16 500 59.6337427175266 0
16 700 62.7671754780231 0
16 1000 47.0647789214033 0
17 0 75.6093989812232 0
17 200 76.8769559505295 0
17 400 90.1873530542093 0
17 500 75.9166056795451 0
17 700 83.7090173640797 0
17 1000 53.3045130314324 0
18 0 93.575288271546 0
18 200 107.802360461611 0
18 400 81.1502014210152 0
18 500 53.3250105543059 0
18 700 49.3444723047596 0
18 1000 62.0663259671705 0
19 0 85.6785365762937 0
19 200 102.816162618381 0
19 400 84.9056163707219 0
19 500 75.1675869697142 0
19 700 62.5307902521946 0
19 1000 55.4023104727915 0
20 0 104.798193872973 0
20 200 88.5600204109742 0
20 400 72.4643688135381 0
20 500 94.3643626108412 0
20 700 59.8496988825551 0
20 1000 59.3228947738249 0
21 0 99.1975070331447 0
21 200 96.5334129483965 0
21 400 123.8278646553 0
21 500 81.2099383633941 0
21 700 55.5328943805252 0
21 1000 72.6879794812137 0
22 0 92.8769893730469 0
22 200 114.187197771007 0
22 400 117.937189237308 0
22 500 93.0756494822914 0
22 700 88.8042454456476 0
22 1000 83.4701355137567 0
23 0 88.8879659658444 0
23 200 45.7411392473583 0
23 400 86.5580811188948 0
23 500 19.499047550319 0
23 700 65.3925261863087 0
23 1000 44.5561665372803 0
24 0 75.2557576252464 0
24 200 48.3829919221599 0
24 400 70.3770179390761 0
24 500 61.0183345919852 0
24 700 23.5456578015409 0
24 1000 25.7660460477203 0
25 0 116.172420071295 0
25 200 79.8638226897608 0
25 400 52.6132033929542 0
25 500 55.4762638099909 0
25 700 30.0132858343135 0
25 1000 37.2744941114652 0
26 0 111.746558115759 0
26 200 81.0395895178902 0
26 400 77.1251959496149 0
26 500 74.1275682383091 0
26 700 74.894697113487 0
26 1000 46.0604809731779 0
27 0 132.783085636122 0
27 200 95.9682112190244 0
27 400 67.5337987569039 0
27 500 73.670709498997 0
27 700 48.3227536536488 0
27 1000 37.9612497479541 0
28 0 110.431179755665 0
28 200 112.8940210641 0
28 400 125.105206538145 0
28 500 85.3707051021103 0
28 700 47.6840862515143 0
28 1000 50.3701709245237 0
29 0 79.5124425050563 0
29 200 93.9883147967438 0
29 400 63.6430985128331 0
29 500 53.212152284996 0
29 700 42.2554826554689 0
29 1000 41.4722530778264 0
30 0 117.216707791678 0
30 200 101.746528146314 0
30 400 73.0979295530084 0
30 500 63.150408119344 0
30 700 42.632803329224 0
30 1000 24.278849333266 0
31 0 64.6822458959975 0
31 200 94.7564630284488 0
31 400 68.2222385112515 0
31 500 79.9230634402184 0
31 700 50.9934589073213 0
31 1000 40.9816681256902 0
32 0 72.7901471584652 0
32 200 85.4483476997476 0
32 400 56.3421031732891 0
32 500 47.5293298670854 0
32 700 45.3744017778268 0
32 1000 37.6660756806471 0
33 0 87.3060723857264 0
33 200 78.0644729434092 0
33 400 65.2971598129654 0
33 500 92.8896653690079 0
33 700 56.5997401149721 0
33 1000 40.8677241210651 0
34 0 92.5617368444274 0
34 200 138.227141475257 0
34 400 100.002292933431 0
34 500 74.9968641825496 0
34 700 48.4514435245502 0
34 1000 69.212694380081 0
35 0 110.162476875885 0
35 200 98.1550889698846 0
35 400 62.9776851993655 0
35 500 34.8240184432079 0
35 700 56.7446195993602 0
35 1000 31.8181562447694 0
36 0 120.029347767356 0
36 200 88.133767146289 0
36 400 66.306121752809 0
36 500 52.2117260806851 0
36 700 36.402099019588 0
36 1000 32.9799155324821 0
37 0 123.485536558829 0
37 200 54.3443465447953 0
37 400 52.25598254263 0
37 500 49.6564547512458 0
37 700 35.8250816559937 0
37 1000 42.4799503959677 0
38 0 115.855812998491 0
38 200 98.0170310891178 0
38 400 98.0642490596953 0
38 500 89.6361622241233 0
38 700 54.19907485655 0
38 1000 53.4965159046584 0
39 0 97.8579543202915 0
39 200 90.8358920799339 0
39 400 70.2094592873793 0
39 500 69.1963634007467 0
39 700 68.7039033694272 0
39 1000 29.7475661851838 0
40 0 67.1555286655888 0
40 200 54.4738785198165 0
40 400 45.5503518684393 0
40 500 47.3388208481038 0
40 700 44.7804960718834 0
40 1000 32.42395661132 0
41 0 98.6504444190816 0
41 200 66.6343261095447 0
41 400 75.6031083461662 0
41 500 53.2123076132864 0
41 700 52.860417782218 0
41 1000 32.8842621735749 0
42 0 100.248744046724 0
42 200 66.4078287734959 0
42 400 89.8767507880868 0
42 500 77.436707409722 0
42 700 55.6196990529875 0
42 1000 52.6663783466784 0
43 0 110.400407981552 0
43 200 82.839291705087 0
43 400 55.1858357323024 0
43 500 54.150324087213 0
43 700 45.9497931364204 0
43 1000 55.7174046682954 0
44 0 89.6958702590848 0
44 200 99.0424931217578 0
44 400 74.7185732624763 0
44 500 76.9942140652702 0
44 700 56.0835281700634 0
44 1000 47.2405230858892 0
45 0 86.5298334086915 0
45 200 77.5875120979065 0
45 400 56.3816845299722 0
45 500 57.926823455312 0
45 700 41.5713377840501 0
45 1000 34.9895628385386 0
46 0 63.30925564945 0
46 200 126.636361098306 0
46 400 76.4158824996682 0
46 500 52.7235472189284 0
46 700 65.5867717528128 0
46 1000 44.6194325998316 0
47 0 104.909720663162 0
47 200 118.626914437868 0
47 400 74.810073115122 0
47 500 41.5097251760782 0
47 700 61.6029876961338 0
47 1000 40.1523476642886 0
48 0 114.179757930919 0
48 200 110.154787238547 0
48 400 89.498923580428 0
48 500 46.8942811372193 0
48 700 38.9508767568284 0
48 1000 41.7962598511559 0
49 0 119.940169942004 0
49 200 123.296268766061 0
49 400 54.8096810910197 0
49 500 43.4543037422631 0
49 700 65.0404501155471 0
49 1000 44.8491469571479 0
50 0 189.960243021252 0
50 200 119.756500412208 0
50 400 83.418539399487 0
50 500 123.727626731341 0
50 700 63.5959538850605 0
50 1000 89.1871042082208 0
51 0 126.802888946047 1
51 200 71.7768242070889 1
51 400 28.573627971192 1
51 500 31.8780888417332 1
51 700 20.1911322505767 1
51 1000 40.1308527293759 1
52 0 99.5580858113814 1
52 200 77.6308881875138 1
52 400 40.0292493386553 1
52 500 54.8014771135317 1
52 700 26.7474719122257 1
52 1000 34.1058841541875 1
53 0 102.37989093145 1
53 200 77.6056631370552 1
53 400 41.806298722152 1
53 500 50.6238214627567 1
53 700 31.8198012082562 1
53 1000 30.901237486291 1
54 0 136.084935959308 1
54 200 113.349601914757 1
54 400 69.7789442885592 1
54 500 74.1127356133818 1
54 700 46.497656669674 1
54 1000 31.2564956423488 1
55 0 104.911324540179 1
55 200 101.243315408636 1
55 400 81.940625217665 1
55 500 63.9125134974375 1
55 700 18.8765038114668 1
55 1000 44.2122233037941 1
56 0 105.746896513642 1
56 200 55.4782866120147 1
56 400 49.5680772188269 1
56 500 39.4728502601638 1
56 700 36.0199596061321 1
56 1000 49.2480719636748 1
57 0 87.3098183786348 1
57 200 55.431454572885 1
57 400 44.3804136632895 1
57 500 50.8049558749876 1
57 700 42.786674751179 1
57 1000 36.5413946219139 1
58 0 94.4564883694118 1
58 200 59.6907203881429 1
58 400 77.10111398694 1
58 500 51.1167277113532 1
58 700 44.6847870832089 1
58 1000 60.9307126242153 1
59 0 111.475715540189 1
59 200 54.1418295248078 1
59 400 42.292028590419 1
59 500 50.8011107682054 1
59 700 47.7274350950006 1
59 1000 32.5444609473213 1
60 0 106.502652462948 1
60 200 51.7932253011372 1
60 400 40.890535301667 1
60 500 36.7599251228418 1
60 700 31.1167664677074 1
60 1000 22.4616044106175 1
61 0 101.196967754003 1
61 200 94.6953392110914 1
61 400 49.8962376043749 1
61 500 55.8677718594017 1
61 700 45.3206217004658 1
61 1000 45.4685321993676 1
62 0 73.457641175438 1
62 200 82.3284908521854 1
62 400 71.1678772493715 1
62 500 36.572816603085 1
62 700 66.4175123961295 1
62 1000 25.6119074516046 1
63 0 80.8383924896633 1
63 200 64.9584606713845 1
63 400 62.825473294054 1
63 500 50.0418440311577 1
63 700 37.6090217001005 1
63 1000 36.6784120689747 1
64 0 86.6956361492909 1
64 200 97.9139259601219 1
64 400 64.5592223230625 1
64 500 44.3571094629324 1
64 700 40.0969197751146 1
64 1000 45.5226319271154 1
65 0 92.4068813588091 1
65 200 65.6994825157094 1
65 400 52.2734382577182 1
65 500 41.8943208469894 1
65 700 27.6221115283384 1
65 1000 26.5894226118113 1
66 0 152.595540470273 1
66 200 110.608774290748 1
66 400 91.1144947094507 1
66 500 86.395529592082 1
66 700 64.9422825295718 1
66 1000 45.8382654427996 1
67 0 70.4634796894833 1
67 200 92.4301691807195 1
67 400 62.6947035769483 1
67 500 63.7573387784335 1
67 700 70.0956253844339 1
67 1000 41.6177588166024 1
68 0 76.4884171596905 1
68 200 51.4121346107127 1
68 400 35.1596577620854 1
68 500 24.7225905134154 1
68 700 21.6961648488546 1
68 1000 22.7141590277898 1
69 0 64.1734242184138 1
69 200 101.839059922839 1
69 400 36.3679252730386 1
69 500 57.0345043841327 1
69 700 44.3024953796115 1
69 1000 48.5002857441146 1
70 0 106.410630825112 1
70 200 42.7067431065981 1
70 400 42.5329445812977 1
70 500 37.1261262162248 1
70 700 28.6270849048462 1
70 1000 12.0157090590752 1
71 0 119.305318691043 1
71 200 70.7473239265252 1
71 400 61.2615708183761 1
71 500 54.8737032917755 1
71 700 31.2310648525409 1
71 1000 27.2775290131439 1
72 0 102.368007288828 1
72 200 97.0891905358051 1
72 400 68.9977691594602 1
72 500 58.6834763347104 1
72 700 44.4543829488194 1
72 1000 38.2294824663791 1
73 0 118.161938055619 1
73 200 112.26914601005 1
73 400 78.0237284699041 1
73 500 72.7386448012332 1
73 700 39.3096943489587 1
73 1000 43.8198558885172 1
74 0 140.999262265896 1
74 200 100.34519145529 1
74 400 75.0039220546835 1
74 500 52.4956128255708 1
74 700 74.1733011741747 1
74 1000 40.9059476166919 1
75 0 120.50324742692 1
75 200 86.4682390850519 1
75 400 56.1679022866864 1
75 500 44.3476959832686 1
75 700 29.5496615014337 1
75 1000 26.692957902559 1
76 0 86.3129087709568 1
76 200 51.5256318960562 1
76 400 47.9166038580502 1
76 500 36.0690734536304 1
76 700 47.6458480357101 1
76 1000 37.5013589059172 1
77 0 108.642254624112 1
77 200 101.993639817926 1
77 400 61.113376081995 1
77 500 53.3740459701879 1
77 700 41.6340295265523 1
77 1000 44.9378735584649 1
78 0 118.291890517756 1
78 200 100.325885712226 1
78 400 74.7672611499827 1
78 500 89.5046959302839 1
78 700 75.2156427008393 1
78 1000 63.8162473390487 1
79 0 108.098258926931 1
79 200 98.075518546907 1
79 400 54.893494277307 1
79 500 49.1156227766213 1
79 700 61.3381681899157 1
79 1000 35.170658254896 1
80 0 162.878854579976 1
80 200 66.8356271903196 1
80 400 59.166154356782 1
80 500 46.3102441685243 1
80 700 44.9319874768553 1
80 1000 38.8392653765555 1
81 0 133.696024621609 1
81 200 137.806575681526 1
81 400 68.6996560510079 1
81 500 91.3296978457882 1
81 700 61.2060050053052 1
81 1000 59.9197780142233 1
82 0 110.825635008367 1
82 200 94.6498779186683 1
82 400 63.2057346836125 1
82 500 31.3001065747056 1
82 700 36.2310213345559 1
82 1000 26.4437304679147 1
83 0 129.824378535461 1
83 200 93.6581558545914 1
83 400 52.4623821370385 1
83 500 37.9634100115865 1
83 700 49.9247503298646 1
83 1000 44.7289976848068 1
84 0 95.4505823981565 1
84 200 62.8864596161467 1
84 400 64.4280784036962 1
84 500 59.8931502718501 1
84 700 47.2578738198703 1
84 1000 37.1428661643887 1
85 0 102.859348898439 1
85 200 100.026903140833 1
85 400 45.0458853840785 1
85 500 42.4650464220828 1
85 700 26.2296404638697 1
85 1000 34.2112479865836 1
86 0 82.9966954367169 1
86 200 128.440770600776 1
86 400 72.4737664758315 1
86 500 65.2051983684993 1
86 700 51.7286998363467 1
86 1000 49.033527859664 1
87 0 83.6378712665104 1
87 200 116.595820438451 1
87 400 56.294880242902 1
87 500 28.7901497526853 1
87 700 44.8483722412066 1
87 1000 44.9319986920664 1
88 0 108.327699112606 1
88 200 82.2763904929403 1
88 400 33.0569221958071 1
88 500 36.2171868087572 1
88 700 41.5829829032708 1
88 1000 38.9198583987414 1
89 0 75.2171468978645 1
89 200 52.6029943367204 1
89 400 45.7081973944351 1
89 500 51.2970964128689 1
89 700 45.7222011802931 1
89 1000 34.771287524887 1
90 0 77.4489933991647 1
90 200 47.3777738230131 1
90 400 62.1675252524097 1
90 500 53.9439925142851 1
90 700 35.9837882027433 1
90 1000 30.7165027198828 1
91 0 47.1529319587437 1
91 200 64.0601654045727 1
91 400 33.4334555720121 1
91 500 45.8482464237036 1
91 700 31.3403400532779 1
91 1000 26.3417908622359 1
92 0 105.975125518428 1
92 200 58.5527145983331 1
92 400 61.672517271109 1
92 500 44.9002206028408 1
92 700 31.2054454675313 1
92 1000 34.7057100907982 1
93 0 95.8979618240235 1
93 200 45.7154319066334 1
93 400 23.9711736333507 1
93 500 39.3910914013347 1
93 700 25.7845578127445 1
93 1000 21.8856782936111 1
94 0 108.398409041247 1
94 200 94.9536823111753 1
94 400 73.9134201966841 1
94 500 49.6870941989768 1
94 700 52.4036548582065 1
94 1000 27.0621625745673 1
95 0 133.074046684916 1
95 200 65.7505831132563 1
95 400 69.1093044023132 1
95 500 44.3928430806155 1
95 700 28.9208599997019 1
95 1000 33.060019531273 1
96 0 113.194961941057 1
96 200 69.661355073546 1
96 400 52.3420777910423 1
96 500 30.538435864369 1
96 700 40.5422047882513 1
96 1000 21.8125840314151 1
97 0 104.428052649041 1
97 200 61.3284108597024 1
97 400 40.8614282946724 1
97 500 47.2784284609604 1
97 700 22.2361527321177 1
97 1000 38.0872896823799 1
98 0 106.662747819323 1
98 200 78.5205131889028 1
98 400 71.3171798267488 1
98 500 38.4271341714169 1
98 700 43.1727682129068 1
98 1000 45.9436562315865 1
99 0 129.217683682871 1
99 200 103.693393193247 1
99 400 65.2573285291623 1
99 500 50.1516092790803 1
99 700 43.7266763159168 1
99 1000 55.8844082094928 1
100 0 106.53253402808 1
100 200 77.7166605615275 1
100 400 92.5961773752904 1
100 500 81.680967248825 1
100 700 66.3495521981557 1
100 1000 40.66915002865 1
