id dose eff group
1 0 97.4436226696606 0
1 200 93.3285804228014 0
1 400 52.1552002195527 0
1 500 73.1373619835172 0
1 700 38.4308047808391 0
1 1000 45.3507225368324 0
2 0 79.7918674396297 0
2 200 84.2669095401051 0
2 400 64.8326501385663 0
2 500 51.9352684096652 0
2 700 66.5491288092107 0
2 1000 19.6375664690046 0
3 0 142.252168756272 0
3 200 128.974522766118 0
3 400 85.425205678402 0
3 500 75.7139899405192 0
3 700 45.8273195377437 0
3 1000 54.4813470220505 0
4 0 94.1596296692405 0
4 200 89.4449013523228 0
4 400 77.4906302311056 0
4 500 69.3168623407913 0
4 700 54.1016586211847 0
4 1000 42.192163432677 0
5 0 124.469843163256 0
5 200 103.162487516245 0
5 400 65.1302222280512 0
5 500 99.3215531889099 0
5 700 74.3428194606067 0
5 1000 44.6776563149565 0
6 0 82.3537742812415 0
6 200 83.6718988413275 0
6 400 47.7576728921682 0
6 500 38.954391606317 0
6 700 59.8826824249634 0
6 1000 39.3347696591036 0
7 0 91.0067362654943 0
7 200 74.1666885363828 0
7 400 84.8514120085881 0
7 500 70.3849215041514 0
7 700 84.3231076354227 0
7 1000 66.3068836729128 0
8 0 119.197484849573 0
8 200 113.239200749419 0
8 400 94.0765450307409 0
8 500 63.5349645120566 0
8 700 58.4869795962182 0
8 1000 60.9202758230395 0
9 0 77.3581255727803 0
9 200 110.609033107045 0
9 400 80.4175919341862 0
9 500 33.536745785148 0
9 700 53.2490883124615 0
9 1000 54.4402525377817 0
10 0 113.78900827781 0
10 200 89.3639755105773 0
10 400 50.226818681042 0
10 500 37.8951295521549 0
10 700 39.4428594780601 0
10 1000 41.3556398652327 0
11 0 84.1356193078926 0
11 200 100.539016812022 0
11 400 75.8234483927794 0
11 500 87.5515431259559 0
11 700 57.6787367956743 0
11 1000 42.0492682004259 0
12 0 112.14794038352 0
12 200 78.0349842926101 0
12 400 48.24728696578 0
12 500 43.644444882936 0
12 700 39.3137366995824 0
12 1000 52.6178588811013 0
13 0 77.6467838441793 0
13 200 83.4455033299092 0
13 400 47.7046139984977 0
13 500 61.87146271606 0
13 700 46.6499959371376 0
13 1000 31.4401359561224 0
14 0 119.25732018178 0
14 200 99.1785126920823 0
14 400 94.4194017525716 0
14 500 69.9333109291105 0
14 700 35.3313476751693 0
14 1000 50.2553509925814 0
15 0 118.142471798094 0
15 200 89.0716725876844 0
15 400 74.9810314045219 0
15 500 75.9572489161697 0
15 700 45.6546879395766 0
15 1000 61.6714458267964 0
16 0 106.193819563354 0
16 200 122.537604409446 0
16 400 69.590021090045 0
16 500 84.1231383883305 0
16 700 38.6066570918441 0
16 1000 46.7194516673285 0
17 0 101.817643446367 0
17 200 112.470630273808 0
17 400 87.6333898371516 0
17 500 76.3216375452363 0
17 700 53.0230934287779 0
17 1000 33.7365628350333 0
18 0 58.1927363634109 0
18 200 60.8428869727566 0
18 400 50.6427004196521 0
18 500 62.1204943558875 0
18 700 46.6963571113973 0
18 1000 36.1079126564622 0
19 0 108.83468441121 0
19 200 78.6361169759282 0
19 400 57.7676257002106 0
19 500 74.0637481667861 0
19 700 51.071391810975 0
19 1000 45.188910438291 0
20 0 80.2652435477746 0
20 200 86.5061621751734 0
20 400 75.875597375837 0
20 500 96.1859682427337 0
20 700 52.5851389867802 0
20 1000 66.9580804315752 0
21 0 102.965468564783 0
21 200 54.7399033750772 0
21 400 67.0262564625608 0
21 500 89.821953402694 0
21 700 57.5364737570705 0
21 1000 44.9839179476768 0
22 0 76.8647780619022 0
22 200 125.449186032504 0
22 400 133.709450537097 0
22 500 109.291020448106 0
22 700 57.3444728450436 0
22 1000 50.8597348122421 0
23 0 115.771800254029 0
23 200 80.7205401727519 0
23 400 68.6608828252681 0
23 500 43.6170725168618 0
23 700 42.1017200118032 0
23 1000 39.4360073184133 0
24 0 127.013661592882 0
24 200 144.854414412666 0
24 400 98.9598394816217 0
24 500 67.4105550788974 0
24 700 97.6640152117139 0
24 1000 62.5484327596326 0
25 0 108.226697804881 0
25 200 100.545686895443 0
25 400 67.7839160616397 0
25 500 54.7811786468571 0
25 700 55.0263928537331 0
25 1000 38.4825407940872 0
26 0 96.4912128385398 0
26 200 109.278278180959 0
26 400 80.1334079389318 0
26 500 60.9561512236601 0
26 700 50.9142798985425 0
26 1000 34.9223376899655 0
27 0 109.64185399654 0
27 200 80.1568188253652 0
27 400 93.0059969583761 0
27 500 95.7557348118096 0
27 700 71.3958036272609 0
27 1000 78.4457598422518 0
28 0 74.0253022938798 0
28 200 92.9297998579824 0
28 400 51.4517643234291 0
28 500 54.0591979158804 0
28 700 45.1242027262322 0
28 1000 26.2233593984506 0
29 0 82.285674041521 0
29 200 85.5661475714778 0
29 400 60.6559474138356 0
29 500 74.7211841511738 0
29 700 53.250784278644 0
29 1000 50.6797936746201 0
30 0 100.507215399367 0
30 200 77.3111208509108 0
30 400 56.7972205728727 0
30 500 104.396600748613 0
30 700 61.3772856129022 0
30 1000 30.9435300894118 0
31 0 83.8682670430626 0
31 200 111.310668622462 0
31 400 80.2142034309981 0
31 500 44.7743464204901 0
31 700 48.3035891553248 0
31 1000 39.6990778205495 0
32 0 81.5605626015386 0
32 200 126.260450609009 0
32 400 114.938978570013 0
32 500 60.5530914093291 0
32 700 73.4939339354232 0
32 1000 62.8426304783766 0
33 0 76.368451809739 0
33 200 80.4129482804744 0
33 400 51.6704445557742 0
33 500 82.5200651518127 0
33 700 49.4317931696274 0
33 1000 27.4418100093408 0
34 0 101.585559169638 0
34 200 91.1146583705979 0
34 400 59.2423831417393 0
34 500 55.5440022231074 0
34 700 60.7267086652766 0
34 1000 62.6713125321218 0
35 0 84.9065722039741 0
35 200 107.915554721444 0
35 400 78.8746983865571 0
35 500 67.0576766040498 0
35 700 60.2495489695725 0
35 1000 52.4215786247177 0
36 0 60.5834486301441 0
36 200 112.533469168448 0
36 400 76.619177852418 0
36 500 48.5254102545832 0
36 700 35.3772955626149 0
36 1000 30.0745811964679 0
37 0 96.9958629504159 0
37 200 63.3416473350697 0
37 400 79.9135923107513 0
37 500 66.6319774576138 0
37 700 45.6630634419556 0
37 1000 59.3158088736292 0
38 0 94.6022227189308 0
38 200 92.4116598073519 0
38 400 28.6275881515619 0
38 500 69.8761199073571 0
38 700 29.4227207106763 0
38 1000 48.1088308494314 0
39 0 134.052586445857 0
39 200 78.4076063055282 0
39 400 67.0332053140513 0
39 500 47.0113940997587 0
39 700 39.89723615387 0
39 1000 42.8164084831762 0
40 0 93.0038216162269 0
40 200 108.18049584914 0
40 400 73.1893887402593 0
40 500 65.5551315193759 0
40 700 46.3118471955922 0
40 1000 37.9221718896462 0
41 0 67.799264884478 0
41 200 89.5773480896386 0
41 400 72.4292339493321 0
41 500 76.7587542462516 0
41 700 36.7839948106676 0
41 1000 51.3621586385176 0
42 0 73.5920122352537 0
42 200 110.135009392225 0
42 400 111.318056457051 0
42 500 67.7234025889546 0
42 700 74.4770407704649 0
42 1000 48.5599716492285 0
43 0 114.261809179666 0
43 200 77.5583723415287 0
43 400 68.6832664847484 0
43 500 44.132971268831 0
43 700 51.0827144110658 0
43 1000 49.1427216447637 0
44 0 119.554562203614 0
44 200 94.9942017124449 0
44 400 107.573417820689 0
44 500 76.5277717439891 0
44 700 53.9348057958053 0
44 1000 41.8535246019999 0
45 0 126.841513636674 0
45 200 93.9154013492842 0
45 400 80.0755084565646 0
45 500 54.3303961538979 0
45 700 53.7273703603838 0
45 1000 36.698976431326 0
46 0 97.8886365276918 0
46 200 79.8943135108172 0
46 400 81.1647177881391 0
46 500 73.5779707374588 0
46 700 53.9024801688604 0
46 1000 33.3857229892944 0
47 0 79.9636708553427 0
47 200 90.7641012126142 0
47 400 86.8778769045456 0
47 500 69.3872979066739 0
47 700 74.199108937987 0
47 1000 38.8817492137994 0
48 0 120.401582495607 0
48 200 83.3290776302462 0
48 400 61.4821563923962 0
48 500 105.674576956924 0
48 700 58.3278510052263 0
48 1000 48.7889953572802 0
49 0 94.204924992186 0
49 200 60.6036272854986 0
49 400 54.22433600938 0
49 500 55.715548107139 0
49 700 59.066214011384 0
49 1000 26.3409542308974 0
50 0 84.5213155525872 0
50 200 103.470382240882 0
50 400 51.5528924009701 0
50 500 71.7727611441883 0
50 700 48.227716639668 0
50 1000 57.1171836013146 0
51 0 74.5301253868611 1
51 200 27.2221738819359 1
51 400 38.1685575613143 1
51 500 23.7154756323892 1
51 700 28.2980544334948 1
51 1000 41.583409981532 1
52 0 80.0010887345475 1
52 200 41.4985181580029 1
52 400 57.1116531932643 1
52 500 37.1341857857965 1
52 700 43.5378868197806 1
52 1000 29.1004829162378 1
53 0 101.241041619572 1
53 200 58.6637403974888 1
53 400 41.251222756422 1
53 500 38.4469790797513 1
53 700 29.5706228248707 1
53 1000 37.5267674332149 1
54 0 115.149983784448 1
54 200 56.3076114480156 1
54 400 56.2173292157664 1
54 500 52.8586966208325 1
54 700 27.3760746692397 1
54 1000 42.7542972496157 1
55 0 128.477698029533 1
55 200 101.325504370954 1
55 400 53.4486836506426 1
55 500 43.8652942816323 1
55 700 21.7410993400908 1
55 1000 40.098963278135 1
56 0 91.8091253661043 1
56 200 65.9304803861828 1
56 400 49.7008429795237 1
56 500 32.2756593680582 1
56 700 34.677031963152 1
56 1000 22.9071566469627 1
57 0 68.6602150548896 1
57 200 73.3505455489398 1
57 400 61.261659368329 1
57 500 40.4333863504266 1
57 700 63.5043082053306 1
57 1000 42.5342717683827 1
58 0 80.6015443424685 1
58 200 80.2160269965196 1
58 400 67.3499920548091 1
58 500 57.0556845022958 1
58 700 45.2637360653135 1
58 1000 49.0450044757487 1
59 0 109.552073432256 1
59 200 101.636807864729 1
59 400 53.0748015597512 1
59 500 57.7771107093517 1
59 700 30.1815388136727 1
59 1000 25.4474427232606 1
60 0 84.256728452818 1
60 200 104.950109633628 1
60 400 69.1787615592682 1
60 500 40.888597897581 1
60 700 44.3309223798098 1
60 1000 37.4039288760391 1
61 0 93.9488269435246 1
61 200 65.3483364857383 1
61 400 63.4225941175626 1
61 500 32.603273488652 1
61 700 33.0286297832452 1
61 1000 33.0341493433311 1
62 0 110.127941413867 1
62 200 77.8434155985819 1
62 400 39.9503137852049 1
62 500 42.5758888694982 1
62 700 29.535171416067 1
62 1000 27.1977776046091 1
63 0 88.9295998798759 1
63 200 66.9451160122924 1
63 400 52.0662641718594 1
63 500 20.642877110139 1
63 700 26.4903493972717 1
63 1000 36.2214961842368 1
64 0 107.439815642688 1
64 200 66.9670981614243 1
64 400 51.2333153159637 1
64 500 27.5899736554364 1
64 700 29.5860879014281 1
64 1000 40.5418734059435 1
65 0 104.119483413407 1
65 200 40.9993287881111 1
65 400 41.1930967899363 1
65 500 31.551921003737 1
65 700 40.9017195168217 1
65 1000 29.6662200010943 1
66 0 111.258100626565 1
66 200 43.257201905358 1
66 400 52.7204997744024 1
66 500 23.1841847278724 1
66 700 45.9563020860243 1
66 1000 26.8050061504768 1
67 0 82.2472027562203 1
67 200 63.1217192005202 1
67 400 45.9962361615648 1
67 500 44.9153868700362 1
67 700 37.4268909100354 1
67 1000 28.6799583749908 1
68 0 77.2729611563028 1
68 200 53.321744579866 1
68 400 43.0329029285626 1
68 500 40.0371452450069 1
68 700 40.2246380486684 1
68 1000 24.2182055855816 1
69 0 91.8845154345293 1
69 200 67.9918371777088 1
69 400 40.4445263556512 1
69 500 39.6776170663012 1
69 700 34.7555138717911 1
69 1000 28.3869092169325 1
70 0 92.8505821909338 1
70 200 70.5723743264611 1
70 400 49.4442969703386 1
70 500 24.3248477764345 1
70 700 28.8124852588348 1
70 1000 21.2927264371134 1
71 0 104.764401807692 1
71 200 104.019684278097 1
71 400 60.4683870368733 1
71 500 74.5034230347242 1
71 700 45.4771187795418 1
71 1000 63.2445501902177 1
72 0 117.391821604739 1
72 200 95.7385731474539 1
72 400 40.3178519227066 1
72 500 38.4550667110702 1
72 700 50.5566464539808 1
72 1000 26.741916432869 1
73 0 94.0348325042659 1
73 200 76.683492370019 1
73 400 87.2048250785823 1
73 500 50.8535764874708 1
73 700 28.2620678498297 1
73 1000 35.3416428543393 1
74 0 76.1199082243326 1
74 200 65.4169970343048 1
74 400 79.0332796471151 1
74 500 48.0807442869593 1
74 700 34.0062636118258 1
74 1000 32.1780647226391 1
75 0 93.4483110143462 1
75 200 77.6872458807144 1
75 400 49.4083981191757 1
75 500 33.7817181095174 1
75 700 33.3671897331896 1
75 1000 28.3503220640924 1
76 0 92.5947809930809 1
76 200 81.610516309862 1
76 400 74.0017787486187 1
76 500 69.7974644720707 1
76 700 33.2003772545685 1
76 1000 38.9106764186874 1
77 0 83.6145438626866 1
77 200 75.1271870181665 1
77 400 76.92439511654 1
77 500 43.10441648403 1
77 700 42.9727472710318 1
77 1000 35.3125654172024 1
78 0 125.808416841856 1
78 200 75.4491157978021 1
78 400 87.3869485136697 1
78 500 73.6230290947814 1
78 700 75.4037654661965 1
78 1000 53.5706166347136 1
79 0 105.508798192572 1
79 200 120.237523017922 1
79 400 81.0834774460724 1
79 500 77.8537737065287 1
79 700 63.1119018289764 1
79 1000 63.2423032861537 1
80 0 105.096558400705 1
80 200 82.7852015265478 1
80 400 63.5199522452417 1
80 500 54.5889983274693 1
80 700 41.6490693525615 1
80 1000 35.9472715431013 1
81 0 77.6671135044441 1
81 200 103.641912134738 1
81 400 58.9647774777817 1
81 500 35.7966620390999 1
81 700 34.4194140791972 1
81 1000 28.2060926131467 1
82 0 73.5780990263044 1
82 200 47.9141911915051 1
82 400 61.4592921545778 1
82 500 49.9041059069544 1
82 700 36.9064103561354 1
82 1000 48.4860382111476 1
83 0 66.9334510365555 1
83 200 82.9361446929489 1
83 400 34.4443138751298 1
83 500 57.9153362730232 1
83 700 42.6106103924904 1
83 1000 32.1316519949412 1
84 0 87.6547673076075 1
84 200 76.9953446350185 1
84 400 50.4382754586309 1
84 500 38.3173612795192 1
84 700 46.8090733140993 1
84 1000 44.0988997885909 1
85 0 90.0360112715119 1
85 200 89.2658421844075 1
85 400 46.5294721827059 1
85 500 74.7291321362028 1
85 700 50.2021390481548 1
85 1000 29.8343010629597 1
86 0 67.4728234264117 1
86 200 65.7478960076986 1
86 400 37.6483927872214 1
86 500 42.2578300984813 1
86 700 31.8651225523621 1
86 1000 33.8396824223304 1
87 0 86.9090571813111 1
87 200 69.4865749910081 1
87 400 23.6615067803791 1
87 500 36.3132030168695 1
87 700 37.6766372580029 1
87 1000 19.0426462713609 1
88 0 81.1865823834089 1
88 200 105.601213635371 1
88 400 43.0810390209274 1
88 500 44.6956400854924 1
88 700 48.9519306848516 1
88 1000 34.4973770547417 1
89 0 57.0936496342502 1
89 200 101.112656046054 1
89 400 70.2012785663769 1
89 500 68.291738598983 1
89 700 31.9940523152941 1
89 1000 60.6647057244265 1
90 0 68.0515255908408 1
90 200 102.553288354143 1
90 400 48.2405992510191 1
90 500 51.962287384666 1
90 700 73.5961251292537 1
90 1000 45.1803492375789 1
91 0 72.8558208392989 1
91 200 59.1867950647959 1
91 400 47.1680633960828 1
91 500 57.3484029528417 1
91 700 46.0862988289355 1
91 1000 30.4850132003793 1
92 0 135.167740029902 1
92 200 81.806506136549 1
92 400 59.7408272949172 1
92 500 34.1309085099243 1
92 700 53.1318345781715 1
92 1000 37.3255111232693 1
93 0 117.392136807751 1
93 200 63.0077523515938 1
93 400 69.1697387598605 1
93 500 43.0097250156559 1
93 700 54.4072990524626 1
93 1000 37.9441356355274 1
94 0 117.582247195088 1
94 200 90.6319608405543 1
94 400 62.561817162181 1
94 500 49.7991493045036 1
94 700 34.5789583475096 1
94 1000 35.4857735105424 1
95 0 132.502286113664 1
95 200 86.3286833846974 1
95 400 64.2228580861182 1
95 500 45.6002345625496 1
95 700 29.165115370322 1
95 1000 38.8207933985393 1
96 0 108.565517548633 1
96 200 67.8489593132476 1
96 400 40.655711743727 1
96 500 51.3222995942544 1
96 700 36.7395411469699 1
96 1000 35.0928328743093 1
97 0 109.728415205346 1
97 200 63.7802144404995 1
97 400 95.9534176914008 1
97 500 71.3882567526718 1
97 700 66.9131647693371 1
97 1000 45.6042984252736 1
98 0 74.5903350904813 1
98 200 74.8289548505014 1
98 400 47.0203106754237 1
98 500 36.211914930343 1
98 700 53.8262470181367 1
98 1000 21.1322179673476 1
99 0 106.602635125985 1
99 200 46.2842137214889 1
99 400 42.2453113591748 1
99 500 42.7332436530432 1
99 700 41.6380273168053 1
99 1000 37.7579493831957 1
100 0 94.8608878922385 1
100 200 85.0249871471741 1
100 400 90.2495362185653 1
100 500 58.0100070232227 1
100 700 48.7977918328097 1
100 1000 40.6797824506594 1
