id dose eff group
1 0 99.0836292133324 0
1 200 71.5997034109607 0
1 400 70.4400768102284 0
1 500 71.2038041620425 0
1 700 50.7627428374652 0
1 1000 41.6246178799291 0
2 0 102.131151084605 0
2 200 132.624190086834 0
2 400 79.1604291313474 0
2 500 74.826878145814 0
2 700 52.0286932775574 0
2 1000 58.8928308108035 0
3 0 80.2831064015437 0
3 200 73.9320595629989 0
3 400 61.8168567145216 0
3 500 39.2502386447998 0
3 700 43.4686965371734 0
3 1000 37.8206968719088 0
4 0 144.063829981782 0
4 200 99.4046274478483 0
4 400 91.1754311045409 0
4 500 73.6118822908973 0
4 700 57.1712305431205 0
4 1000 60.9445315241545 0
5 0 137.455148145555 0
5 200 111.830395203272 0
5 400 69.8720733530301 0
5 500 84.9387697269984 0
5 700 35.2309098410105 0
5 1000 45.7116035420867 0
6 0 114.071770172329 0
6 200 63.1908187735663 0
6 400 88.2237997240851 0
6 500 48.5367550915527 0
6 700 63.1833233813936 0
6 1000 41.5295287376471 0
7 0 92.4086794854759 0
7 200 161.580255769577 0
7 400 114.729071508859 0
7 500 106.335731916496 0
7 700 95.1409613690125 0
7 1000 72.7178659480709 0
8 0 134.531838401374 0
8 200 54.069007373382 0
8 400 82.9090145705766 0
8 500 47.2447611957391 0
8 700 47.3717671296269 0
8 1000 40.2032862617177 0
9 0 97.524645589536 0
9 200 66.2732262769487 0
9 400 58.9894406488342 0
9 500 45.9318299721068 0
9 700 36.1654061224627 0
9 1000 44.465545548672 0
10 0 101.341142791253 0
10 200 103.243442571803 0
10 400 76.487637322974 0
10 500 79.1095511601754 0
10 700 46.730495833613 0
10 1000 67.6330488277964 0
11 0 127.116220141998 0
11 200 114.528598785304 0
11 400 113.358160470332 0
11 500 102.078815272351 0
11 700 66.7023374535299 0
11 1000 52.6409315208229 0
12 0 128.840005387943 0
12 200 103.827172608936 0
12 400 47.9279090417179 0
12 500 103.788721490718 0
12 700 48.2482681039207 0
12 1000 39.3091444872764 0
13 0 99.3727531556918 0
13 200 89.9926690827355 0
13 400 70.554632194921 0
13 500 56.48049637482 0
13 700 40.2716419834469 0
13 1000 48.2481663048126 0
14 0 81.9354202487207 0
14 200 80.6189639005644 0
14 400 53.852094042244 0
14 500 88.2347018321419 0
14 700 48.4717549984891 0
14 1000 48.6471653733214 0
15 0 108.255141250581 0
15 200 106.172636159857 0
15 400 85.6182240143014 0
15 500 42.9450194928848 0
15 700 54.2770968672135 0
15 1000 47.3144934496439 0
16 0 117.52278500228 0
16 200 91.6175866694571 0
16 400 83.2873095657683 0
16 500 98.5715695700364 0
16 700 62.2593866676407 0
16 1000 54.0715199703252 0
17 0 78.907320143773 0
17 200 57.8821191937925 0
17 400 80.4698835701965 0
17 500 85.655935335572 0
17 700 54.7287724359478 0
17 1000 40.4085540987122 0
18 0 94.6234425952697 0
18 200 97.3038766020625 0
18 400 80.2188850204235 0
18 500 83.5209472315075 0
18 700 62.1332184192353 0
18 1000 55.4046781088749 0
19 0 92.5518703874964 0
19 200 90.6886606036608 0
19 400 97.6777088306761 0
19 500 79.1754079690952 0
19 700 72.9906146146269 0
19 1000 29.80143321758 0
20 0 75.7763552605591 0
20 200 66.9157045880544 0
20 400 82.38768120994 0
20 500 55.4331087178606 0
20 700 65.7756108629349 0
20 1000 39.3381985587301 0
21 0 117.209159921938 0
21 200 113.212206816116 0
21 400 61.0433951291434 0
21 500 39.8321552191786 0
21 700 42.4867527819818 0
21 1000 30.4886557445586 0
22 0 90.5744796684111 0
22 200 109.225659578886 0
22 400 52.1640116210789 0
22 500 77.8594504638613 0
22 700 54.640936701457 0
22 1000 53.3843579896586 0
23 0 126.883585708195 0
23 200 143.436595522314 0
23 400 83.4748620025849 0
23 500 99.3916018743003 0
23 700 55.882235920723 0
23 1000 52.5190704872838 0
24 0 104.315088378955 0
24 200 112.052713492699 0
24 400 50.450043664748 0
24 500 60.2735967378325 0
24 700 37.5114695664405 0
24 1000 53.893362517028 0
25 0 51.7426636384418 0
25 200 77.8879774833384 0
25 400 65.4523984969339 0
25 500 51.8429428736705 0
25 700 49.7862904205022 0
25 1000 36.3058754953499 0
26 0 130.971087222271 0
26 200 72.3531199475342 0
26 400 73.0762147768824 0
26 500 41.6623168448479 0
26 700 25.8227907264227 0
26 1000 33.1058141882102 0
27 0 91.4507064215697 0
27 200 69.2163376025769 0
27 400 85.0429870862535 0
27 500 63.7933123584931 0
27 700 58.6873963662006 0
27 1000 39.1601966909132 0
28 0 102.753232273337 0
28 200 66.1521382735559 0
28 400 77.094198944118 0
28 500 97.3290106159273 0
28 700 50.5740589290489 0
28 1000 82.1868727441736 0
29 0 65.8418983832627 0
29 200 59.3225930085563 0
29 400 59.0092741329163 0
29 500 46.7539796761919 0
29 700 42.4236297899471 0
29 1000 35.6946703477178 0
30 0 83.6118196792685 0
30 200 56.3039250848863 0
30 400 62.1243867331621 0
30 500 36.6610052982729 0
30 700 46.8439777686878 0
30 1000 45.5902807169472 0
31 0 107.889158315064 0
31 200 95.9218927393466 0
31 400 67.1298438086002 0
31 500 64.2920455444918 0
31 700 56.2474419908367 0
31 1000 47.8033222481548 0
32 0 136.808481781433 0
32 200 101.846486373528 0
32 400 105.900513746955 0
32 500 72.0772169147212 0
32 700 77.5525123381353 0
32 1000 73.9584746317065 0
33 0 119.208153707079 0
33 200 85.8493804756898 0
33 400 69.3055310646971 0
33 500 79.0907410148386 0
33 700 46.5783569465929 0
33 1000 42.6634524537944 0
34 0 98.9075452258184 0
34 200 107.632193331732 0
34 400 66.8845124007267 0
34 500 52.3752536902332 0
34 700 47.1042737270779 0
34 1000 32.6672509422946 0
35 0 91.8403530169763 0
35 200 68.743395164767 0
35 400 89.485564846036 0
35 500 71.008698572881 0
35 700 58.2942417716512 0
35 1000 48.1677043211668 0
36 0 107.675924406839 0
36 200 89.5890837486355 0
36 400 79.8901601324775 0
36 500 48.6713652196718 0
36 700 62.0348951733716 0
36 1000 38.799871812238 0
37 0 73.6949557469678 0
37 200 94.1018261854902 0
37 400 74.4786855141238 0
37 500 63.3038084276775 0
37 700 49.2198114934854 0
37 1000 35.612023712957 0
38 0 85.7208841426837 0
38 200 105.898400698894 0
38 400 93.8628162245882 0
38 500 66.0545678715311 0
38 700 98.7023236432656 0
38 1000 56.2165085260443 0
39 0 111.136078917858 0
39 200 61.2168138160759 0
39 400 62.5962400978913 0
39 500 100.672115309897 0
39 700 48.1328682748977 0
39 1000 57.3813226301922 0
40 0 97.4120306597621 0
40 200 84.8926651948869 0
40 400 119.123294103426 0
40 500 47.5344384789593 0
40 700 84.9720241998432 0
40 1000 45.4954197863638 0
41 0 99.4928247681462 0
41 200 95.6127900116477 0
41 400 63.9622949964852 0
41 500 68.0660873575117 0
41 700 50.6104572071785 0
41 1000 41.6682805080213 0
42 0 135.380410053432 0
42 200 110.811470140985 0
42 400 81.7012288289992 0
42 500 125.72602188511 0
42 700 83.948791192381 0
42 1000 71.1947093108322 0
43 0 53.3297012131617 0
43 200 87.8919660404028 0
43 400 67.0378196442699 0
43 500 65.4784681545324 0
43 700 59.253598558775 0
43 1000 50.4259742015721 0
44 0 111.634637066442 0
44 200 96.9500943709208 0
44 400 53.0410831342249 0
44 500 55.6258560926208 0
44 700 59.4323832100433 0
44 1000 50.3953936708309 0
45 0 77.8586723608472 0
45 200 58.3327674173518 0
45 400 52.551350980531 0
45 500 41.2509224911723 0
45 700 44.001697681986 0
45 1000 25.784742043242 0
46 0 84.4741181906885 0
46 200 77.1869504342275 0
46 400 63.9726004690079 0
46 500 59.6435658633045 0
46 700 41.8706456502645 0
46 1000 44.6925798223681 0
47 0 83.0756841722167 0
47 200 71.2037258000196 0
47 400 94.4689690532383 0
47 500 68.3047340970205 0
47 700 86.7519429801662 0
47 1000 55.864178228495 0
48 0 107.17566888037 0
48 200 99.3320696502058 0
48 400 82.9181029570208 0
48 500 170.060454164307 0
48 700 85.8170062784703 0
48 1000 85.2450517959775 0
49 0 90.1008883043572 0
49 200 84.4542248491045 0
49 400 73.9169871487129 0
49 500 46.376819517869 0
49 700 46.8861884469291 0
49 1000 44.7248051440963 0
50 0 90.9106915717602 0
50 200 86.352550345032 0
50 400 75.6040080119625 0
50 500 81.2796513447904 0
50 700 54.5537019865843 0
50 1000 54.8727811900562 0
51 0 82.5418986426997 1
51 200 114.179713832195 1
51 400 54.9959380179892 1
51 500 26.556273513882 1
51 700 38.2328848305593 1
51 1000 37.559087504611 1
52 0 116.076366715854 1
52 200 100.978456381298 1
52 400 42.1080330139919 1
52 500 44.791517779061 1
52 700 20.3061067968335 1
52 1000 36.8354486435488 1
53 0 73.7313519796102 1
53 200 89.8249716232932 1
53 400 80.7387090937637 1
53 500 78.4652195822674 1
53 700 38.9154410119935 1
53 1000 41.7358531243302 1
54 0 109.933284732132 1
54 200 110.048325358252 1
54 400 60.8115005502008 1
54 500 40.2233223653644 1
54 700 54.3830124566111 1
54 1000 24.7947577503528 1
55 0 73.148532361305 1
55 200 132.916265400985 1
55 400 71.5959723817592 1
55 500 71.0021244883575 1
55 700 84.4181006075475 1
55 1000 43.289049084904 1
56 0 101.960081641967 1
56 200 78.2358933049658 1
56 400 57.5080990239173 1
56 500 36.2716604572382 1
56 700 42.9305418934079 1
56 1000 34.0624089528558 1
57 0 79.260573823443 1
57 200 84.1716503608298 1
57 400 51.1761045144901 1
57 500 70.2036671811038 1
57 700 45.0490140663529 1
57 1000 53.1948293857779 1
58 0 77.6856462174902 1
58 200 68.8990953516245 1
58 400 59.6809575786541 1
58 500 55.8891913028386 1
58 700 41.6090599106346 1
58 1000 41.7455018240384 1
59 0 93.3269893782982 1
59 200 90.106979653553 1
59 400 65.5157098398794 1
59 500 40.9004286706019 1
59 700 34.9656799029232 1
59 1000 27.8198903937937 1
60 0 129.244675218016 1
60 200 97.0366646483833 1
60 400 77.8138626952879 1
60 500 75.7247945307318 1
60 700 51.8266621923578 1
60 1000 35.5569082084954 1
61 0 101.933072659016 1
61 200 80.7896694383191 1
61 400 57.6063948345976 1
61 500 31.8436800061045 1
61 700 41.9386147342053 1
61 1000 24.5711363047307 1
62 0 90.962730542434 1
62 200 46.6704254691403 1
62 400 69.2103829442042 1
62 500 59.8988202303696 1
62 700 45.9944812570705 1
62 1000 34.8415184427944 1
63 0 128.264964064326 1
63 200 49.9361589581512 1
63 400 33.450990153462 1
63 500 41.5620176412049 1
63 700 60.8941935926665 1
63 1000 42.3564326218988 1
64 0 118.019147451762 1
64 200 70.7046776573987 1
64 400 65.0001474612218 1
64 500 66.0356834449921 1
64 700 61.7998087041092 1
64 1000 60.6358226763814 1
65 0 94.6999588418684 1
65 200 46.6835652163054 1
65 400 44.8475975550349 1
65 500 50.7004805752841 1
65 700 36.6920232505301 1
65 1000 45.5477876369795 1
66 0 74.628905187614 1
66 200 76.3938047730007 1
66 400 49.2469293270636 1
66 500 50.0494740726256 1
66 700 34.4395057291786 1
66 1000 32.9426486196316 1
67 0 123.39188111535 1
67 200 81.3019827901815 1
67 400 48.7646829171409 1
67 500 40.5624323857854 1
67 700 34.3787518125249 1
67 1000 30.5685422688259 1
68 0 80.0519507425574 1
68 200 50.9266251145765 1
68 400 72.2378762190671 1
68 500 59.7173718985455 1
68 700 49.7640045002699 1
68 1000 41.8107789958657 1
69 0 128.880069095233 1
69 200 90.9203346403082 1
69 400 58.3544838783375 1
69 500 58.7906237922536 1
69 700 44.2860384952175 1
69 1000 34.6926825486067 1
70 0 138.692800303121 1
70 200 50.4972048410712 1
70 400 28.5588572487903 1
70 500 63.9321026074828 1
70 700 44.4124122202881 1
70 1000 36.2407534587067 1
71 0 106.194967558475 1
71 200 75.8835943543574 1
71 400 57.5920657953804 1
71 500 59.9803583069995 1
71 700 53.9189834274709 1
71 1000 43.7490657753122 1
72 0 100.118494120192 1
72 200 78.9518921937112 1
72 400 55.5054776924806 1
72 500 45.047904632081 1
72 700 31.4161931260604 1
72 1000 34.3589101392561 1
73 0 115.644475788523 1
73 200 91.398407218583 1
73 400 68.2351048290193 1
73 500 54.7156769345642 1
73 700 38.196532681574 1
73 1000 41.8027336778993 1
74 0 103.041236173575 1
74 200 84.2143997397417 1
74 400 60.4873269106343 1
74 500 41.2603462329911 1
74 700 50.0450647441442 1
74 1000 46.5107423736223 1
75 0 125.97760781386 1
75 200 69.8618940937182 1
75 400 75.9774021981453 1
75 500 66.3721703844938 1
75 700 41.0368273058631 1
75 1000 50.1860881691232 1
76 0 120.691991134131 1
76 200 102.441258553078 1
76 400 90.114544754124 1
76 500 69.4967230866239 1
76 700 42.9058555735516 1
76 1000 74.6217014304931 1
77 0 95.9498292989348 1
77 200 93.1693057736858 1
77 400 58.9045545480071 1
77 500 50.729410741772 1
77 700 56.1831031794004 1
77 1000 33.2626204434392 1
78 0 104.869525793843 1
78 200 69.4188519638296 1
78 400 53.5069718607991 1
78 500 53.9138457081924 1
78 700 17.1688754727629 1
78 1000 28.9709601695953 1
79 0 106.379840989522 1
79 200 120.323310726844 1
79 400 114.911854903457 1
79 500 20.4542971114535 1
79 700 40.4572989318009 1
79 1000 38.8448709113017 1
80 0 81.1260718389309 1
80 200 62.1392050612375 1
80 400 41.5401767900679 1
80 500 35.5355096800553 1
80 700 38.735431137634 1
80 1000 30.3009815134161 1
81 0 81.7890139221035 1
81 200 77.1551543078053 1
81 400 29.3861964783068 1
81 500 25.9278173252537 1
81 700 42.0274362841508 1
81 1000 29.6455400727703 1
82 0 96.48536113179 1
82 200 75.1594383336188 1
82 400 80.9294687419628 1
82 500 57.9235269433161 1
82 700 51.9062315804625 1
82 1000 38.7199091460631 1
83 0 89.4398341914405 1
83 200 78.6374324906006 1
83 400 80.5799685634246 1
83 500 50.0201383809037 1
83 700 40.4483014715195 1
83 1000 38.6899684990931 1
84 0 83.0608144131723 1
84 200 98.1409325676887 1
84 400 52.0297749088216 1
84 500 47.7904915562748 1
84 700 52.8125062230906 1
84 1000 35.0818319919124 1
85 0 136.509988576438 1
85 200 56.6922658984856 1
85 400 44.7407760204747 1
85 500 53.5134126894897 1
85 700 34.2098723100885 1
85 1000 35.9845886950525 1
86 0 92.9637428036153 1
86 200 66.8964728987679 1
86 400 30.9627409761336 1
86 500 49.1791863176696 1
86 700 38.6178755522114 1
86 1000 36.1380207977085 1
87 0 115.94808214446 1
87 200 106.612645819685 1
87 400 80.8709143973606 1
87 500 63.7057162458478 1
87 700 46.1375177175571 1
87 1000 43.3409016462188 1
88 0 110.860399733879 1
88 200 93.7134859726949 1
88 400 52.6646116522934 1
88 500 54.2589003174064 1
88 700 35.0105807441729 1
88 1000 43.751479023727 1
89 0 88.8927227916065 1
89 200 83.7158997714347 1
89 400 59.768536050678 1
89 500 53.4806285213479 1
89 700 42.2519013417637 1
89 1000 31.141141051866 1
90 0 80.0264733284126 1
90 200 70.4618235510007 1
90 400 40.2984805832503 1
90 500 40.1161745663862 1
90 700 23.3492044702355 1
90 1000 32.8828726733353 1
91 0 100.4038607474 1
91 200 59.1560177999464 1
91 400 38.0524364700958 1
91 500 52.0469001976833 1
91 700 54.0824640278685 1
91 1000 42.8845225594416 1
92 0 105.068697963259 1
92 200 138.135861816484 1
92 400 80.216558787534 1
92 500 53.4536178463087 1
92 700 33.4057062519843 1
92 1000 52.1007104849401 1
93 0 91.1497341304277 1
93 200 48.2162426359879 1
93 400 38.8597191844654 1
93 500 35.784502710476 1
93 700 20.51706795383 1
93 1000 40.639547972562 1
94 0 96.7202710611899 1
94 200 75.2677231798849 1
94 400 62.5973780904048 1
94 500 55.828620842379 1
94 700 54.3581428913149 1
94 1000 38.0111053424839 1
95 0 125.849232245316 1
95 200 75.8215650084773 1
95 400 46.5606314943811 1
95 500 48.8615066657243 1
95 700 36.4248078076104 1
95 1000 25.1624726180308 1
96 0 84.406645538686 1
96 200 103.083775946744 1
96 400 56.0739648827597 1
96 500 47.8810926005481 1
96 700 48.5206371360701 1
96 1000 37.5814177365972 1
97 0 95.3988270252292 1
97 200 67.1043305239452 1
97 400 41.5123537148055 1
97 500 35.2305357491538 1
97 700 53.3352299565451 1
97 1000 32.4538976261749 1
98 0 116.881604565166 1
98 200 87.4685375551155 1
98 400 60.5762150203526 1
98 500 55.2352923968653 1
98 700 35.725888339823 1
98 1000 35.2241437964242 1
99 0 109.365577834417 1
99 200 44.8177650440433 1
99 400 47.8589324679407 1
99 500 43.3873532486487 1
99 700 47.2248073210323 1
99 1000 36.0732667134993 1
100 0 89.1409932172487 1
100 200 83.5298891410046 1
100 400 50.2803562447743 1
100 500 55.2177652571592 1
100 700 41.9422112742822 1
100 1000 43.7209987225672 1
