id dose eff group
1 0 116.495203458815 0
1 200 95.1592511325984 0
1 400 73.4936322055689 0
1 500 59.189954455653 0
1 700 55.5891440225357 0
1 1000 51.7337605285156 0
2 0 72.6055596741219 0
2 200 99.4527879518975 0
2 400 60.6136853049156 0
2 500 80.6013348917942 0
2 700 64.2895171211549 0
2 1000 56.575930908629 0
3 0 78.9671464501837 0
3 200 83.5648743110918 0
3 400 57.3435688350298 0
3 500 57.9589705576677 0
3 700 20.3991032120511 0
3 1000 35.2533693055305 0
4 0 159.557744252549 0
4 200 115.370162821099 0
4 400 68.3584244335806 0
4 500 50.4367341119333 0
4 700 70.8245211192325 0
4 1000 55.7175888668313 0
5 0 93.7842663336282 0
5 200 98.1219785588929 0
5 400 97.4602212753691 0
5 500 93.5058164408529 0
5 700 54.8826825478679 0
5 1000 43.6250703012986 0
6 0 117.19620671459 0
6 200 71.5776494515035 0
6 400 58.7765572033095 0
6 500 58.5264770415951 0
6 700 34.5907748898069 0
6 1000 46.4605908821185 0
7 0 127.748327423777 0
7 200 80.2028968291817 0
7 400 37.7400212621 0
7 500 32.4664057530772 0
7 700 46.0658407572457 0
7 1000 28.5162664115251 0
8 0 97.8665369960325 0
8 200 84.3353264843667 0
8 400 53.5396951570462 0
8 500 29.1429607309567 0
8 700 43.2733338367482 0
8 1000 35.7408534017736 0
9 0 85.0354614443312 0
9 200 74.2196036866674 0
9 400 83.4012625044705 0
9 500 54.7051767103661 0
9 700 38.155197320769 0
9 1000 30.0045484339907 0
10 0 106.552153449979 0
10 200 80.384659735415 0
10 400 82.8115603615733 0
10 500 50.2021970214634 0
10 700 53.4761609872958 0
10 1000 51.6067012223569 0
11 0 92.604251557763 0
11 200 79.6853033604998 0
11 400 72.1306019098922 0
11 500 45.3676463161244 0
11 700 47.7705577698662 0
11 1000 30.2899210249214 0
12 0 93.6036721481702 0
12 200 77.1980063756071 0
12 400 74.2052097942707 0
12 500 59.5125121591544 0
12 700 65.2488732737714 0
12 1000 51.8444914717576 0
13 0 98.9467812386221 0
13 200 122.785206934998 0
13 400 87.0485996073065 0
13 500 84.7165398890929 0
13 700 52.1724576269215 0
13 1000 33.1154794291391 0
14 0 86.2271434239732 0
14 200 57.7402856791887 0
14 400 28.91567860292 0
14 500 41.5070372544905 0
14 700 25.333463242113 0
14 1000 28.7249759278056 0
15 0 92.9080693908208 0
15 200 81.5980919671026 0
15 400 35.8127928126881 0
15 500 52.5513980992029 0
15 700 37.5336394538854 0
15 1000 45.9190624282891 0
16 0 81.9758448180101 0
16 200 120.215421722531 0
16 400 61.6201330210092 0
16 500 95.1565616951628 0
16 700 53.8058336847992 0
16 1000 41.8649211123944 0
17 0 61.1082024215269 0
17 200 54.6720522491716 0
17 400 39.1270765265981 0
17 500 40.3313057511352 0
17 700 39.895278742003 0
17 1000 30.9075529082765 0
18 0 85.4843138400466 0
18 200 88.2251801551174 0
18 400 73.24898715161 0
18 500 83.1152355582632 0
18 700 82.308817005385 0
18 1000 41.8882135574109 0
19 0 113.501480247975 0
19 200 66.6315082317946 0
19 400 83.4076250838713 0
19 500 33.0230953705173 0
19 700 41.0332600980246 0
19 1000 30.5158996789695 0
20 0 103.902458301089 0
20 200 101.001782636328 0
20 400 53.9372576597869 0
20 500 66.1902189045061 0
20 700 58.598938681558 0
20 1000 51.9875471771113 0
21 0 85.5612111263918 0
21 200 57.2457867128329 0
21 400 59.4115363737802 0
21 500 67.1481138887916 0
21 700 37.8977600562625 0
21 1000 42.7329248665123 0
22 0 110.94691594027 0
22 200 98.5915503934867 0
22 400 62.5861583063802 0
22 500 48.8845199335356 0
22 700 44.5833284122357 0
22 1000 37.0155076096943 0
23 0 103.385061170953 0
23 200 106.00973907486 0
23 400 58.9115567812671 0
23 500 38.5820010846223 0
23 700 37.5613958101762 0
23 1000 53.4373899904685 0
24 0 56.5116371242085 0
24 200 74.9906849794654 0
24 400 59.9221721310399 0
24 500 52.6821415963952 0
24 700 37.5519717756025 0
24 1000 39.8701353489191 0
25 0 73.3924563541563 0
25 200 63.1807798255643 0
25 400 64.2778390447022 0
25 500 86.1319838467176 0
25 700 54.0008222394046 0
25 1000 43.4662291795284 0
26 0 48.9930702232048 0
26 200 123.141523590769 0
26 400 97.509431002322 0
26 500 95.2307662174916 0
26 700 78.7307383098317 0
26 1000 55.706651950156 0
27 0 79.5709542075947 0
27 200 101.582953601923 0
27 400 53.5685464589615 0
27 500 63.9930222098369 0
27 700 46.1818144497605 0
27 1000 35.6447210827487 0
28 0 109.204128620163 0
28 200 87.0569863037751 0
28 400 59.3719171868839 0
28 500 65.2855123253493 0
28 700 48.6217284701385 0
28 1000 59.7538091146169 0
29 0 73.9530832725034 0
29 200 102.660399524795 0
29 400 58.1072466769222 0
29 500 47.0020341651365 0
29 700 57.1893581501673 0
29 1000 40.4260507194087 0
30 0 100.371916685569 0
30 200 91.1590230267666 0
30 400 83.329368097437 0
30 500 73.9623646249687 0
30 700 72.5257364396918 0
30 1000 49.7267346293262 0
31 0 133.738611021649 0
31 200 98.458213663812 0
31 400 44.0069770551029 0
31 500 38.7939595249815 0
31 700 35.8571561783628 0
31 1000 30.9099634992917 0
32 0 95.5215048187572 0
32 200 106.942452326059 0
32 400 63.5987983643218 0
32 500 64.846620956885 0
32 700 43.0870736277586 0
32 1000 20.7999853219077 0
33 0 86.7028247224505 0
33 200 118.739683494976 0
33 400 46.1026174424608 0
33 500 76.0647994943662 0
33 700 38.2071645345398 0
33 1000 45.3769688963688 0
34 0 79.0142644273518 0
34 200 91.4820907499224 0
34 400 87.4360976914748 0
34 500 71.3609868167325 0
34 700 42.835481775499 0
34 1000 37.0968317378623 0
35 0 114.282921395539 0
35 200 116.222590292048 0
35 400 75.2195360303524 0
35 500 78.30894638279 0
35 700 62.2770018556764 0
35 1000 64.5921343874577 0
36 0 118.96670855598 0
36 200 80.8631247291586 0
36 400 78.4055412509997 0
36 500 50.4845846845878 0
36 700 59.3904368571866 0
36 1000 38.6525251245524 0
37 0 108.323052517381 0
37 200 41.9237443713299 0
37 400 66.1457997041359 0
37 500 44.9372102177454 0
37 700 35.321226748408 0
37 1000 42.9350683402426 0
38 0 90.7292364234204 0
38 200 122.797851511186 0
38 400 95.0949880768674 0
38 500 89.1227018374332 0
38 700 85.2524681084876 0
38 1000 35.1663318876248 0
39 0 112.153791838901 0
39 200 91.7651227330622 0
39 400 69.7739434511145 0
39 500 36.1789586188144 0
39 700 48.2930312374712 0
39 1000 41.619346473487 0
40 0 130.27909536669 0
40 200 101.601274338826 0
40 400 61.0771952300533 0
40 500 47.227557097205 0
40 700 81.8644464722091 0
40 1000 65.1998540145453 0
41 0 94.1320231699496 0
41 200 77.1001111312287 0
41 400 71.0685674969337 0
41 500 58.1509611887317 0
41 700 71.9251934718405 0
41 1000 71.2353358928826 0
42 0 97.497760917457 0
42 200 86.0344203708672 0
42 400 61.2186816506979 0
42 500 40.8198492756789 0
42 700 28.0098068856492 0
42 1000 46.882561999983 0
43 0 131.446333310435 0
43 200 152.397298520778 0
43 400 83.329390475919 0
43 500 72.4784728571133 0
43 700 73.6580508410697 0
43 1000 49.4764967703256 0
44 0 85.2167795984089 0
44 200 78.9106446575002 0
44 400 47.941863557984 0
44 500 53.0069199457468 0
44 700 40.6825967864713 0
44 1000 34.887181813466 0
45 0 86.3283705616469 0
45 200 112.204820126649 0
45 400 99.7410352077306 0
45 500 100.128099372552 0
45 700 54.13882026002 0
45 1000 63.0206228785619 0
46 0 111.241524791968 0
46 200 82.7300812594205 0
46 400 76.9821387394402 0
46 500 76.82213016787 0
46 700 70.1373349536103 0
46 1000 38.2954731499665 0
47 0 67.2613178694427 0
47 200 88.3185010129851 0
47 400 61.3281358127055 0
47 500 56.2004457050064 0
47 700 29.470251802409 0
47 1000 36.515841896819 0
48 0 112.802622409685 0
48 200 104.212400828715 0
48 400 64.5140624444732 0
48 500 43.8901476300932 0
48 700 50.528860018607 0
48 1000 22.0296286737299 0
49 0 74.8891225214448 0
49 200 79.3507571787167 0
49 400 65.644531363115 0
49 500 59.021780384357 0
49 700 41.0752946974645 0
49 1000 35.7519906292477 0
50 0 82.0191634498672 0
50 200 87.5160334363234 0
50 400 58.8180873366988 0
50 500 40.5387690983346 0
50 700 39.0127643320951 0
50 1000 38.4201416787096 0
51 0 123.79854411539 1
51 200 113.043631785306 1
51 400 55.0640837539109 1
51 500 74.6052078563727 1
51 700 63.1619640009273 1
51 1000 41.8872751673664 1
52 0 111.431913071916 1
52 200 59.4988557306246 1
52 400 55.0627212792259 1
52 500 70.3386017308228 1
52 700 31.9511391662885 1
52 1000 37.0300588375345 1
53 0 79.5586686671919 1
53 200 55.2019192380995 1
53 400 83.9433007878515 1
53 500 89.6900845408065 1
53 700 56.9238447280579 1
53 1000 34.5924158985943 1
54 0 64.4843886065277 1
54 200 78.9645406277497 1
54 400 68.7567744069398 1
54 500 63.143813392422 1
54 700 34.0648901680794 1
54 1000 29.1917366013302 1
55 0 89.5484858060368 1
55 200 78.9583256647444 1
55 400 86.3599186355772 1
55 500 67.1387661856884 1
55 700 39.4576590868245 1
55 1000 42.9924844847444 1
56 0 103.090218183384 1
56 200 78.3139013585228 1
56 400 70.3397175755196 1
56 500 52.1878056688621 1
56 700 33.2852724068887 1
56 1000 39.2427952345838 1
57 0 117.978374832077 1
57 200 71.3701337581452 1
57 400 68.0777579742467 1
57 500 51.3756590610506 1
57 700 49.1634972855226 1
57 1000 28.1842050102989 1
58 0 114.971760133371 1
58 200 54.7258953311314 1
58 400 54.0842747079352 1
58 500 31.3766565392703 1
58 700 34.8341482055685 1
58 1000 33.1957500270312 1
59 0 87.9560874621817 1
59 200 106.981052055291 1
59 400 59.2726138575878 1
59 500 68.5589456159908 1
59 700 48.6606071109004 1
59 1000 47.9765110299742 1
60 0 96.7307128548066 1
60 200 85.2896676851462 1
60 400 55.3136321131265 1
60 500 53.7796117964879 1
60 700 41.5911869117977 1
60 1000 29.9590462637761 1
61 0 74.5091099907744 1
61 200 83.1316670039984 1
61 400 60.5179424550266 1
61 500 45.5158939280477 1
61 700 31.2189569627023 1
61 1000 47.1298750922888 1
62 0 79.56172513395 1
62 200 77.174517892244 1
62 400 53.5957003959858 1
62 500 65.1364851084608 1
62 700 42.851853938892 1
62 1000 45.2392975894027 1
63 0 107.311071534775 1
63 200 87.2223420036237 1
63 400 44.3723745412252 1
63 500 44.8505872592913 1
63 700 35.805365255252 1
63 1000 35.2936602018411 1
64 0 71.7733321060367 1
64 200 48.2266603918153 1
64 400 49.367447163836 1
64 500 47.8598354285259 1
64 700 27.727356774404 1
64 1000 26.3150939745571 1
65 0 119.593569793918 1
65 200 48.3375458063063 1
65 400 50.4084982494647 1
65 500 58.4659212387519 1
65 700 31.1180206379828 1
65 1000 26.2164415197406 1
66 0 81.5341181387206 1
66 200 110.50138383947 1
66 400 27.3607869686959 1
66 500 38.4281884694677 1
66 700 39.4041495719051 1
66 1000 25.6713191198264 1
67 0 97.6415976255114 1
67 200 81.7417256321718 1
67 400 74.9618835398897 1
67 500 56.5169597205768 1
67 700 39.2027772210596 1
67 1000 41.0093621686594 1
68 0 89.8780036039272 1
68 200 71.3705012515471 1
68 400 32.1135967597569 1
68 500 38.368789174148 1
68 700 33.9678165963405 1
68 1000 28.1394548670648 1
69 0 53.924699362104 1
69 200 104.673756448672 1
69 400 79.3745324151045 1
69 500 81.0601757640542 1
69 700 40.3537405197804 1
69 1000 57.7928536082879 1
70 0 88.5660854681369 1
70 200 49.6548054413888 1
70 400 30.0097930980532 1
70 500 32.8882550430655 1
70 700 17.8004954498259 1
70 1000 34.4374354611833 1
71 0 112.244760665675 1
71 200 94.0036006195491 1
71 400 61.0923985797034 1
71 500 51.2242780034336 1
71 700 44.9431110247197 1
71 1000 30.4982444651093 1
72 0 161.624675061163 1
72 200 56.0542513977307 1
72 400 52.378947385187 1
72 500 43.9368604201468 1
72 700 47.7638834621072 1
72 1000 38.2847365117062 1
73 0 90.3944638210587 1
73 200 75.8171569437376 1
73 400 55.0173699403816 1
73 500 49.5359804768576 1
73 700 37.0489810473348 1
73 1000 29.1753586752448 1
74 0 65.8039701762139 1
74 200 63.0117006937187 1
74 400 79.633534997899 1
74 500 73.4735263337784 1
74 700 34.3244607357976 1
74 1000 46.2112756070454 1
75 0 68.2217658482114 1
75 200 64.2259531693542 1
75 400 42.4289703311064 1
75 500 49.0547874746438 1
75 700 24.9546341622893 1
75 1000 45.3175440518426 1
76 0 126.989653373607 1
76 200 56.4357522832898 1
76 400 48.0669434967905 1
76 500 49.5474482238843 1
76 700 28.8036923730283 1
76 1000 36.5260558369775 1
77 0 92.8038015071866 1
77 200 98.7700834485997 1
77 400 65.6420166416404 1
77 500 71.5696308849425 1
77 700 53.2238630911887 1
77 1000 49.0507916639995 1
78 0 85.2990876771215 1
78 200 69.8815865058764 1
78 400 29.5194431738416 1
78 500 44.9326965489049 1
78 700 35.2089556974915 1
78 1000 27.2855957693272 1
79 0 112.185888897554 1
79 200 54.8079184971784 1
79 400 60.3217939188128 1
79 500 50.8144777759598 1
79 700 35.0499616158463 1
79 1000 33.8148632117123 1
80 0 97.8136432324637 1
80 200 90.7365369829716 1
80 400 100.348206782667 1
80 500 87.9967188365932 1
80 700 70.3865015010721 1
80 1000 64.9172818021915 1
81 0 121.964999534961 1
81 200 127.09851362172 1
81 400 75.0078689881137 1
81 500 54.0367044064249 1
81 700 50.1644639105118 1
81 1000 41.4096865075261 1
82 0 61.3871738320674 1
82 200 79.4585548213423 1
82 400 53.2169633240427 1
82 500 43.9940237187623 1
82 700 39.933370810058 1
82 1000 28.257406722153 1
83 0 143.616902010188 1
83 200 116.09538428532 1
83 400 63.6807821913263 1
83 500 50.4951439898071 1
83 700 39.2717728898135 1
83 1000 37.876854503814 1
84 0 75.488235751606 1
84 200 67.535152063563 1
84 400 59.1571515906728 1
84 500 32.9400508651435 1
84 700 29.6322272032234 1
84 1000 21.8020357075594 1
85 0 82.5669930626007 1
85 200 83.9204541020622 1
85 400 48.9205280138729 1
85 500 52.4786490785766 1
85 700 33.9206736058029 1
85 1000 22.6737062435267 1
86 0 89.8669434029972 1
86 200 91.3618614755303 1
86 400 61.9194450279337 1
86 500 64.7367846188654 1
86 700 41.9433408554997 1
86 1000 34.7365551865398 1
87 0 69.0623146437706 1
87 200 78.1421667935662 1
87 400 70.9468380408177 1
87 500 70.6177941812067 1
87 700 71.9031905765248 1
87 1000 36.9007674468494 1
88 0 100.01079574163 1
88 200 71.3024203656499 1
88 400 67.6337259527535 1
88 500 55.9136768071763 1
88 700 38.0955479928512 1
88 1000 36.5796974070263 1
89 0 102.85217083061 1
89 200 90.9877353508139 1
89 400 59.1504226354639 1
89 500 34.575512852606 1
89 700 33.2836249920722 1
89 1000 37.1788931607997 1
90 0 63.4752726216572 1
90 200 82.6058133811382 1
90 400 98.1686780113152 1
90 500 50.4524126827165 1
90 700 72.4747912231429 1
90 1000 46.9599177504023 1
91 0 90.1397274237685 1
91 200 65.0201400664449 1
91 400 56.8554600983646 1
91 500 69.0451316700722 1
91 700 48.2833161211154 1
91 1000 39.5675551030655 1
92 0 119.597103105236 1
92 200 45.6764537963412 1
92 400 45.2813162539898 1
92 500 38.5318033236544 1
92 700 26.6077541468075 1
92 1000 31.5308072993682 1
93 0 91.3541048690676 1
93 200 86.3470291913153 1
93 400 69.7991630258778 1
93 500 69.9025964873967 1
93 700 46.669585309416 1
93 1000 46.1088132482393 1
94 0 99.7276885282982 1
94 200 64.6035194124453 1
94 400 37.0849468420109 1
94 500 45.4793401735507 1
94 700 41.0005234893228 1
94 1000 38.062207212857 1
95 0 87.397901709689 1
95 200 87.388090181588 1
95 400 53.3983581977671 1
95 500 37.0310466278923 1
95 700 34.2767475284861 1
95 1000 31.7377198858227 1
96 0 89.89866829065 1
96 200 59.9532688135145 1
96 400 74.6094471565613 1
96 500 49.087224418008 1
96 700 42.4273976678175 1
96 1000 40.3097264112912 1
97 0 102.627324993634 1
97 200 104.597977313896 1
97 400 58.6115104190728 1
97 500 60.9006071256669 1
97 700 58.8951847363754 1
97 1000 43.3317843752291 1
98 0 112.456750811615 1
98 200 80.3556533838302 1
98 400 80.7506155902913 1
98 500 46.3642108133922 1
98 700 46.0159647648125 1
98 1000 61.3203738709951 1
99 0 105.081209080105 1
99 200 79.876651880236 1
99 400 34.2855046724435 1
99 500 40.9578101156583 1
99 700 24.2000677309631 1
99 1000 26.2393488703157 1
100 0 106.101341952429 1
100 200 59.0527276183759 1
100 400 69.5135898001338 1
100 500 41.703366438188 1
100 700 46.3052215557983 1
100 1000 39.1776639317711 1
