id dose eff group
1 0 115.367714195873 0
1 200 116.026478458933 0
1 400 78.9637826930093 0
1 500 55.7544337699005 0
1 700 40.6090193049133 0
1 1000 69.6285404146365 0
2 0 90.8436693841432 0
2 200 102.596602766136 0
2 400 91.7491110124286 0
2 500 90.0072397184332 0
2 700 75.519835662317 0
2 1000 68.409097634501 0
3 0 91.6360973179548 0
3 200 81.4181763418513 0
3 400 65.3955834703789 0
3 500 57.1870174378752 0
3 700 53.7042199640487 0
3 1000 41.5216159318868 0
4 0 91.5705697243027 0
4 200 114.038405082237 0
4 400 104.91675630224 0
4 500 73.0579901747624 0
4 700 66.6331458034786 0
4 1000 56.4172239778535 0
5 0 70.8474271168666 0
5 200 80.2655818122879 0
5 400 58.5540937228334 0
5 500 38.9416765523878 0
5 700 40.4638217535321 0
5 1000 35.3051066859332 0
6 0 70.7313890978532 0
6 200 83.1214824909277 0
6 400 61.5181349943776 0
6 500 48.7982482846777 0
6 700 65.3662662846397 0
6 1000 37.3501090126097 0
7 0 116.223859358659 0
7 200 74.732313170494 0
7 400 77.9537795484877 0
7 500 69.5783445063089 0
7 700 43.4642637594883 0
7 1000 39.1356990656971 0
8 0 138.97311488933 0
8 200 87.6641553344825 0
8 400 86.3348761469901 0
8 500 49.1069958972943 0
8 700 38.7263292171442 0
8 1000 34.3438159482374 0
9 0 98.8675321862884 0
9 200 82.8613342907192 0
9 400 49.3399861398295 0
9 500 30.9150824098735 0
9 700 33.0635435210988 0
9 1000 30.4614595767372 0
10 0 88.6933199622529 0
10 200 133.645345796056 0
10 400 86.6659528429862 0
10 500 56.5141888992365 0
10 700 58.9004337849119 0
10 1000 57.9617487902358 0
11 0 72.0872667507681 0
11 200 87.8894434571909 0
11 400 45.2132812240059 0
11 500 31.3638721969756 0
11 700 34.2434563989941 0
11 1000 23.8688512904809 0
12 0 122.003339822585 0
12 200 97.3795393073465 0
12 400 85.2737940543634 0
12 500 75.4805435317447 0
12 700 58.5725378998711 0
12 1000 21.9350493236275 0
13 0 86.2353899221275 0
13 200 112.810066908652 0
13 400 84.4469598551057 0
13 500 51.9006684676743 0
13 700 50.5643661293515 0
13 1000 48.7514278481885 0
14 0 107.892231884076 0
14 200 81.6219388223927 0
14 400 59.3993667543625 0
14 500 71.0849281809362 0
14 700 53.9103004727908 0
14 1000 49.9431969073671 0
15 0 103.015053824664 0
15 200 72.0470738392736 0
15 400 80.8664689591519 0
15 500 86.0009425177187 0
15 700 58.3383745647652 0
15 1000 46.5182196757313 0
16 0 87.5193675002457 0
16 200 119.899601672139 0
16 400 92.0231894693288 0
16 500 57.7240671011225 0
16 700 50.3273074680344 0
16 1000 36.3134970604689 0
17 0 88.9445479940345 0
17 200 73.4680622106191 0
17 400 83.9294138112307 0
17 500 54.3926824778099 0
17 700 60.7325347517986 0
17 1000 37.5189618250467 0
18 0 96.0432504836305 0
18 200 106.917518604897 0
18 400 59.6167832169757 0
18 500 55.2474402629665 0
18 700 61.0882682285948 0
18 1000 51.3837756033765 0
19 0 71.2418536171182 0
19 200 73.7875122565752 0
19 400 97.2274207682145 0
19 500 118.255054145379 0
19 700 72.7471122403087 0
19 1000 63.4662673665673 0
20 0 89.4697473194964 0
20 200 94.3428173053848 0
20 400 55.1177577386707 0
20 500 53.1858640813857 0
20 700 54.0348346655406 0
20 1000 39.4239255852466 0
21 0 128.216653416174 0
21 200 93.9971711357016 0
21 400 81.6520219068617 0
21 500 54.9422194148219 0
21 700 52.0784764243526 0
21 1000 43.2281261076551 0
22 0 126.97355829058 0
22 200 88.4252242323627 0
22 400 95.8808934202877 0
22 500 92.6268565666921 0
22 700 60.302334461736 0
22 1000 88.7132783501853 0
23 0 67.6169438138719 0
23 200 95.3510334297703 0
23 400 94.5846534597612 0
23 500 85.6767565396093 0
23 700 79.5503677947416 0
23 1000 47.6959472087707 0
24 0 68.9821046063777 0
24 200 101.701942908156 0
24 400 90.2356009258028 0
24 500 89.4821101505838 0
24 700 34.0594534009436 0
24 1000 31.0895626762433 0
25 0 136.703611663499 0
25 200 71.2238512934814 0
25 400 47.6572846568269 0
25 500 57.9075621697475 0
25 700 40.0026724824923 0
25 1000 45.6760412479682 0
26 0 85.2450945354372 0
26 200 100.305568429718 0
26 400 75.6746797533076 0
26 500 82.134332498888 0
26 700 67.9113910979947 0
26 1000 54.4151420484953 0
27 0 74.4023374347269 0
27 200 112.752823127664 0
27 400 52.4973488441622 0
27 500 71.3821448814928 0
27 700 48.5507903271288 0
27 1000 56.6357728112537 0
28 0 99.5100344962501 0
28 200 73.8528544690384 0
28 400 86.9063690838213 0
28 500 105.863916455612 0
28 700 87.8081247477362 0
28 1000 71.3171617552744 0
29 0 92.7593860877131 0
29 200 83.550005408306 0
29 400 63.6213027768756 0
29 500 49.5965519319843 0
29 700 55.7345040717733 0
29 1000 41.9405194150689 0
30 0 80.2045026130973 0
30 200 93.7368891458796 0
30 400 67.1440190706804 0
30 500 66.3584260045473 0
30 700 57.6647950437458 0
30 1000 41.8810701844622 0
31 0 119.540473874518 0
31 200 100.147022461025 0
31 400 73.8847378659063 0
31 500 50.5180550858129 0
31 700 63.5272215825678 0
31 1000 43.4729390534557 0
32 0 86.765939187303 0
32 200 65.8668668712859 0
32 400 53.4768956460129 0
32 500 59.7618651963985 0
32 700 64.4911071941131 0
32 1000 41.0449131285439 0
33 0 74.2142439631132 0
33 200 107.566535971683 0
33 400 89.8917411912566 0
33 500 71.1536562966119 0
33 700 79.2960486631899 0
33 1000 47.5823732940807 0
34 0 107.217701312211 0
34 200 156.084414248149 0
34 400 88.8016732157585 0
34 500 83.8747814779675 0
34 700 74.0156478301958 0
34 1000 64.3405083581797 0
35 0 103.288235161184 0
35 200 69.9068826229657 0
35 400 43.813890372221 0
35 500 59.3032717350882 0
35 700 58.7262963542458 0
35 1000 39.1662670336863 0
36 0 99.7582221345006 0
36 200 82.4831584268825 0
36 400 59.7477897970786 0
36 500 48.1743595702252 0
36 700 44.7902799944192 0
36 1000 21.3803174666755 0
37 0 110.24215549762 0
37 200 78.8719887720636 0
37 400 90.7773777377416 0
37 500 57.583672718707 0
37 700 74.9061826517481 0
37 1000 55.334851127797 0
38 0 114.451423670567 0
38 200 91.2360149235063 0
38 400 62.3364451638963 0
38 500 19.2018772956501 0
38 700 65.0202727118003 0
38 1000 38.8376464371625 0
39 0 116.475880079529 0
39 200 91.5840485506826 0
39 400 88.1339868489188 0
39 500 82.4262319109634 0
39 700 62.3061207332892 0
39 1000 56.854228383013 0
40 0 86.1260755629169 0
40 200 84.3948915347793 0
40 400 64.4273676569884 0
40 500 55.8280496159419 0
40 700 39.2991291184748 0
40 1000 52.362032260725 0
41 0 112.998003321263 0
41 200 77.1588357030003 0
41 400 124.973283326036 0
41 500 76.4491371701603 0
41 700 43.1257567278898 0
41 1000 56.0231566572812 0
42 0 152.048791927834 0
42 200 97.7333605462243 0
42 400 109.69600492023 0
42 500 74.9903329835233 0
42 700 70.6534500264137 0
42 1000 61.9675041971926 0
43 0 106.157412108447 0
43 200 118.799124709112 0
43 400 81.0491896218879 0
43 500 106.945338660278 0
43 700 79.4009056716841 0
43 1000 54.1193822497698 0
44 0 86.9650578954893 0
44 200 96.2897857061833 0
44 400 85.3739317602522 0
44 500 76.72412449025 0
44 700 70.4089468196295 0
44 1000 46.4193656112299 0
45 0 143.560587840716 0
45 200 94.2133921339416 0
45 400 60.1019293312436 0
45 500 83.5620890535191 0
45 700 58.088900459802 0
45 1000 52.2920397384607 0
46 0 106.584836019203 0
46 200 110.697023411912 0
46 400 81.8473111294463 0
46 500 70.2989986545063 0
46 700 63.3395816360793 0
46 1000 47.8402588796796 0
47 0 96.8664584765634 0
47 200 96.1140839131252 0
47 400 106.60306760093 0
47 500 78.9292217147015 0
47 700 56.9126778926657 0
47 1000 68.2389827181951 0
48 0 100.59327183188 0
48 200 112.325657092906 0
48 400 52.2766160712174 0
48 500 65.5295334375843 0
48 700 59.2190308364106 0
48 1000 28.0508536722876 0
49 0 117.370037921219 0
49 200 67.6507280896145 0
49 400 74.0381436051739 0
49 500 61.1783873539896 0
49 700 51.7345292770504 0
49 1000 44.1209744495404 0
50 0 93.36364336377 0
50 200 70.1882099211551 0
50 400 56.567945649328 0
50 500 52.9354807584912 0
50 700 42.372902834705 0
50 1000 36.1495575417798 0
51 0 74.9058705663842 1
51 200 56.4192353757493 1
51 400 46.5547471923019 1
51 500 47.2886759526641 1
51 700 33.7597509953487 1
51 1000 32.6899803915989 1
52 0 108.091585197634 1
52 200 47.4660575091768 1
52 400 40.9139876578828 1
52 500 50.7368804135422 1
52 700 33.6689232794157 1
52 1000 54.9060997868916 1
53 0 105.685020148351 1
53 200 53.8018942396065 1
53 400 48.7964473629167 1
53 500 37.7922144852348 1
53 700 31.8079658827837 1
53 1000 24.6743540004351 1
54 0 90.1939277554654 1
54 200 52.2797365849844 1
54 400 49.5033414571586 1
54 500 60.9996273566935 1
54 700 44.4443861140195 1
54 1000 48.8929595451977 1
55 0 79.4410301885183 1
55 200 52.6493256991551 1
55 400 58.7540405810138 1
55 500 41.4362160561496 1
55 700 30.500854590439 1
55 1000 27.4841457936789 1
56 0 85.8098319801818 1
56 200 81.5178924764883 1
56 400 67.6057487415096 1
56 500 49.3166289584545 1
56 700 54.8497583919892 1
56 1000 44.4251770071494 1
57 0 94.0836179926664 1
57 200 86.0269200243023 1
57 400 52.8470191601756 1
57 500 74.5013912951509 1
57 700 31.6108498578874 1
57 1000 44.8049599811378 1
58 0 90.1731482989933 1
58 200 48.3538082334383 1
58 400 50.7999948758642 1
58 500 32.4109759567302 1
58 700 28.8158460947621 1
58 1000 28.9721930428224 1
59 0 134.186984535629 1
59 200 87.5430593571444 1
59 400 63.8042213812771 1
59 500 36.7821947085425 1
59 700 42.3522591407462 1
59 1000 40.6121241370308 1
60 0 81.704860710974 1
60 200 57.6502812256078 1
60 400 48.584701549314 1
60 500 34.8605495099684 1
60 700 26.3103403410554 1
60 1000 33.2072105003676 1
61 0 113.379906826681 1
61 200 71.6776915824473 1
61 400 70.310383197154 1
61 500 55.8528511081956 1
61 700 63.1195518021138 1
61 1000 31.1879226921011 1
62 0 158.719459691535 1
62 200 84.2613248970964 1
62 400 51.668318518756 1
62 500 78.5564804096621 1
62 700 42.2493582009061 1
62 1000 41.7429476446227 1
63 0 71.1263091259776 1
63 200 59.8363540724408 1
63 400 38.3668938451301 1
63 500 25.2753585622855 1
63 700 22.1548240681927 1
63 1000 30.0677233252659 1
64 0 86.056657593765 1
64 200 90.2612958749615 1
64 400 66.8337471686652 1
64 500 50.8628069479851 1
64 700 36.8651848937391 1
64 1000 36.955096428485 1
65 0 103.001665294315 1
65 200 79.0187866939246 1
65 400 60.8713406848972 1
65 500 36.4760578895948 1
65 700 42.5880119255843 1
65 1000 25.1773886563932 1
66 0 87.0169101872826 1
66 200 98.4512465627934 1
66 400 64.0160373193057 1
66 500 58.8924574060451 1
66 700 62.4458970080107 1
66 1000 44.8789410336292 1
67 0 98.1915503742962 1
67 200 66.8055774557336 1
67 400 65.4366077083496 1
67 500 45.6177425294253 1
67 700 36.2385612151684 1
67 1000 36.7437148158099 1
68 0 90.4436974032616 1
68 200 102.692354680323 1
68 400 61.3436414525889 1
68 500 42.3867500519891 1
68 700 48.5649208877018 1
68 1000 33.2055682323176 1
69 0 109.786715929632 1
69 200 77.9945073421251 1
69 400 71.5575932108439 1
69 500 52.2409367621036 1
69 700 38.2399681017657 1
69 1000 48.2209913340691 1
70 0 78.2826360943697 1
70 200 99.5055252003983 1
70 400 55.4202744216656 1
70 500 34.9166534172287 1
70 700 44.354125354427 1
70 1000 24.2052893919189 1
71 0 117.793980966609 1
71 200 102.0953951909 1
71 400 38.3115727386863 1
71 500 56.7314243008628 1
71 700 31.1959327723574 1
71 1000 27.3201689190562 1
72 0 121.108291918354 1
72 200 79.0081417330546 1
72 400 43.6373059233182 1
72 500 49.7527476255915 1
72 700 41.2011190385852 1
72 1000 36.9799682039212 1
73 0 68.637189887693 1
73 200 97.2040304231903 1
73 400 51.7850755537934 1
73 500 50.5436555538208 1
73 700 33.7059620287586 1
73 1000 29.688144381731 1
74 0 110.737837093092 1
74 200 57.1807170583156 1
74 400 54.6018747727903 1
74 500 43.590959771054 1
74 700 33.0348969017323 1
74 1000 40.0222190124245 1
75 0 81.6211471586193 1
75 200 91.5943726036764 1
75 400 61.5333948931235 1
75 500 89.8707248017358 1
75 700 50.6922242857413 1
75 1000 53.0534271129714 1
76 0 63.8343689170844 1
76 200 59.4718513684385 1
76 400 50.2989931387344 1
76 500 52.0189503036012 1
76 700 42.3276198979247 1
76 1000 17.9062519797268 1
77 0 110.574272317973 1
77 200 101.627465127435 1
77 400 51.7016703016526 1
77 500 43.6080027180338 1
77 700 28.465894188596 1
77 1000 44.0324833019646 1
78 0 96.9054712493827 1
78 200 97.8665284214863 1
78 400 60.9890796855761 1
78 500 54.3207818049101 1
78 700 28.1277620073983 1
78 1000 30.4260924701121 1
79 0 100.167056177021 1
79 200 74.6445047057209 1
79 400 44.5686422619729 1
79 500 36.627873890039 1
79 700 32.4193298660403 1
79 1000 28.8334977610911 1
80 0 112.756714191103 1
80 200 111.447056977608 1
80 400 55.5897897491007 1
80 500 97.0648802997825 1
80 700 45.825756660854 1
80 1000 57.3574729197835 1
81 0 129.553631702309 1
81 200 115.207082507403 1
81 400 69.7043726524677 1
81 500 59.1651090179404 1
81 700 32.7033411662192 1
81 1000 69.6454554680418 1
82 0 97.7268286082979 1
82 200 60.9392892975791 1
82 400 46.3188415246287 1
82 500 49.3264821976417 1
82 700 47.7847373570929 1
82 1000 41.263367164865 1
83 0 93.2505771986614 1
83 200 74.148595575428 1
83 400 62.6631184578456 1
83 500 45.4258735847758 1
83 700 33.7479170467365 1
83 1000 32.8019221806112 1
84 0 120.841316501382 1
84 200 102.242738410594 1
84 400 48.0224064374764 1
84 500 54.6253495485564 1
84 700 48.3220344888792 1
84 1000 35.4210690101911 1
85 0 95.0599677430001 1
85 200 68.5622663244765 1
85 400 31.3541118002001 1
85 500 54.5876060067793 1
85 700 42.3767024083842 1
85 1000 29.1704971052913 1
86 0 152.228223422935 1
86 200 85.4113022469103 1
86 400 71.3977438685265 1
86 500 56.630576062 1
86 700 41.1629025365407 1
86 1000 34.6503789499741 1
87 0 87.2987016748851 1
87 200 53.6152271921239 1
87 400 35.146447256011 1
87 500 51.6108550571216 1
87 700 42.1432444153208 1
87 1000 26.8811806486291 1
88 0 86.9332987344808 1
88 200 80.646253780831 1
88 400 69.7378042695074 1
88 500 56.7718955096905 1
88 700 32.5716708251065 1
88 1000 36.2990142938258 1
89 0 123.254873093367 1
89 200 48.6994896110094 1
89 400 89.0664813960926 1
89 500 60.6413304777713 1
89 700 72.0758308854041 1
89 1000 45.0868551907634 1
90 0 88.4879134185394 1
90 200 60.9116417838172 1
90 400 36.9395019282085 1
90 500 29.9198963712748 1
90 700 41.5222738298143 1
90 1000 30.1459804023858 1
91 0 103.01458705953 1
91 200 64.1242702937186 1
91 400 51.4671800930871 1
91 500 65.0468953568854 1
91 700 43.0890153548372 1
91 1000 36.4369147811904 1
92 0 89.3712991749704 1
92 200 73.9611416421034 1
92 400 42.6871093918405 1
92 500 63.3545762209449 1
92 700 58.7642973271876 1
92 1000 59.8336830034515 1
93 0 88.2771805140111 1
93 200 88.0535001757795 1
93 400 52.2344360014784 1
93 500 37.6955297346762 1
93 700 30.1087718372265 1
93 1000 34.2442580807974 1
94 0 87.6145774286382 1
94 200 59.1676355111763 1
94 400 37.3510297903114 1
94 500 32.9006656162978 1
94 700 36.5398563982902 1
94 1000 31.4420599997556 1
95 0 78.8043925210133 1
95 200 89.3635722789008 1
95 400 69.856653001999 1
95 500 81.0767086257099 1
95 700 47.1698687596695 1
95 1000 31.2635378319838 1
96 0 98.2384942602165 1
96 200 92.0134891063842 1
96 400 66.9407540409409 1
96 500 36.6287530311088 1
96 700 22.0825261522876 1
96 1000 38.1669191627328 1
97 0 110.263215729345 1
97 200 56.0428324175286 1
97 400 61.5647374960869 1
97 500 39.6443802035115 1
97 700 31.0045309956648 1
97 1000 27.8856665866585 1
98 0 92.6045763109814 1
98 200 54.8990821484531 1
98 400 44.4661223688912 1
98 500 41.4572495591081 1
98 700 47.2550494679957 1
98 1000 32.5213577641741 1
99 0 114.827383127883 1
99 200 83.3979371406732 1
99 400 54.8764390166336 1
99 500 49.9658762191308 1
99 700 37.4443871801592 1
99 1000 41.4123270455669 1
100 0 88.5090906528335 1
100 200 80.4307483513009 1
100 400 41.4883129617426 1
100 500 39.6897961174808 1
100 700 28.1273916229921 1
100 1000 47.6744084881535 1
