id dose eff group
1 0 106.769243061678 0
1 200 51.6080135389238 0
1 400 79.3595526474924 0
1 500 61.8484951551987 0
1 700 31.5560585278729 0
1 1000 39.0928685195384 0
2 0 69.9385992814489 0
2 200 85.5999463683672 0
2 400 85.9564228720666 0
2 500 83.7806762301119 0
2 700 42.6914723898956 0
2 1000 49.3069035708423 0
3 0 103.865810209352 0
3 200 61.8498533032056 0
3 400 86.2142695460771 0
3 500 44.1887306856833 0
3 700 62.5826155112729 0
3 1000 45.6629138343395 0
4 0 78.7839409592615 0
4 200 78.3438470564092 0
4 400 74.3184417719829 0
4 500 61.0613055256372 0
4 700 48.2454021702375 0
4 1000 36.0421463628297 0
5 0 108.948490174213 0
5 200 87.3522482511962 0
5 400 48.0366482319481 0
5 500 46.834083963554 0
5 700 46.5071055244769 0
5 1000 48.5837804259174 0
6 0 118.419829406087 0
6 200 85.7763233478553 0
6 400 73.3500333737313 0
6 500 60.9250675491852 0
6 700 63.6128833179506 0
6 1000 42.6759450925187 0
7 0 71.6287845129591 0
7 200 71.6288448642849 0
7 400 64.1840439572199 0
7 500 93.5739459396569 0
7 700 35.596147158901 0
7 1000 45.4325546606244 0
8 0 83.469713560983 0
8 200 104.942769946527 0
8 400 67.7888118312422 0
8 500 62.308081891232 0
8 700 52.692857382442 0
8 1000 50.3202916129093 0
9 0 129.014751827823 0
9 200 80.9470821402864 0
9 400 79.935631826768 0
9 500 53.9224800347537 0
9 700 40.2418023083665 0
9 1000 40.5672664205864 0
10 0 95.871395374331 0
10 200 128.207734506495 0
10 400 59.285011875732 0
10 500 77.5218854803793 0
10 700 78.9809615270961 0
10 1000 62.2502430670775 0
11 0 126.179609323896 0
11 200 75.7222145416501 0
11 400 95.8073279269548 0
11 500 67.5662464641911 0
11 700 52.2148659960624 0
11 1000 51.9506056848952 0
12 0 117.892232977041 0
12 200 87.9410373057582 0
12 400 82.1778208668875 0
12 500 76.8199049700938 0
12 700 59.5352350580665 0
12 1000 54.2138869446015 0
13 0 91.9278757808094 0
13 200 94.692702330618 0
13 400 70.2058440901857 0
13 500 76.8000133343105 0
13 700 56.5124581432907 0
13 1000 46.0920155898302 0
14 0 112.85381586266 0
14 200 84.7767919062104 0
14 400 86.508486873228 0
14 500 96.3777703820451 0
14 700 45.3223808599696 0
14 1000 35.7623784054853 0
15 0 95.5008951263132 0
15 200 97.2588321008158 0
15 400 72.3794754165595 0
15 500 86.5075104770605 0
15 700 67.0246126144001 0
15 1000 40.1588739069258 0
16 0 113.326902011574 0
16 200 101.897983243383 0
16 400 104.439126889811 0
16 500 50.0792172992902 0
16 700 52.7302215475785 0
16 1000 51.4806993884446 0
17 0 103.327291997784 0
17 200 131.871006051064 0
17 400 64.1597787726689 0
17 500 74.0469947616144 0
17 700 38.4332761278977 0
17 1000 51.2246198362045 0
18 0 96.3794898602695 0
18 200 88.9721625353453 0
18 400 75.2682169890462 0
18 500 96.9393320251425 0
18 700 86.2804566102038 0
18 1000 57.2663039980305 0
19 0 90.3155571337392 0
19 200 87.5892017814119 0
19 400 33.5465899678971 0
19 500 44.6742224802257 0
19 700 65.6896030067745 0
19 1000 56.0572136254253 0
20 0 76.0203275297983 0
20 200 115.447615851846 0
20 400 94.4882999084459 0
20 500 76.8017825217825 0
20 700 44.3840488900489 0
20 1000 49.36135891034 0
21 0 108.142857463816 0
21 200 86.1930077075105 0
21 400 80.3379550840556 0
21 500 74.8407092641653 0
21 700 48.9254360944716 0
21 1000 47.3639012032361 0
22 0 122.769649362378 0
22 200 88.5419379803183 0
22 400 84.4360365049233 0
22 500 87.199902406384 0
22 700 41.8039700962369 0
22 1000 66.4902860667288 0
23 0 75.8962528614589 0
23 200 84.8825089136808 0
23 400 58.8145634956784 0
23 500 53.5414717070193 0
23 700 39.9464450209971 0
23 1000 26.4336852924573 0
24 0 138.451600637325 0
24 200 111.241825418303 0
24 400 70.1545234010991 0
24 500 51.3634574497042 0
24 700 72.5397584686938 0
24 1000 33.1490011166111 0
25 0 60.4271851638912 0
25 200 90.4631894633264 0
25 400 105.482774713583 0
25 500 79.1106226189809 0
25 700 46.099153647406 0
25 1000 35.1641944196593 0
26 0 85.6205613745612 0
26 200 81.6004194140028 0
26 400 92.217686923472 0
26 500 92.5088766117048 0
26 700 59.7260528313021 0
26 1000 53.6705349795084 0
27 0 93.9583089550954 0
27 200 84.9751685998027 0
27 400 62.0435766868204 0
27 500 62.7148220984246 0
27 700 42.6824585773966 0
27 1000 12.1904297929055 0
28 0 103.53001610834 0
28 200 79.4572110927979 0
28 400 71.4357572181951 0
28 500 68.7274242900258 0
28 700 55.9861513773877 0
28 1000 37.5445934536098 0
29 0 96.9482302848697 0
29 200 114.848459409799 0
29 400 39.7481762372378 0
29 500 64.2877986736064 0
29 700 48.3960123218241 0
29 1000 49.8499648235613 0
30 0 81.6833812333947 0
30 200 78.3736783183505 0
30 400 54.5651582137022 0
30 500 67.7705446009582 0
30 700 47.7459839900123 0
30 1000 31.9404195203515 0
31 0 128.029145257186 0
31 200 121.957057155452 0
31 400 82.2446103259783 0
31 500 84.9411584158028 0
31 700 74.0487923042906 0
31 1000 47.4227527524645 0
32 0 73.5686593355456 0
32 200 57.986706418802 0
32 400 61.7798008377944 0
32 500 34.4758558787798 0
32 700 31.0568370658524 0
32 1000 52.7306660486071 0
33 0 94.807946845677 0
33 200 93.3224786392961 0
33 400 43.0582182071209 0
33 500 56.2582585544831 0
33 700 47.5956770392709 0
33 1000 48.7740842692044 0
34 0 102.053868353712 0
34 200 76.9322696199908 0
34 400 51.0974829245404 0
34 500 28.9752921049048 0
34 700 61.9035195478095 0
34 1000 51.7044586507371 0
35 0 102.471538615123 0
35 200 92.3628752734134 0
35 400 76.0403492977025 0
35 500 29.6071008172126 0
35 700 36.473768569982 0
35 1000 37.233047819609 0
36 0 85.9388096633613 0
36 200 93.8338544131214 0
36 400 68.0308486520465 0
36 500 43.3944951514667 0
36 700 43.3115824210107 0
36 1000 30.982714963864 0
37 0 103.916451171875 0
37 200 94.8991986192955 0
37 400 74.138982399142 0
37 500 72.5586967680766 0
37 700 60.2430137683218 0
37 1000 48.806833402632 0
38 0 117.377528766366 0
38 200 92.2641330633197 0
38 400 60.2539662813011 0
38 500 57.6650940200636 0
38 700 57.2321936267344 0
38 1000 37.12984689 0
39 0 118.338629341317 0
39 200 91.4409235341845 0
39 400 66.9243415705391 0
39 500 75.8732776536791 0
39 700 52.6566464471395 0
39 1000 53.4310335769666 0
40 0 116.745718122795 0
40 200 92.5013362260574 0
40 400 58.7690967609142 0
40 500 70.8130585322436 0
40 700 60.5410920827115 0
40 1000 47.9451915548746 0
41 0 79.4144722896121 0
41 200 78.6792352910469 0
41 400 95.6932999121738 0
41 500 47.995123167228 0
41 700 71.8280869512076 0
41 1000 44.6894178077412 0
42 0 72.0207505710189 0
42 200 69.2934766684398 0
42 400 60.0542950195779 0
42 500 48.4140563068132 0
42 700 50.2728444780506 0
42 1000 26.2033964187294 0
43 0 129.447402260589 0
43 200 86.6729312966268 0
43 400 56.2814301867413 0
43 500 66.8672955115341 0
43 700 41.5227164153481 0
43 1000 49.4276520798307 0
44 0 93.8676454090422 0
44 200 36.2617857373184 0
44 400 48.9170022479758 0
44 500 61.1597249365148 0
44 700 63.1336723699267 0
44 1000 44.5580295633841 0
45 0 107.976403865096 0
45 200 82.8360676018653 0
45 400 85.3946891532963 0
45 500 74.6113475888797 0
45 700 67.9721548478594 0
45 1000 58.415521749294 0
46 0 88.0403629422354 0
46 200 80.007508810634 0
46 400 53.6410862567183 0
46 500 52.2366198709661 0
46 700 41.7830769113724 0
46 1000 39.7220389959572 0
47 0 86.2558858983735 0
47 200 71.061965655612 0
47 400 46.5760735436643 0
47 500 84.1115289608165 0
47 700 64.8142699693765 0
47 1000 44.7095995112908 0
48 0 75.3148848297043 0
48 200 87.7727207583712 0
48 400 67.1197249225612 0
48 500 53.105551758401 0
48 700 47.5173381372366 0
48 1000 44.6804579923353 0
49 0 94.5315851257298 0
49 200 96.3154677661832 0
49 400 72.2569545434559 0
49 500 90.9413556741514 0
49 700 75.5199125952727 0
49 1000 54.0750523753418 0
50 0 111.259939704995 0
50 200 124.779102215704 0
50 400 94.032952277967 0
50 500 96.2551873377674 0
50 700 73.890231648081 0
50 1000 49.8148187892539 0
51 0 112.423881642884 1
51 200 70.2504403838221 1
51 400 51.0752504987303 1
51 500 62.8539667124841 1
51 700 41.5820830686401 1
51 1000 36.135511448034 1
52 0 75.2742471449175 1
52 200 73.9607613952909 1
52 400 38.0156182125916 1
52 500 27.4965089130942 1
52 700 30.3959791790105 1
52 1000 31.0749586233171 1
53 0 89.076983109671 1
53 200 99.6310640715734 1
53 400 80.9238287602039 1
53 500 55.7956122761978 1
53 700 49.7956527559945 1
53 1000 17.0254555805116 1
54 0 76.7060325744666 1
54 200 75.5973484640028 1
54 400 51.3260082118264 1
54 500 58.6249961441172 1
54 700 34.7660686778529 1
54 1000 35.5651317976306 1
55 0 66.6949515316396 1
55 200 59.7271361736738 1
55 400 33.4456011977993 1
55 500 30.302975570721 1
55 700 26.7723750445839 1
55 1000 21.0283646756325 1
56 0 115.61972773605 1
56 200 57.8790263441421 1
56 400 54.5521326709416 1
56 500 46.5989102227684 1
56 700 49.8512439886471 1
56 1000 34.6719375294367 1
57 0 40.7570561317066 1
57 200 44.4270899304835 1
57 400 52.8206130485499 1
57 500 37.1273826034401 1
57 700 37.5090097475319 1
57 1000 24.6991604661848 1
58 0 114.3417673059 1
58 200 75.5650822585105 1
58 400 49.4962157951884 1
58 500 49.3415612789542 1
58 700 37.3303411019483 1
58 1000 28.2846027623048 1
59 0 99.1731119979997 1
59 200 71.972243090106 1
59 400 52.5445151444036 1
59 500 56.4594108267909 1
59 700 50.1373439246833 1
59 1000 27.5385587436542 1
60 0 97.3850179026667 1
60 200 85.4624464057685 1
60 400 68.0966253053777 1
60 500 66.0763841923142 1
60 700 64.9849207501124 1
60 1000 32.2921232761599 1
61 0 159.330006350899 1
61 200 86.5589413447729 1
61 400 38.9082772270891 1
61 500 23.6032052977836 1
61 700 33.3239121715138 1
61 1000 44.6105379007066 1
62 0 99.9458378645041 1
62 200 56.8999379488874 1
62 400 50.7194644813086 1
62 500 53.7748193622579 1
62 700 45.4559570820897 1
62 1000 33.1838641572696 1
63 0 87.2221882457115 1
63 200 52.8776474395683 1
63 400 47.4331431429701 1
63 500 52.1352347183424 1
63 700 32.5020194081378 1
63 1000 40.0249528162636 1
64 0 102.433049622695 1
64 200 63.2987783354667 1
64 400 49.66777303335 1
64 500 29.4886142978473 1
64 700 37.4545129039319 1
64 1000 42.2759224970985 1
65 0 101.500008588804 1
65 200 87.8753098540021 1
65 400 81.2250270402289 1
65 500 47.0118830866598 1
65 700 59.8262493469011 1
65 1000 32.2847271845032 1
66 0 101.345653920023 1
66 200 103.440062174767 1
66 400 48.5096916961551 1
66 500 63.3975072432011 1
66 700 39.8070647626847 1
66 1000 57.7984791049462 1
67 0 84.2793404914971 1
67 200 77.4506719011271 1
67 400 37.4064702402628 1
67 500 29.633040076522 1
67 700 30.370840877806 1
67 1000 42.09922741862 1
68 0 98.2367652612306 1
68 200 104.109662424049 1
68 400 58.0316657464119 1
68 500 52.4838010030911 1
68 700 49.2901058735106 1
68 1000 28.8611885168257 1
69 0 117.774306191626 1
69 200 104.026861238514 1
69 400 68.1453589509768 1
69 500 62.4634472293652 1
69 700 35.9900239549482 1
69 1000 39.4384669024931 1
70 0 127.078792248165 1
70 200 93.6204741202664 1
70 400 49.4999804657273 1
70 500 62.7822293034772 1
70 700 43.3925390738395 1
70 1000 44.4096077595156 1
71 0 66.0653137879562 1
71 200 42.1818180396247 1
71 400 34.6967049583136 1
71 500 34.7567068373981 1
71 700 35.9659473219325 1
71 1000 35.0430658647242 1
72 0 109.977365838034 1
72 200 74.1195808587165 1
72 400 45.9974305070805 1
72 500 58.7010025487338 1
72 700 31.5649798209982 1
72 1000 28.7456236773075 1
73 0 117.07220084228 1
73 200 67.5489326230027 1
73 400 36.7493535653057 1
73 500 38.9829871312063 1
73 700 42.4667500514626 1
73 1000 31.5212086633629 1
74 0 104.584847373192 1
74 200 91.46120392178 1
74 400 90.4920615946222 1
74 500 41.7936452107638 1
74 700 53.1893685767917 1
74 1000 54.2660246670571 1
75 0 76.5762684693997 1
75 200 99.4057343879608 1
75 400 56.4522102459792 1
75 500 73.2507497417923 1
75 700 40.8128362732102 1
75 1000 50.6797882936831 1
76 0 90.5950377086413 1
76 200 61.3731140660153 1
76 400 49.4508675096583 1
76 500 38.3202037546045 1
76 700 29.2037123786107 1
76 1000 24.8288877287435 1
77 0 72.7273795925471 1
77 200 87.1929398424114 1
77 400 32.6306702867574 1
77 500 56.3066026618744 1
77 700 29.2891823535887 1
77 1000 30.5291260456073 1
78 0 89.5224367632257 1
78 200 93.3762763968251 1
78 400 67.7593123243271 1
78 500 76.1360239694319 1
78 700 33.5031434339874 1
78 1000 30.0806191047165 1
79 0 119.655341581054 1
79 200 99.2210172108991 1
79 400 61.4005216173279 1
79 500 28.9281397575277 1
79 700 43.963603945804 1
79 1000 31.190037311251 1
80 0 144.670449232912 1
80 200 84.8553079327576 1
80 400 47.6543125336449 1
80 500 43.0913979947124 1
80 700 29.3830874839245 1
80 1000 40.0353112174606 1
81 0 85.805552366458 1
81 200 67.3826843271058 1
81 400 50.2234879490117 1
81 500 46.5977967329241 1
81 700 38.0862981615333 1
81 1000 27.6583911306662 1
82 0 154.819213256459 1
82 200 63.638512612746 1
82 400 50.6106955173623 1
82 500 62.9890236608877 1
82 700 62.0546947916824 1
82 1000 46.5674481304077 1
83 0 81.471509952347 1
83 200 47.3012330127998 1
83 400 46.0464355769859 1
83 500 56.9490548070265 1
83 700 40.2593736361994 1
83 1000 53.4650414391408 1
84 0 86.50014947041 1
84 200 113.566019136025 1
84 400 53.1490610819013 1
84 500 41.4468798007864 1
84 700 49.7790317621012 1
84 1000 51.9411456303883 1
85 0 108.380248718258 1
85 200 60.5033226034639 1
85 400 34.5398639347708 1
85 500 38.1693375520686 1
85 700 31.0047210403836 1
85 1000 37.9987025705083 1
86 0 72.0531863987459 1
86 200 76.132800304012 1
86 400 43.47849156093 1
86 500 44.7001311352431 1
86 700 29.3435068461285 1
86 1000 25.7665732075102 1
87 0 111.130359033353 1
87 200 86.6610258765984 1
87 400 59.7971343761763 1
87 500 37.7669050528932 1
87 700 56.5351684360475 1
87 1000 30.4245421927052 1
88 0 116.989512671132 1
88 200 89.5512729101602 1
88 400 69.7215944533625 1
88 500 45.4323181282319 1
88 700 61.6955506919824 1
88 1000 31.0001337314053 1
89 0 92.3633761374465 1
89 200 32.32536405051 1
89 400 38.9154863392253 1
89 500 25.9420672071628 1
89 700 35.1678994949488 1
89 1000 25.269772293877 1
90 0 105.441010254183 1
90 200 92.2801365933252 1
90 400 73.3745306149623 1
90 500 97.6120060157103 1
90 700 74.8918708605386 1
90 1000 48.6083857225524 1
91 0 104.209330266922 1
91 200 62.6117700067242 1
91 400 48.3426151772417 1
91 500 48.6230023589602 1
91 700 47.0563763475154 1
91 1000 33.5622351004821 1
92 0 114.460497798369 1
92 200 88.9753057759952 1
92 400 50.6820025187616 1
92 500 59.8120394297179 1
92 700 59.3225923980286 1
92 1000 35.1159866679777 1
93 0 90.3183338124385 1
93 200 114.060212717016 1
93 400 59.0762917899376 1
93 500 49.135532683081 1
93 700 37.6420713622661 1
93 1000 43.5510978844222 1
94 0 99.7736017853838 1
94 200 98.9780591486797 1
94 400 56.3115113452115 1
94 500 62.3183842510259 1
94 700 52.4336903113618 1
94 1000 34.1616668500397 1
95 0 88.8414986644072 1
95 200 72.3744900742142 1
95 400 45.7253489084472 1
95 500 37.1978086137799 1
95 700 40.7625579645994 1
95 1000 39.1754266227051 1
96 0 89.7314896829587 1
96 200 68.0536366994965 1
96 400 44.9250308681793 1
96 500 44.8199312017904 1
96 700 37.9744948263054 1
96 1000 27.8932028727759 1
97 0 95.5491207074126 1
97 200 31.9450923491642 1
97 400 47.151966890061 1
97 500 39.4325033523895 1
97 700 37.1195036933854 1
97 1000 21.75512118842 1
98 0 92.4822078988265 1
98 200 65.2586305538029 1
98 400 28.9160846490878 1
98 500 51.6636585857351 1
98 700 38.5971233876326 1
98 1000 34.2283938632245 1
99 0 93.9866888616151 1
99 200 87.6012518629306 1
99 400 75.3814320425316 1
99 500 70.023404726508 1
99 700 47.2419349734063 1
99 1000 37.015858169143 1
100 0 83.9039143732038 1
100 200 59.5321575758781 1
100 400 39.4287740638627 1
100 500 55.8486347778458 1
100 700 35.9339361964203 1
100 1000 24.1079693037239 1
