id dose eff group
1 0 95.0588222610555 0
1 200 104.870351831772 0
1 400 72.4731517784935 0
1 500 82.5582724601374 0
1 700 57.6435847223353 0
1 1000 40.9645407251465 0
2 0 93.109114191437 0
2 200 65.9085243771198 0
2 400 45.9713727868262 0
2 500 61.4783625547158 0
2 700 41.86403607347 0
2 1000 39.0178363730355 0
3 0 103.448545438956 0
3 200 88.8035020825372 0
3 400 72.2478122465676 0
3 500 53.0371563910445 0
3 700 40.6780787308609 0
3 1000 38.8063386334311 0
4 0 108.437300147346 0
4 200 91.4510892553395 0
4 400 88.7847589432881 0
4 500 88.2650075259769 0
4 700 29.8857452290922 0
4 1000 60.0093808396503 0
5 0 112.421078371849 0
5 200 104.684787346992 0
5 400 101.541658598076 0
5 500 69.3185539730912 0
5 700 31.4753196906813 0
5 1000 43.5337373206119 0
6 0 101.34228145159 0
6 200 98.2770230267457 0
6 400 85.6532740458486 0
6 500 93.0945452051823 0
6 700 60.3413699153492 0
6 1000 48.8491181736383 0
7 0 77.6284365117901 0
7 200 129.618523703977 0
7 400 77.1912894953507 0
7 500 100.45823598571 0
7 700 94.8261317380925 0
7 1000 68.0056433562807 0
8 0 49.9896517284142 0
8 200 106.238544179835 0
8 400 96.9068368209442 0
8 500 96.2313183863141 0
8 700 49.2323210937581 0
8 1000 66.104314349549 0
9 0 133.140438986956 0
9 200 105.647018923968 0
9 400 92.0090352992057 0
9 500 49.8392040320257 0
9 700 74.7576699996087 0
9 1000 47.4154884887999 0
10 0 90.435035980216 0
10 200 92.6903649961574 0
10 400 52.6892796081789 0
10 500 58.0148243743395 0
10 700 59.4433166458255 0
10 1000 50.1204159178985 0
11 0 99.9299910287621 0
11 200 107.743948842763 0
11 400 73.0357656924805 0
11 500 60.6974865462855 0
11 700 71.0259936336516 0
11 1000 40.5798284360744 0
12 0 98.8550183189644 0
12 200 80.9012698768627 0
12 400 97.8554947633108 0
12 500 112.823921726908 0
12 700 55.2598209100649 0
12 1000 82.485695273773 0
13 0 60.6335169743351 0
13 200 77.2232258832369 0
13 400 42.2476402220075 0
13 500 49.8195398951183 0
13 700 35.2532694505842 0
13 1000 19.2182622727203 0
14 0 79.2146165863538 0
14 200 121.272148634287 0
14 400 82.0780928168711 0
14 500 92.2421583297436 0
14 700 55.6748702395964 0
14 1000 57.9040343442009 0
15 0 92.3841547449581 0
15 200 98.975166564427 0
15 400 89.8291470652572 0
15 500 47.9367309997455 0
15 700 50.2158221579585 0
15 1000 54.6278062034006 0
16 0 84.3749192936958 0
16 200 62.9268283175502 0
16 400 81.4693742567159 0
16 500 54.248991067018 0
16 700 34.3913612330549 0
16 1000 42.1585988422826 0
17 0 92.3339118010219 0
17 200 96.1651567929128 0
17 400 55.4145228755898 0
17 500 64.6363903049981 0
17 700 65.1875072675523 0
17 1000 47.9316189357885 0
18 0 96.7153529701272 0
18 200 111.433505854098 0
18 400 54.1852635032199 0
18 500 84.9384336141253 0
18 700 52.5481014386026 0
18 1000 39.5899384979564 0
19 0 101.452985397311 0
19 200 107.866228978725 0
19 400 91.3558788333923 0
19 500 97.4507527332728 0
19 700 77.0622863180564 0
19 1000 52.971297781071 0
20 0 95.8283801104966 0
20 200 96.093419038584 0
20 400 44.6897280440902 0
20 500 60.7959155876652 0
20 700 60.8540578409666 0
20 1000 53.9378952802075 0
21 0 134.773967644682 0
21 200 64.7746274932762 0
21 400 62.9118926290248 0
21 500 44.1365648365522 0
21 700 45.7500579207009 0
21 1000 32.9471980059436 0
22 0 101.746270306456 0
22 200 91.3756066646998 0
22 400 91.4341225762628 0
22 500 78.6441563380072 0
22 700 77.3942641215479 0
22 1000 63.0127899420589 0
23 0 83.4678999128576 0
23 200 68.9259463375613 0
23 400 68.848305401703 0
23 500 24.3149476185135 0
23 700 57.2507035997481 0
23 1000 45.0930953579575 0
24 0 78.8117520816465 0
24 200 70.2571320136162 0
24 400 62.4113469630377 0
24 500 30.5060550388738 0
24 700 20.2191877805203 0
24 1000 27.9781813726165 0
25 0 132.812741495158 0
25 200 89.0562985071369 0
25 400 67.1787574288984 0
25 500 77.7849532391672 0
25 700 58.990514944021 0
25 1000 43.5207540986798 0
26 0 74.5329150348497 0
26 200 90.2924009416106 0
26 400 78.6260879328629 0
26 500 59.4350928019795 0
26 700 53.3699644101878 0
26 1000 58.5927306910345 0
27 0 107.857514868495 0
27 200 94.6599249252869 0
27 400 123.339969519469 0
27 500 71.3489710822508 0
27 700 70.1149223959304 0
27 1000 46.6139837452008 0
28 0 151.193710697445 0
28 200 165.140756255034 0
28 400 99.9126224028006 0
28 500 81.6097152109429 0
28 700 67.3455452204536 0
28 1000 44.4624317261627 0
29 0 93.6219672974356 0
29 200 97.1016913925225 0
29 400 61.7230513593272 0
29 500 71.8692648882758 0
29 700 37.552965460458 0
29 1000 35.9215361607693 0
30 0 59.5418667967215 0
30 200 75.0950314265533 0
30 400 69.6949370306707 0
30 500 79.5072590391744 0
30 700 53.8706145318573 0
30 1000 51.5917755423591 0
31 0 96.953335556935 0
31 200 134.060032366436 0
31 400 83.3858577439049 0
31 500 63.5253634953149 0
31 700 53.496495260066 0
31 1000 41.8870593727135 0
32 0 70.4948443133786 0
32 200 109.88070525464 0
32 400 70.347536218922 0
32 500 67.6477761220842 0
32 700 40.3553328888317 0
32 1000 49.003533069733 0
33 0 81.2382691748196 0
33 200 64.0934311863332 0
33 400 65.3373740610643 0
33 500 50.4086646255737 0
33 700 61.7882476131662 0
33 1000 51.4298587795078 0
34 0 79.344814774988 0
34 200 79.0805740567061 0
34 400 49.8947242921641 0
34 500 78.4613704881391 0
34 700 27.2632993069024 0
34 1000 31.063992600813 0
35 0 78.157481595595 0
35 200 90.7600773847841 0
35 400 60.5663257539677 0
35 500 55.5594122487735 0
35 700 54.9338796718729 0
35 1000 30.5278095771748 0
36 0 75.4630409526024 0
36 200 71.3448832082146 0
36 400 41.578220589443 0
36 500 64.5987866902052 0
36 700 73.9725021965839 0
36 1000 48.6439561866386 0
37 0 96.6419944705359 0
37 200 75.3280927631921 0
37 400 68.8824954348324 0
37 500 58.1908840973557 0
37 700 50.5564005592857 0
37 1000 47.120109487353 0
38 0 108.368247667923 0
38 200 90.2074833404888 0
38 400 67.5081685854987 0
38 500 29.0807256166352 0
38 700 44.4831653173231 0
38 1000 37.0802999720976 0
39 0 85.6904719845714 0
39 200 81.9530930948272 0
39 400 83.4508171736074 0
39 500 73.3177422144351 0
39 700 65.7781793135738 0
39 1000 45.5316282590954 0
40 0 102.741504793889 0
40 200 112.126697507501 0
40 400 65.2634087206641 0
40 500 78.1507192535642 0
40 700 42.0819236424352 0
40 1000 55.3414354701542 0
41 0 114.362026447209 0
41 200 115.285053226137 0
41 400 50.4360977635863 0
41 500 65.4122729977133 0
41 700 40.5070723515773 0
41 1000 35.2355943358073 0
42 0 165.987016194463 0
42 200 133.182473983076 0
42 400 89.6117455930861 0
42 500 87.5188386509462 0
42 700 65.809830968756 0
42 1000 57.238467026827 0
43 0 96.0078144253371 0
43 200 123.750435237965 0
43 400 71.3933082571054 0
43 500 63.9120044724019 0
43 700 69.1812468289472 0
43 1000 59.3858459973502 0
44 0 85.9357885667937 0
44 200 87.9638040866068 0
44 400 70.1121490590298 0
44 500 75.9552097030784 0
44 700 81.5356901589084 0
44 1000 52.6662265702759 0
45 0 129.869500321163 0
45 200 139.632059738562 0
45 400 75.9235627253769 0
45 500 69.2313649916251 0
45 700 89.2508982939006 0
45 1000 55.8496797080417 0
46 0 84.288839876509 0
46 200 88.3357490188972 0
46 400 83.2041730764688 0
46 500 48.1662166942394 0
46 700 72.797021270006 0
46 1000 35.6220158574906 0
47 0 101.923107874841 0
47 200 120.648383148023 0
47 400 77.9451587954176 0
47 500 70.7404464177922 0
47 700 59.4580986766703 0
47 1000 38.7109848219569 0
48 0 107.756544699315 0
48 200 79.6175937051486 0
48 400 51.3626641864442 0
48 500 41.819295433185 0
48 700 61.1636276450625 0
48 1000 33.5897461641145 0
49 0 111.412242355899 0
49 200 95.2792763887699 0
49 400 114.129003042604 0
49 500 105.96181986232 0
49 700 96.9838629599234 0
49 1000 86.9989336492817 0
50 0 85.8605330467559 0
50 200 87.8370362475485 0
50 400 70.65285586688 0
50 500 87.438563043675 0
50 700 43.7065151872149 0
50 1000 49.5753306416125 0
51 0 97.6766218861868 1
51 200 72.2765043554752 1
51 400 56.4056227873381 1
51 500 29.1481794311254 1
51 700 33.9769584472816 1
51 1000 38.9922552804399 1
52 0 120.726272438471 1
52 200 112.086753139276 1
52 400 68.1655208192948 1
52 500 68.8006215494161 1
52 700 54.9539410744269 1
52 1000 35.3195321450446 1
53 0 88.32903305325 1
53 200 95.4046594107213 1
53 400 45.0053394711135 1
53 500 44.1503357892627 1
53 700 42.6791390899511 1
53 1000 21.7504246015629 1
54 0 106.359402755156 1
54 200 77.8844641597885 1
54 400 56.3687289911228 1
54 500 44.5447669282511 1
54 700 17.6902617665015 1
54 1000 38.8768733717885 1
55 0 83.7182724088796 1
55 200 78.2701092498424 1
55 400 52.1786418915961 1
55 500 62.6155673512503 1
55 700 49.0360592562599 1
55 1000 34.2539737375076 1
56 0 126.204844782421 1
56 200 110.906007964546 1
56 400 64.8121425483196 1
56 500 84.748043536647 1
56 700 49.2336933594842 1
56 1000 50.8373979022903 1
57 0 86.1421994863402 1
57 200 67.1835742048131 1
57 400 82.5080348346118 1
57 500 48.3806495951493 1
57 700 50.0924102172277 1
57 1000 44.8117518091807 1
58 0 111.249943440795 1
58 200 88.1941862435207 1
58 400 50.3434066320259 1
58 500 51.1330705951949 1
58 700 55.7604537603656 1
58 1000 25.7487349440161 1
59 0 87.9370552265721 1
59 200 74.8137141894913 1
59 400 68.4062061509722 1
59 500 34.6489464259822 1
59 700 32.9830819627231 1
59 1000 34.0134057746702 1
60 0 107.918479166775 1
60 200 54.9332345253711 1
60 400 81.7939473931769 1
60 500 60.3317416903519 1
60 700 42.9270499804716 1
60 1000 41.2835149732703 1
61 0 124.035198591662 1
61 200 83.3038836054587 1
61 400 51.6092080593744 1
61 500 60.6979043620298 1
61 700 38.3663812188192 1
61 1000 49.761817975745 1
62 0 91.9199782501535 1
62 200 104.823890084739 1
62 400 64.6372083537174 1
62 500 57.5297827906857 1
62 700 65.7499558449398 1
62 1000 35.9957808844137 1
63 0 56.5951147012819 1
63 200 106.319363482806 1
63 400 51.4648407402118 1
63 500 74.9807679974015 1
63 700 24.0719391096542 1
63 1000 20.0428070937162 1
64 0 108.494798891004 1
64 200 97.0238151106836 1
64 400 51.3308360682393 1
64 500 50.5440343112968 1
64 700 47.8137432523758 1
64 1000 30.2703997300037 1
65 0 97.3506044394237 1
65 200 85.34965222561 1
65 400 72.5615864325718 1
65 500 27.8589295756884 1
65 700 37.0672893536274 1
65 1000 31.4970978488015 1
66 0 127.855034905693 1
66 200 69.283280572021 1
66 400 40.5194088823985 1
66 500 31.0778592471534 1
66 700 30.8647269982164 1
66 1000 36.1259754933146 1
67 0 88.4383789972691 1
67 200 73.4368906740656 1
67 400 45.8172212297868 1
67 500 53.06482088479 1
67 700 44.199377087399 1
67 1000 38.3081974063101 1
68 0 132.110334202611 1
68 200 85.7980749521044 1
68 400 97.7461390681827 1
68 500 63.094424945761 1
68 700 45.0921799712605 1
68 1000 49.0065764702439 1
69 0 106.698075920027 1
69 200 91.0125369488301 1
69 400 93.1633132508699 1
69 500 65.7154368109818 1
69 700 49.3760448999461 1
69 1000 53.361558138455 1
70 0 117.645642347327 1
70 200 70.841765974165 1
70 400 49.9371405614644 1
70 500 47.5409582839014 1
70 700 49.2115181552299 1
70 1000 34.423614516146 1
71 0 107.263372596271 1
71 200 86.8554353763187 1
71 400 39.5702029310015 1
71 500 49.928467638294 1
71 700 31.7538254361696 1
71 1000 23.2403937337706 1
72 0 102.732985966079 1
72 200 89.2018054528436 1
72 400 67.2604505221618 1
72 500 40.8373377383388 1
72 700 32.2192862901563 1
72 1000 41.0192074584092 1
73 0 116.192107876794 1
73 200 39.5504452038686 1
73 400 63.9283336545218 1
73 500 45.7962876018618 1
73 700 30.2179901107734 1
73 1000 22.191106885735 1
74 0 121.850267148382 1
74 200 94.7229224583277 1
74 400 54.1339178874656 1
74 500 68.7950062439667 1
74 700 37.0091064557113 1
74 1000 54.5659553456213 1
75 0 59.5298829641553 1
75 200 74.8729650326184 1
75 400 40.6795867403521 1
75 500 35.5274937751345 1
75 700 37.1103291335803 1
75 1000 32.9553636452813 1
76 0 111.950618257932 1
76 200 74.629475263721 1
76 400 81.2446193777271 1
76 500 66.4659074225399 1
76 700 45.4422869868714 1
76 1000 48.3746257733407 1
77 0 69.5598352332567 1
77 200 90.2996157610666 1
77 400 102.592918751685 1
77 500 58.6253786640963 1
77 700 66.8995434684621 1
77 1000 27.1508245608126 1
78 0 101.305401703254 1
78 200 103.577278866039 1
78 400 87.7606663357084 1
78 500 86.9289204643277 1
78 700 73.9095558285337 1
78 1000 58.099467208609 1
79 0 169.35544358478 1
79 200 82.8013593636593 1
79 400 82.1372868156113 1
79 500 52.9420275835218 1
79 700 37.89334194957 1
79 1000 43.4898683132107 1
80 0 134.549899432326 1
80 200 71.1685151446722 1
80 400 41.0622663981274 1
80 500 23.1918644609424 1
80 700 34.7924582844418 1
80 1000 35.1065134421884 1
81 0 96.9653876762545 1
81 200 70.7396487791454 1
81 400 60.5479222173304 1
81 500 56.6507448868301 1
81 700 45.3525018295526 1
81 1000 37.5295638853627 1
82 0 124.639569176406 1
82 200 70.464339128646 1
82 400 52.4511213495044 1
82 500 30.9469371523731 1
82 700 49.131407827231 1
82 1000 29.1532187520794 1
83 0 123.883098223479 1
83 200 97.0426135509538 1
83 400 85.911839818207 1
83 500 60.7372997377273 1
83 700 53.8907349900644 1
83 1000 54.6468368429791 1
84 0 102.868856390213 1
84 200 64.2508491092034 1
84 400 47.7864633416596 1
84 500 31.8513251236095 1
84 700 24.6774427042799 1
84 1000 18.0255237860102 1
85 0 101.001430134625 1
85 200 65.3568388285642 1
85 400 41.4194170198074 1
85 500 49.6957050083582 1
85 700 39.1591091438955 1
85 1000 28.6664851890563 1
86 0 74.0234877733594 1
86 200 84.0846987004216 1
86 400 49.2781912185981 1
86 500 41.450899794804 1
86 700 25.1947381778579 1
86 1000 43.1537158281989 1
87 0 143.449234490367 1
87 200 81.5985009697438 1
87 400 57.0263927927121 1
87 500 62.7534339201276 1
87 700 39.2680785429104 1
87 1000 35.2426725887579 1
88 0 84.9094869082008 1
88 200 93.7184946276266 1
88 400 57.2371742466778 1
88 500 64.3237181969739 1
88 700 56.394146422169 1
88 1000 39.386852300895 1
89 0 84.3551392160948 1
89 200 63.9010186486586 1
89 400 39.1935754577198 1
89 500 41.5557199703205 1
89 700 38.7201070734152 1
89 1000 27.6012033775392 1
90 0 135.960357171621 1
90 200 105.526630844837 1
90 400 54.6183479887711 1
90 500 47.7632931261562 1
90 700 44.5580432427393 1
90 1000 37.0834459792462 1
91 0 120.533411822658 1
91 200 91.4776605092428 1
91 400 66.0969017423245 1
91 500 46.6077168673883 1
91 700 36.5580064903183 1
91 1000 40.186036009337 1
92 0 78.1506170105545 1
92 200 83.6643477003271 1
92 400 47.3998593246039 1
92 500 50.3457280629723 1
92 700 43.2753371430055 1
92 1000 36.7513400599246 1
93 0 113.421413963386 1
93 200 72.9467810652021 1
93 400 59.1703903762549 1
93 500 51.48043897879 1
93 700 35.5503638098392 1
93 1000 42.6811267609722 1
94 0 94.4907383204522 1
94 200 62.4702303063516 1
94 400 61.0839392022653 1
94 500 39.2407726899134 1
94 700 38.7130781435634 1
94 1000 30.7510152939239 1
95 0 101.621342404896 1
95 200 78.7938562082245 1
95 400 39.4392667669431 1
95 500 51.9769831859844 1
95 700 42.3978538596357 1
95 1000 32.3284848175591 1
96 0 107.982028834779 1
96 200 71.2939079158239 1
96 400 58.7670946847226 1
96 500 54.9319156044136 1
96 700 35.722385090693 1
96 1000 34.8236546089394 1
97 0 119.584456424293 1
97 200 116.824731034641 1
97 400 89.5443403841797 1
97 500 51.1018105496458 1
97 700 43.0462113804109 1
97 1000 44.9772148270918 1
98 0 90.4284982978271 1
98 200 88.9599032745445 1
98 400 58.9442677526328 1
98 500 46.3388326270822 1
98 700 37.4633510785195 1
98 1000 24.3340670205795 1
99 0 76.6308275253895 1
99 200 54.0092990946887 1
99 400 52.7931461111409 1
99 500 34.4069917270062 1
99 700 38.2327963010779 1
99 1000 27.5551134509269 1
100 0 57.6532656541117 1
100 200 52.867403107256 1
100 400 55.5265469321097 1
100 500 54.125961835615 1
100 700 45.742564594451 1
100 1000 53.1172390162518 1
