id dose eff group
1 0 123.610801919753 0
1 200 56.6129958602443 0
1 400 67.8335784025709 0
1 500 61.2124229598854 0
1 700 45.7570666603322 0
1 1000 49.1446770428014 0
2 0 111.415555521491 0
2 200 120.93837383211 0
2 400 79.1794706531635 0
2 500 78.7676931769301 0
2 700 57.0335767802319 0
2 1000 51.1945342430798 0
3 0 96.6453566756081 0
3 200 89.6295968283128 0
3 400 75.3500738244357 0
3 500 56.7001686558878 0
3 700 57.9612978933955 0
3 1000 50.0081367297401 0
4 0 165.077114349525 0
4 200 89.6415892782184 0
4 400 69.5726239023641 0
4 500 66.2828904223352 0
4 700 38.7566445614375 0
4 1000 30.4580487467171 0
5 0 150.638158436234 0
5 200 111.351559612759 0
5 400 122.713026478504 0
5 500 85.6582357340505 0
5 700 102.21024953318 0
5 1000 62.8388174542814 0
6 0 91.5361148030575 0
6 200 77.9793665937458 0
6 400 74.9383472740784 0
6 500 64.1002333940613 0
6 700 66.0567053628857 0
6 1000 34.9443429685379 0
7 0 149.25100372646 0
7 200 135.096307896214 0
7 400 70.9673494646581 0
7 500 104.906241762919 0
7 700 88.3780758054054 0
7 1000 58.3673682414929 0
8 0 88.9002447107436 0
8 200 54.3807939542476 0
8 400 86.2718703300262 0
8 500 28.0744223291992 0
8 700 49.2548736123685 0
8 1000 43.6191838723442 0
9 0 96.0775810994558 0
9 200 124.061772739776 0
9 400 85.0229796877353 0
9 500 84.0932585462241 0
9 700 63.6691120853486 0
9 1000 43.3184253356438 0
10 0 53.7476681251836 0
10 200 58.8887836891267 0
10 400 48.1982061551047 0
10 500 30.5798696003178 0
10 700 37.2123049945098 0
10 1000 22.1903191148083 0
11 0 148.604463996782 0
11 200 59.8700345766339 0
11 400 78.0189365866145 0
11 500 74.7140739553651 0
11 700 68.055375723451 0
11 1000 51.3300167489088 0
12 0 92.3948232469341 0
12 200 83.2784995601502 0
12 400 112.172302654152 0
12 500 71.9513454851807 0
12 700 56.4952637413032 0
12 1000 44.7525435234882 0
13 0 119.831148035732 0
13 200 77.782363719398 0
13 400 78.5421140481917 0
13 500 80.9269622374266 0
13 700 96.1872924301001 0
13 1000 69.2020004543591 0
14 0 123.367417637014 0
14 200 131.625778435061 0
14 400 81.8292052133422 0
14 500 120.913560955093 0
14 700 81.5532572478482 0
14 1000 48.4033162336429 0
15 0 94.5642798221106 0
15 200 71.5481338544334 0
15 400 58.7206878547847 0
15 500 57.6677205112825 0
15 700 53.3444335870509 0
15 1000 29.9927679824442 0
16 0 92.7321347874782 0
16 200 132.008957082158 0
16 400 81.2531951668994 0
16 500 85.9198695035868 0
16 700 92.6689438055432 0
16 1000 46.7889188728785 0
17 0 90.3256168726987 0
17 200 76.8733373394824 0
17 400 88.9049190394788 0
17 500 90.2183052864499 0
17 700 70.9151840117893 0
17 1000 50.4169683644834 0
18 0 86.1669170192618 0
18 200 46.9960238554871 0
18 400 80.3526087004326 0
18 500 87.9471985487379 0
18 700 67.6506446094291 0
18 1000 52.9006937669057 0
19 0 137.563269758588 0
19 200 84.3011111154796 0
19 400 66.6228489814037 0
19 500 46.5764416060465 0
19 700 53.9742013241267 0
19 1000 26.9546885083177 0
20 0 98.4453014330335 0
20 200 131.178948161455 0
20 400 94.7289609672109 0
20 500 106.748626476065 0
20 700 98.9129035142346 0
20 1000 76.8203989714515 0
21 0 95.6007649101924 0
21 200 108.105634763412 0
21 400 95.992317735406 0
21 500 50.2894597387484 0
21 700 54.1883903365277 0
21 1000 51.4034356194665 0
22 0 126.634490702237 0
22 200 95.1854975567666 0
22 400 58.544622157561 0
22 500 38.2088512977817 0
22 700 23.9165222066373 0
22 1000 24.7355706284528 0
23 0 62.9976919805186 0
23 200 95.3102248694869 0
23 400 70.0367130733145 0
23 500 39.3358892987809 0
23 700 63.9623765541282 0
23 1000 39.7484174793229 0
24 0 96.8610648645501 0
24 200 87.9543390242823 0
24 400 55.8797456772811 0
24 500 69.1673423084397 0
24 700 53.5072702350135 0
24 1000 63.4650747031777 0
25 0 93.3399311040033 0
25 200 100.282350605823 0
25 400 101.367262357563 0
25 500 85.5154718870872 0
25 700 69.1096978189724 0
25 1000 65.0887929240162 0
26 0 125.551117523357 0
26 200 86.4818700597213 0
26 400 84.488423291662 0
26 500 84.6111421021079 0
26 700 64.7464769684775 0
26 1000 58.871582324185 0
27 0 87.8176988346682 0
27 200 84.4770091622345 0
27 400 45.5707877521248 0
27 500 51.5365352000255 0
27 700 38.5420649491421 0
27 1000 36.2225644599936 0
28 0 108.876558559237 0
28 200 109.388596179755 0
28 400 110.162719893141 0
28 500 87.7222372223046 0
28 700 82.7795756710971 0
28 1000 56.3539389663087 0
29 0 81.3305723675004 0
29 200 107.47766747485 0
29 400 86.8384321252853 0
29 500 56.3387639755992 0
29 700 52.2961107039768 0
29 1000 45.0560746630098 0
30 0 84.1455205476143 0
30 200 83.1912342663625 0
30 400 71.9394940567385 0
30 500 50.3788892884877 0
30 700 52.1204978292303 0
30 1000 50.0040660859119 0
31 0 106.116783475049 0
31 200 61.5230226127132 0
31 400 71.251286942851 0
31 500 67.0705106850268 0
31 700 52.2160562229354 0
31 1000 57.1749884581426 0
32 0 105.244211354406 0
32 200 137.581546834441 0
32 400 90.8169567924931 0
32 500 95.6474336319094 0
32 700 71.4568304049326 0
32 1000 37.2400661692456 0
33 0 89.9321878063088 0
33 200 59.569319572826 0
33 400 46.2199047633433 0
33 500 51.7496052324299 0
33 700 56.3410250044588 0
33 1000 32.69182719016 0
34 0 73.49849051158 0
34 200 75.8797520754058 0
34 400 46.6770544926419 0
34 500 47.457258619102 0
34 700 38.450527177225 0
34 1000 33.283750741145 0
35 0 102.212201371446 0
35 200 96.1561625244704 0
35 400 82.4905160163761 0
35 500 72.560496291498 0
35 700 27.7596423904018 0
35 1000 45.1240194955967 0
36 0 136.303328815168 0
36 200 87.6600344237813 0
36 400 71.4463236211033 0
36 500 89.0227221693326 0
36 700 62.1971603350174 0
36 1000 69.6295033557212 0
37 0 87.7574086912013 0
37 200 85.7651345303523 0
37 400 80.8900482725416 0
37 500 50.5742876395573 0
37 700 59.0333709433666 0
37 1000 40.9142483778958 0
38 0 114.980168000346 0
38 200 63.6120693051356 0
38 400 62.0109869732657 0
38 500 60.8074109168997 0
38 700 43.0268196630471 0
38 1000 52.3014375272664 0
39 0 127.376564159024 0
39 200 91.0694610510341 0
39 400 89.0995728967249 0
39 500 77.8460838572867 0
39 700 56.9695616293754 0
39 1000 61.4810965609626 0
40 0 127.198314901068 0
40 200 93.2482936979633 0
40 400 97.7881999519551 0
40 500 69.4526317855896 0
40 700 69.901453714736 0
40 1000 54.5967485607063 0
41 0 90.0305375996042 0
41 200 110.620331419737 0
41 400 91.0169238547298 0
41 500 101.54952502782 0
41 700 90.2730852809437 0
41 1000 73.0543952505593 0
42 0 74.4363747637913 0
42 200 52.6888993609427 0
42 400 53.5262158772111 0
42 500 60.8183511386245 0
42 700 44.8408446847641 0
42 1000 48.484833502954 0
43 0 70.8080256650288 0
43 200 96.9372901913386 0
43 400 75.937357202971 0
43 500 88.5581772062216 0
43 700 48.933189120231 0
43 1000 54.3449656557258 0
44 0 103.542398437499 0
44 200 126.178278420396 0
44 400 90.2849084998833 0
44 500 80.99386307671 0
44 700 57.0117345582654 0
44 1000 32.9844139453465 0
45 0 74.8923451427233 0
45 200 129.764464546731 0
45 400 91.7008089401984 0
45 500 64.7116296089641 0
45 700 57.3835271704268 0
45 1000 37.031954116601 0
46 0 143.614553694383 0
46 200 173.34161772598 0
46 400 81.3887091745363 0
46 500 78.6341832350002 0
46 700 59.3841822216395 0
46 1000 76.2784070339158 0
47 0 61.8727949122448 0
47 200 80.3541066573954 0
47 400 62.9800546687506 0
47 500 39.8140449187095 0
47 700 23.2635995914964 0
47 1000 33.5060090784976 0
48 0 116.635413409866 0
48 200 74.30424829046 0
48 400 86.8557529333226 0
48 500 48.0190364453429 0
48 700 64.3072365186525 0
48 1000 49.1154496213056 0
49 0 113.089793890768 0
49 200 104.246048531646 0
49 400 47.5621681964098 0
49 500 54.2034628008218 0
49 700 45.4164708782398 0
49 1000 49.6020344776386 0
50 0 90.8787975751071 0
50 200 95.6425949730791 0
50 400 96.2005224474222 0
50 500 118.845890694032 0
50 700 61.218367770939 0
50 1000 58.816846674863 0
51 0 133.461090645643 1
51 200 48.1788102844567 1
51 400 76.2629729898009 1
51 500 43.9253839179987 1
51 700 43.9021070398422 1
51 1000 44.3685739462101 1
52 0 64.3867099417724 1
52 200 59.6060672979801 1
52 400 65.7386261627961 1
52 500 62.7931414736974 1
52 700 26.4949617762316 1
52 1000 37.2446903954017 1
53 0 94.3002830072595 1
53 200 87.0384670115676 1
53 400 62.8869923481867 1
53 500 73.7229186540803 1
53 700 56.0788027133332 1
53 1000 46.3756513282717 1
54 0 89.9946906142068 1
54 200 52.4654711854658 1
54 400 35.4485488988748 1
54 500 33.4466168878203 1
54 700 22.1074843254752 1
54 1000 30.7851275431911 1
55 0 114.096307788578 1
55 200 121.780294841618 1
55 400 47.4251442717545 1
55 500 60.623191744677 1
55 700 62.7401532168783 1
55 1000 39.8325466816769 1
56 0 59.8416768464193 1
56 200 64.3653631732055 1
56 400 41.2840859463485 1
56 500 37.0941482929398 1
56 700 46.0370183799692 1
56 1000 30.7706977554218 1
57 0 105.53833250296 1
57 200 98.8560853791765 1
57 400 82.4215617311416 1
57 500 62.1767960727609 1
57 700 42.4772165618993 1
57 1000 47.6041133416766 1
58 0 109.205087757554 1
58 200 70.0347587558973 1
58 400 66.2754828329151 1
58 500 65.0580304999901 1
58 700 44.2162577812501 1
58 1000 26.4925159928961 1
59 0 89.2384200010947 1
59 200 71.0085346211817 1
59 400 45.6249808380443 1
59 500 49.1006503495855 1
59 700 32.8511274300918 1
59 1000 43.141857449424 1
60 0 96.1364577550762 1
60 200 134.515609598891 1
60 400 80.4702086322254 1
60 500 98.1583205128148 1
60 700 54.8408416368522 1
60 1000 61.2599522194118 1
61 0 84.2237114392982 1
61 200 61.4532295020244 1
61 400 49.5126274827392 1
61 500 34.4860038370432 1
61 700 48.4520655900901 1
61 1000 37.5770500243375 1
62 0 111.604105803306 1
62 200 100.061992966439 1
62 400 54.3895396462022 1
62 500 58.4715101253812 1
62 700 44.7584947324452 1
62 1000 24.601684940564 1
63 0 86.323750923361 1
63 200 96.3747642058296 1
63 400 67.0026596062695 1
63 500 49.3158285982578 1
63 700 58.3315114433403 1
63 1000 51.118125243435 1
64 0 109.648338836797 1
64 200 87.7391433637055 1
64 400 60.2107034883191 1
64 500 51.0575190422232 1
64 700 33.6645575833126 1
64 1000 41.5110586379787 1
65 0 91.482985176863 1
65 200 102.583014004623 1
65 400 41.2952276944052 1
65 500 46.6487231699886 1
65 700 32.7904969976021 1
65 1000 31.6869917586541 1
66 0 81.3492182660739 1
66 200 99.5908530884817 1
66 400 75.5656006535468 1
66 500 40.2703610965576 1
66 700 45.5127707278256 1
66 1000 39.8361085552347 1
67 0 137.460325239567 1
67 200 106.325068496824 1
67 400 84.1647024320152 1
67 500 77.5073592938093 1
67 700 44.0769934505162 1
67 1000 40.4212895068995 1
68 0 94.3378545451861 1
68 200 84.4495153895985 1
68 400 67.0216029525829 1
68 500 56.4456152187377 1
68 700 34.0126181634681 1
68 1000 38.5393816335287 1
69 0 97.8332373449538 1
69 200 80.7957686768125 1
69 400 61.4901765206342 1
69 500 38.3846392860804 1
69 700 41.6799179322228 1
69 1000 48.944297952343 1
70 0 96.3553503306809 1
70 200 63.3823479199516 1
70 400 64.0135610587294 1
70 500 61.6972402474277 1
70 700 51.9022445870842 1
70 1000 34.5544952578456 1
71 0 119.409427440068 1
71 200 68.4285848918062 1
71 400 44.358236651446 1
71 500 36.8152960941128 1
71 700 42.6501290782046 1
71 1000 30.9498036061403 1
72 0 102.228146962077 1
72 200 66.7815969836145 1
72 400 43.5278281741715 1
72 500 49.2064967990119 1
72 700 54.6972304868815 1
72 1000 41.8615644346426 1
73 0 128.337109214511 1
73 200 78.309607162905 1
73 400 39.794770506487 1
73 500 29.9821387623382 1
73 700 40.8316194954844 1
73 1000 25.5228523351808 1
74 0 97.8892977391781 1
74 200 77.7553082919335 1
74 400 60.3868783978102 1
74 500 61.6001960609659 1
74 700 47.1422300827445 1
74 1000 30.1512375268434 1
75 0 105.694513722227 1
75 200 87.272081796548 1
75 400 56.8097880952691 1
75 500 49.1773017681071 1
75 700 35.9755963401707 1
75 1000 39.6582867151519 1
76 0 72.5216350777459 1
76 200 57.7480336354627 1
76 400 61.1129943217532 1
76 500 57.3140756954421 1
76 700 40.8040464027246 1
76 1000 44.1656281318973 1
77 0 118.086675579292 1
77 200 71.545171181034 1
77 400 80.7627542397126 1
77 500 52.0363579401124 1
77 700 43.8985440734853 1
77 1000 43.3443307729574 1
78 0 128.074721611086 1
78 200 84.6922498467775 1
78 400 75.2467167927217 1
78 500 60.3193572113485 1
78 700 74.3569364623982 1
78 1000 64.998587273801 1
79 0 93.0326338380223 1
79 200 73.2392114863005 1
79 400 49.930315832746 1
79 500 45.6927689588798 1
79 700 55.2542089943665 1
79 1000 34.4173819557797 1
80 0 127.39965402348 1
80 200 106.139787180947 1
80 400 61.0736408486207 1
80 500 48.8423780996175 1
80 700 59.084256325981 1
80 1000 32.5672814947572 1
81 0 98.2506603715333 1
81 200 75.9000467179428 1
81 400 52.4504157959307 1
81 500 40.9225073571854 1
81 700 33.7811962410746 1
81 1000 37.3945419501128 1
82 0 118.401159350988 1
82 200 80.10478320372 1
82 400 36.333573321016 1
82 500 34.2636635898455 1
82 700 33.3871171308368 1
82 1000 20.0437009288187 1
83 0 135.671515472481 1
83 200 98.8190770483747 1
83 400 55.092270301011 1
83 500 63.4932383165256 1
83 700 58.5375907946584 1
83 1000 50.4192488868131 1
84 0 88.8865496332778 1
84 200 81.6560512433383 1
84 400 55.588162093057 1
84 500 56.9012413673557 1
84 700 48.9245063117791 1
84 1000 34.9191281750071 1
85 0 72.7626000248976 1
85 200 76.3242891479441 1
85 400 38.9286122161437 1
85 500 70.6933094585019 1
85 700 48.2787938319106 1
85 1000 41.4606861427367 1
86 0 88.2590760433064 1
86 200 56.8061699312655 1
86 400 55.0665568282845 1
86 500 34.5453381968206 1
86 700 35.3092895257723 1
86 1000 29.4215879460443 1
87 0 89.9050085259638 1
87 200 83.8044573423607 1
87 400 54.6345495211039 1
87 500 44.1224511711599 1
87 700 30.7300061431811 1
87 1000 26.6117532671727 1
88 0 79.1495965187049 1
88 200 56.5008384897044 1
88 400 54.1962694688229 1
88 500 25.8387597799733 1
88 700 31.238395873765 1
88 1000 33.4448001179831 1
89 0 80.0665410468403 1
89 200 59.3672093879122 1
89 400 49.461310431781 1
89 500 45.012102767274 1
89 700 55.8993217872633 1
89 1000 28.2593206055184 1
90 0 109.463111722511 1
90 200 105.100970020221 1
90 400 66.6480050341252 1
90 500 60.0027390794633 1
90 700 41.4855406764808 1
90 1000 40.8214113822123 1
91 0 133.839013849543 1
91 200 110.192049610382 1
91 400 76.5326174662736 1
91 500 59.4868144641723 1
91 700 54.5064738524452 1
91 1000 42.6678053394803 1
92 0 125.21842608296 1
92 200 98.4888848606298 1
92 400 69.0461952479304 1
92 500 66.9627539382992 1
92 700 43.2756195484588 1
92 1000 41.4865827796131 1
93 0 58.3882334899847 1
93 200 69.2569789552956 1
93 400 48.6046713028652 1
93 500 52.2119905000109 1
93 700 39.7660161226431 1
93 1000 34.2672546103637 1
94 0 122.074940036182 1
94 200 59.1174624927454 1
94 400 43.7536202695345 1
94 500 45.4951656452048 1
94 700 47.5254283153124 1
94 1000 33.9103789503288 1
95 0 136.283081480455 1
95 200 43.6105751267985 1
95 400 36.4525642047877 1
95 500 48.1449960379574 1
95 700 31.5044845824652 1
95 1000 40.6443060487542 1
96 0 152.172560882387 1
96 200 77.0534267748753 1
96 400 64.9416831816634 1
96 500 65.2506006467931 1
96 700 33.1711709455939 1
96 1000 27.1918402308384 1
97 0 93.7571288511941 1
97 200 121.27760128248 1
97 400 70.0819536471383 1
97 500 43.8419713895478 1
97 700 53.0877505743201 1
97 1000 35.8611003256834 1
98 0 128.628876318604 1
98 200 85.9538026771281 1
98 400 44.6347568759817 1
98 500 76.2375705797374 1
98 700 48.4677542524801 1
98 1000 49.0688350817729 1
99 0 56.5544108646474 1
99 200 78.466970565567 1
99 400 54.0031971493898 1
99 500 50.3735615999939 1
99 700 45.5019941352335 1
99 1000 28.6926635733181 1
100 0 134.727209124802 1
100 200 76.436911667066 1
100 400 46.3123853509638 1
100 500 53.107613952314 1
100 700 35.4762045975645 1
100 1000 34.4908539739803 1
