id dose eff group
1 0 69.8150722615939 0
1 200 99.1709648440105 0
1 400 78.6575885169329 0
1 500 52.6425315992224 0
1 700 43.1539171604026 0
1 1000 44.9979217589731 0
2 0 79.0825597764017 0
2 200 98.9168722033412 0
2 400 69.6988972998043 0
2 500 86.4268246528167 0
2 700 55.4324914819354 0
2 1000 41.1605241013131 0
3 0 88.4473472131161 0
3 200 118.860690634061 0
3 400 68.6864027520086 0
3 500 82.4007141713816 0
3 700 62.2522355777529 0
3 1000 48.1898219179301 0
4 0 96.4789211251589 0
4 200 75.9149163440142 0
4 400 64.3849955403251 0
4 500 55.3621863377745 0
4 700 62.1447168710453 0
4 1000 43.6811804622915 0
5 0 150.052714473959 0
5 200 128.234630486253 0
5 400 101.88693604866 0
5 500 62.8279405534307 0
5 700 69.3959926530759 0
5 1000 56.2073289661388 0
6 0 84.7294839314621 0
6 200 115.962664585046 0
6 400 98.8395965958134 0
6 500 105.897870168565 0
6 700 93.390183107178 0
6 1000 39.6060936011001 0
7 0 150.753252920287 0
7 200 134.707141783928 0
7 400 97.3098016257375 0
7 500 82.8223817431148 0
7 700 91.0163800849724 0
7 1000 44.7061738441602 0
8 0 172.427163523043 0
8 200 135.018840780111 0
8 400 87.1715431500731 0
8 500 104.328358438153 0
8 700 78.4378265389363 0
8 1000 63.3619406399358 0
9 0 91.9092842957586 0
9 200 118.510933390194 0
9 400 55.9463991147307 0
9 500 60.0940986223385 0
9 700 67.1849860134262 0
9 1000 34.8190365010188 0
10 0 121.006838802173 0
10 200 90.4281408790064 0
10 400 67.1682101234987 0
10 500 60.3668712036241 0
10 700 55.109529680048 0
10 1000 36.4323967230316 0
11 0 93.3117740805584 0
11 200 106.351979174233 0
11 400 93.510186497957 0
11 500 55.1426835364944 0
11 700 59.3224827050271 0
11 1000 41.5685799029088 0
12 0 93.8757406788263 0
12 200 76.934174942971 0
12 400 78.3511305119086 0
12 500 94.7213677320156 0
12 700 56.1893382843056 0
12 1000 54.7324616897036 0
13 0 120.112665082258 0
13 200 96.082162947494 0
13 400 78.5540193941488 0
13 500 45.5729335215883 0
13 700 83.7090991602117 0
13 1000 64.8262450866791 0
14 0 129.257122453438 0
14 200 126.370368258887 0
14 400 84.6262339922457 0
14 500 95.141406363092 0
14 700 62.1012260166226 0
14 1000 59.1893557796713 0
15 0 115.696439520942 0
15 200 90.7862608297786 0
15 400 42.4089833430097 0
15 500 87.2980589275544 0
15 700 44.1139568302232 0
15 1000 44.1421948969258 0
16 0 118.532357930894 0
16 200 94.8083620452531 0
16 400 57.4294183397212 0
16 500 78.1455601841274 0
16 700 35.482940708904 0
16 1000 35.9979549037303 0
17 0 111.536345452631 0
17 200 93.0476169804299 0
17 400 77.4448898756927 0
17 500 61.4469210731856 0
17 700 66.7182506511423 0
17 1000 38.4352028145734 0
18 0 135.974775697184 0
18 200 89.1913811604755 0
18 400 118.220556962388 0
18 500 59.2999775549163 0
18 700 91.2403664995734 0
18 1000 46.6267584533363 0
19 0 92.2445497939744 0
19 200 82.9349025039702 0
19 400 74.1168994761746 0
19 500 51.0067773838641 0
19 700 59.8124185193538 0
19 1000 38.8378516102109 0
20 0 106.538720677221 0
20 200 102.638720673051 0
20 400 50.6575762471028 0
20 500 46.4771611746918 0
20 700 42.268148220765 0
20 1000 32.2790668013285 0
21 0 96.6882801064887 0
21 200 106.082917105619 0
21 400 69.9217140404733 0
21 500 51.9664959093672 0
21 700 59.7880663140409 0
21 1000 39.6879209739336 0
22 0 103.975334437592 0
22 200 87.4414027262361 0
22 400 86.1826583103372 0
22 500 68.5576106384649 0
22 700 79.3051076165909 0
22 1000 50.7916296333543 0
23 0 118.457298507511 0
23 200 86.8095496145906 0
23 400 68.8801957446401 0
23 500 73.4109891305605 0
23 700 35.685173788422 0
23 1000 46.1839274697411 0
24 0 99.5561901232445 0
24 200 97.3117520903104 0
24 400 87.067889749702 0
24 500 92.4835849314836 0
24 700 102.355628909199 0
24 1000 63.6029267760016 0
25 0 156.33150135964 0
25 200 107.273318287235 0
25 400 82.4693762879839 0
25 500 74.4002484274816 0
25 700 56.0242724797021 0
25 1000 41.2531538546119 0
26 0 130.740697046285 0
26 200 64.7922714255194 0
26 400 78.6122987715112 0
26 500 55.3009132203646 0
26 700 50.6687670388397 0
26 1000 40.6259104906283 0
27 0 100.226440833408 0
27 200 87.0442722405338 0
27 400 65.9518730177857 0
27 500 70.213269607485 0
27 700 30.9606677594312 0
27 1000 47.1859005704602 0
28 0 127.348635715217 0
28 200 77.103289550357 0
28 400 77.2374674743637 0
28 500 44.6287185291781 0
28 700 49.825001970319 0
28 1000 43.2470172721836 0
29 0 89.8592165124586 0
29 200 98.2611170366365 0
29 400 107.391997995992 0
29 500 100.077650639825 0
29 700 50.8548658361616 0
29 1000 47.3143261775601 0
30 0 88.9497346272766 0
30 200 97.5330018083983 0
30 400 77.644171776078 0
30 500 95.2819932191081 0
30 700 67.340447370749 0
30 1000 68.0157174292662 0
31 0 119.918300701422 0
31 200 95.0704295500414 0
31 400 66.5389405537351 0
31 500 87.5896506975269 0
31 700 64.0945179019503 0
31 1000 43.1861664538836 0
32 0 62.7619469701736 0
32 200 89.617561788273 0
32 400 58.5122688969386 0
32 500 43.1459552512603 0
32 700 47.5750624389433 0
32 1000 42.4046312912164 0
33 0 95.9747220964084 0
33 200 88.5197937619847 0
33 400 71.6445160221408 0
33 500 82.9947022623436 0
33 700 62.734585882145 0
33 1000 35.5857171514941 0
34 0 77.723867361024 0
34 200 94.6730277998378 0
34 400 52.8431678938316 0
34 500 72.1194219994861 0
34 700 43.1172512264264 0
34 1000 47.0874857307599 0
35 0 127.379819665511 0
35 200 105.379551915745 0
35 400 145.877686886006 0
35 500 88.1508417239122 0
35 700 97.7370412162375 0
35 1000 83.7777677335939 0
36 0 93.1008213241458 0
36 200 108.999825664691 0
36 400 81.3178342502371 0
36 500 70.2619356796397 0
36 700 58.0116016148131 0
36 1000 28.2594611582485 0
37 0 115.670716583586 0
37 200 91.1974092750575 0
37 400 44.8667976023362 0
37 500 72.5048692286387 0
37 700 33.4878046462232 0
37 1000 34.6864961961878 0
38 0 98.1896825020341 0
38 200 80.9570862757199 0
38 400 89.2541047533802 0
38 500 80.8188785192927 0
38 700 66.7279687264738 0
38 1000 67.5305110461184 0
39 0 117.831710262752 0
39 200 75.4372232403029 0
39 400 97.4484553505165 0
39 500 51.0442278090197 0
39 700 38.0628368426436 0
39 1000 54.4643561436106 0
40 0 102.72174256269 0
40 200 123.104305858791 0
40 400 88.9837705027517 0
40 500 49.9279389017631 0
40 700 38.4940436652559 0
40 1000 29.8329569341875 0
41 0 117.827724960154 0
41 200 75.403877097486 0
41 400 109.492722537134 0
41 500 76.4452319684777 0
41 700 57.0275970072228 0
41 1000 67.6929455802506 0
42 0 113.836487601703 0
42 200 81.7803045800418 0
42 400 84.4549764639028 0
42 500 68.1600860909558 0
42 700 46.5769454429362 0
42 1000 42.0349295955635 0
43 0 94.707367436854 0
43 200 78.2154907400257 0
43 400 64.6991545922066 0
43 500 35.6675912407409 0
43 700 45.0603948945636 0
43 1000 47.3394305073193 0
44 0 118.53704067984 0
44 200 87.3971625619632 0
44 400 78.1514609737143 0
44 500 74.8050398749014 0
44 700 74.6033863321167 0
44 1000 45.0626139001584 0
45 0 121.150030983009 0
45 200 83.5826840609168 0
45 400 41.7502324591065 0
45 500 66.6987490630646 0
45 700 50.3492382123206 0
45 1000 35.2617941210235 0
46 0 106.767753204248 0
46 200 91.5583682465589 0
46 400 50.7973099662518 0
46 500 64.4356613876547 0
46 700 79.0947046421428 0
46 1000 41.4795174809534 0
47 0 77.2535035295131 0
47 200 69.854031755584 0
47 400 76.57881715542 0
47 500 46.1950584379974 0
47 700 60.2380903191833 0
47 1000 52.3727609756443 0
48 0 91.1635598544044 0
48 200 93.6792933538542 0
48 400 52.4399532984518 0
48 500 54.6830291258039 0
48 700 37.5136348140717 0
48 1000 48.267664686963 0
49 0 38.2603635550286 0
49 200 79.4408455688493 0
49 400 60.294118454694 0
49 500 51.7360376732486 0
49 700 34.5732118069612 0
49 1000 38.0992527450241 0
50 0 115.751290140782 0
50 200 111.496753676055 0
50 400 113.172187690673 0
50 500 80.9843898096485 0
50 700 43.0182223614938 0
50 1000 59.3321304869195 0
51 0 76.8006350796229 1
51 200 56.4222662523846 1
51 400 45.721232761564 1
51 500 38.1737011794924 1
51 700 25.6224521410247 1
51 1000 39.4727883648444 1
52 0 106.584118928539 1
52 200 59.4714825951502 1
52 400 66.059375871236 1
52 500 34.8057682316339 1
52 700 56.1325166441982 1
52 1000 39.4457285908191 1
53 0 83.0352140342942 1
53 200 82.7335842484718 1
53 400 41.1321986211548 1
53 500 40.3277503289763 1
53 700 36.7113141005513 1
53 1000 32.2065541233145 1
54 0 78.5579382517175 1
54 200 95.9243812511353 1
54 400 69.2551733825242 1
54 500 45.2347715666229 1
54 700 36.2794980292729 1
54 1000 38.2441059966252 1
55 0 72.8803537968935 1
55 200 123.501960217899 1
55 400 58.7976838772159 1
55 500 60.0452603104147 1
55 700 52.0891780098182 1
55 1000 56.5447511811892 1
56 0 77.0070831612673 1
56 200 80.9253810612528 1
56 400 49.0870829600389 1
56 500 48.039087880492 1
56 700 36.3991029472719 1
56 1000 44.9180749230095 1
57 0 105.900703586103 1
57 200 75.1668749533788 1
57 400 65.8702605090958 1
57 500 35.7463889097301 1
57 700 51.8605149562016 1
57 1000 52.9973664604071 1
58 0 64.1564902828631 1
58 200 60.6456276270356 1
58 400 45.6358994328158 1
58 500 30.022082914232 1
58 700 35.075256593379 1
58 1000 28.0519646334115 1
59 0 128.750923159067 1
59 200 74.6730715327009 1
59 400 41.0989015450793 1
59 500 70.872585019689 1
59 700 46.0139411725079 1
59 1000 36.9963326482254 1
60 0 125.002434306205 1
60 200 82.6837106833192 1
60 400 67.7275514663861 1
60 500 41.5417811587843 1
60 700 38.4906038996679 1
60 1000 43.5954728226272 1
61 0 106.114796962538 1
61 200 97.0914971151459 1
61 400 34.8743020467191 1
61 500 50.3057801504742 1
61 700 20.7289579508027 1
61 1000 41.3663461617709 1
62 0 130.006069359217 1
62 200 106.816677261593 1
62 400 71.9477910614761 1
62 500 35.2695547812766 1
62 700 37.4029818678478 1
62 1000 20.3486124415496 1
63 0 108.934115155223 1
63 200 90.9709814727273 1
63 400 46.8978593264421 1
63 500 40.1908231770274 1
63 700 38.2144239999839 1
63 1000 30.9955760991762 1
64 0 98.7306998769096 1
64 200 90.7849676675712 1
64 400 56.4784907415591 1
64 500 53.9268760103493 1
64 700 51.2206225364083 1
64 1000 34.0650058669198 1
65 0 41.5875582678902 1
65 200 92.0032590269446 1
65 400 51.6726867680853 1
65 500 66.7442094281111 1
65 700 47.6409655497515 1
65 1000 28.8810986779912 1
66 0 154.012958329397 1
66 200 82.0883935028859 1
66 400 71.2446042607493 1
66 500 78.0543638089542 1
66 700 32.8118448146486 1
66 1000 41.6086167842169 1
67 0 108.155686813695 1
67 200 89.0979062756486 1
67 400 76.7495186502012 1
67 500 34.4607504414104 1
67 700 38.4708153421506 1
67 1000 31.3258671214815 1
68 0 142.278835152411 1
68 200 54.2949818427325 1
68 400 44.5227076451582 1
68 500 50.4237792310547 1
68 700 44.0618119017751 1
68 1000 35.0880227361004 1
69 0 115.879365143771 1
69 200 66.9184417687376 1
69 400 54.5099931555117 1
69 500 46.6911943396055 1
69 700 45.9603519406959 1
69 1000 37.7102407037965 1
70 0 69.6113635155965 1
70 200 84.4808384126188 1
70 400 67.9456128832062 1
70 500 53.1419171122251 1
70 700 36.8659008346848 1
70 1000 39.2780984852293 1
71 0 109.176010517026 1
71 200 103.608475080233 1
71 400 19.2728857077642 1
71 500 37.9981616043908 1
71 700 36.7474048761411 1
71 1000 40.5857664495944 1
72 0 81.9940473303494 1
72 200 106.472703125762 1
72 400 50.0306978475546 1
72 500 71.9857640682739 1
72 700 53.1889818840873 1
72 1000 49.2156935263461 1
73 0 72.1751820234714 1
73 200 54.9070919493761 1
73 400 53.438909979562 1
73 500 36.3960648929223 1
73 700 30.9955373543001 1
73 1000 36.3469030276289 1
74 0 87.2311723882325 1
74 200 63.1763629894808 1
74 400 45.6460556537924 1
74 500 58.8825258787596 1
74 700 33.8637111077452 1
74 1000 39.8571724012734 1
75 0 90.1696388402345 1
75 200 91.0928316041171 1
75 400 72.1716777552001 1
75 500 66.3892847140594 1
75 700 78.8665767722347 1
75 1000 36.689497874207 1
76 0 110.167029219475 1
76 200 85.7175864521723 1
76 400 101.901139034255 1
76 500 82.8940173102497 1
76 700 67.2527287887512 1
76 1000 38.9399078162033 1
77 0 92.891787029717 1
77 200 81.8248988208677 1
77 400 64.714165112094 1
77 500 60.3745322887654 1
77 700 60.7077670123003 1
77 1000 53.9591647201772 1
78 0 136.754669350227 1
78 200 83.9369145342091 1
78 400 79.1670061200077 1
78 500 50.2881899717013 1
78 700 63.708002755721 1
78 1000 38.1772787138927 1
79 0 117.137201422946 1
79 200 79.8978481314171 1
79 400 52.5863798614564 1
79 500 53.4137513650455 1
79 700 65.3971985339781 1
79 1000 38.6765171202209 1
80 0 124.788293993064 1
80 200 104.306605084931 1
80 400 93.9043279178315 1
80 500 45.1644142995253 1
80 700 56.4394065737374 1
80 1000 44.7761932179324 1
81 0 111.41701811422 1
81 200 89.4571535740777 1
81 400 31.0083968853401 1
81 500 38.980189184164 1
81 700 32.2894484891661 1
81 1000 39.0341460408576 1
82 0 92.7631316211389 1
82 200 70.5018216761837 1
82 400 46.7146078320075 1
82 500 53.8038956056012 1
82 700 33.5356711841264 1
82 1000 46.6916652133432 1
83 0 179.000094415729 1
83 200 78.1670495095398 1
83 400 48.4061024701315 1
83 500 39.1614555224798 1
83 700 40.8489480884819 1
83 1000 32.1424157461425 1
84 0 115.63207285058 1
84 200 83.8639126758246 1
84 400 58.8802338745971 1
84 500 64.2014635763617 1
84 700 47.5892542986535 1
84 1000 45.3758133143619 1
85 0 105.291938437239 1
85 200 90.4209406791308 1
85 400 63.3734465642792 1
85 500 42.5519756397733 1
85 700 61.1309798765662 1
85 1000 46.9718780754678 1
86 0 124.823350884723 1
86 200 63.987399131987 1
86 400 60.1199001813756 1
86 500 48.2518420848597 1
86 700 48.0895087248908 1
86 1000 39.0666093605428 1
87 0 119.401593776355 1
87 200 75.9613855534208 1
87 400 72.7235386616427 1
87 500 35.8686291087292 1
87 700 31.697094107988 1
87 1000 49.2779718788272 1
88 0 108.188255357791 1
88 200 78.2234164225208 1
88 400 57.7695784100506 1
88 500 61.3615424495761 1
88 700 37.8623176828559 1
88 1000 44.2297389886022 1
89 0 102.580046184117 1
89 200 68.5008365238238 1
89 400 56.9049084058779 1
89 500 49.9378873394061 1
89 700 25.90155047257 1
89 1000 32.7269847709126 1
90 0 141.608553589188 1
90 200 76.2186179431308 1
90 400 61.126516159965 1
90 500 44.4771115472942 1
90 700 43.1292717862508 1
90 1000 31.0930035589322 1
91 0 95.7170505659974 1
91 200 53.5708617402613 1
91 400 45.7557396928613 1
91 500 39.4069837421163 1
91 700 32.2835835570206 1
91 1000 26.7079938167798 1
92 0 96.1144811187476 1
92 200 73.289664094335 1
92 400 66.2124074609156 1
92 500 40.4879499053521 1
92 700 43.1376973267108 1
92 1000 30.4196750255973 1
93 0 113.432322995984 1
93 200 96.3516436378405 1
93 400 41.3305732156165 1
93 500 54.9660505186158 1
93 700 41.3700728970516 1
93 1000 42.3514530185522 1
94 0 67.2900759552087 1
94 200 62.6175809903005 1
94 400 50.808880943373 1
94 500 31.5175806077949 1
94 700 36.9672421755506 1
94 1000 34.9129104672977 1
95 0 74.0875489663063 1
95 200 93.6986882213665 1
95 400 79.9193613284966 1
95 500 60.0431439745147 1
95 700 58.4618997425199 1
95 1000 33.8002887455977 1
96 0 98.6092793385191 1
96 200 54.3722213963393 1
96 400 66.3299910235288 1
96 500 44.8766934607157 1
96 700 40.1668527396992 1
96 1000 26.08984639237 1
97 0 106.726464723252 1
97 200 91.1831393981464 1
97 400 45.8201194189289 1
97 500 40.2191457596158 1
97 700 23.4280822813051 1
97 1000 25.3381976761234 1
98 0 108.645081365266 1
98 200 83.5594348442361 1
98 400 52.7437201140586 1
98 500 42.0643222874501 1
98 700 42.5697123691379 1
98 1000 33.7155536726021 1
99 0 81.8589614925576 1
99 200 88.0984886306006 1
99 400 76.1494445008268 1
99 500 62.4488212789483 1
99 700 53.4611488933857 1
99 1000 52.2811203363757 1
100 0 52.7062509832508 1
100 200 86.256358043268 1
100 400 74.3564611409128 1
100 500 51.763269661739 1
100 700 43.880373903376 1
100 1000 53.5992108506528 1
