id dose eff group
1 0 134.714616969358 0
1 200 90.2649902459763 0
1 400 55.1739157632927 0
1 500 45.3169355060387 0
1 700 52.4511649099954 0
1 1000 39.3770918959147 0
2 0 83.6802859428875 0
2 200 77.8903342049293 0
2 400 47.0000234220001 0
2 500 69.7333591387248 0
2 700 59.2930251260979 0
2 1000 44.7289452933655 0
3 0 97.3304681673645 0
3 200 102.095459758745 0
3 400 73.7048368804532 0
3 500 76.3349754277959 0
3 700 38.5331224167501 0
3 1000 48.2054346786407 0
4 0 124.060270582386 0
4 200 128.506570875801 0
4 400 90.7628896823557 0
4 500 59.2227902320452 0
4 700 43.2307956579358 0
4 1000 37.012812298189 0
5 0 101.9644716746 0
5 200 90.1583662437011 0
5 400 68.9634380850749 0
5 500 52.7917052646835 0
5 700 50.0231379438572 0
5 1000 54.6457568615184 0
6 0 155.990955313123 0
6 200 93.2284334821678 0
6 400 79.4091444469976 0
6 500 58.4190786301795 0
6 700 58.9743648332393 0
6 1000 50.1733262611938 0
7 0 129.932428179249 0
7 200 69.8595960413353 0
7 400 68.651198930179 0
7 500 28.1005337712313 0
7 700 65.5360081154013 0
7 1000 32.6183723360903 0
8 0 106.278253000138 0
8 200 109.153992347577 0
8 400 77.6003418313022 0
8 500 59.2265798427819 0
8 700 29.3474703452602 0
8 1000 43.2515080429125 0
9 0 125.337345575247 0
9 200 71.0585620076173 0
9 400 78.5742551168622 0
9 500 54.4213392554888 0
9 700 61.4750141144 0
9 1000 42.3037965857969 0
10 0 149.967371005043 0
10 200 114.384100668086 0
10 400 105.220864005334 0
10 500 89.4503576808832 0
10 700 74.0938976730345 0
10 1000 61.5157577684428 0
11 0 89.4825868107819 0
11 200 76.5760746475067 0
11 400 78.4926692593413 0
11 500 73.5212739918125 0
11 700 60.5372439272354 0
11 1000 40.8606417393083 0
12 0 92.3098770707556 0
12 200 66.7694423370063 0
12 400 49.4375116411655 0
12 500 45.5930179047787 0
12 700 27.1295120649261 0
12 1000 18.4894842352891 0
13 0 112.231563393216 0
13 200 86.0447257544766 0
13 400 56.5872428118996 0
13 500 69.0042797376404 0
13 700 53.6773660123028 0
13 1000 39.3105516231794 0
14 0 95.1677415439674 0
14 200 76.5814023311504 0
14 400 80.2100581712258 0
14 500 61.7279801528364 0
14 700 62.6510480239066 0
14 1000 46.5455325282771 0
15 0 115.9794213985 0
15 200 102.157298174741 0
15 400 88.4356462312061 0
15 500 80.077880732994 0
15 700 76.8644138298362 0
15 1000 55.2932985880789 0
16 0 144.932010415134 0
16 200 78.7678521915603 0
16 400 75.36282666131 0
16 500 88.7426910321053 0
16 700 50.7174693171428 0
16 1000 54.1866207885842 0
17 0 73.0916523680368 0
17 200 63.1510761304697 0
17 400 92.7748475994242 0
17 500 91.5167343997682 0
17 700 54.3320489048803 0
17 1000 42.941024261183 0
18 0 98.4531083881715 0
18 200 91.1075543593353 0
18 400 96.9305676056954 0
18 500 59.6203490338523 0
18 700 53.5362919583268 0
18 1000 65.9540392267879 0
19 0 66.7150291699821 0
19 200 100.657650698539 0
19 400 91.145798202564 0
19 500 61.0307901543392 0
19 700 49.7592337873736 0
19 1000 35.1996457475557 0
20 0 133.223393076006 0
20 200 136.546394940972 0
20 400 69.1091128735394 0
20 500 64.3640985655961 0
20 700 64.3899252499174 0
20 1000 51.8269372017809 0
21 0 92.9743648101949 0
21 200 66.6802633226547 0
21 400 64.5319163441597 0
21 500 38.326132697584 0
21 700 34.6624029062749 0
21 1000 36.5525338096226 0
22 0 84.1587991861717 0
22 200 69.41907692546 0
22 400 58.6594415619658 0
22 500 69.3113253320067 0
22 700 48.6628980578052 0
22 1000 41.0292311513343 0
23 0 132.273660199472 0
23 200 110.181690294347 0
23 400 68.1404761757747 0
23 500 64.8603502797349 0
23 700 77.1450423021151 0
23 1000 38.5310534906713 0
24 0 79.9775659282628 0
24 200 81.2524689136943 0
24 400 73.7297762731104 0
24 500 59.6992231260861 0
24 700 50.7320404699728 0
24 1000 38.3590349435295 0
25 0 125.457384267517 0
25 200 114.972403752938 0
25 400 80.5287325084373 0
25 500 60.2424401446967 0
25 700 79.3275175737655 0
25 1000 57.3806274446116 0
26 0 89.6879544132468 0
26 200 125.128685515821 0
26 400 104.985113188386 0
26 500 84.3471431322178 0
26 700 57.6425119625396 0
26 1000 35.8655919314617 0
27 0 138.09973897018 0
27 200 87.9548956161896 0
27 400 76.329772270742 0
27 500 94.1768277986277 0
27 700 55.9740651821636 0
27 1000 37.2979192507213 0
28 0 88.0051900442427 0
28 200 86.2881349394766 0
28 400 59.7982765576629 0
28 500 42.2049303564257 0
28 700 38.9861946809308 0
28 1000 36.2472704303802 0
29 0 87.0227093720943 0
29 200 86.3327929750916 0
29 400 67.8942473164401 0
29 500 61.3507802949267 0
29 700 45.5024700333299 0
29 1000 33.7828880563634 0
30 0 117.579771947034 0
30 200 103.443409331162 0
30 400 105.628000640466 0
30 500 93.3659443276734 0
30 700 78.527931218283 0
30 1000 94.2061061817278 0
31 0 99.6677598874037 0
31 200 90.2671157921065 0
31 400 92.3996089089334 0
31 500 65.656797101647 0
31 700 67.7834815811249 0
31 1000 40.4431961591085 0
32 0 145.59073979901 0
32 200 104.362867573729 0
32 400 120.076453452696 0
32 500 84.7982044068402 0
32 700 76.0091488180587 0
32 1000 56.7135853366321 0
33 0 122.79837625866 0
33 200 72.4368887476516 0
33 400 48.7758525819989 0
33 500 63.5824329000313 0
33 700 72.8330212113379 0
33 1000 54.4291642679822 0
34 0 133.660026572289 0
34 200 95.8107498933455 0
34 400 57.8350874007615 0
34 500 45.9712455767571 0
34 700 53.6420208733878 0
34 1000 41.9943312277623 0
35 0 72.3853069820616 0
35 200 83.0926949417545 0
35 400 81.053870503692 0
35 500 56.8121937828046 0
35 700 49.4173758458008 0
35 1000 64.7286539686743 0
36 0 90.2105306004169 0
36 200 58.1715929371348 0
36 400 44.9629353366444 0
36 500 47.2141744303123 0
36 700 41.1815679820581 0
36 1000 41.2834449784875 0
37 0 169.728372173311 0
37 200 131.279002405122 0
37 400 77.555098307659 0
37 500 97.161227004261 0
37 700 75.2252309455709 0
37 1000 54.3434447503798 0
38 0 125.123596569694 0
38 200 79.4631215177311 0
38 400 50.6596777424585 0
38 500 82.0879552297016 0
38 700 55.3492511333545 0
38 1000 36.9244977430453 0
39 0 98.2665954345756 0
39 200 81.726848149131 0
39 400 82.8118988173132 0
39 500 56.38405455193 0
39 700 41.8109144446557 0
39 1000 41.0219515048652 0
40 0 120.080821741234 0
40 200 110.187905647888 0
40 400 110.847012967978 0
40 500 109.190286953074 0
40 700 95.7710474240191 0
40 1000 39.3897068212667 0
41 0 81.4577431477192 0
41 200 52.4477895279655 0
41 400 83.940843862462 0
41 500 87.7926277516917 0
41 700 53.2293258343931 0
41 1000 45.2004062207956 0
42 0 78.2302797307417 0
42 200 95.5145325989677 0
42 400 86.341016852283 0
42 500 76.8219090078135 0
42 700 67.494902784932 0
42 1000 48.4768139967544 0
43 0 93.8123121621716 0
43 200 129.688654012011 0
43 400 95.874189813384 0
43 500 64.6526758392557 0
43 700 59.8996473085651 0
43 1000 50.964589759533 0
44 0 102.419474316555 0
44 200 86.0973157062245 0
44 400 49.3903040214346 0
44 500 46.2163168768075 0
44 700 37.6346945811288 0
44 1000 45.569507238041 0
45 0 92.8742292961175 0
45 200 68.9789740302064 0
45 400 56.0936544511083 0
45 500 57.0159220520208 0
45 700 30.3888365139732 0
45 1000 28.560259058918 0
46 0 101.05431380709 0
46 200 49.0775477341822 0
46 400 35.6252188010372 0
46 500 42.1231814990963 0
46 700 54.8993112962517 0
46 1000 52.2402538715737 0
47 0 72.8776499672121 0
47 200 91.7683809889782 0
47 400 74.5788727344101 0
47 500 40.3340716191047 0
47 700 27.1689548684624 0
47 1000 38.774821728865 0
48 0 79.9361400713997 0
48 200 80.3739421938618 0
48 400 73.8086652741354 0
48 500 85.6394276471213 0
48 700 69.4633170195576 0
48 1000 36.5158981227753 0
49 0 89.578838986127 0
49 200 46.042825720402 0
49 400 50.5142134351625 0
49 500 58.6610299358955 0
49 700 60.1971212531704 0
49 1000 49.1191871236014 0
50 0 116.031906640777 0
50 200 93.5241459293866 0
50 400 86.4021835957193 0
50 500 66.7698748512902 0
50 700 46.5614943975118 0
50 1000 64.9361468830694 0
51 0 76.6067535170907 1
51 200 52.0337622194992 1
51 400 51.5205137466408 1
51 500 29.4430332143035 1
51 700 29.1323290351528 1
51 1000 41.1761257549248 1
52 0 78.5987712466729 1
52 200 67.4735885451689 1
52 400 82.9465129281152 1
52 500 44.9692266603927 1
52 700 48.6586413798262 1
52 1000 26.2069785499418 1
53 0 98.6731758256186 1
53 200 118.309814379495 1
53 400 76.095899723531 1
53 500 30.7195353058628 1
53 700 60.3742881292007 1
53 1000 37.7760934243287 1
54 0 59.1352681052804 1
54 200 78.6526920956401 1
54 400 58.9073922061085 1
54 500 52.1363396001305 1
54 700 46.6518874827109 1
54 1000 27.6266942016449 1
55 0 75.989607860541 1
55 200 63.8009552611472 1
55 400 54.6439762974572 1
55 500 35.7855105112972 1
55 700 25.6552630728191 1
55 1000 41.7331066414 1
56 0 152.10298163736 1
56 200 104.949294924691 1
56 400 52.285244490428 1
56 500 55.3535768178545 1
56 700 70.9531583681673 1
56 1000 44.2681759862548 1
57 0 124.762307828654 1
57 200 103.929471445214 1
57 400 42.6389215646367 1
57 500 44.7770806635027 1
57 700 69.0181698947707 1
57 1000 41.6173602609362 1
58 0 116.49031935976 1
58 200 53.2682801662738 1
58 400 52.1555755224493 1
58 500 32.9188571840188 1
58 700 34.0895360757281 1
58 1000 40.092486519939 1
59 0 118.649760015517 1
59 200 104.878904319715 1
59 400 96.9023429477099 1
59 500 39.1183510233267 1
59 700 56.4105135464209 1
59 1000 37.1081714017272 1
60 0 97.4833168493809 1
60 200 61.7338508764301 1
60 400 58.8725657878278 1
60 500 44.9534651990937 1
60 700 43.6818137780952 1
60 1000 27.307146359002 1
61 0 76.1837985858689 1
61 200 79.1206911386797 1
61 400 59.3867831169918 1
61 500 54.0054187328483 1
61 700 37.3854070763118 1
61 1000 26.2523698372667 1
62 0 116.626068368673 1
62 200 70.3753503413328 1
62 400 40.9817834498466 1
62 500 38.6298900589913 1
62 700 23.8724130748469 1
62 1000 32.2044008564933 1
63 0 69.6345581909565 1
63 200 67.8161173185305 1
63 400 31.1933440106845 1
63 500 42.7353277615103 1
63 700 25.3447860037741 1
63 1000 36.2957921207321 1
64 0 95.0588052966955 1
64 200 74.9503377177625 1
64 400 73.7146245353157 1
64 500 51.4548049264186 1
64 700 43.8523624873199 1
64 1000 53.6858068584031 1
65 0 72.4561415638069 1
65 200 65.0492979901632 1
65 400 46.5435832664219 1
65 500 51.3420049617516 1
65 700 29.7971846088426 1
65 1000 28.9716363485921 1
66 0 92.1278473708125 1
66 200 75.4707773484116 1
66 400 61.8216252222413 1
66 500 43.3077139601745 1
66 700 33.2305643179306 1
66 1000 29.6677197478712 1
67 0 77.6851644640901 1
67 200 88.6584217769237 1
67 400 84.5914110532571 1
67 500 48.2348042784102 1
67 700 51.6106350422706 1
67 1000 52.0543248435044 1
68 0 97.678829841431 1
68 200 76.6568157422412 1
68 400 69.0810895954766 1
68 500 43.572179570102 1
68 700 47.606705868054 1
68 1000 28.8507495113744 1
69 0 87.1397839761618 1
69 200 69.1230900981803 1
69 400 50.9235233922689 1
69 500 24.831593302672 1
69 700 35.2726167692713 1
69 1000 34.0062406372376 1
70 0 93.0483020141249 1
70 200 57.7171547998592 1
70 400 79.4656914006778 1
70 500 56.3939784482287 1
70 700 68.4819140691701 1
70 1000 47.3825578869972 1
71 0 99.5205233511492 1
71 200 16.5086616715326 1
71 400 39.6697235708065 1
71 500 47.1650175462599 1
71 700 39.285662543165 1
71 1000 42.577924950776 1
72 0 80.9583883895269 1
72 200 98.0253408814666 1
72 400 57.0112339403087 1
72 500 57.1666271786675 1
72 700 49.7924573742 1
72 1000 38.6725351362961 1
73 0 93.6828050083921 1
73 200 45.1041622337004 1
73 400 42.6254778105876 1
73 500 45.0525877608965 1
73 700 42.4429490477524 1
73 1000 29.1654215760678 1
74 0 102.854569505036 1
74 200 72.2501390727086 1
74 400 66.3727338037162 1
74 500 53.2812609143297 1
74 700 69.7099951738226 1
74 1000 42.7014066301766 1
75 0 115.422959837686 1
75 200 87.8549833224638 1
75 400 59.7336923794107 1
75 500 56.6228438755701 1
75 700 48.475401258771 1
75 1000 56.5163055812843 1
76 0 94.5191304054962 1
76 200 110.73502486538 1
76 400 104.430844370087 1
76 500 87.4422705812859 1
76 700 47.6449240001782 1
76 1000 47.159011592901 1
77 0 75.6084905855181 1
77 200 44.4773543036289 1
77 400 57.1017303670413 1
77 500 49.817362319521 1
77 700 32.2182551357518 1
77 1000 32.1437723402246 1
78 0 82.2152529587034 1
78 200 52.3351809893907 1
78 400 57.4954458412359 1
78 500 73.7229687044747 1
78 700 43.2301444335993 1
78 1000 34.3324933649129 1
79 0 99.8202863320082 1
79 200 79.0466226425458 1
79 400 44.7476210183731 1
79 500 47.492370340575 1
79 700 42.7902392686396 1
79 1000 32.9030264541845 1
80 0 101.838068134558 1
80 200 81.237330205544 1
80 400 30.1608315057353 1
80 500 36.9202688772433 1
80 700 38.9695309855287 1
80 1000 21.0070496672534 1
81 0 98.3867703325531 1
81 200 90.8503997709935 1
81 400 48.6401166169448 1
81 500 55.2181567685071 1
81 700 49.0278061906362 1
81 1000 40.7328130242132 1
82 0 95.1754345331583 1
82 200 62.8772339322823 1
82 400 37.8391556644571 1
82 500 33.0175305736848 1
82 700 30.1515748199089 1
82 1000 30.1733100927765 1
83 0 120.83381261984 1
83 200 97.7993123445326 1
83 400 56.5919780281351 1
83 500 45.1192083942616 1
83 700 33.2163963129312 1
83 1000 52.2965075902075 1
84 0 105.105570927285 1
84 200 97.5144316950298 1
84 400 81.8331162791418 1
84 500 69.6552492657859 1
84 700 53.6889408665905 1
84 1000 42.0814196156253 1
85 0 98.756292892361 1
85 200 97.1342817355706 1
85 400 69.308571011712 1
85 500 49.4530345705834 1
85 700 37.0013862119435 1
85 1000 34.7628776293198 1
86 0 139.074797476403 1
86 200 79.2014203673218 1
86 400 71.1071123483811 1
86 500 39.4989039473259 1
86 700 49.1405596194103 1
86 1000 42.70453793968 1
87 0 127.494801829103 1
87 200 82.51087810908 1
87 400 57.1714248867624 1
87 500 51.2351753805805 1
87 700 54.2548988381913 1
87 1000 48.1470958736102 1
88 0 70.8425064385272 1
88 200 51.9708837007849 1
88 400 50.9273863223292 1
88 500 55.1606052181447 1
88 700 58.2935193114586 1
88 1000 31.1698729601775 1
89 0 97.1084063201941 1
89 200 69.5431112913452 1
89 400 55.5521452025666 1
89 500 63.6902947977849 1
89 700 25.0532467282762 1
89 1000 50.9246131149491 1
90 0 65.5467668194945 1
90 200 118.639796700349 1
90 400 89.5538312822657 1
90 500 56.198237161891 1
90 700 41.6447875282616 1
90 1000 22.744743170964 1
91 0 93.9425217775747 1
91 200 79.8676805935991 1
91 400 43.4088121006337 1
91 500 46.439957555575 1
91 700 28.2697231528443 1
91 1000 21.9124893272044 1
92 0 125.449096266405 1
92 200 101.028115921515 1
92 400 62.6658994418246 1
92 500 41.8175260386937 1
92 700 41.2704098053689 1
92 1000 36.8725406256944 1
93 0 96.0337802713136 1
93 200 75.851760120398 1
93 400 50.4057117010695 1
93 500 44.2083955999761 1
93 700 26.7362055530607 1
93 1000 24.9778538985073 1
94 0 122.073521665829 1
94 200 70.0348686443282 1
94 400 72.8102589692109 1
94 500 44.6819369012423 1
94 700 50.527288673754 1
94 1000 43.8280630379388 1
95 0 99.1529087256704 1
95 200 59.4039761156216 1
95 400 39.3608351547949 1
95 500 39.3500507613695 1
95 700 34.7799223429629 1
95 1000 36.7945495600685 1
96 0 83.60726256825 1
96 200 64.8081362401188 1
96 400 19.1175403917823 1
96 500 28.8832052706885 1
96 700 28.5286446880756 1
96 1000 32.1103652323801 1
97 0 99.7258473786826 1
97 200 79.0548542610088 1
97 400 49.8089988840707 1
97 500 55.8201499850863 1
97 700 41.674261485437 1
97 1000 37.3988791785618 1
98 0 115.871291238924 1
98 200 83.5752827494261 1
98 400 71.0144330365786 1
98 500 61.7815132535969 1
98 700 54.1313567542526 1
98 1000 49.56226808862 1
99 0 98.1617500157854 1
99 200 52.3861565820842 1
99 400 42.5269747659051 1
99 500 44.1757149045473 1
99 700 33.0336648505641 1
99 1000 40.941051265689 1
100 0 101.913607156291 1
100 200 59.4061535721114 1
100 400 72.1792691263349 1
100 500 53.5489667280101 1
100 700 42.2323205106089 1
100 1000 31.3106051806939 1
