id dose eff group
1 0 126.164327913129 0
1 200 54.0914697494534 0
1 400 90.9854556670456 0
1 500 98.5504292172225 0
1 700 54.2302681925196 0
1 1000 47.7787302441981 0
2 0 95.393840379296 0
2 200 78.4898184686793 0
2 400 54.8391964125844 0
2 500 60.414643310645 0
2 700 48.6080493553111 0
2 1000 32.2605375758019 0
3 0 128.560603597876 0
3 200 101.889828298174 0
3 400 65.7211691831637 0
3 500 59.5057145686996 0
3 700 43.7819624384499 0
3 1000 57.5658601910577 0
4 0 123.206550861503 0
4 200 107.854221181734 0
4 400 106.233503197934 0
4 500 85.3369451261173 0
4 700 57.9269438358822 0
4 1000 49.3392926716601 0
5 0 127.969935901882 0
5 200 67.6187145053257 0
5 400 69.020092743529 0
5 500 88.9072992996377 0
5 700 49.8315708429153 0
5 1000 40.5324206413224 0
6 0 123.718380830018 0
6 200 87.994919592552 0
6 400 77.4649753530663 0
6 500 78.7271026032216 0
6 700 73.189337043851 0
6 1000 58.634855293582 0
7 0 106.868615971929 0
7 200 138.175168024624 0
7 400 136.569070536672 0
7 500 70.551873241631 0
7 700 82.9771218178168 0
7 1000 89.2835521073845 0
8 0 63.0383462667208 0
8 200 44.2598280037387 0
8 400 77.4746422386607 0
8 500 49.3653062197827 0
8 700 50.2344471270154 0
8 1000 27.6908323569378 0
9 0 129.075978287031 0
9 200 104.402651236734 0
9 400 87.9459638951624 0
9 500 71.137397453124 0
9 700 61.1943873135482 0
9 1000 33.1149672106211 0
10 0 130.545265515397 0
10 200 78.128234779623 0
10 400 59.7374892334132 0
10 500 64.9345422796342 0
10 700 54.0497880632683 0
10 1000 36.3767592602459 0
11 0 120.724544004466 0
11 200 127.016410311222 0
11 400 107.045290489139 0
11 500 73.259990071102 0
11 700 53.1261864902504 0
11 1000 60.7738425764185 0
12 0 101.099532606766 0
12 200 75.2315162430266 0
12 400 70.6286456018584 0
12 500 61.7435932018946 0
12 700 80.9442000334724 0
12 1000 53.1199739872316 0
13 0 98.9491824171573 0
13 200 53.8180262468207 0
13 400 105.486766720706 0
13 500 64.9523392277573 0
13 700 76.2261113447093 0
13 1000 45.3469918369828 0
14 0 166.363328976137 0
14 200 111.946968575607 0
14 400 62.0850170300289 0
14 500 100.22942170445 0
14 700 68.9596216721774 0
14 1000 34.6212827541629 0
15 0 145.249225823174 0
15 200 66.7146846851933 0
15 400 67.9142317005942 0
15 500 61.2492176661649 0
15 700 55.8335620205336 0
15 1000 45.0641748845959 0
16 0 137.0606016491 0
16 200 81.4074458654311 0
16 400 86.1465638783196 0
16 500 102.158435613996 0
16 700 75.7597236221417 0
16 1000 58.6436434677446 0
17 0 86.1572642005118 0
17 200 65.0839823734817 0
17 400 56.8204531756272 0
17 500 86.7422805840259 0
17 700 60.5848124277763 0
17 1000 47.0942066170352 0
18 0 101.402048046602 0
18 200 85.7735136887214 0
18 400 51.1381903881256 0
18 500 95.9703110608042 0
18 700 75.9186507781816 0
18 1000 64.2292947264697 0
19 0 88.5598222406413 0
19 200 89.0949918511795 0
19 400 60.6081547818099 0
19 500 80.7361760165733 0
19 700 43.4749408987464 0
19 1000 37.4561845282849 0
20 0 94.1262267898384 0
20 200 71.0829460596371 0
20 400 80.1153974998868 0
20 500 58.5716511322463 0
20 700 33.641292269297 0
20 1000 38.7191385729427 0
21 0 65.2862207752309 0
21 200 73.6825591642539 0
21 400 63.1695508303508 0
21 500 45.1615696000575 0
21 700 36.3574108812244 0
21 1000 28.0888154879967 0
22 0 97.2566830103418 0
22 200 77.4145602313765 0
22 400 58.231594120822 0
22 500 50.5515721487551 0
22 700 37.5944301762158 0
22 1000 39.6127226736768 0
23 0 113.04622608924 0
23 200 89.6477336832129 0
23 400 87.2412588296275 0
23 500 60.4523065903894 0
23 700 48.0131033869683 0
23 1000 38.2260433414934 0
24 0 107.236599151919 0
24 200 82.1631370804685 0
24 400 65.7305488488108 0
24 500 75.7765545416464 0
24 700 74.2970415917928 0
24 1000 73.1408422478068 0
25 0 90.874229348545 0
25 200 54.978842547868 0
25 400 43.4500621579283 0
25 500 48.755628008618 0
25 700 34.0189182989598 0
25 1000 38.3565104190963 0
26 0 108.266260317196 0
26 200 94.0651436558039 0
26 400 85.338967594821 0
26 500 63.9143317433581 0
26 700 53.9281468594768 0
26 1000 31.4393177415757 0
27 0 143.631630494123 0
27 200 92.3804520006248 0
27 400 68.2161959060895 0
27 500 45.4374359010824 0
27 700 43.9609423947418 0
27 1000 41.8958352107873 0
28 0 96.2541464739154 0
28 200 73.9409771488262 0
28 400 79.6452285484112 0
28 500 72.2329575988629 0
28 700 64.8091314012836 0
28 1000 48.7692243437654 0
29 0 107.448739659365 0
29 200 91.5301065808116 0
29 400 68.5866894412229 0
29 500 69.9168728890896 0
29 700 64.4689143342343 0
29 1000 51.9848349045027 0
30 0 121.059458093713 0
30 200 123.115058401356 0
30 400 88.2527190295418 0
30 500 94.5046815720576 0
30 700 73.264678572132 0
30 1000 42.9222356937015 0
31 0 108.594532853727 0
31 200 148.566027631288 0
31 400 110.025149547584 0
31 500 103.149438047653 0
31 700 58.4015830224847 0
31 1000 66.5125750496193 0
32 0 87.9529492031002 0
32 200 88.2007071743135 0
32 400 64.0906422509354 0
32 500 57.112943885512 0
32 700 22.272340571226 0
32 1000 30.4593778032248 0
33 0 132.535362663555 0
33 200 138.135780603384 0
33 400 87.3030987148429 0
33 500 60.880310321899 0
33 700 58.238838686513 0
33 1000 52.9521702534223 0
34 0 60.0763452498266 0
34 200 60.701191713508 0
34 400 45.3608755097283 0
34 500 61.3017460215368 0
34 700 27.0942201720765 0
34 1000 36.1820028074254 0
35 0 90.1223777056224 0
35 200 109.968346693523 0
35 400 93.1469491115925 0
35 500 88.2487199262937 0
35 700 64.926917922507 0
35 1000 82.3337306593376 0
36 0 71.7544178419188 0
36 200 66.6588510368312 0
36 400 70.8942950960881 0
36 500 42.5657881085158 0
36 700 27.8663176126465 0
36 1000 29.3613770242318 0
37 0 88.9173266673542 0
37 200 62.0906127514129 0
37 400 61.7277333171348 0
37 500 32.8371033275965 0
37 700 46.5152092965226 0
37 1000 37.6101741948525 0
38 0 86.35654838831 0
38 200 66.8039851177466 0
38 400 53.3153747019127 0
38 500 62.7363759203824 0
38 700 53.0408975951207 0
38 1000 44.9310696322378 0
39 0 100.984352570777 0
39 200 92.9534137394027 0
39 400 41.035285762613 0
39 500 65.6621473023734 0
39 700 56.8766283931726 0
39 1000 40.0591703778348 0
40 0 102.03071596732 0
40 200 100.583832230972 0
40 400 90.3193174620636 0
40 500 76.468640330622 0
40 700 57.5561042687533 0
40 1000 44.4348208123856 0
41 0 98.8421725050899 0
41 200 82.5538253505758 0
41 400 78.8437113192525 0
41 500 62.2469908933094 0
41 700 45.5375377004634 0
41 1000 31.63244053122 0
42 0 89.3518482829693 0
42 200 54.5940115202056 0
42 400 72.8416372259467 0
42 500 67.9438123292612 0
42 700 34.1812419533568 0
42 1000 42.4465197912151 0
43 0 67.682708860632 0
43 200 100.685280170368 0
43 400 76.0207964639008 0
43 500 69.8436298571192 0
43 700 59.9270386916994 0
43 1000 39.1913619082915 0
44 0 94.5512324168384 0
44 200 91.8173102559185 0
44 400 62.6474027490449 0
44 500 88.8243495814908 0
44 700 71.9920845018971 0
44 1000 48.7049325219482 0
45 0 106.946639757033 0
45 200 111.510574988763 0
45 400 67.3270421686698 0
45 500 66.751714036802 0
45 700 72.4002350253309 0
45 1000 39.1863587823194 0
46 0 66.6789213735969 0
46 200 90.1929004732568 0
46 400 65.3598010394099 0
46 500 53.6822543393966 0
46 700 40.2841359488014 0
46 1000 52.7557333922 0
47 0 114.943929785563 0
47 200 85.8026497099397 0
47 400 74.1133612328725 0
47 500 62.9615155075161 0
47 700 54.6067869793959 0
47 1000 30.1241910847775 0
48 0 92.2813611591648 0
48 200 95.7262033186289 0
48 400 98.7413799434719 0
48 500 69.0409721896537 0
48 700 81.148683967538 0
48 1000 45.8547150144406 0
49 0 92.4135177514618 0
49 200 96.695583610876 0
49 400 41.3663985726266 0
49 500 72.9357016711719 0
49 700 44.4582992110323 0
49 1000 46.5765445230278 0
50 0 73.5397193033774 0
50 200 71.1719648393156 0
50 400 57.2269323287393 0
50 500 67.3385061781282 0
50 700 64.1987248630851 0
50 1000 36.7016658031976 0
51 0 88.3743740531118 1
51 200 61.1841285967637 1
51 400 47.1635175549362 1
51 500 38.3872791831366 1
51 700 33.6481652182361 1
51 1000 27.5970440902993 1
52 0 129.589206785516 1
52 200 77.1867005364328 1
52 400 54.5562333874407 1
52 500 42.3239845094863 1
52 700 30.676304276056 1
52 1000 33.9857348474098 1
53 0 113.890970564089 1
53 200 81.3166393405439 1
53 400 82.3789974850021 1
53 500 86.296244313591 1
53 700 43.0738000118869 1
53 1000 51.1250034446351 1
54 0 96.7616128177941 1
54 200 76.4815253093629 1
54 400 45.1654387998208 1
54 500 57.9519609669676 1
54 700 42.9831277863578 1
54 1000 17.502484418712 1
55 0 99.4588341966472 1
55 200 69.1046471282552 1
55 400 35.5205692002496 1
55 500 50.5849919247173 1
55 700 39.8215946385033 1
55 1000 33.6169838021691 1
56 0 92.8541443267078 1
56 200 70.0126349025641 1
56 400 49.365096530312 1
56 500 39.9671461550581 1
56 700 34.9599750107888 1
56 1000 37.0280800926951 1
57 0 105.434727168645 1
57 200 105.36745443675 1
57 400 60.2411816536165 1
57 500 67.2927387607285 1
57 700 67.0922154980304 1
57 1000 54.6524614617571 1
58 0 70.2966258057696 1
58 200 51.9527141415607 1
58 400 36.5513450057523 1
58 500 43.1593191864478 1
58 700 22.8672083598641 1
58 1000 36.2503681116714 1
59 0 99.5647255615277 1
59 200 99.1637215092779 1
59 400 44.0240593620809 1
59 500 79.0230453100114 1
59 700 51.3787070121741 1
59 1000 49.6146471733979 1
60 0 126.648312794841 1
60 200 81.741824643282 1
60 400 81.5741134894081 1
60 500 53.9064106997174 1
60 700 42.0478824363143 1
60 1000 41.7985369560021 1
61 0 148.406040237135 1
61 200 104.616570910949 1
61 400 54.3403467128501 1
61 500 51.4459159865039 1
61 700 37.1700786192614 1
61 1000 62.2567850745301 1
62 0 85.0787410864403 1
62 200 121.964152805491 1
62 400 64.7820580465035 1
62 500 62.8442170855106 1
62 700 42.3367781338807 1
62 1000 31.1386230334907 1
63 0 106.972686211827 1
63 200 77.693191867922 1
63 400 46.2646279500775 1
63 500 37.9236112686148 1
63 700 33.6800332362165 1
63 1000 37.1648260109022 1
64 0 150.673233796444 1
64 200 120.561437485193 1
64 400 65.9547005202826 1
64 500 36.0156169488831 1
64 700 65.744665957945 1
64 1000 41.0079619965231 1
65 0 84.5987806339712 1
65 200 62.9312709895331 1
65 400 65.1797461950445 1
65 500 77.6122215240783 1
65 700 44.3467995880767 1
65 1000 25.5941213246513 1
66 0 87.2259748428367 1
66 200 61.1247013208932 1
66 400 37.0466157199247 1
66 500 33.9710775988275 1
66 700 32.3190983747212 1
66 1000 28.9930558462664 1
67 0 86.3221815329148 1
67 200 85.0548113419753 1
67 400 67.9019112668145 1
67 500 78.0131100358468 1
67 700 69.0532244316065 1
67 1000 39.7345906831235 1
68 0 123.350151265216 1
68 200 132.575209375905 1
68 400 58.6357634556281 1
68 500 73.9908630452974 1
68 700 49.6129192227947 1
68 1000 31.1588771083895 1
69 0 125.569913779659 1
69 200 76.2042756536437 1
69 400 85.3441988740196 1
69 500 81.9915597523352 1
69 700 60.040212113251 1
69 1000 29.4681032523073 1
70 0 97.7346260807952 1
70 200 133.65616773711 1
70 400 66.5008623067241 1
70 500 41.3674192193153 1
70 700 52.6412792329305 1
70 1000 37.1419366517944 1
71 0 81.39293441688 1
71 200 47.8417455747288 1
71 400 58.0736498792687 1
71 500 37.4499320009715 1
71 700 38.057725665358 1
71 1000 37.7093843979609 1
72 0 114.395892868465 1
72 200 92.6766826653418 1
72 400 65.1155883322861 1
72 500 63.1366028671456 1
72 700 31.4210735973734 1
72 1000 41.6527256506393 1
73 0 121.693736121576 1
73 200 84.3863999622312 1
73 400 84.0058587865221 1
73 500 54.7973357391095 1
73 700 40.2794132479228 1
73 1000 34.7962741813686 1
74 0 121.724770344034 1
74 200 79.2986823706796 1
74 400 63.4686432584238 1
74 500 51.8832519909615 1
74 700 46.3130804097447 1
74 1000 35.2769439097337 1
75 0 106.214959740367 1
75 200 78.6819686609107 1
75 400 58.0763031601123 1
75 500 43.3582708885405 1
75 700 37.043003501449 1
75 1000 33.1941054430438 1
76 0 124.186348367752 1
76 200 77.294164798637 1
76 400 42.5583062312304 1
76 500 44.904544392201 1
76 700 37.6931338860361 1
76 1000 43.7628725304582 1
77 0 132.574946801733 1
77 200 80.2151379562649 1
77 400 60.901141849537 1
77 500 60.5473205457992 1
77 700 52.3677566035978 1
77 1000 57.2697165850886 1
78 0 89.904315512892 1
78 200 65.6733990352746 1
78 400 42.0744411861097 1
78 500 23.1938378081246 1
78 700 34.4114032534082 1
78 1000 42.512229672289 1
79 0 84.5054632346441 1
79 200 89.4102669222357 1
79 400 55.0147081120861 1
79 500 56.3605554076624 1
79 700 40.0325550640105 1
79 1000 46.0190367164937 1
80 0 119.50636964908 1
80 200 70.2725975865378 1
80 400 52.1505231830843 1
80 500 55.0048922948697 1
80 700 40.0210798637031 1
80 1000 35.260824044727 1
81 0 118.696664592608 1
81 200 93.466687548245 1
81 400 77.4815523643581 1
81 500 86.5710769094867 1
81 700 46.0991703819216 1
81 1000 34.7852763613158 1
82 0 51.8448670726475 1
82 200 105.064319232605 1
82 400 58.8354618060658 1
82 500 79.3754724831136 1
82 700 72.7537522104759 1
82 1000 42.7188259246336 1
83 0 164.101743682228 1
83 200 74.8126087193614 1
83 400 48.2178167224374 1
83 500 53.5377398343417 1
83 700 30.9030601550952 1
83 1000 51.1473006351698 1
84 0 99.756900057757 1
84 200 78.997383657605 1
84 400 77.5076031650942 1
84 500 60.4469582711656 1
84 700 50.621562521572 1
84 1000 45.5870861695615 1
85 0 152.541066959117 1
85 200 65.3112214012116 1
85 400 70.7015304987897 1
85 500 45.4132027694225 1
85 700 50.8712023527494 1
85 1000 33.9550479196695 1
86 0 114.555356286661 1
86 200 77.9101288568759 1
86 400 56.8052685498608 1
86 500 38.9204450550723 1
86 700 52.0203619022145 1
86 1000 30.9314580692783 1
87 0 119.446350573249 1
87 200 96.4678398889036 1
87 400 65.4904397370585 1
87 500 47.781749863622 1
87 700 51.2501531154993 1
87 1000 33.7780215475218 1
88 0 50.4986101315753 1
88 200 69.8058903422624 1
88 400 68.0509339808824 1
88 500 46.8601824196999 1
88 700 31.1072793467282 1
88 1000 36.4530712227687 1
89 0 81.2208580474436 1
89 200 46.4693554351576 1
89 400 63.9452656213204 1
89 500 53.1338179152956 1
89 700 38.467898372683 1
89 1000 35.1308472717551 1
90 0 72.4774069354381 1
90 200 95.6954185550212 1
90 400 38.9420589415535 1
90 500 64.486616908341 1
90 700 48.9818696462344 1
90 1000 39.0688163151118 1
91 0 134.725532317907 1
91 200 71.0539771644251 1
91 400 60.7067822154696 1
91 500 53.347304299882 1
91 700 48.613946770835 1
91 1000 44.0581336865179 1
92 0 131.310199599318 1
92 200 77.5241987649337 1
92 400 36.834624364135 1
92 500 39.3016353732165 1
92 700 23.8230358686789 1
92 1000 34.4972790878511 1
93 0 80.6706635394627 1
93 200 63.5767048372935 1
93 400 55.4268185118502 1
93 500 49.3918489915327 1
93 700 35.5897939514651 1
93 1000 35.1519613048511 1
94 0 84.3367477589021 1
94 200 68.8984435560297 1
94 400 31.8980787040755 1
94 500 57.1453944846644 1
94 700 37.8873564209393 1
94 1000 53.1795160325715 1
95 0 67.017473280199 1
95 200 41.6100557927685 1
95 400 38.3280256250387 1
95 500 59.0181243720753 1
95 700 37.222878394567 1
95 1000 30.6992105987481 1
96 0 115.761371453343 1
96 200 71.7538934784167 1
96 400 70.5793402673184 1
96 500 56.4270107412665 1
96 700 45.3486686859943 1
96 1000 44.2606382906814 1
97 0 122.902284955743 1
97 200 100.642521483559 1
97 400 52.2939862857431 1
97 500 48.1277854523462 1
97 700 52.4526381181576 1
97 1000 38.0301913331302 1
98 0 83.2197867213412 1
98 200 62.5266181977041 1
98 400 35.0431524263516 1
98 500 22.3686428937518 1
98 700 40.4133857935388 1
98 1000 39.7720927439199 1
99 0 81.1075736735966 1
99 200 82.2329460750009 1
99 400 81.5424277764856 1
99 500 61.7537603498667 1
99 700 53.2730496878487 1
99 1000 38.1353837010157 1
100 0 109.775477830969 1
100 200 58.7361956721401 1
100 400 71.2522734964316 1
100 500 41.4674514426778 1
100 700 34.441942531023 1
100 1000 30.5493748908611 1
