id dose eff group
1 0 109.918766706853 0
1 200 80.8693765921516 0
1 400 93.0179843610354 0
1 500 61.7868935902819 0
1 700 39.082035776631 0
1 1000 21.953784220164 0
2 0 81.2000243571865 0
2 200 93.5515122963419 0
2 400 64.2088965465541 0
2 500 65.088842332724 0
2 700 55.6722411052419 0
2 1000 36.2971458244799 0
3 0 91.4018883276386 0
3 200 79.2986829912781 0
3 400 60.1699490914891 0
3 500 49.0088730999249 0
3 700 44.0579440579368 0
3 1000 32.8703729453147 0
4 0 89.1320709656614 0
4 200 113.964046095644 0
4 400 55.5729650903423 0
4 500 74.7592039006113 0
4 700 59.0724470055136 0
4 1000 34.9283871462273 0
5 0 66.8989737095767 0
5 200 71.8319380455406 0
5 400 49.1068486883436 0
5 500 31.5137825858942 0
5 700 27.3287432363526 0
5 1000 46.2172721071932 0
6 0 117.594334881196 0
6 200 103.61180601843 0
6 400 95.8644895773691 0
6 500 100.97998709534 0
6 700 74.6461874933298 0
6 1000 71.8737883762215 0
7 0 70.0792097070188 0
7 200 73.6986291678812 0
7 400 48.6768487902527 0
7 500 66.4219299428149 0
7 700 47.9185601530416 0
7 1000 42.9241042941926 0
8 0 114.067956831826 0
8 200 70.2285935751205 0
8 400 47.8583720861608 0
8 500 41.948538570336 0
8 700 34.7566091253991 0
8 1000 33.7198090490393 0
9 0 97.4645367383688 0
9 200 77.072076453375 0
9 400 68.7630650886584 0
9 500 69.7578861271788 0
9 700 59.8826630331473 0
9 1000 26.4725302311047 0
10 0 115.724379899488 0
10 200 102.047268458483 0
10 400 53.9057788211289 0
10 500 63.8154875858849 0
10 700 52.3763896965479 0
10 1000 63.4149178509152 0
11 0 106.148890532374 0
11 200 83.7833570229662 0
11 400 112.307629260512 0
11 500 44.7100972396556 0
11 700 52.0678594750974 0
11 1000 57.1275240218915 0
12 0 84.2688116966158 0
12 200 78.6312589940222 0
12 400 77.562533467505 0
12 500 52.4072344136186 0
12 700 90.1306000763558 0
12 1000 36.157165485527 0
13 0 89.2762977896889 0
13 200 59.945472360165 0
13 400 58.4260280414559 0
13 500 88.7328707045601 0
13 700 41.972893202344 0
13 1000 41.3920435153394 0
14 0 136.266194203582 0
14 200 93.8373275162353 0
14 400 66.2408623352195 0
14 500 71.6456745984362 0
14 700 59.1595263433978 0
14 1000 49.2981081618008 0
15 0 112.625411858702 0
15 200 95.2275877064102 0
15 400 97.8035119638558 0
15 500 63.239314345764 0
15 700 47.604547488251 0
15 1000 43.1526400771985 0
16 0 109.337186284783 0
16 200 113.525141968691 0
16 400 99.216128295109 0
16 500 68.979201092442 0
16 700 78.3753750332241 0
16 1000 85.991174549492 0
17 0 97.1909372423536 0
17 200 98.4610712533889 0
17 400 55.7834709054532 0
17 500 91.2881482742892 0
17 700 70.1792065823231 0
17 1000 52.3280567155049 0
18 0 70.6407539484454 0
18 200 87.6945832707679 0
18 400 75.5087899873072 0
18 500 43.2295775011841 0
18 700 43.5907433704624 0
18 1000 25.5275332420704 0
19 0 97.0498708249669 0
19 200 109.549624329558 0
19 400 55.4916644641935 0
19 500 57.3977551644513 0
19 700 57.6482092143169 0
19 1000 31.2160869738784 0
20 0 126.321286386632 0
20 200 81.7774275652963 0
20 400 42.2295779783757 0
20 500 32.4246827719583 0
20 700 39.5774380171291 0
20 1000 35.2341085902058 0
21 0 115.408477664801 0
21 200 80.1121755060867 0
21 400 64.7982363552391 0
21 500 61.2762205972543 0
21 700 29.4046379158343 0
21 1000 26.7198915524805 0
22 0 120.329689430103 0
22 200 68.0987478937299 0
22 400 82.1456486742531 0
22 500 64.9739611772534 0
22 700 43.6834531676873 0
22 1000 34.4245500572799 0
23 0 90.8249474848896 0
23 200 155.39912114335 0
23 400 74.9220427161159 0
23 500 55.7820073681929 0
23 700 70.4338915504902 0
23 1000 39.9425103800812 0
24 0 120.838114423454 0
24 200 69.144668481769 0
24 400 63.145328520335 0
24 500 85.9274929586219 0
24 700 54.9545039865127 0
24 1000 30.3473962991966 0
25 0 86.0088677109155 0
25 200 87.9795062077056 0
25 400 66.8162623882158 0
25 500 68.2623772478559 0
25 700 62.2753869257704 0
25 1000 51.3272563641366 0
26 0 134.625304973544 0
26 200 121.945588537046 0
26 400 91.3838006879752 0
26 500 75.0341685930811 0
26 700 67.6211345184288 0
26 1000 57.2164658198911 0
27 0 92.9294570907307 0
27 200 83.6903971743276 0
27 400 72.8333397012245 0
27 500 75.3629869799302 0
27 700 48.2260990588448 0
27 1000 38.3634654561993 0
28 0 91.0906811898019 0
28 200 90.9333477160391 0
28 400 79.8177320969946 0
28 500 74.5487604099836 0
28 700 50.9989171757528 0
28 1000 38.601663191736 0
29 0 104.864753065394 0
29 200 85.1928133868437 0
29 400 54.1335018963084 0
29 500 45.6642631140799 0
29 700 35.1025455954916 0
29 1000 40.5804535659957 0
30 0 129.634123809835 0
30 200 109.371167097881 0
30 400 98.3335005762844 0
30 500 55.4950526790687 0
30 700 77.1764796540386 0
30 1000 33.2216359110164 0
31 0 82.5038963141149 0
31 200 107.826783416715 0
31 400 83.7699125180967 0
31 500 61.8092890785476 0
31 700 39.9684400950825 0
31 1000 49.8130578100886 0
32 0 99.6027806710159 0
32 200 70.8690390935865 0
32 400 63.1907689859299 0
32 500 80.9028632866681 0
32 700 71.6298064165038 0
32 1000 57.6339633930332 0
33 0 122.675227563458 0
33 200 118.338287110466 0
33 400 51.1774306327162 0
33 500 46.9769277700807 0
33 700 34.4591499180745 0
33 1000 50.3449370811348 0
34 0 175.280090324537 0
34 200 102.285139836257 0
34 400 100.267761460977 0
34 500 81.6865387023848 0
34 700 50.6190618365528 0
34 1000 71.0082633284851 0
35 0 123.091022798544 0
35 200 105.220586695124 0
35 400 81.7563294478063 0
35 500 66.5458438653088 0
35 700 57.8523029765249 0
35 1000 50.0817009325201 0
36 0 63.6034322624254 0
36 200 101.521474666395 0
36 400 78.4627213401195 0
36 500 66.7014056513759 0
36 700 49.3407878856456 0
36 1000 43.5022966510014 0
37 0 63.1143127223122 0
37 200 91.7678119401738 0
37 400 70.8144473773899 0
37 500 49.382853840122 0
37 700 49.3788314438662 0
37 1000 40.4039868231021 0
38 0 95.8366749220899 0
38 200 94.7715069858919 0
38 400 69.1940161138894 0
38 500 59.9976054183551 0
38 700 56.1858339507738 0
38 1000 34.623126053687 0
39 0 115.731419151087 0
39 200 122.15007313284 0
39 400 91.5322971366686 0
39 500 61.5974971615031 0
39 700 31.822031572804 0
39 1000 62.5454081589226 0
40 0 100.291382625319 0
40 200 79.3308359725235 0
40 400 118.312583702269 0
40 500 72.367289179549 0
40 700 80.5904995382398 0
40 1000 46.4235061034914 0
41 0 66.6870286344697 0
41 200 109.809480796133 0
41 400 32.5211301720429 0
41 500 70.6723821421345 0
41 700 50.9021644778715 0
41 1000 50.7090604529049 0
42 0 98.8834110367541 0
42 200 80.8068627955989 0
42 400 54.2732554931797 0
42 500 66.5609396408758 0
42 700 51.069084635662 0
42 1000 54.7514120824379 0
43 0 101.898953713631 0
43 200 90.4429620582198 0
43 400 63.4768310263249 0
43 500 56.8489261795368 0
43 700 27.6624859706346 0
43 1000 47.0570144971298 0
44 0 94.2524828170936 0
44 200 109.863847128927 0
44 400 100.486773121506 0
44 500 96.0446456924077 0
44 700 58.6414204384551 0
44 1000 61.1262856887926 0
45 0 111.122139376637 0
45 200 112.51681123608 0
45 400 67.0395162458871 0
45 500 40.9009634625935 0
45 700 52.258962148211 0
45 1000 43.2104158312629 0
46 0 113.557960660212 0
46 200 112.720328875121 0
46 400 64.6754413345208 0
46 500 77.9220314661511 0
46 700 77.2631217788357 0
46 1000 39.1868284719689 0
47 0 104.167845698896 0
47 200 102.786809929508 0
47 400 88.3596454104372 0
47 500 76.4811756277297 0
47 700 66.7403653174414 0
47 1000 61.7402987808423 0
48 0 82.5493408254535 0
48 200 97.2279690571469 0
48 400 110.566429598255 0
48 500 85.6023583582163 0
48 700 45.6139169460536 0
48 1000 52.0286809325131 0
49 0 85.3449297639741 0
49 200 106.759655327364 0
49 400 53.1946098557787 0
49 500 69.4095888747259 0
49 700 59.7549839522024 0
49 1000 52.6219245261864 0
50 0 106.948696326528 0
50 200 118.133800802304 0
50 400 79.442042370354 0
50 500 66.6815633538343 0
50 700 65.4973994198491 0
50 1000 40.8318140833208 0
51 0 50.7544813871998 1
51 200 80.4509842733061 1
51 400 61.9341985442885 1
51 500 54.1864451266344 1
51 700 40.7495900430784 1
51 1000 30.1123553249681 1
52 0 116.512904481649 1
52 200 68.8171870779843 1
52 400 37.7736669014663 1
52 500 33.8383452446598 1
52 700 56.0418681985377 1
52 1000 28.9394786590337 1
53 0 98.7147912665845 1
53 200 82.6838592563742 1
53 400 53.7607481753147 1
53 500 70.2235839431322 1
53 700 52.1106747728836 1
53 1000 33.543002972763 1
54 0 89.1231123565882 1
54 200 61.1183071060581 1
54 400 55.3318315890667 1
54 500 56.4535052326175 1
54 700 46.2551329010819 1
54 1000 35.9853077930576 1
55 0 102.818213901269 1
55 200 87.6826560310099 1
55 400 57.9652476846629 1
55 500 47.2880989639897 1
55 700 39.9800760602534 1
55 1000 24.1468747321823 1
56 0 78.5078755792288 1
56 200 74.3940186366662 1
56 400 55.1085293364015 1
56 500 47.8902644291281 1
56 700 59.887744143238 1
56 1000 33.4614880449507 1
57 0 98.7820657812967 1
57 200 74.4343027299104 1
57 400 57.4498837184111 1
57 500 56.7163823800372 1
57 700 51.6856377994577 1
57 1000 29.9112791723355 1
58 0 99.8592070976627 1
58 200 53.6391887360976 1
58 400 76.3469633794941 1
58 500 55.7080812765154 1
58 700 55.584878623678 1
58 1000 40.4307496264467 1
59 0 82.8479876644887 1
59 200 100.918854713763 1
59 400 56.0437520439911 1
59 500 54.6423943609628 1
59 700 39.8964598791146 1
59 1000 35.6740666390077 1
60 0 80.4736324231843 1
60 200 74.1844521810632 1
60 400 53.6499964352579 1
60 500 43.5869324384075 1
60 700 27.8575224568267 1
60 1000 31.6615699447474 1
61 0 81.391151291763 1
61 200 82.3386077508207 1
61 400 66.0652043758652 1
61 500 48.3259613745834 1
61 700 35.1398153583112 1
61 1000 54.7661842551527 1
62 0 119.460451087906 1
62 200 55.6349238064927 1
62 400 55.692765931237 1
62 500 70.9549786883335 1
62 700 48.8451451841633 1
62 1000 29.3625421382275 1
63 0 65.5098674750837 1
63 200 84.942358079077 1
63 400 57.1464006291757 1
63 500 45.9600712380483 1
63 700 33.5708460272497 1
63 1000 40.2622531718186 1
64 0 92.4248177975946 1
64 200 51.6331427290392 1
64 400 54.8696961744145 1
64 500 38.5722577108192 1
64 700 36.2052161987144 1
64 1000 39.3610354220109 1
65 0 77.2751584291512 1
65 200 68.9969102973713 1
65 400 50.7776509662548 1
65 500 33.2507880171999 1
65 700 34.7264241342372 1
65 1000 39.5705483680651 1
66 0 67.9840673278016 1
66 200 122.093123482737 1
66 400 76.7479452915502 1
66 500 56.6788651869514 1
66 700 33.640534735267 1
66 1000 40.3715320341399 1
67 0 98.2728806002421 1
67 200 61.6988100383431 1
67 400 73.8524071747673 1
67 500 37.7545326829549 1
67 700 32.136398834519 1
67 1000 29.826406218123 1
68 0 85.0457073931071 1
68 200 76.9694989485892 1
68 400 66.3552003899911 1
68 500 63.8571077510334 1
68 700 47.2572633408598 1
68 1000 54.1568182243799 1
69 0 86.2241996813734 1
69 200 55.8851903543746 1
69 400 56.0524575019857 1
69 500 49.0848873670495 1
69 700 26.0616310472065 1
69 1000 25.2851677317868 1
70 0 71.8654821861077 1
70 200 74.875415185679 1
70 400 51.7426235232159 1
70 500 29.8667028556941 1
70 700 44.1638535626369 1
70 1000 26.7596190589212 1
71 0 84.4377289554097 1
71 200 78.0184424127716 1
71 400 115.220911551917 1
71 500 85.2668417539377 1
71 700 63.7117701893158 1
71 1000 49.6929774284786 1
72 0 107.749750713915 1
72 200 75.3684121323874 1
72 400 34.0732505607681 1
72 500 51.3102027813346 1
72 700 34.5632991356093 1
72 1000 42.513183505528 1
73 0 76.4415538326826 1
73 200 57.1767344641788 1
73 400 27.57359984955 1
73 500 24.2676582624966 1
73 700 25.8181717326819 1
73 1000 30.6174509951148 1
74 0 96.4332590159628 1
74 200 57.7714722557378 1
74 400 33.9520542616808 1
74 500 34.20019769827 1
74 700 31.9334636140292 1
74 1000 39.1036104260274 1
75 0 108.053596286344 1
75 200 74.9955394599836 1
75 400 56.4106609333335 1
75 500 45.0460513712845 1
75 700 17.5772326197337 1
75 1000 27.1812846386091 1
76 0 99.8268847118897 1
76 200 73.6424177228628 1
76 400 48.8526580160042 1
76 500 58.4859276939173 1
76 700 42.362601123257 1
76 1000 41.3268639177639 1
77 0 113.088882992212 1
77 200 71.2090988345712 1
77 400 68.76145919765 1
77 500 49.8771073787398 1
77 700 41.8083920884279 1
77 1000 32.79862264996 1
78 0 104.456575344781 1
78 200 41.2504404722396 1
78 400 39.4041505123163 1
78 500 44.2343522371568 1
78 700 48.4796556588188 1
78 1000 27.4303761350036 1
79 0 136.761810352925 1
79 200 67.8792003688125 1
79 400 55.3198370522442 1
79 500 52.5033311709515 1
79 700 53.3594075345158 1
79 1000 40.3941245472686 1
80 0 69.6210850076427 1
80 200 79.3034971907104 1
80 400 74.7022513627117 1
80 500 49.1448788455656 1
80 700 58.7298476842186 1
80 1000 47.5926615768802 1
81 0 110.023214491259 1
81 200 57.3419578318161 1
81 400 38.2032801593519 1
81 500 54.4882529381169 1
81 700 27.5240405047761 1
81 1000 27.0670323371021 1
82 0 113.571257199719 1
82 200 52.2056900039282 1
82 400 70.2232669979588 1
82 500 54.9465132129968 1
82 700 48.7218761173833 1
82 1000 46.6158335914615 1
83 0 81.991693351104 1
83 200 93.2602230840435 1
83 400 85.5456935681141 1
83 500 54.9403059211426 1
83 700 39.9257548040945 1
83 1000 30.670079490141 1
84 0 59.7829318739456 1
84 200 48.7310237672692 1
84 400 43.0944754377151 1
84 500 42.4294350663485 1
84 700 28.6417719808597 1
84 1000 42.2619955389293 1
85 0 48.6648163969929 1
85 200 37.5902033571281 1
85 400 26.3922541800987 1
85 500 32.5021325987889 1
85 700 18.7771567885779 1
85 1000 23.3724969471839 1
86 0 142.792502825037 1
86 200 84.7508583062197 1
86 400 41.3798774991355 1
86 500 34.0279138602599 1
86 700 35.2272510178062 1
86 1000 36.3228162559499 1
87 0 125.962615883211 1
87 200 113.345444719666 1
87 400 115.250090704906 1
87 500 75.4517345713262 1
87 700 57.4825584635136 1
87 1000 45.6438277675269 1
88 0 123.465164690276 1
88 200 84.4240947364845 1
88 400 40.9041613931767 1
88 500 43.810358811868 1
88 700 35.0966722720079 1
88 1000 34.9453500332417 1
89 0 69.6462417124784 1
89 200 47.4585368279796 1
89 400 52.2919659242301 1
89 500 39.025180970509 1
89 700 32.0265044107451 1
89 1000 33.7518942656688 1
90 0 101.404902691482 1
90 200 46.0748513186863 1
90 400 43.7700773904504 1
90 500 37.7170391204691 1
90 700 38.9456211020901 1
90 1000 30.652826974149 1
91 0 153.884912797104 1
91 200 66.9456268682825 1
91 400 52.4610558480655 1
91 500 39.3292913635405 1
91 700 33.8611429637104 1
91 1000 28.507313666392 1
92 0 78.4162890366042 1
92 200 59.7072536182497 1
92 400 36.5062423767742 1
92 500 55.5757128691531 1
92 700 26.4117217030747 1
92 1000 21.4358259815079 1
93 0 119.083464809526 1
93 200 79.1350678022584 1
93 400 68.2200405520358 1
93 500 68.71348939274 1
93 700 52.2078941474316 1
93 1000 53.5722412848586 1
94 0 92.2011158168185 1
94 200 71.831529530542 1
94 400 30.6497011397245 1
94 500 33.8966664948059 1
94 700 29.6709096916447 1
94 1000 22.7066669826347 1
95 0 58.2877167130203 1
95 200 59.52981044095 1
95 400 55.356637626247 1
95 500 49.7577432528498 1
95 700 37.6354765818901 1
95 1000 43.3103861511091 1
96 0 57.3254065790696 1
96 200 59.8435398365801 1
96 400 44.0702137413467 1
96 500 38.860009244923 1
96 700 39.7375643233436 1
96 1000 28.201960931978 1
97 0 90.2780553001333 1
97 200 57.8459408717049 1
97 400 54.334560473354 1
97 500 37.3408524095451 1
97 700 45.1154092831597 1
97 1000 38.5410350893282 1
98 0 59.4468030731358 1
98 200 73.5793545983495 1
98 400 42.8315616892441 1
98 500 35.2313427555629 1
98 700 38.0417972464503 1
98 1000 37.6820950453088 1
99 0 100.401552336522 1
99 200 64.4867030293317 1
99 400 58.9614009909877 1
99 500 64.2189727607854 1
99 700 46.4195038174984 1
99 1000 46.2003598598277 1
100 0 86.5831500392062 1
100 200 73.3615210168187 1
100 400 62.6180406363913 1
100 500 50.3627645129824 1
100 700 37.0592997995195 1
100 1000 27.9737417489769 1
