id dose eff group
1 0 101.631106967412 0
1 200 112.72299071662 0
1 400 58.6303521640019 0
1 500 90.6120882486216 0
1 700 43.3721791903507 0
1 1000 48.7430845332918 0
2 0 114.286018307098 0
2 200 101.068849149666 0
2 400 79.0985807355159 0
2 500 61.9158402663091 0
2 700 56.6215369382384 0
2 1000 42.0656217077879 0
3 0 78.2438728183507 0
3 200 79.8157573096123 0
3 400 56.6820693327045 0
3 500 41.7491432795854 0
3 700 52.1050021786243 0
3 1000 25.427249807267 0
4 0 102.296544041427 0
4 200 72.0890165638369 0
4 400 55.7645404033559 0
4 500 51.158741389647 0
4 700 77.0093032511577 0
4 1000 53.6518570800572 0
5 0 102.623311793121 0
5 200 94.1306291279407 0
5 400 96.4918887155863 0
5 500 61.627713671069 0
5 700 63.7268982830777 0
5 1000 71.4254843520172 0
6 0 91.1330119761935 0
6 200 95.3274246098679 0
6 400 82.3853692925975 0
6 500 67.6307796244172 0
6 700 65.8194523613278 0
6 1000 64.627956244121 0
7 0 80.436449925501 0
7 200 88.7336584356464 0
7 400 35.1678918941223 0
7 500 41.9770981183148 0
7 700 33.7915965865659 0
7 1000 30.9972634744369 0
8 0 102.924276739241 0
8 200 92.9458257997463 0
8 400 64.2451407581233 0
8 500 38.5018831219538 0
8 700 39.9307499297287 0
8 1000 45.9216911923287 0
9 0 128.238172244251 0
9 200 103.598734415704 0
9 400 43.6726395486009 0
9 500 65.15950175497 0
9 700 62.0857966960194 0
9 1000 62.9656316343944 0
10 0 89.2089277944966 0
10 200 87.5055777498479 0
10 400 105.791592827917 0
10 500 52.4391742414798 0
10 700 60.1964360059556 0
10 1000 39.8687079916858 0
11 0 105.995259662027 0
11 200 145.564042248942 0
11 400 68.3734281148927 0
11 500 107.745614822041 0
11 700 42.0831892573138 0
11 1000 77.116140146213 0
12 0 88.7710580905923 0
12 200 104.203764751406 0
12 400 82.0679091451002 0
12 500 78.1302928384276 0
12 700 65.3720056668693 0
12 1000 40.9812495060939 0
13 0 124.687258862678 0
13 200 94.3461815825607 0
13 400 60.1218887596314 0
13 500 54.0202791965912 0
13 700 35.3048977123617 0
13 1000 35.4151420453507 0
14 0 145.893519683172 0
14 200 90.6401759708714 0
14 400 41.5128689699411 0
14 500 70.4362146607377 0
14 700 43.9221863924112 0
14 1000 53.1069619409713 0
15 0 131.096354216883 0
15 200 109.419895237388 0
15 400 106.883462082909 0
15 500 86.7807414668547 0
15 700 96.9550353541882 0
15 1000 47.6203052943167 0
16 0 107.401254573134 0
16 200 93.311866075515 0
16 400 78.493737136508 0
16 500 84.4203465956519 0
16 700 58.7324727715817 0
16 1000 40.4595092391751 0
17 0 115.115408053367 0
17 200 78.1662898622669 0
17 400 74.7796507138765 0
17 500 94.7617306320243 0
17 700 60.6722364780121 0
17 1000 47.6914783166966 0
18 0 122.168221607959 0
18 200 62.8746093413747 0
18 400 109.237598466451 0
18 500 94.8831616553807 0
18 700 74.5371873611256 0
18 1000 48.8653428013277 0
19 0 95.2950046757148 0
19 200 89.0232887923134 0
19 400 75.1304654023319 0
19 500 58.5414038705028 0
19 700 47.8138066237654 0
19 1000 37.340552507019 0
20 0 126.329155961915 0
20 200 98.7469126171244 0
20 400 75.7016154896083 0
20 500 83.906219545921 0
20 700 44.4060010475804 0
20 1000 67.7932336615562 0
21 0 100.400948148746 0
21 200 94.5809379887766 0
21 400 76.9311796744542 0
21 500 39.4083052136802 0
21 700 40.3145519611092 0
21 1000 28.3523554118235 0
22 0 109.666827730583 0
22 200 125.669703575646 0
22 400 45.2210091620395 0
22 500 64.7041006857841 0
22 700 42.5946091699274 0
22 1000 46.5084592770822 0
23 0 131.104887738117 0
23 200 81.7439647026267 0
23 400 100.061484608313 0
23 500 54.4308974919309 0
23 700 33.4693493310308 0
23 1000 38.9234085169395 0
24 0 104.930683463002 0
24 200 107.702846532512 0
24 400 80.5288468030444 0
24 500 84.0482571275493 0
24 700 74.7911339409558 0
24 1000 64.8797157985159 0
25 0 110.73972051954 0
25 200 81.8296950635442 0
25 400 90.0583276822327 0
25 500 91.2634460717976 0
25 700 68.5194847090964 0
25 1000 69.7922252615982 0
26 0 118.711031947509 0
26 200 83.2845593096818 0
26 400 84.3387317622726 0
26 500 84.8939170234234 0
26 700 33.8596217453373 0
26 1000 51.141930203098 0
27 0 120.328240251697 0
27 200 94.0312270879361 0
27 400 62.7854939749098 0
27 500 45.9655231184361 0
27 700 43.9371100704249 0
27 1000 61.5444596613949 0
28 0 92.3770178435564 0
28 200 90.1154788544068 0
28 400 50.134357549837 0
28 500 38.9086066343489 0
28 700 48.1134751020267 0
28 1000 41.4100019222839 0
29 0 106.022762787651 0
29 200 97.6517727543103 0
29 400 90.5426478329784 0
29 500 77.0300989260111 0
29 700 64.6826186275287 0
29 1000 46.6166946721599 0
30 0 112.255695918847 0
30 200 125.649119323476 0
30 400 100.399230065261 0
30 500 87.3756785704583 0
30 700 78.1177824910275 0
30 1000 51.5788660976695 0
31 0 108.618105447768 0
31 200 60.6847802250153 0
31 400 118.711376928602 0
31 500 45.1387241761335 0
31 700 47.4363225794909 0
31 1000 53.4027585359061 0
32 0 131.53641369824 0
32 200 96.5929785268597 0
32 400 74.0119757290034 0
32 500 77.3789710880123 0
32 700 26.0823103235123 0
32 1000 38.5835503715162 0
33 0 102.943347098481 0
33 200 72.6135284759035 0
33 400 62.4546708321517 0
33 500 47.029744642077 0
33 700 47.6049678931398 0
33 1000 45.9909516260475 0
34 0 81.4140145476175 0
34 200 91.1474776529773 0
34 400 55.6861690008255 0
34 500 61.4433402641478 0
34 700 87.9905300421727 0
34 1000 42.3104322521377 0
35 0 89.8923054266728 0
35 200 59.6938376405517 0
35 400 63.8337397622661 0
35 500 80.3455615546498 0
35 700 61.0475826006574 0
35 1000 48.8437272660574 0
36 0 88.6352876598339 0
36 200 115.372720631908 0
36 400 60.2874954063644 0
36 500 52.6563481737017 0
36 700 49.9095287666833 0
36 1000 35.5831112647991 0
37 0 72.7661173991744 0
37 200 69.4209030961262 0
37 400 101.492283607404 0
37 500 67.6079204742166 0
37 700 51.2089323330528 0
37 1000 51.1638434432079 0
38 0 97.8793644028156 0
38 200 100.047275238484 0
38 400 80.756363171094 0
38 500 58.5650744985745 0
38 700 51.9917574972929 0
38 1000 62.146526269661 0
39 0 44.7156699739154 0
39 200 81.6759126160038 0
39 400 68.9123300102276 0
39 500 29.3738911814564 0
39 700 37.0726185351792 0
39 1000 34.5380429736645 0
40 0 61.3204975957746 0
40 200 65.3052271156863 0
40 400 68.1226483097591 0
40 500 64.1649109383802 0
40 700 54.6778380564639 0
40 1000 34.7250517266002 0
41 0 89.0699390423717 0
41 200 83.8987722078902 0
41 400 68.9303236537466 0
41 500 60.545515457846 0
41 700 51.5836614815062 0
41 1000 44.3966478702002 0
42 0 110.941624246095 0
42 200 64.6519702693152 0
42 400 74.3590375536646 0
42 500 61.7924009402894 0
42 700 66.0444251813615 0
42 1000 56.9282506192379 0
43 0 90.0882425912488 0
43 200 90.841373558424 0
43 400 63.0993737815131 0
43 500 59.5192336560673 0
43 700 32.931553439775 0
43 1000 34.9952632591403 0
44 0 60.5202395482847 0
44 200 78.4209501582392 0
44 400 102.256544766186 0
44 500 89.7216208186906 0
44 700 67.4479710338129 0
44 1000 41.2710674689871 0
45 0 85.3456347705391 0
45 200 96.6114457241541 0
45 400 70.7346467761658 0
45 500 48.0736906536662 0
45 700 54.607483123624 0
45 1000 44.6428723843113 0
46 0 91.1491720557211 0
46 200 76.3485430161295 0
46 400 58.4523360557316 0
46 500 50.7427248026694 0
46 700 40.8636648279844 0
46 1000 26.1421478962703 0
47 0 91.8291183756135 0
47 200 124.429989234128 0
47 400 102.648866949856 0
47 500 54.4320370931566 0
47 700 56.7141700279639 0
47 1000 61.999796855047 0
48 0 69.8697690003367 0
48 200 102.643682266329 0
48 400 87.5604145964128 0
48 500 56.1661793229408 0
48 700 25.8797562328869 0
48 1000 53.6820102003181 0
49 0 89.2605672752996 0
49 200 86.2280231631786 0
49 400 58.3880823415333 0
49 500 54.9496725059909 0
49 700 57.6302428937175 0
49 1000 47.1446202989733 0
50 0 108.808481375618 0
50 200 101.332391113136 0
50 400 60.9322017289431 0
50 500 65.6303465897564 0
50 700 39.0141591992114 0
50 1000 55.5511441928195 0
51 0 97.4527695295054 1
51 200 68.5371792904593 1
51 400 44.1263399728718 1
51 500 56.6143228230847 1
51 700 47.4956839927245 1
51 1000 32.1545148333629 1
52 0 105.494958036132 1
52 200 64.4158570411518 1
52 400 43.9927544298475 1
52 500 36.8845234699262 1
52 700 31.3606369743595 1
52 1000 36.8832313414195 1
53 0 84.6338594264188 1
53 200 93.6842058513594 1
53 400 62.4314230672204 1
53 500 55.2133812298753 1
53 700 40.8465218763442 1
53 1000 39.352035947346 1
54 0 86.3835810441984 1
54 200 95.8445664025021 1
54 400 68.3399007504399 1
54 500 84.891062983332 1
54 700 41.7876624496762 1
54 1000 35.2039099855771 1
55 0 123.734059998185 1
55 200 112.935451486545 1
55 400 60.1586991911208 1
55 500 49.9421878939515 1
55 700 37.386145086091 1
55 1000 36.523128503782 1
56 0 96.45522189887 1
56 200 120.051757419929 1
56 400 98.0537782693518 1
56 500 59.6866703398958 1
56 700 42.0166603515086 1
56 1000 50.5974806924227 1
57 0 56.5542812576809 1
57 200 74.1726373445328 1
57 400 53.4319912765581 1
57 500 49.338598410074 1
57 700 38.1366966767294 1
57 1000 38.6054646887603 1
58 0 80.446497262944 1
58 200 71.4375464676637 1
58 400 47.1496114774957 1
58 500 37.5521155997288 1
58 700 24.6651435680222 1
58 1000 33.5750731019093 1
59 0 121.426242070879 1
59 200 77.1241726901986 1
59 400 29.590725791791 1
59 500 39.5833113244575 1
59 700 39.4412412372348 1
59 1000 30.9240922873023 1
60 0 86.8466001203331 1
60 200 68.8498826160601 1
60 400 35.3716005412178 1
60 500 31.3444159431829 1
60 700 35.4829946872881 1
60 1000 26.7041306498082 1
61 0 105.405512097343 1
61 200 72.9256241581151 1
61 400 47.558245755269 1
61 500 54.4590003684529 1
61 700 41.5462461576247 1
61 1000 41.238135214126 1
62 0 73.7338192613067 1
62 200 72.2722425830139 1
62 400 73.0910883599583 1
62 500 46.8383395607769 1
62 700 37.489302084998 1
62 1000 45.4338901371353 1
63 0 76.6923811126208 1
63 200 42.7595421609956 1
63 400 42.6155506424554 1
63 500 25.2239364184821 1
63 700 23.5414191148341 1
63 1000 27.7136422388045 1
64 0 157.109694070127 1
64 200 102.836879628316 1
64 400 54.5040723709321 1
64 500 49.0811643086806 1
64 700 42.0133277667911 1
64 1000 35.3948106100241 1
65 0 62.8305032304807 1
65 200 51.8737532063235 1
65 400 33.9236183044733 1
65 500 32.8902289972974 1
65 700 37.4623325690639 1
65 1000 17.8861948297632 1
66 0 114.920672173402 1
66 200 68.9367140762909 1
66 400 40.8869074931997 1
66 500 44.0856531210308 1
66 700 25.0506244318062 1
66 1000 23.1139228212746 1
67 0 123.974360610555 1
67 200 85.9851060681908 1
67 400 53.1612516848106 1
67 500 38.7619945953702 1
67 700 31.8266321370135 1
67 1000 19.4519827075821 1
68 0 131.848457548055 1
68 200 82.4520029415226 1
68 400 28.5052466722229 1
68 500 51.8119488238182 1
68 700 39.7639331095455 1
68 1000 35.8856706509861 1
69 0 85.9595322422975 1
69 200 65.4628559422072 1
69 400 44.5225326086882 1
69 500 50.8393021661168 1
69 700 39.3287133806321 1
69 1000 35.0581609168492 1
70 0 123.165237324552 1
70 200 105.128342530603 1
70 400 61.6668541784831 1
70 500 33.8142989874283 1
70 700 58.2815483495194 1
70 1000 28.8389367358952 1
71 0 70.3121444597836 1
71 200 69.8248407937809 1
71 400 45.7191739517299 1
71 500 34.2615723903865 1
71 700 49.2248802038408 1
71 1000 36.8828266882479 1
72 0 106.50370236285 1
72 200 49.2232723739375 1
72 400 57.3918630850809 1
72 500 33.0864459121049 1
72 700 49.6678707714025 1
72 1000 36.8731607402286 1
73 0 120.901834642656 1
73 200 67.9354764890145 1
73 400 53.2099783233555 1
73 500 46.661017303099 1
73 700 50.5951153723099 1
73 1000 52.3109874830873 1
74 0 99.7572372821479 1
74 200 53.0819207872076 1
74 400 37.5637836943266 1
74 500 39.0214481622483 1
74 700 34.5108238313308 1
74 1000 27.9190425299808 1
75 0 96.5879228742978 1
75 200 72.5201057040995 1
75 400 42.102667116271 1
75 500 46.7704582309833 1
75 700 46.3003491104025 1
75 1000 37.2485914653679 1
76 0 96.7292563820024 1
76 200 56.5854195761228 1
76 400 48.1690076672511 1
76 500 32.9623252064208 1
76 700 45.6186187979339 1
76 1000 25.5089944360884 1
77 0 122.827643885669 1
77 200 74.7277807569463 1
77 400 38.5725864129181 1
77 500 35.1651253867448 1
77 700 45.7376237812911 1
77 1000 33.7164514178659 1
78 0 77.3119109278895 1
78 200 102.166505481671 1
78 400 41.3700944390599 1
78 500 42.8348430003417 1
78 700 38.7281127716461 1
78 1000 27.5751264683486 1
79 0 79.237618914708 1
79 200 122.96298460646 1
79 400 71.926632016967 1
79 500 47.4234213467316 1
79 700 42.3587083923768 1
79 1000 26.4846132940252 1
80 0 116.387639813889 1
80 200 72.2079783022927 1
80 400 47.1306318969227 1
80 500 36.9099417795632 1
80 700 26.0464718269516 1
80 1000 34.1716162433579 1
81 0 103.977217401616 1
81 200 79.2337075065678 1
81 400 69.3589939374584 1
81 500 41.8946352931952 1
81 700 73.8145798488764 1
81 1000 51.8696644822876 1
82 0 85.4418453491913 1
82 200 101.180321833631 1
82 400 62.6644112181585 1
82 500 52.7374631957062 1
82 700 42.0581168256226 1
82 1000 36.2180802404205 1
83 0 58.6142099761071 1
83 200 64.1966872458509 1
83 400 41.1957992954933 1
83 500 39.2634001627113 1
83 700 37.011549226137 1
83 1000 39.4128683673058 1
84 0 52.4530371277345 1
84 200 47.5762375116941 1
84 400 31.8476453011492 1
84 500 37.8184328080979 1
84 700 22.2953766933123 1
84 1000 24.1798959114535 1
85 0 91.5215109790943 1
85 200 61.8493690649686 1
85 400 51.7216432502971 1
85 500 25.6232809345434 1
85 700 33.3976580039303 1
85 1000 34.3815522704597 1
86 0 70.0759918784714 1
86 200 42.2863815675386 1
86 400 64.11700372792 1
86 500 42.6196310563801 1
86 700 36.0767298288296 1
86 1000 37.2659795288185 1
87 0 55.3243066394694 1
87 200 86.8448336193254 1
87 400 44.3939294600842 1
87 500 43.5947904966974 1
87 700 47.7129130445471 1
87 1000 30.6596171158374 1
88 0 134.062268149047 1
88 200 88.3878463521295 1
88 400 47.0429163634785 1
88 500 50.7787886289768 1
88 700 49.5056752675629 1
88 1000 35.1203960302559 1
89 0 84.7073385193289 1
89 200 51.7411995277369 1
89 400 58.3234774338179 1
89 500 50.9004350716525 1
89 700 46.7104701192672 1
89 1000 37.7840449401978 1
90 0 107.661331337181 1
90 200 97.6520524007895 1
90 400 47.224184784278 1
90 500 73.5827358715601 1
90 700 52.8313044504767 1
90 1000 40.6339088492876 1
91 0 81.5825140462403 1
91 200 86.779771485306 1
91 400 101.723710984639 1
91 500 60.2060795426233 1
91 700 51.5089717359187 1
91 1000 60.0327034783895 1
92 0 98.8896983164654 1
92 200 93.9964540078661 1
92 400 36.6796400922767 1
92 500 40.8212684886244 1
92 700 30.5780187825561 1
92 1000 21.1785055339357 1
93 0 98.4120314876602 1
93 200 56.481001108682 1
93 400 26.944622787054 1
93 500 38.717035672696 1
93 700 32.3668400892865 1
93 1000 16.0322740982617 1
94 0 77.2459535506757 1
94 200 103.475457399639 1
94 400 54.8013246024424 1
94 500 49.6421383959169 1
94 700 39.5065802585258 1
94 1000 48.7878390157433 1
95 0 119.016375004844 1
95 200 87.0954374648962 1
95 400 58.4259956478507 1
95 500 42.976741291781 1
95 700 45.897239585453 1
95 1000 46.620633724914 1
96 0 86.2847730918295 1
96 200 109.737631614961 1
96 400 59.254495031264 1
96 500 65.2570248871137 1
96 700 42.8325331798334 1
96 1000 34.893294618275 1
97 0 84.7618978786176 1
97 200 62.4627517434753 1
97 400 36.505289440659 1
97 500 54.9201754709621 1
97 700 31.7266580128479 1
97 1000 16.5578949913029 1
98 0 69.1559153352527 1
98 200 103.317475226383 1
98 400 79.3777771330423 1
98 500 43.1424669323175 1
98 700 43.5362023709571 1
98 1000 17.2441179168798 1
99 0 115.896255150715 1
99 200 80.1784292319107 1
99 400 53.8919361772694 1
99 500 50.8625172902569 1
99 700 46.8442781842706 1
99 1000 32.9289126124677 1
100 0 115.982848418317 1
100 200 82.661130990398 1
100 400 73.5209811729605 1
100 500 44.012519246873 1
100 700 43.0590258779633 1
100 1000 44.7400656507608 1
