id dose eff group
1 0 113.455525042898 0
1 200 86.8822267966217 0
1 400 94.6790697641448 0
1 500 81.9008142384766 0
1 700 55.5711682272545 0
1 1000 57.7637878406427 0
2 0 81.4457842649507 0
2 200 107.243030824894 0
2 400 78.8761923039277 0
2 500 34.3379106355006 0
2 700 56.0392635006472 0
2 1000 39.0321913763969 0
3 0 127.230597840417 0
3 200 94.1672723872184 0
3 400 43.0619381546805 0
3 500 43.8948839255316 0
3 700 40.5420514206448 0
3 1000 27.7969809589988 0
4 0 87.9475153776623 0
4 200 83.5857472710739 0
4 400 75.3683146147099 0
4 500 93.7016226398372 0
4 700 63.5390933129961 0
4 1000 34.8582328638062 0
5 0 74.7311199567038 0
5 200 88.3806578839357 0
5 400 45.6736576974347 0
5 500 27.9674114746504 0
5 700 45.1485723572373 0
5 1000 39.1678357698564 0
6 0 77.4712110011411 0
6 200 51.0056060218996 0
6 400 68.1031788169239 0
6 500 47.8401380863866 0
6 700 55.7151792549073 0
6 1000 27.0477061395482 0
7 0 120.765138972916 0
7 200 93.7153771552943 0
7 400 60.7152050633027 0
7 500 61.7425710299281 0
7 700 45.1494556227868 0
7 1000 31.0197335956619 0
8 0 89.7038073806574 0
8 200 106.418351213096 0
8 400 111.440669747987 0
8 500 79.690595033564 0
8 700 62.9106530837814 0
8 1000 58.9650995950371 0
9 0 89.593035531019 0
9 200 71.9273018415804 0
9 400 91.8451096613586 0
9 500 49.719039996295 0
9 700 53.9332227092381 0
9 1000 33.4236093368368 0
10 0 82.5525224561892 0
10 200 82.3622435941177 0
10 400 89.5697261175404 0
10 500 73.9377066584925 0
10 700 50.0780638461134 0
10 1000 37.4976330497195 0
11 0 104.223095555071 0
11 200 119.050453086346 0
11 400 39.335540027786 0
11 500 55.8173868398214 0
11 700 47.34604267094 0
11 1000 29.3007343017688 0
12 0 125.328659206361 0
12 200 57.0072590942506 0
12 400 58.5023779027255 0
12 500 41.2138344300588 0
12 700 48.8276901907616 0
12 1000 43.1242877116449 0
13 0 109.092944048953 0
13 200 131.109619942337 0
13 400 85.8962922524099 0
13 500 42.377658718731 0
13 700 72.572647482091 0
13 1000 46.3962838807826 0
14 0 87.6446895687595 0
14 200 92.7113865736294 0
14 400 67.6121257156583 0
14 500 62.5143219962004 0
14 700 55.8455437005628 0
14 1000 46.5345653601067 0
15 0 94.8085205720762 0
15 200 59.452268779212 0
15 400 73.7219913234557 0
15 500 59.1155194611407 0
15 700 52.0017995364196 0
15 1000 44.1218651853063 0
16 0 67.8853082530995 0
16 200 54.5630560111348 0
16 400 67.2409485744651 0
16 500 49.4776989240253 0
16 700 56.9042052511726 0
16 1000 39.3040525107924 0
17 0 133.372992852546 0
17 200 58.5663274222337 0
17 400 57.4010095097418 0
17 500 85.0622225999376 0
17 700 37.13629613063 0
17 1000 45.0126439018541 0
18 0 124.322119066238 0
18 200 118.248003769941 0
18 400 79.1671255674105 0
18 500 93.082693440269 0
18 700 78.5297992181287 0
18 1000 69.4849082106672 0
19 0 129.602416868847 0
19 200 135.472277641066 0
19 400 86.803718300345 0
19 500 91.6796960532521 0
19 700 47.0640831021713 0
19 1000 51.7410901392985 0
20 0 84.5958285562902 0
20 200 74.4409358889253 0
20 400 72.8101650234056 0
20 500 33.1111366539473 0
20 700 45.7294611716736 0
20 1000 40.8318614893625 0
21 0 122.887270438491 0
21 200 77.833871407445 0
21 400 85.8925531039278 0
21 500 53.0425260114485 0
21 700 59.3422009660245 0
21 1000 33.8380250514495 0
22 0 112.073869485128 0
22 200 94.169673881821 0
22 400 71.8492577674803 0
22 500 64.3316896689994 0
22 700 47.7944652839607 0
22 1000 28.8356253040861 0
23 0 83.8688914085349 0
23 200 52.0797865336112 0
23 400 49.0858573518609 0
23 500 58.0926827252777 0
23 700 59.8619775085269 0
23 1000 42.6379519268241 0
24 0 88.0279632928782 0
24 200 75.38762877583 0
24 400 54.5594214620421 0
24 500 77.5929242797508 0
24 700 47.1434661818494 0
24 1000 52.8859316869748 0
25 0 117.54753742674 0
25 200 107.026276510107 0
25 400 81.3951100940933 0
25 500 51.4051729882033 0
25 700 64.1479112337366 0
25 1000 54.0067031957412 0
26 0 105.929650512063 0
26 200 117.622511274535 0
26 400 91.613825227635 0
26 500 82.699081226673 0
26 700 63.7872482251713 0
26 1000 38.5864756410278 0
27 0 102.502998739326 0
27 200 95.4284271073049 0
27 400 80.2997094558103 0
27 500 65.0744127260362 0
27 700 45.2708334714876 0
27 1000 43.3043348635436 0
28 0 62.9933333625331 0
28 200 77.0387211613006 0
28 400 57.1255298056271 0
28 500 56.9735635532327 0
28 700 48.9932560285876 0
28 1000 34.5921584395988 0
29 0 120.468233345982 0
29 200 90.8542956532218 0
29 400 82.0724226868538 0
29 500 36.5203906668024 0
29 700 46.5999854751167 0
29 1000 33.778411871905 0
30 0 80.1241786731004 0
30 200 82.2511876252236 0
30 400 55.2903214136104 0
30 500 40.5591524230382 0
30 700 37.6700557933095 0
30 1000 22.6396741045084 0
31 0 105.577079641357 0
31 200 69.2257105440786 0
31 400 40.6158503365002 0
31 500 41.0306362352463 0
31 700 39.5393844110171 0
31 1000 36.1215067474704 0
32 0 70.824732883781 0
32 200 79.521067347623 0
32 400 67.3637188905829 0
32 500 42.6076481611814 0
32 700 44.4561470029591 0
32 1000 34.6444810085574 0
33 0 71.9011981525185 0
33 200 113.93588557607 0
33 400 52.43111072814 0
33 500 66.4821813147689 0
33 700 48.4743569988586 0
33 1000 65.1995702204046 0
34 0 82.6059466966589 0
34 200 85.6463114980826 0
34 400 53.3208920699954 0
34 500 45.2888395214022 0
34 700 37.1217930963089 0
34 1000 50.6363256484135 0
35 0 122.16231184684 0
35 200 85.5823304664684 0
35 400 57.7536035767262 0
35 500 52.4175428287638 0
35 700 49.3011443560526 0
35 1000 34.2010976508244 0
36 0 93.210234195646 0
36 200 84.9803909612762 0
36 400 46.3643132175752 0
36 500 71.6643213933834 0
36 700 51.0078737501595 0
36 1000 41.812721399933 0
37 0 91.2427929660911 0
37 200 74.0861379064649 0
37 400 78.7403996992413 0
37 500 78.5434114866043 0
37 700 44.8316681502098 0
37 1000 49.9931519736144 0
38 0 103.253529140637 0
38 200 87.8750708186869 0
38 400 76.5998994319453 0
38 500 56.4389016593677 0
38 700 60.9028445424374 0
38 1000 30.7496694398181 0
39 0 61.3596667097066 0
39 200 107.672120329843 0
39 400 76.2505416083928 0
39 500 104.488090658393 0
39 700 95.7900647196663 0
39 1000 56.7728655520692 0
40 0 106.354197259938 0
40 200 91.343158694288 0
40 400 75.4879499225152 0
40 500 66.7305493006217 0
40 700 71.8027163000527 0
40 1000 46.0691476790696 0
41 0 66.024666053138 0
41 200 130.395136752195 0
41 400 59.4461393894696 0
41 500 51.0067529252907 0
41 700 44.0367085043772 0
41 1000 45.931007125522 0
42 0 114.225843279289 0
42 200 84.5067958817412 0
42 400 94.508341694119 0
42 500 90.4293633387747 0
42 700 69.4206726963784 0
42 1000 61.5855780032621 0
43 0 99.5931912259914 0
43 200 93.2528528039171 0
43 400 67.5172024934285 0
43 500 75.4322013576473 0
43 700 40.1270809129104 0
43 1000 47.1925735331681 0
44 0 123.625932267334 0
44 200 82.2377682718872 0
44 400 74.2822044648576 0
44 500 54.3529928462567 0
44 700 70.0280848665139 0
44 1000 54.7428330216162 0
45 0 76.8495572195364 0
45 200 119.671685795951 0
45 400 68.5706155517267 0
45 500 93.3624898411586 0
45 700 66.585380013391 0
45 1000 45.6140261788055 0
46 0 70.3869012728015 0
46 200 96.629234423359 0
46 400 57.202518960117 0
46 500 74.377773541191 0
46 700 51.0883224536428 0
46 1000 42.1175163618045 0
47 0 48.3074795403009 0
47 200 84.1239847912879 0
47 400 58.2408319004203 0
47 500 38.1232384587557 0
47 700 33.6624798939352 0
47 1000 33.7087460281301 0
48 0 71.8486442070714 0
48 200 91.1024563000536 0
48 400 70.1746201255503 0
48 500 70.5783302049709 0
48 700 38.8823663066231 0
48 1000 49.6846676193177 0
49 0 133.20569922215 0
49 200 117.934669908286 0
49 400 75.1958037437201 0
49 500 52.684941233875 0
49 700 44.4342366613279 0
49 1000 36.8519792363185 0
50 0 109.07964231444 0
50 200 139.723206593194 0
50 400 112.727330195135 0
50 500 71.4966398793675 0
50 700 60.2654843023941 0
50 1000 50.7665530300747 0
51 0 112.665094174472 1
51 200 67.0436990895783 1
51 400 77.5470467105123 1
51 500 27.3406334222664 1
51 700 44.9315487902734 1
51 1000 33.1253126554247 1
52 0 92.669018455502 1
52 200 58.8487970621885 1
52 400 27.3316216011757 1
52 500 41.1655425127198 1
52 700 29.3207855343017 1
52 1000 26.2918812148598 1
53 0 104.5237701386 1
53 200 82.5204898552313 1
53 400 57.1218479188221 1
53 500 47.2574654932906 1
53 700 28.202155136865 1
53 1000 24.1306634304392 1
54 0 114.950994040927 1
54 200 90.3584177303671 1
54 400 62.1873202349198 1
54 500 61.261322438987 1
54 700 43.5728776971635 1
54 1000 28.239559886575 1
55 0 97.1153756068846 1
55 200 86.8600117552349 1
55 400 70.7323266248285 1
55 500 49.7508868197565 1
55 700 67.6616167974003 1
55 1000 36.8406424226951 1
56 0 96.75049174609 1
56 200 56.4415168927018 1
56 400 61.6148814843124 1
56 500 50.2614693425195 1
56 700 46.9138849342901 1
56 1000 41.0835830323748 1
57 0 82.6852679042779 1
57 200 83.6336210782204 1
57 400 36.3650955742669 1
57 500 65.1632108240647 1
57 700 63.9100996759329 1
57 1000 43.1676457918183 1
58 0 46.7033765343897 1
58 200 77.2818596142362 1
58 400 52.8592796430095 1
58 500 60.8036560687562 1
58 700 39.7468997186393 1
58 1000 36.851183632688 1
59 0 102.006262278373 1
59 200 107.84371675941 1
59 400 71.1604553957403 1
59 500 65.9073681001582 1
59 700 49.6987456752924 1
59 1000 34.8230830493097 1
60 0 124.523459368215 1
60 200 67.260021122523 1
60 400 60.1324720783852 1
60 500 55.9881437226963 1
60 700 55.7849863021697 1
60 1000 30.9606739378897 1
61 0 89.521830577076 1
61 200 55.6153876703469 1
61 400 38.9970943004486 1
61 500 42.0511207160477 1
61 700 38.0372235681322 1
61 1000 34.5315174353403 1
62 0 113.300319232724 1
62 200 67.0257422685346 1
62 400 61.595711633701 1
62 500 51.3194622066019 1
62 700 36.268038432672 1
62 1000 40.1471600507608 1
63 0 135.831933240447 1
63 200 93.2204894931262 1
63 400 60.5556747859152 1
63 500 70.5266153074658 1
63 700 38.9221285628938 1
63 1000 38.1684331634719 1
64 0 106.639944731677 1
64 200 70.595670410091 1
64 400 59.1719155384843 1
64 500 59.280563189005 1
64 700 52.8168010743032 1
64 1000 29.6331721706395 1
65 0 116.517951956021 1
65 200 63.0997241717777 1
65 400 50.7455684841884 1
65 500 41.3057324405065 1
65 700 37.8226981081219 1
65 1000 22.1166864441102 1
66 0 123.407464106895 1
66 200 61.357117175646 1
66 400 29.3573732044404 1
66 500 44.2072194190534 1
66 700 47.6726678310473 1
66 1000 34.6511297889313 1
67 0 62.7609611643087 1
67 200 59.8604687190219 1
67 400 59.7833633492557 1
67 500 42.0645045128683 1
67 700 34.0372807649776 1
67 1000 36.4898770755375 1
68 0 102.583944586124 1
68 200 54.2747567430498 1
68 400 47.4128972998025 1
68 500 34.1548562938379 1
68 700 38.5099121366146 1
68 1000 28.9260873975245 1
69 0 85.0697569397924 1
69 200 71.7354339609763 1
69 400 48.0062639770062 1
69 500 69.8434827960099 1
69 700 33.7791127381308 1
69 1000 37.7900143513057 1
70 0 66.1310550503253 1
70 200 84.9076599066469 1
70 400 71.054985619585 1
70 500 63.2376882889288 1
70 700 45.3517284852382 1
70 1000 49.1696282877653 1
71 0 120.824311435389 1
71 200 75.489691982653 1
71 400 72.720281414207 1
71 500 58.256270979326 1
71 700 43.5019185387168 1
71 1000 47.624105481414 1
72 0 77.0204740495212 1
72 200 75.5092850396099 1
72 400 61.4868357371584 1
72 500 55.8306901379408 1
72 700 50.9172287681739 1
72 1000 40.8859358538766 1
73 0 98.1183866883904 1
73 200 36.7425701610177 1
73 400 40.3807248502471 1
73 500 45.7810450168748 1
73 700 35.4949051731579 1
73 1000 38.3577668816199 1
74 0 90.9599173757377 1
74 200 68.1732528631974 1
74 400 35.8279236118049 1
74 500 43.4736571826759 1
74 700 27.2395033179839 1
74 1000 42.3536908982818 1
75 0 109.629070299318 1
75 200 55.2927030611387 1
75 400 62.8453969504106 1
75 500 53.7743061621619 1
75 700 48.6416097586475 1
75 1000 36.9755534176114 1
76 0 117.752897511682 1
76 200 54.6975326585856 1
76 400 102.843480580239 1
76 500 86.7628391854672 1
76 700 62.7023622524385 1
76 1000 51.8352211070368 1
77 0 84.4654235895027 1
77 200 100.609164811001 1
77 400 84.8770806851728 1
77 500 53.3197167655556 1
77 700 53.8563164653223 1
77 1000 37.5908783697948 1
78 0 105.011177543837 1
78 200 63.4698593100855 1
78 400 49.8655551045791 1
78 500 40.8248092097819 1
78 700 18.9660006146492 1
78 1000 20.0026064452411 1
79 0 151.422531780544 1
79 200 60.9847314057481 1
79 400 40.3721614504423 1
79 500 41.2553203802371 1
79 700 27.0239111333478 1
79 1000 13.4430504097373 1
80 0 91.0431413737728 1
80 200 69.4102792571647 1
80 400 56.8052137280582 1
80 500 52.8243607980212 1
80 700 44.652481526792 1
80 1000 33.4630391589036 1
81 0 116.130659679521 1
81 200 73.0614784288468 1
81 400 52.2837753608985 1
81 500 51.0503552827 1
81 700 41.4620170158739 1
81 1000 34.198431717492 1
82 0 107.085201409229 1
82 200 46.0461358202433 1
82 400 45.9648808391477 1
82 500 53.8571302364667 1
82 700 42.3237581206293 1
82 1000 40.7562899685224 1
83 0 86.9357788071845 1
83 200 71.3643617660948 1
83 400 49.1385392739872 1
83 500 38.2093959775059 1
83 700 35.5260412443386 1
83 1000 31.6879126810716 1
84 0 219.718036866403 1
84 200 107.431837240381 1
84 400 85.3871040154489 1
84 500 43.6848461927631 1
84 700 53.2743959279622 1
84 1000 33.865358141401 1
85 0 122.654203905001 1
85 200 105.032773978709 1
85 400 58.7169399831059 1
85 500 59.8849891147739 1
85 700 39.3146770481989 1
85 1000 51.8505346787828 1
86 0 139.908624789185 1
86 200 109.233388151759 1
86 400 48.4994260742632 1
86 500 68.6809562960267 1
86 700 40.9198174686441 1
86 1000 50.2605076148448 1
87 0 143.410998271925 1
87 200 72.7624287113804 1
87 400 70.4870081364995 1
87 500 59.7897342662746 1
87 700 51.5508327081876 1
87 1000 38.6443970204577 1
88 0 110.347488791822 1
88 200 74.575592233641 1
88 400 69.0222199391252 1
88 500 39.990515971096 1
88 700 50.7559512072057 1
88 1000 40.5792398595934 1
89 0 79.4873135282879 1
89 200 69.2470120730677 1
89 400 54.6359495083003 1
89 500 84.6909954500016 1
89 700 41.9132871594545 1
89 1000 48.0145044173573 1
90 0 60.1311447403677 1
90 200 92.410638439067 1
90 400 68.7806034108269 1
90 500 59.7829403358774 1
90 700 44.6378235427854 1
90 1000 37.743252825495 1
91 0 85.9289424059096 1
91 200 74.3740110654578 1
91 400 50.6348535998146 1
91 500 41.2390322711105 1
91 700 33.549664331209 1
91 1000 41.4297417290878 1
92 0 73.308044593725 1
92 200 98.728252520347 1
92 400 45.4136472522493 1
92 500 48.495319283897 1
92 700 49.8782306906112 1
92 1000 35.522058036423 1
93 0 139.57475219744 1
93 200 85.6658640793054 1
93 400 56.9499102775307 1
93 500 51.433520448947 1
93 700 34.8013553774002 1
93 1000 32.0990554890542 1
94 0 110.410014067195 1
94 200 58.8894404997508 1
94 400 64.8885989809906 1
94 500 50.4445207865496 1
94 700 29.5006116643093 1
94 1000 49.5792511407855 1
95 0 142.411673065138 1
95 200 90.214395843286 1
95 400 76.7081641875298 1
95 500 70.4353243809257 1
95 700 65.2812884739337 1
95 1000 40.5841846363639 1
96 0 106.103042248469 1
96 200 80.59712001655 1
96 400 67.2554027465392 1
96 500 49.5081648755884 1
96 700 37.1957540630303 1
96 1000 37.7351668376698 1
97 0 93.823865429599 1
97 200 104.097169085328 1
97 400 57.6974492991777 1
97 500 65.7387952863107 1
97 700 48.6229073211622 1
97 1000 39.7533188410225 1
98 0 93.7243016569128 1
98 200 72.4772070072577 1
98 400 62.4583914952404 1
98 500 47.1750085240823 1
98 700 34.8603717745777 1
98 1000 36.3433450418423 1
99 0 105.280403784483 1
99 200 64.2969461379143 1
99 400 72.58571585542 1
99 500 54.3095567125836 1
99 700 51.720310698353 1
99 1000 29.4013875572022 1
100 0 101.643839159815 1
100 200 56.1279351570437 1
100 400 50.8108201136775 1
100 500 39.6588952476016 1
100 700 44.8009860411088 1
100 1000 28.6442609718181 1
