id dose eff group
1 0 148.335524645671 0
1 200 98.3362619533259 0
1 400 67.9054933043636 0
1 500 51.5586247331762 0
1 700 62.8999065984001 0
1 1000 39.5501651164384 0
2 0 103.999945504922 0
2 200 73.9103299093514 0
2 400 54.1262235493652 0
2 500 71.4655603750834 0
2 700 73.7693128211692 0
2 1000 28.5809928400603 0
3 0 110.216466215016 0
3 200 123.145635822481 0
3 400 71.2936332064083 0
3 500 71.720351489988 0
3 700 82.5581811529588 0
3 1000 24.8660067625073 0
4 0 89.5023725609677 0
4 200 123.739171501844 0
4 400 69.5274936790263 0
4 500 69.0095989907285 0
4 700 67.1379758634925 0
4 1000 43.4563101413424 0
5 0 116.105034198843 0
5 200 135.923528002712 0
5 400 86.000257665007 0
5 500 82.8648303049088 0
5 700 59.9162080950491 0
5 1000 70.6999642303423 0
6 0 92.3373521990497 0
6 200 60.6162125770001 0
6 400 75.0703230214478 0
6 500 53.5523251381511 0
6 700 53.1691646273702 0
6 1000 44.6335158265804 0
7 0 84.352029957061 0
7 200 123.719571778526 0
7 400 78.7262091002323 0
7 500 57.0868866154038 0
7 700 62.1284967684501 0
7 1000 35.6484818988216 0
8 0 59.782292937793 0
8 200 68.4245508156261 0
8 400 89.338111008322 0
8 500 44.0637784118822 0
8 700 49.0779647108909 0
8 1000 42.7495479120538 0
9 0 87.3463016962444 0
9 200 95.2380460032889 0
9 400 77.649712892442 0
9 500 84.5066958229198 0
9 700 57.9880974082781 0
9 1000 52.2043254142606 0
10 0 132.281578750126 0
10 200 57.075216527966 0
10 400 53.637793037264 0
10 500 55.4978223196927 0
10 700 25.2237860519614 0
10 1000 41.0074988514076 0
11 0 112.631216148448 0
11 200 84.3607502966476 0
11 400 78.5090335319649 0
11 500 65.7755711522432 0
11 700 46.9085553274955 0
11 1000 49.2643667006786 0
12 0 133.360106466219 0
12 200 100.301556891327 0
12 400 84.2745186545961 0
12 500 87.2094497184381 0
12 700 59.8783356798294 0
12 1000 39.8009348290371 0
13 0 107.050924428932 0
13 200 67.9618485755028 0
13 400 73.4421677101127 0
13 500 48.3011493174334 0
13 700 63.5149845145177 0
13 1000 46.9640806911595 0
14 0 98.0317927046125 0
14 200 61.0564630965942 0
14 400 98.2268175478102 0
14 500 50.705549332431 0
14 700 34.2296712025483 0
14 1000 38.8647301724111 0
15 0 91.5679028297365 0
15 200 108.150318790159 0
15 400 67.0440958974708 0
15 500 81.782017434552 0
15 700 67.9377081089642 0
15 1000 68.526382810619 0
16 0 123.23340014416 0
16 200 109.528822719245 0
16 400 78.3145222658816 0
16 500 63.0751186858001 0
16 700 55.1939588841533 0
16 1000 41.6375090744179 0
17 0 71.385383172907 0
17 200 69.6593263916678 0
17 400 68.4031554113604 0
17 500 68.0558855249756 0
17 700 40.8682061877679 0
17 1000 33.0219534109049 0
18 0 100.214744768768 0
18 200 96.5629560607885 0
18 400 82.7142966179242 0
18 500 58.7157641670535 0
18 700 50.8238164006797 0
18 1000 31.1074764468476 0
19 0 72.6338335761074 0
19 200 79.7983229633423 0
19 400 68.6672937602159 0
19 500 43.8659243344191 0
19 700 38.1198381874467 0
19 1000 35.0628022054581 0
20 0 140.338407661093 0
20 200 133.414920932266 0
20 400 54.9812610376265 0
20 500 35.6466252249201 0
20 700 54.6458715556006 0
20 1000 45.5114347557009 0
21 0 123.999962255782 0
21 200 87.6581749306811 0
21 400 63.5588516471371 0
21 500 71.5065332682739 0
21 700 50.0326070200942 0
21 1000 42.1923634176161 0
22 0 80.9474624296846 0
22 200 95.7419151316412 0
22 400 51.4673946706735 0
22 500 51.8705046430484 0
22 700 44.2931420764955 0
22 1000 38.4302696835183 0
23 0 99.4957334785629 0
23 200 135.126855788872 0
23 400 80.5779182344295 0
23 500 66.4473526495826 0
23 700 49.8780321765827 0
23 1000 33.377444579756 0
24 0 115.721373521056 0
24 200 84.9155770682065 0
24 400 84.6661048269492 0
24 500 50.2699299362246 0
24 700 84.1977683975716 0
24 1000 58.6370179307626 0
25 0 72.229055698204 0
25 200 88.2219851961636 0
25 400 78.4488012937454 0
25 500 41.0768707849664 0
25 700 47.6818798175789 0
25 1000 35.3964926708012 0
26 0 111.316094279555 0
26 200 73.0163867120026 0
26 400 69.6183497063163 0
26 500 60.5259820181837 0
26 700 47.3767535059902 0
26 1000 40.7706126483763 0
27 0 73.5393507242982 0
27 200 71.8049467365945 0
27 400 64.3126529455102 0
27 500 48.1906611604296 0
27 700 36.4586928907822 0
27 1000 52.0377153208479 0
28 0 96.9431825555446 0
28 200 89.6663588395286 0
28 400 69.1731543279996 0
28 500 40.839363697822 0
28 700 52.1273439080515 0
28 1000 46.1359358654189 0
29 0 121.441905960556 0
29 200 102.003453113709 0
29 400 61.5019912928041 0
29 500 40.8330147285908 0
29 700 40.5065135393816 0
29 1000 41.7617806998538 0
30 0 112.088454609516 0
30 200 65.6260122362601 0
30 400 97.0222029210724 0
30 500 86.7679384497802 0
30 700 77.0562752790198 0
30 1000 58.0217790118283 0
31 0 78.9497167687638 0
31 200 73.4528153962256 0
31 400 82.3626225602323 0
31 500 86.6418147655749 0
31 700 63.91906983329 0
31 1000 68.613329558448 0
32 0 116.473017938383 0
32 200 102.126167395449 0
32 400 91.3430483041032 0
32 500 78.6897056195964 0
32 700 52.0412530857998 0
32 1000 39.2896365878468 0
33 0 139.317079328578 0
33 200 125.888294901972 0
33 400 71.3143572778759 0
33 500 80.5203179190216 0
33 700 57.6656535019775 0
33 1000 54.4359803055966 0
34 0 119.949592932035 0
34 200 109.966542267634 0
34 400 61.6521779992619 0
34 500 60.1017937369659 0
34 700 65.3320644434613 0
34 1000 17.1058712936593 0
35 0 132.154777854177 0
35 200 97.6356250759798 0
35 400 61.9960975670017 0
35 500 53.7009532198136 0
35 700 43.4383439071919 0
35 1000 32.5136618152317 0
36 0 145.201553056381 0
36 200 93.9260130991024 0
36 400 80.549350213359 0
36 500 81.5421506093412 0
36 700 52.8929653706425 0
36 1000 37.5303876446272 0
37 0 80.9207430689307 0
37 200 68.613345861177 0
37 400 71.7694208225943 0
37 500 47.2212267739606 0
37 700 56.4833768938657 0
37 1000 45.048197319873 0
38 0 90.4027493010252 0
38 200 138.448688099091 0
38 400 56.790665609574 0
38 500 63.9246725172335 0
38 700 70.4587556116083 0
38 1000 54.2692592793732 0
39 0 106.502962240334 0
39 200 99.4109927429341 0
39 400 45.6603162276066 0
39 500 47.4624826905522 0
39 700 41.6315236017528 0
39 1000 42.4024219651016 0
40 0 67.7806797996715 0
40 200 71.082087168863 0
40 400 74.6867653849209 0
40 500 61.4539336523897 0
40 700 52.7378521237016 0
40 1000 34.1897815861249 0
41 0 60.1868741233531 0
41 200 92.6706746685151 0
41 400 88.8972037225957 0
41 500 83.3146810199967 0
41 700 65.3284123328079 0
41 1000 43.0424243745598 0
42 0 86.9305772741637 0
42 200 52.0564966405659 0
42 400 58.5230608259547 0
42 500 46.8489066033653 0
42 700 39.3918168544252 0
42 1000 46.7980839125524 0
43 0 144.668318923346 0
43 200 91.9020026697753 0
43 400 90.0088695027594 0
43 500 70.8128790773288 0
43 700 59.016460410222 0
43 1000 59.4036246122794 0
44 0 90.8543807693253 0
44 200 68.2878984225549 0
44 400 74.5996928776636 0
44 500 76.9837068387898 0
44 700 36.0631773698315 0
44 1000 45.6644531135695 0
45 0 98.2136972622381 0
45 200 73.8449197591725 0
45 400 102.506073315125 0
45 500 61.6232104096095 0
45 700 49.8492569745284 0
45 1000 30.2898170972172 0
46 0 115.900707935541 0
46 200 86.6217841532167 0
46 400 57.8508338537055 0
46 500 65.5798622880438 0
46 700 45.9908779146766 0
46 1000 41.8211011939717 0
47 0 91.7481075919132 0
47 200 75.7005196772109 0
47 400 53.06456553037 0
47 500 61.7334334652374 0
47 700 39.9787135907793 0
47 1000 38.9673925194354 0
48 0 91.7171813151168 0
48 200 87.3164099447801 0
48 400 90.299666806606 0
48 500 90.3618240299605 0
48 700 75.3902005772521 0
48 1000 55.8569080950676 0
49 0 79.3709762424815 0
49 200 64.8725798215307 0
49 400 66.6417261260472 0
49 500 32.0422941568687 0
49 700 50.5148335382818 0
49 1000 34.0951444332964 0
50 0 100.41288899849 0
50 200 59.4666273697508 0
50 400 77.5972064484386 0
50 500 39.1702036350383 0
50 700 48.2924311196919 0
50 1000 43.0841522215824 0
51 0 58.490867032092 1
51 200 73.2804654674583 1
51 400 73.7279712677378 1
51 500 52.2001267334041 1
51 700 45.946250940024 1
51 1000 29.431926898908 1
52 0 129.88920750094 1
52 200 97.9230440885716 1
52 400 57.4369899116007 1
52 500 60.2180114121028 1
52 700 41.9806273049727 1
52 1000 55.5162890198722 1
53 0 123.270817578982 1
53 200 109.303391268717 1
53 400 75.7265598342705 1
53 500 68.6847979675742 1
53 700 69.5044341074947 1
53 1000 53.5503175288695 1
54 0 107.415109961057 1
54 200 98.4641648832753 1
54 400 65.7881199528733 1
54 500 65.7671259990893 1
54 700 39.2264676687759 1
54 1000 46.0017879931254 1
55 0 100.976888850588 1
55 200 103.11964411525 1
55 400 50.72158238315 1
55 500 54.7939864652917 1
55 700 44.3156797039507 1
55 1000 33.4283859150285 1
56 0 88.8182649837135 1
56 200 67.3456766825524 1
56 400 61.659276456754 1
56 500 40.673456086211 1
56 700 46.8059088376482 1
56 1000 29.1132631663373 1
57 0 122.460792631867 1
57 200 113.880822147263 1
57 400 66.8238817384625 1
57 500 61.4520103691964 1
57 700 61.2155046394926 1
57 1000 51.4198772536508 1
58 0 139.11173574118 1
58 200 161.619544255025 1
58 400 107.78410383319 1
58 500 91.3694515891922 1
58 700 70.4729386465858 1
58 1000 40.6188557331881 1
59 0 86.76287511823 1
59 200 83.8314969617989 1
59 400 72.34299751765 1
59 500 59.6244404588138 1
59 700 40.7923352466539 1
59 1000 33.4806610209724 1
60 0 81.569498664782 1
60 200 60.55059116201 1
60 400 38.4804452758944 1
60 500 23.7390421994901 1
60 700 38.899340951595 1
60 1000 18.0113549521556 1
61 0 112.785209262442 1
61 200 102.554093237779 1
61 400 91.0323555170352 1
61 500 71.6301233026956 1
61 700 50.3909770652905 1
61 1000 28.4593266701748 1
62 0 125.105267330595 1
62 200 65.1100410327145 1
62 400 76.1805243959578 1
62 500 53.9592307946689 1
62 700 36.8693314168141 1
62 1000 31.760846131228 1
63 0 89.473993604336 1
63 200 98.0705379754218 1
63 400 65.5053841124822 1
63 500 48.4791317883905 1
63 700 40.502439402011 1
63 1000 45.1549398235685 1
64 0 109.336612531573 1
64 200 72.8661514548401 1
64 400 39.2608101721999 1
64 500 51.8450646188122 1
64 700 32.4695949561967 1
64 1000 51.4073408305892 1
65 0 61.7253614846492 1
65 200 72.6030265038132 1
65 400 46.8085010247534 1
65 500 26.332741701666 1
65 700 43.5436862357859 1
65 1000 27.4478536509037 1
66 0 122.741470518017 1
66 200 86.6363938370621 1
66 400 58.3905685106144 1
66 500 29.4127458981984 1
66 700 35.0091201445696 1
66 1000 38.2145348838533 1
67 0 72.3588696453496 1
67 200 70.3920358167418 1
67 400 54.1732681331079 1
67 500 42.9252351517339 1
67 700 38.9599856116139 1
67 1000 40.6771008644115 1
68 0 83.9191120854037 1
68 200 64.9458735013136 1
68 400 74.6950265753108 1
68 500 48.1222024901835 1
68 700 40.0179746782943 1
68 1000 34.5960158828088 1
69 0 76.9830938712733 1
69 200 84.5724678691089 1
69 400 56.1850554350409 1
69 500 42.9465391401503 1
69 700 46.832045128791 1
69 1000 28.6640897501297 1
70 0 80.5416132070957 1
70 200 98.7851183814478 1
70 400 72.1184902855056 1
70 500 51.4907688500615 1
70 700 46.436195927493 1
70 1000 45.5056323490408 1
71 0 87.6672517722093 1
71 200 69.9249294834047 1
71 400 57.6885892429608 1
71 500 50.4774653692121 1
71 700 25.1774334440658 1
71 1000 44.9620070663955 1
72 0 113.244703408012 1
72 200 43.4349157632798 1
72 400 32.6301072669438 1
72 500 36.7092825634725 1
72 700 32.5339610126326 1
72 1000 34.7157027587089 1
73 0 78.226524101263 1
73 200 75.1623327139268 1
73 400 55.7213295607983 1
73 500 51.6977758481541 1
73 700 32.8015504116512 1
73 1000 37.132489169134 1
74 0 125.54337320529 1
74 200 52.7815029117827 1
74 400 39.0058230307704 1
74 500 47.2917172369741 1
74 700 36.2427832394693 1
74 1000 33.4487649561809 1
75 0 155.620789269452 1
75 200 79.1928183874433 1
75 400 37.7735377379336 1
75 500 52.1512030886214 1
75 700 51.1631381866918 1
75 1000 38.66094014258 1
76 0 79.9478255396149 1
76 200 79.6348209131153 1
76 400 33.8313626658956 1
76 500 44.4461411837202 1
76 700 41.7841694900712 1
76 1000 40.6231041611382 1
77 0 109.112784864633 1
77 200 77.5874802579274 1
77 400 33.4316353293527 1
77 500 36.9115504156344 1
77 700 32.5584081006979 1
77 1000 37.818074559437 1
78 0 135.483063737825 1
78 200 93.4600802664663 1
78 400 59.5031754723065 1
78 500 50.3027840378572 1
78 700 32.8832737636143 1
78 1000 47.1644482679653 1
79 0 58.4723933655716 1
79 200 91.1272890024108 1
79 400 69.911967862632 1
79 500 47.0966171316258 1
79 700 49.6819152142447 1
79 1000 35.9790497930705 1
80 0 132.468769439214 1
80 200 104.619412205843 1
80 400 91.6389964741869 1
80 500 70.7738446574849 1
80 700 32.7189444018137 1
80 1000 51.7558822324172 1
81 0 83.8614894245616 1
81 200 87.9355945207342 1
81 400 70.9335195996735 1
81 500 41.8953619459099 1
81 700 43.8060400136219 1
81 1000 40.987466163068 1
82 0 129.605052483658 1
82 200 98.070670162893 1
82 400 74.455113955427 1
82 500 64.7245074336266 1
82 700 64.0945391003711 1
82 1000 65.2889412336896 1
83 0 83.568452909747 1
83 200 122.716387898585 1
83 400 50.6441571209618 1
83 500 38.8087925797663 1
83 700 42.5993718334468 1
83 1000 55.0906925493853 1
84 0 53.4435189989183 1
84 200 66.0725448217858 1
84 400 41.3600984116085 1
84 500 33.8394617842428 1
84 700 32.5689384561991 1
84 1000 32.9541143379181 1
85 0 62.977759862486 1
85 200 77.5372412505435 1
85 400 63.0177916764594 1
85 500 65.0931514158501 1
85 700 37.1707399408145 1
85 1000 37.5058234370301 1
86 0 128.117422197455 1
86 200 85.8372158918316 1
86 400 70.7967244315183 1
86 500 39.6662499660705 1
86 700 59.9353924407776 1
86 1000 43.6701178073012 1
87 0 86.1269829343059 1
87 200 50.9210434822115 1
87 400 53.6065677684138 1
87 500 52.9807452532937 1
87 700 30.4568733771046 1
87 1000 49.0558728323338 1
88 0 95.9155568551265 1
88 200 87.602874559883 1
88 400 60.9483988247597 1
88 500 54.5610999366192 1
88 700 55.4306957979956 1
88 1000 29.2371878998068 1
89 0 105.606721967578 1
89 200 78.4922704022793 1
89 400 34.4838174032892 1
89 500 47.8921341307607 1
89 700 40.6893661315769 1
89 1000 45.8475170399353 1
90 0 127.01584396772 1
90 200 97.9792257304784 1
90 400 33.5168495736035 1
90 500 45.7454522619107 1
90 700 42.2465064936397 1
90 1000 49.7019586251193 1
91 0 90.5286431154064 1
91 200 51.555097975581 1
91 400 38.2511104509371 1
91 500 52.9292417622295 1
91 700 43.3669654627612 1
91 1000 38.7818476369591 1
92 0 153.002699015839 1
92 200 95.1659607139846 1
92 400 64.8061991053665 1
92 500 55.8635961366576 1
92 700 40.810337845042 1
92 1000 55.0914196230542 1
93 0 84.7446768931051 1
93 200 73.5070440043913 1
93 400 45.0920683825051 1
93 500 48.8991852090711 1
93 700 34.9117360611633 1
93 1000 36.144964113641 1
94 0 76.2527738832202 1
94 200 69.0011938890501 1
94 400 66.8488288032384 1
94 500 62.2628549203869 1
94 700 42.4429871103109 1
94 1000 43.9276568420836 1
95 0 102.582551800222 1
95 200 63.8390124150867 1
95 400 75.1896698114219 1
95 500 46.994559105728 1
95 700 52.7591362569069 1
95 1000 30.6403629498978 1
96 0 118.233221715031 1
96 200 92.6236821063937 1
96 400 49.743533996849 1
96 500 57.5104410465511 1
96 700 55.3198806047284 1
96 1000 48.9629567664895 1
97 0 79.4530650521962 1
97 200 55.4368373596214 1
97 400 36.2369348053008 1
97 500 38.8989244487196 1
97 700 32.8658102142046 1
97 1000 28.7844203522145 1
98 0 102.894033669382 1
98 200 82.7327849153314 1
98 400 52.20581064113 1
98 500 58.8998413465599 1
98 700 35.1966037439181 1
98 1000 40.5025761622422 1
99 0 79.5571628361803 1
99 200 63.7910158087315 1
99 400 49.7565442236352 1
99 500 63.4915036322973 1
99 700 37.0917228443542 1
99 1000 38.6420734335127 1
100 0 42.4128186256189 1
100 200 60.0831637741571 1
100 400 31.2778805587296 1
100 500 43.3533410412578 1
100 700 30.5693152330449 1
100 1000 30.831167000159 1
