id dose eff group
1 0 78.6055219079629 0
1 200 106.682987959392 0
1 400 70.7032399915987 0
1 500 49.5140743339067 0
1 700 51.1533279699704 0
1 1000 43.783300143276 0
2 0 109.99839335713 0
2 200 108.275393668888 0
2 400 76.1148370173434 0
2 500 57.0923614148598 0
2 700 41.7727232157262 0
2 1000 42.6118730207063 0
3 0 95.2530775054098 0
3 200 51.260855466149 0
3 400 85.2827964786632 0
3 500 60.7295036746663 0
3 700 53.6277700545081 0
3 1000 41.901289249952 0
4 0 107.979412125456 0
4 200 117.151072182368 0
4 400 57.0597798866934 0
4 500 67.849325377185 0
4 700 88.7660668316411 0
4 1000 45.7768839081777 0
5 0 101.376793584932 0
5 200 89.2529894647545 0
5 400 63.0845583035863 0
5 500 77.8763363694169 0
5 700 62.9448762681731 0
5 1000 52.7294898841967 0
6 0 103.394310771519 0
6 200 53.6339888331479 0
6 400 127.225429207586 0
6 500 106.227828610657 0
6 700 80.1251263523755 0
6 1000 93.5506257499652 0
7 0 81.2137564217179 0
7 200 111.574445215555 0
7 400 93.4483132034807 0
7 500 75.5789536927775 0
7 700 69.6082327703767 0
7 1000 56.639234785037 0
8 0 83.6616832180482 0
8 200 124.498830310463 0
8 400 78.9632172949765 0
8 500 87.4906647630395 0
8 700 72.2752478133262 0
8 1000 47.0274903162412 0
9 0 108.253483427436 0
9 200 87.726220251667 0
9 400 63.0489565709355 0
9 500 58.5761213285124 0
9 700 26.066274555801 0
9 1000 45.2549356373208 0
10 0 99.1214235551407 0
10 200 85.8685791614269 0
10 400 59.3653190976578 0
10 500 43.9354831349983 0
10 700 35.7351681085438 0
10 1000 45.2331903413003 0
11 0 140.147595962872 0
11 200 98.2174190599151 0
11 400 63.8934240948031 0
11 500 62.8497794622222 0
11 700 67.8501276401526 0
11 1000 48.2146633640629 0
12 0 95.5915081314706 0
12 200 111.351152787992 0
12 400 74.7960219280315 0
12 500 71.9821515348377 0
12 700 62.7475926142951 0
12 1000 52.6797949372115 0
13 0 118.651464541957 0
13 200 127.776743053602 0
13 400 64.3269164176483 0
13 500 65.8423571214679 0
13 700 47.6020384737606 0
13 1000 36.9574651519678 0
14 0 85.9747803184848 0
14 200 49.5786924831938 0
14 400 64.5359084651198 0
14 500 64.343273210678 0
14 700 50.5680287405872 0
14 1000 45.4617697029618 0
15 0 122.706122762463 0
15 200 121.476446481057 0
15 400 103.101108133466 0
15 500 75.1614022533669 0
15 700 91.6385136041781 0
15 1000 77.2610021837715 0
16 0 87.3359459491831 0
16 200 83.8633266287116 0
16 400 41.8112412884498 0
16 500 86.324007582899 0
16 700 61.0212845098461 0
16 1000 46.9590948947058 0
17 0 97.2069817330287 0
17 200 120.58152870059 0
17 400 86.8400249539187 0
17 500 48.2426904541715 0
17 700 53.6765704871099 0
17 1000 53.8394745778054 0
18 0 60.7408222529526 0
18 200 48.1588011208855 0
18 400 48.1211206016826 0
18 500 45.1627523464455 0
18 700 50.6544132401642 0
18 1000 30.9148058542549 0
19 0 125.844099638392 0
19 200 77.2652975399381 0
19 400 89.3181904193272 0
19 500 108.743724791033 0
19 700 58.0020189980611 0
19 1000 82.7928392051492 0
20 0 69.2403604030566 0
20 200 77.5148750306473 0
20 400 56.4259005117695 0
20 500 55.5562217216269 0
20 700 50.7887641684165 0
20 1000 34.2511006750717 0
21 0 103.853368626527 0
21 200 93.0312430146769 0
21 400 61.228351920976 0
21 500 71.9517847829507 0
21 700 48.6764741829314 0
21 1000 35.1258687162377 0
22 0 122.305611052846 0
22 200 127.620401692351 0
22 400 73.1065545594723 0
22 500 53.5945840999267 0
22 700 38.2791721116878 0
22 1000 50.0997762772843 0
23 0 109.483201452795 0
23 200 98.0474245328428 0
23 400 87.7458894635074 0
23 500 83.6390955006724 0
23 700 61.1226409364591 0
23 1000 32.3902593406612 0
24 0 102.433541011589 0
24 200 110.289295448611 0
24 400 110.79134180467 0
24 500 91.938696228709 0
24 700 56.8623092735375 0
24 1000 39.9516980620158 0
25 0 84.994763220088 0
25 200 123.7555054197 0
25 400 65.2278352909231 0
25 500 45.5916992005105 0
25 700 42.7012187072635 0
25 1000 45.6661076725257 0
26 0 125.651247571814 0
26 200 148.70647466715 0
26 400 78.1528459898378 0
26 500 80.6588970515097 0
26 700 74.8300454374536 0
26 1000 50.5614764748066 0
27 0 69.7721699321041 0
27 200 79.2131988283009 0
27 400 66.9229527119722 0
27 500 59.5876298544156 0
27 700 45.4980910058561 0
27 1000 30.7898483446751 0
28 0 162.417193025916 0
28 200 146.911109619289 0
28 400 145.170674953097 0
28 500 104.280760307995 0
28 700 80.6733169374505 0
28 1000 69.9943173637455 0
29 0 164.723445649348 0
29 200 119.222292262067 0
29 400 85.8132800122579 0
29 500 93.0848956825004 0
29 700 74.3781330027455 0
29 1000 73.13635058833 0
30 0 134.280212894939 0
30 200 62.7584341099918 0
30 400 49.828966550891 0
30 500 33.087359935167 0
30 700 37.0727662160015 0
30 1000 22.9375166702259 0
31 0 58.2319473811213 0
31 200 66.2331062092944 0
31 400 52.2102394483571 0
31 500 41.190179986358 0
31 700 34.270818372648 0
31 1000 24.0799896780033 0
32 0 113.507566363765 0
32 200 60.8641776674563 0
32 400 54.7568007670676 0
32 500 114.741790387189 0
32 700 94.409537012595 0
32 1000 67.5525830143238 0
33 0 74.1957460689023 0
33 200 109.647692868612 0
33 400 78.2819743356048 0
33 500 55.5132901750381 0
33 700 49.1303339168474 0
33 1000 54.2332937205378 0
34 0 76.9767872112689 0
34 200 73.5451642813343 0
34 400 86.2283178017805 0
34 500 72.0020589803373 0
34 700 50.2765837760999 0
34 1000 36.5756349062959 0
35 0 121.192782528036 0
35 200 85.3320995667308 0
35 400 60.6870569965485 0
35 500 68.808850472278 0
35 700 34.8154787117938 0
35 1000 60.2515658026566 0
36 0 90.4056813779292 0
36 200 78.8722747142648 0
36 400 45.4320285716921 0
36 500 44.4720644615215 0
36 700 38.5486778365512 0
36 1000 37.7510059944911 0
37 0 126.39362617073 0
37 200 66.3686122557178 0
37 400 67.9873456841288 0
37 500 68.5128718690891 0
37 700 54.0565154704143 0
37 1000 30.3378814795372 0
38 0 63.301965798075 0
38 200 89.2819746829731 0
38 400 94.0622986816648 0
38 500 57.5155421149009 0
38 700 71.7386484959623 0
38 1000 49.5927428926947 0
39 0 88.3099018149627 0
39 200 79.8898823148495 0
39 400 57.613802052535 0
39 500 38.0625940139978 0
39 700 33.2497239705056 0
39 1000 31.2497120550331 0
40 0 53.9112071871536 0
40 200 76.4354818445327 0
40 400 60.5722124863271 0
40 500 45.7934068366782 0
40 700 45.8568081846439 0
40 1000 40.2952136510211 0
41 0 63.615635290211 0
41 200 74.9781918672929 0
41 400 43.4258021186138 0
41 500 56.8495491953928 0
41 700 51.2176859781788 0
41 1000 32.9325227214795 0
42 0 100.999602427763 0
42 200 31.0905638721991 0
42 400 82.3471367015458 0
42 500 73.4632289923102 0
42 700 43.8643757160265 0
42 1000 49.8751196536541 0
43 0 120.458661853709 0
43 200 114.031282995544 0
43 400 85.7251851229135 0
43 500 56.7728147665862 0
43 700 54.9677850001114 0
43 1000 66.2903694027849 0
44 0 137.487418088567 0
44 200 80.5093941016066 0
44 400 48.7329153206115 0
44 500 77.6662231606108 0
44 700 84.0870321798066 0
44 1000 53.3492761963842 0
45 0 42.0666990305162 0
45 200 100.423466011781 0
45 400 81.672372032764 0
45 500 70.0224959747064 0
45 700 51.7277454229213 0
45 1000 50.0434067983324 0
46 0 97.3878662955879 0
46 200 74.5710656899753 0
46 400 60.2083860017859 0
46 500 62.6081584507141 0
46 700 47.2169912423271 0
46 1000 43.1429809896137 0
47 0 100.994642383964 0
47 200 119.303042038057 0
47 400 107.427480726174 0
47 500 102.848705622465 0
47 700 108.363624221127 0
47 1000 87.2550706219804 0
48 0 111.500174634575 0
48 200 111.381529614588 0
48 400 63.5619364829894 0
48 500 36.7228255927239 0
48 700 43.1434257596368 0
48 1000 20.6702820097891 0
49 0 113.201587762304 0
49 200 91.079267269566 0
49 400 66.5401753071194 0
49 500 76.1711098239059 0
49 700 66.8277459959085 0
49 1000 51.1355896756652 0
50 0 119.11495258688 0
50 200 77.5802065612272 0
50 400 49.9658933538232 0
50 500 42.1672550381586 0
50 700 39.8294007687968 0
50 1000 41.1606019895637 0
51 0 97.3571501109317 1
51 200 92.3669871374502 1
51 400 42.6274856286108 1
51 500 54.6254982247332 1
51 700 36.8999162917205 1
51 1000 39.8154655747382 1
52 0 76.0532405976982 1
52 200 87.9699885473699 1
52 400 36.6165200123946 1
52 500 69.4491135423236 1
52 700 46.0602268547213 1
52 1000 29.4212843575275 1
53 0 144.199783401621 1
53 200 96.1173550932422 1
53 400 53.3372887999757 1
53 500 44.4296484170198 1
53 700 38.1746674632051 1
53 1000 48.2738646591515 1
54 0 134.932948050962 1
54 200 49.6474415907382 1
54 400 66.9679980991059 1
54 500 47.2355829618452 1
54 700 41.8550755563834 1
54 1000 37.3181183002391 1
55 0 121.228293187208 1
55 200 72.2379879695151 1
55 400 64.6520545685523 1
55 500 27.1577764300347 1
55 700 34.4937670180093 1
55 1000 23.8307039144017 1
56 0 70.7351532476488 1
56 200 91.1325812584714 1
56 400 73.8343885736742 1
56 500 56.1182942167448 1
56 700 48.4504240468495 1
56 1000 31.2468953340808 1
57 0 86.0200241651108 1
57 200 82.1691519933781 1
57 400 41.8280844731713 1
57 500 35.090798773862 1
57 700 37.5746897771728 1
57 1000 34.8196179561636 1
58 0 120.009855207012 1
58 200 88.6421296331006 1
58 400 49.5654713458278 1
58 500 53.4177983792584 1
58 700 47.8720523722159 1
58 1000 28.3551133129882 1
59 0 104.253291355823 1
59 200 126.389115708468 1
59 400 64.8359906316169 1
59 500 66.4038387076857 1
59 700 51.1311108872612 1
59 1000 52.4330062443995 1
60 0 138.586103709949 1
60 200 83.6993592622752 1
60 400 87.014382096738 1
60 500 45.3422359099288 1
60 700 42.3167527876747 1
60 1000 34.3055409043812 1
61 0 72.2710883778092 1
61 200 64.6681145207301 1
61 400 87.4883056212191 1
61 500 49.6912274158168 1
61 700 48.7752848010857 1
61 1000 35.0621681997716 1
62 0 93.550485335795 1
62 200 98.8443001867093 1
62 400 35.7298392200752 1
62 500 61.03919896276 1
62 700 50.837829118784 1
62 1000 22.7033348393368 1
63 0 95.3768720026925 1
63 200 96.1502588463324 1
63 400 67.9888047556159 1
63 500 69.7460590181752 1
63 700 47.8839660554447 1
63 1000 48.1917573635313 1
64 0 86.1742585706417 1
64 200 60.54230181273 1
64 400 39.2651486060563 1
64 500 44.1260364176688 1
64 700 34.9025312937672 1
64 1000 44.0499664654589 1
65 0 109.039647564569 1
65 200 57.9230255500009 1
65 400 52.7073823889101 1
65 500 31.8957462031635 1
65 700 29.1405136757927 1
65 1000 36.4788053246641 1
66 0 81.5647784293902 1
66 200 82.5143448722333 1
66 400 53.6155215431516 1
66 500 37.4029285645056 1
66 700 39.5553369558521 1
66 1000 38.2343094150993 1
67 0 115.377755755321 1
67 200 73.4124346015103 1
67 400 36.9831250762379 1
67 500 62.8360892251726 1
67 700 50.007972817548 1
67 1000 41.6350707309432 1
68 0 77.3088882971232 1
68 200 68.2331196730297 1
68 400 42.3854594189808 1
68 500 31.561149702151 1
68 700 26.8472892144171 1
68 1000 24.1063331245946 1
69 0 123.491789357578 1
69 200 85.222438630228 1
69 400 72.7194306376737 1
69 500 59.048031527595 1
69 700 34.3075250054076 1
69 1000 44.7944415915265 1
70 0 116.38729639224 1
70 200 106.767796763297 1
70 400 56.9423626958803 1
70 500 53.0351254277596 1
70 700 50.9965361317476 1
70 1000 30.7499022121826 1
71 0 91.4949450885327 1
71 200 121.253008010201 1
71 400 72.7762344111676 1
71 500 41.647527511022 1
71 700 51.2055131712213 1
71 1000 26.7068437526634 1
72 0 71.1831731145732 1
72 200 85.4699732999931 1
72 400 54.5171478503479 1
72 500 43.5004139696625 1
72 700 22.5987425576841 1
72 1000 35.5870298563872 1
73 0 152.221156322695 1
73 200 104.890165382517 1
73 400 63.010171970912 1
73 500 69.8892913686023 1
73 700 66.0068196866966 1
73 1000 34.7357077120554 1
74 0 106.563246821756 1
74 200 84.7304284984165 1
74 400 66.9765608251414 1
74 500 44.3885770556005 1
74 700 41.2366861086105 1
74 1000 25.3871449749751 1
75 0 107.06619125254 1
75 200 98.9569298768546 1
75 400 46.2159509694684 1
75 500 36.354282070509 1
75 700 53.8160700628106 1
75 1000 36.8936066186227 1
76 0 138.614869321464 1
76 200 130.900172191838 1
76 400 79.9638552503489 1
76 500 89.1112435475091 1
76 700 52.411713059306 1
76 1000 52.8385803227663 1
77 0 97.28917523206 1
77 200 63.5375638872601 1
77 400 32.8528142321194 1
77 500 51.2452131400814 1
77 700 34.8644063969642 1
77 1000 36.1946511117429 1
78 0 86.1173540630488 1
78 200 92.8215530577745 1
78 400 56.9934112673431 1
78 500 59.8761710348867 1
78 700 48.2551824367909 1
78 1000 44.3794069655254 1
79 0 107.106662385837 1
79 200 91.1536572501376 1
79 400 70.9487122032665 1
79 500 65.3582716926859 1
79 700 39.0860535101158 1
79 1000 43.3888468533046 1
80 0 90.1902318741895 1
80 200 95.8447690947352 1
80 400 40.5718278542592 1
80 500 42.7598891331179 1
80 700 39.9284933378885 1
80 1000 39.4159756296951 1
81 0 114.91543637795 1
81 200 53.9183305489003 1
81 400 53.9718304912284 1
81 500 31.2525572356717 1
81 700 37.0995891706802 1
81 1000 49.4531446481098 1
82 0 73.2224618848063 1
82 200 47.8861624003682 1
82 400 45.579512824061 1
82 500 36.9623384653394 1
82 700 52.4215437945773 1
82 1000 27.564586430997 1
83 0 79.4027613015656 1
83 200 54.8377726475796 1
83 400 37.8588158635251 1
83 500 40.2015616513553 1
83 700 46.4177279494339 1
83 1000 30.2851456209624 1
84 0 89.1551807772031 1
84 200 88.7314679987821 1
84 400 96.1403842900936 1
84 500 37.0056693562053 1
84 700 69.6599184567485 1
84 1000 50.0672392702311 1
85 0 75.9263057970235 1
85 200 65.7994371792044 1
85 400 51.6575626585143 1
85 500 27.4594235156049 1
85 700 26.8222686244044 1
85 1000 27.346252724646 1
86 0 116.352770749075 1
86 200 74.6762401677355 1
86 400 63.5260270013565 1
86 500 67.5521682844889 1
86 700 38.6265704728751 1
86 1000 40.6118195434694 1
87 0 76.0553318432391 1
87 200 51.726987675092 1
87 400 50.425329821318 1
87 500 47.2245754772861 1
87 700 35.6035625104269 1
87 1000 30.383766035662 1
88 0 123.925375378276 1
88 200 79.2057910171525 1
88 400 36.389424943484 1
88 500 37.5991875488039 1
88 700 38.722443984215 1
88 1000 49.8120651907462 1
89 0 84.2688897433474 1
89 200 47.72799849992 1
89 400 55.1423516096967 1
89 500 70.3227198605502 1
89 700 42.641979630025 1
89 1000 37.6898537289256 1
90 0 137.140014136756 1
90 200 69.6999772670304 1
90 400 78.7065882693309 1
90 500 77.2686765546048 1
90 700 51.6701929506168 1
90 1000 42.8445118621119 1
91 0 142.139501210088 1
91 200 100.589024723423 1
91 400 63.2165582385703 1
91 500 56.0607333569132 1
91 700 35.8485576081556 1
91 1000 26.6626844824227 1
92 0 127.138278673493 1
92 200 70.3079341485363 1
92 400 50.2559205914861 1
92 500 37.171760104999 1
92 700 47.6199394846116 1
92 1000 28.1782276059549 1
93 0 97.2596281728389 1
93 200 51.0674023908128 1
93 400 48.2182692292985 1
93 500 48.8036830196234 1
93 700 40.7208255008229 1
93 1000 23.9233904753341 1
94 0 69.6158023191176 1
94 200 40.2300328608979 1
94 400 46.5825921726944 1
94 500 37.5470452234818 1
94 700 33.7262807415543 1
94 1000 36.2156932095695 1
95 0 76.763076399221 1
95 200 79.8753898691528 1
95 400 63.013450816049 1
95 500 60.0365974720909 1
95 700 37.9039727389517 1
95 1000 43.9741691762251 1
96 0 98.3902908108521 1
96 200 106.093671936314 1
96 400 57.0759696775044 1
96 500 51.4038819037841 1
96 700 53.7271555172296 1
96 1000 30.1808227287726 1
97 0 117.867288366916 1
97 200 90.4575871105437 1
97 400 79.625246651102 1
97 500 70.1901161598919 1
97 700 52.5846712153547 1
97 1000 39.0001432716801 1
98 0 97.3009700837009 1
98 200 56.4205417563039 1
98 400 84.29785638007 1
98 500 67.6948651613101 1
98 700 49.2220419505027 1
98 1000 27.7518832021315 1
99 0 87.0476603921499 1
99 200 89.3086132967367 1
99 400 69.0242203310763 1
99 500 52.7719561989742 1
99 700 47.2828746898632 1
99 1000 34.9768023576062 1
100 0 87.4011011951019 1
100 200 78.6550718619228 1
100 400 46.0352895349922 1
100 500 49.7936733722048 1
100 700 37.5960822383697 1
100 1000 32.8968007147874 1
