id dose eff group
1 0 118.107105740858 0
1 200 121.738499515782 0
1 400 61.4543601916939 0
1 500 50.6396341366783 0
1 700 54.5718595500763 0
1 1000 26.411790142039 0
2 0 81.3595440099988 0
2 200 101.719327152893 0
2 400 76.9167309965153 0
2 500 63.5411828695457 0
2 700 72.8841137434939 0
2 1000 41.9547256652402 0
3 0 103.568684274708 0
3 200 79.2196324712496 0
3 400 65.0343315313427 0
3 500 77.0825774112908 0
3 700 62.1440816807975 0
3 1000 62.0791503934879 0
4 0 100.837630791161 0
4 200 87.8684304455361 0
4 400 70.3777445178262 0
4 500 47.9651445417679 0
4 700 57.3216748126297 0
4 1000 34.2069918321166 0
5 0 68.7275463302838 0
5 200 82.1965210740363 0
5 400 76.367699791233 0
5 500 38.4646273375392 0
5 700 43.7556181725912 0
5 1000 31.2393082351443 0
6 0 67.7211502983935 0
6 200 95.7803786634732 0
6 400 85.2708219711443 0
6 500 53.0645853883087 0
6 700 43.5262847574257 0
6 1000 39.6058134448873 0
7 0 114.983401720469 0
7 200 113.033813867064 0
7 400 93.1944884508252 0
7 500 55.5880322854418 0
7 700 63.4470315454939 0
7 1000 32.4699348486919 0
8 0 114.992613589822 0
8 200 61.9247870340092 0
8 400 62.3727355374316 0
8 500 54.198476289686 0
8 700 52.1246785681426 0
8 1000 60.2698192935313 0
9 0 105.660176174681 0
9 200 68.7170442437855 0
9 400 67.2235979116083 0
9 500 58.0277670247975 0
9 700 41.5864880467324 0
9 1000 34.7789639293166 0
10 0 79.0369884775119 0
10 200 86.6438432315823 0
10 400 86.2746035023487 0
10 500 58.5216313291366 0
10 700 48.4190941779834 0
10 1000 45.0232030322558 0
11 0 52.7714487283907 0
11 200 81.2225469522021 0
11 400 76.4313447089949 0
11 500 57.1431474967272 0
11 700 54.9497098651553 0
11 1000 41.5650667860052 0
12 0 79.4153480858837 0
12 200 67.9047368530196 0
12 400 65.3805037393138 0
12 500 67.9276996297463 0
12 700 44.7306537767277 0
12 1000 45.4885718856105 0
13 0 101.340357705991 0
13 200 102.937559853085 0
13 400 93.4653234422778 0
13 500 100.71356066129 0
13 700 64.4634984514933 0
13 1000 58.8046818378957 0
14 0 104.137920739147 0
14 200 80.6280088483842 0
14 400 68.8967222828056 0
14 500 32.2305037447939 0
14 700 32.4507848033377 0
14 1000 53.3647688531212 0
15 0 112.69867324551 0
15 200 114.150318556417 0
15 400 61.9535492698523 0
15 500 55.7800086193402 0
15 700 39.6141541255223 0
15 1000 35.0423597297715 0
16 0 65.8190641121891 0
16 200 126.61534920301 0
16 400 84.8259993738515 0
16 500 79.3752547807873 0
16 700 54.4144600979627 0
16 1000 62.6461344808001 0
17 0 85.2948473068485 0
17 200 88.4246252296792 0
17 400 67.2326563003532 0
17 500 73.5956193794779 0
17 700 67.4008728617633 0
17 1000 50.8367373190645 0
18 0 73.8287857875858 0
18 200 74.1871144170643 0
18 400 43.0171831437974 0
18 500 73.6575806653386 0
18 700 72.6893498407971 0
18 1000 38.4311843759854 0
19 0 82.3153129914148 0
19 200 73.4471920021048 0
19 400 84.5642168605313 0
19 500 64.7870380096019 0
19 700 42.3813431508009 0
19 1000 47.4556172753646 0
20 0 95.5249082900417 0
20 200 55.244756072921 0
20 400 54.4517055194161 0
20 500 37.7205223179838 0
20 700 40.7907072633933 0
20 1000 33.8433521609157 0
21 0 112.490997461593 0
21 200 134.572646771682 0
21 400 93.3252303913729 0
21 500 77.5034022901461 0
21 700 50.812831206429 0
21 1000 59.6625668980225 0
22 0 91.9539364712186 0
22 200 56.3858431111642 0
22 400 44.27746693528 0
22 500 51.5229498584126 0
22 700 40.4956718330944 0
22 1000 34.9962340178191 0
23 0 107.112061276368 0
23 200 86.2121596260371 0
23 400 83.6297982737091 0
23 500 63.9886100029989 0
23 700 47.005879924703 0
23 1000 43.3481553495615 0
24 0 93.4470287614405 0
24 200 56.005512377721 0
24 400 53.7011749891801 0
24 500 55.0326536450814 0
24 700 29.1548152307622 0
24 1000 49.2380572682231 0
25 0 98.0381377429155 0
25 200 80.233666175969 0
25 400 109.320804320783 0
25 500 59.1939981613072 0
25 700 62.9233518946563 0
25 1000 52.0108596897043 0
26 0 99.8799432826724 0
26 200 86.5772368258535 0
26 400 39.8169173235324 0
26 500 58.6708079680314 0
26 700 42.6972983954509 0
26 1000 30.5378423726104 0
27 0 100.278321555902 0
27 200 85.7046822009364 0
27 400 86.7215384676224 0
27 500 92.3676933797058 0
27 700 66.6496419121388 0
27 1000 60.0070103712219 0
28 0 131.302261898853 0
28 200 152.446351167654 0
28 400 72.5004541279204 0
28 500 96.4411753846734 0
28 700 69.9316014662548 0
28 1000 54.4471684950768 0
29 0 87.21358262065 0
29 200 78.7249412427977 0
29 400 71.2583653731388 0
29 500 49.7327663297694 0
29 700 44.2578598327375 0
29 1000 58.9118509078759 0
30 0 74.4556950461035 0
30 200 91.073497466387 0
30 400 70.9408655666654 0
30 500 68.0676302001415 0
30 700 67.5250875779119 0
30 1000 41.8117086666976 0
31 0 103.807190699427 0
31 200 87.9450454124151 0
31 400 101.82168913185 0
31 500 56.6863759114584 0
31 700 54.0859529529763 0
31 1000 56.6569580624192 0
32 0 93.6011124769846 0
32 200 86.2999148724454 0
32 400 64.4019507136169 0
32 500 80.7379957975478 0
32 700 57.0711602122149 0
32 1000 37.1398520797044 0
33 0 102.969199356192 0
33 200 95.8451949930666 0
33 400 98.4433092118293 0
33 500 51.8754811565113 0
33 700 83.768434381147 0
33 1000 59.7162353915397 0
34 0 114.536313872432 0
34 200 61.1086789830781 0
34 400 75.2291842773362 0
34 500 61.9677660501804 0
34 700 50.3969822329216 0
34 1000 28.638309533786 0
35 0 86.3484229013805 0
35 200 63.666861067642 0
35 400 28.7869097730626 0
35 500 57.3651872595832 0
35 700 41.6167169843469 0
35 1000 25.3813821289375 0
36 0 108.708738725981 0
36 200 103.482313070332 0
36 400 56.7266510372448 0
36 500 61.935500535559 0
36 700 47.6834994376665 0
36 1000 43.9893111594201 0
37 0 80.7635422179943 0
37 200 114.233293453176 0
37 400 66.6192953353948 0
37 500 89.8318988110905 0
37 700 58.0203190297867 0
37 1000 44.9469712835372 0
38 0 86.4220629188966 0
38 200 89.4089537496618 0
38 400 58.6630133978616 0
38 500 46.8423655698396 0
38 700 44.661415463679 0
38 1000 22.1176320772479 0
39 0 100.11457713467 0
39 200 105.989023359234 0
39 400 65.9862889062172 0
39 500 47.8949032682288 0
39 700 54.1039433570995 0
39 1000 33.3801207038177 0
40 0 102.329957874218 0
40 200 153.498791409839 0
40 400 94.1760486581433 0
40 500 97.9917313631392 0
40 700 38.5565534868587 0
40 1000 49.5107412674383 0
41 0 99.0335713361799 0
41 200 76.9340341895187 0
41 400 53.8531056149302 0
41 500 75.6696299356072 0
41 700 56.0196107593549 0
41 1000 38.8465169415224 0
42 0 121.3004961882 0
42 200 65.2009993862134 0
42 400 51.8230912802064 0
42 500 68.1375668991497 0
42 700 34.9405519979931 0
42 1000 28.7304303771177 0
43 0 106.447633800199 0
43 200 83.7791168789733 0
43 400 96.9137192639583 0
43 500 88.5103823577633 0
43 700 56.7328970897433 0
43 1000 44.7114948749238 0
44 0 66.8890135529623 0
44 200 77.7388177986318 0
44 400 87.0831431264096 0
44 500 72.2160814363211 0
44 700 40.5753166749799 0
44 1000 38.2078639768586 0
45 0 72.9395201504413 0
45 200 103.174315301135 0
45 400 66.4705369440377 0
45 500 59.9520379360337 0
45 700 56.7082493472765 0
45 1000 60.4822368570331 0
46 0 74.09615883886 0
46 200 72.2715524474063 0
46 400 66.1659620904429 0
46 500 65.7807389491649 0
46 700 39.4819263864961 0
46 1000 32.9392105874585 0
47 0 90.2964876217015 0
47 200 81.7780229205296 0
47 400 58.2504616062161 0
47 500 44.3168204152146 0
47 700 47.5287715857773 0
47 1000 27.1187088633678 0
48 0 106.757645867213 0
48 200 80.8126795410315 0
48 400 88.4579807034026 0
48 500 22.8556319945875 0
48 700 43.0085743016694 0
48 1000 34.8364437125961 0
49 0 88.0547069021143 0
49 200 87.51090545779 0
49 400 59.3166352747386 0
49 500 50.7697463212752 0
49 700 37.2998342287634 0
49 1000 43.2903613851258 0
50 0 86.9324167223274 0
50 200 106.856775069052 0
50 400 73.9487317019524 0
50 500 43.9927344632702 0
50 700 54.761932650293 0
50 1000 41.3014828019643 0
51 0 113.48545391647 1
51 200 67.2495244629644 1
51 400 46.4957225782072 1
51 500 32.2738253084714 1
51 700 42.5037863098726 1
51 1000 35.6596149258269 1
52 0 96.8495079114432 1
52 200 146.06809027393 1
52 400 39.8710879127115 1
52 500 42.3026142957333 1
52 700 50.4887533066224 1
52 1000 33.6110753206111 1
53 0 103.43657542098 1
53 200 86.2163600392032 1
53 400 47.1536472803465 1
53 500 48.9990248771698 1
53 700 48.2573677135156 1
53 1000 30.2790117731632 1
54 0 91.2370897900694 1
54 200 91.4707927269691 1
54 400 99.5818552341096 1
54 500 67.5729662386077 1
54 700 36.5248842204621 1
54 1000 31.2284957556289 1
55 0 84.0426642381757 1
55 200 75.9966189175978 1
55 400 70.9453870289888 1
55 500 45.243228866142 1
55 700 33.3456628031784 1
55 1000 37.7169171226012 1
56 0 131.996871917692 1
56 200 92.9265128768147 1
56 400 64.7269952297665 1
56 500 45.5599295693601 1
56 700 38.9407039762668 1
56 1000 44.6468044550085 1
57 0 95.9067344364477 1
57 200 72.6936912349827 1
57 400 51.5258713055869 1
57 500 53.8790888659039 1
57 700 37.9371516557303 1
57 1000 35.0692454399327 1
58 0 69.3950448587714 1
58 200 95.8984137061295 1
58 400 59.1986629349806 1
58 500 46.8547098882157 1
58 700 44.2272812645732 1
58 1000 43.7491000475258 1
59 0 128.060870104568 1
59 200 84.3789877653878 1
59 400 51.84922290637 1
59 500 54.3763021901092 1
59 700 45.4846953154748 1
59 1000 45.3100798565603 1
60 0 96.1913937806843 1
60 200 98.3209310380211 1
60 400 65.5108719757474 1
60 500 42.4238730472881 1
60 700 47.7959505621681 1
60 1000 35.1887883361502 1
61 0 96.9335625138077 1
61 200 75.5019484917838 1
61 400 45.6425948650746 1
61 500 38.3951365906502 1
61 700 29.431167176996 1
61 1000 36.4602960992615 1
62 0 125.665623427159 1
62 200 84.2338122800629 1
62 400 83.8851535750098 1
62 500 55.6657521586239 1
62 700 46.1929975057644 1
62 1000 50.3159423526268 1
63 0 146.388994458858 1
63 200 81.8957747566427 1
63 400 53.1405390495854 1
63 500 40.7380985978401 1
63 700 38.1335856230629 1
63 1000 41.7733784660497 1
64 0 147.367216613739 1
64 200 60.7281553282787 1
64 400 59.4187760193061 1
64 500 32.2381193434232 1
64 700 46.8791948772684 1
64 1000 28.1815658750164 1
65 0 76.7948900132294 1
65 200 75.3709917943749 1
65 400 59.6591385499045 1
65 500 44.0377583919351 1
65 700 30.328921412034 1
65 1000 34.7572524739755 1
66 0 138.995897731425 1
66 200 74.8041042976682 1
66 400 83.5201743345116 1
66 500 56.3775948417179 1
66 700 51.2149854755665 1
66 1000 36.2344942895153 1
67 0 97.9833359323476 1
67 200 65.2292961048625 1
67 400 47.5273796335813 1
67 500 37.9851538824417 1
67 700 36.313420887653 1
67 1000 26.8578210563149 1
68 0 91.821702724805 1
68 200 56.6438624879382 1
68 400 49.2297236964345 1
68 500 64.2083544520264 1
68 700 22.9666969006597 1
68 1000 31.9322537809949 1
69 0 102.083805227289 1
69 200 74.6757534868078 1
69 400 55.9949953111319 1
69 500 55.2692034128164 1
69 700 36.630939763223 1
69 1000 30.2954701560354 1
70 0 117.045786563203 1
70 200 87.696847518993 1
70 400 43.8527157773044 1
70 500 38.2120200540052 1
70 700 46.371201414982 1
70 1000 48.4119340573579 1
71 0 99.2108385800525 1
71 200 51.6060000004106 1
71 400 49.4875686116456 1
71 500 37.2773700148691 1
71 700 35.9323041887072 1
71 1000 23.6589730269854 1
72 0 83.7206674648272 1
72 200 87.0259535952612 1
72 400 64.6980338956249 1
72 500 51.8021764886539 1
72 700 22.1870008998867 1
72 1000 46.5030783816384 1
73 0 69.4052203307333 1
73 200 85.8687450204559 1
73 400 53.3251801906232 1
73 500 38.8955649830427 1
73 700 29.4888092118514 1
73 1000 32.922767570971 1
74 0 139.395476268156 1
74 200 108.696148699845 1
74 400 70.1014673635693 1
74 500 27.2799311993943 1
74 700 39.7015648979937 1
74 1000 40.8434803068707 1
75 0 83.2981149738783 1
75 200 73.7579747209896 1
75 400 58.9110441516377 1
75 500 66.3210148308743 1
75 700 48.0773683736437 1
75 1000 29.1786078513279 1
76 0 68.8765434840735 1
76 200 106.657845073836 1
76 400 69.2477727132994 1
76 500 66.0114399905341 1
76 700 55.9470350637177 1
76 1000 30.5630788815156 1
77 0 97.2535849990479 1
77 200 80.3785061701898 1
77 400 52.0393006167629 1
77 500 44.2454874877903 1
77 700 33.1466242586045 1
77 1000 24.9398556278575 1
78 0 56.8995709580841 1
78 200 27.0120486703527 1
78 400 29.5810604013438 1
78 500 36.9676398838931 1
78 700 30.1801453600615 1
78 1000 31.1042372592215 1
79 0 155.393141641144 1
79 200 59.0395054132781 1
79 400 52.1312212021922 1
79 500 55.3899597426275 1
79 700 37.7862834129187 1
79 1000 27.0514631873866 1
80 0 84.2514008896074 1
80 200 81.2607314418951 1
80 400 73.0731182297244 1
80 500 49.6662994533881 1
80 700 30.5883400048266 1
80 1000 54.3173356904656 1
81 0 105.88092095637 1
81 200 55.8627054159633 1
81 400 32.032340565368 1
81 500 40.7864297314372 1
81 700 33.0806815940061 1
81 1000 17.891731112464 1
82 0 94.4638090291383 1
82 200 88.1903328065385 1
82 400 92.8383587156384 1
82 500 63.0885658396738 1
82 700 42.2862204361417 1
82 1000 55.9023665365565 1
83 0 117.208831808345 1
83 200 122.344170389881 1
83 400 67.2802394700719 1
83 500 50.9182206769162 1
83 700 66.955453943079 1
83 1000 42.0035760474042 1
84 0 105.14753130214 1
84 200 63.8275761942334 1
84 400 49.2330617158095 1
84 500 35.5391025943849 1
84 700 14.5536265329206 1
84 1000 31.7702835013825 1
85 0 130.55829930775 1
85 200 91.2719468616843 1
85 400 71.6523065504751 1
85 500 76.8288695374024 1
85 700 47.3027623352498 1
85 1000 34.9385499696232 1
86 0 116.918531217596 1
86 200 73.2072218234413 1
86 400 108.050190983371 1
86 500 105.984130677062 1
86 700 51.9993209949693 1
86 1000 53.6775361152164 1
87 0 86.8279469280061 1
87 200 58.6752514300842 1
87 400 27.7474265278796 1
87 500 41.0919496672255 1
87 700 39.3627242591417 1
87 1000 35.6949217193249 1
88 0 103.541481494698 1
88 200 84.1744249879643 1
88 400 41.113573001492 1
88 500 50.937557088142 1
88 700 47.8124996014523 1
88 1000 25.4240008159253 1
89 0 126.804941668373 1
89 200 85.4540062409431 1
89 400 43.6618825361699 1
89 500 73.8645585182289 1
89 700 46.5554794890795 1
89 1000 32.728904313208 1
90 0 116.961125495461 1
90 200 64.2531983323407 1
90 400 43.2484026800371 1
90 500 51.2020633811017 1
90 700 56.4987564358966 1
90 1000 33.8691385749411 1
91 0 126.937312633775 1
91 200 95.3355095575607 1
91 400 58.066091439533 1
91 500 74.7062567029126 1
91 700 46.295410883301 1
91 1000 53.7722700571084 1
92 0 114.04115996811 1
92 200 62.3966145502435 1
92 400 84.1206621997433 1
92 500 111.081877068942 1
92 700 65.6054639476078 1
92 1000 57.4765570907268 1
93 0 121.315165505788 1
93 200 62.868545274458 1
93 400 44.4799472795467 1
93 500 52.4271017219718 1
93 700 40.5658156047267 1
93 1000 35.9883516731528 1
94 0 126.526346335441 1
94 200 84.9210221638361 1
94 400 43.7855416800051 1
94 500 33.5997108079827 1
94 700 34.7886916794934 1
94 1000 24.3034994627188 1
95 0 90.0098877644021 1
95 200 85.0068098491004 1
95 400 48.4131219915132 1
95 500 33.0987153598859 1
95 700 48.1448497276023 1
95 1000 34.3329275545292 1
96 0 93.641799989112 1
96 200 35.0230022321865 1
96 400 33.5457341762697 1
96 500 47.6010226996007 1
96 700 30.6370322644213 1
96 1000 29.0001917874108 1
97 0 108.60230392156 1
97 200 82.7665460424933 1
97 400 42.6875085666711 1
97 500 69.2302156500466 1
97 700 63.7508251556622 1
97 1000 49.7888279220451 1
98 0 113.145942455989 1
98 200 87.9736334204464 1
98 400 53.3180733242075 1
98 500 48.4515647441691 1
98 700 33.2722601413344 1
98 1000 21.1460188298398 1
99 0 103.506094161161 1
99 200 64.6189382918546 1
99 400 49.8244224132033 1
99 500 74.3472939888247 1
99 700 40.086352749422 1
99 1000 32.8406927615869 1
100 0 109.601688449928 1
100 200 51.8171772653246 1
100 400 50.3037411433335 1
100 500 74.9678545601189 1
100 700 39.0909289803208 1
100 1000 38.1734874063904 1
