id dose eff group
1 0 128.327323512231 0
1 200 88.7231016923 0
1 400 112.120129790597 0
1 500 86.8526758629606 0
1 700 62.0972972340784 0
1 1000 69.2755663515427 0
2 0 89.5901905906174 0
2 200 65.4701142116152 0
2 400 60.2554677419515 0
2 500 25.6884078684368 0
2 700 58.6361965772248 0
2 1000 42.0445434022481 0
3 0 68.9070920703112 0
3 200 95.9657548839426 0
3 400 72.3297098868609 0
3 500 59.4273785242699 0
3 700 58.5045251255336 0
3 1000 33.10281027157 0
4 0 75.4380022549705 0
4 200 60.0564087638191 0
4 400 70.908349810509 0
4 500 58.6381371860694 0
4 700 46.8254274796429 0
4 1000 36.8085909823383 0
5 0 52.3440281509277 0
5 200 105.647867950652 0
5 400 87.805269481616 0
5 500 66.7812705173774 0
5 700 64.5148978698054 0
5 1000 55.7159047628157 0
6 0 107.509265908029 0
6 200 130.897980831898 0
6 400 68.1122312724036 0
6 500 80.8481906141261 0
6 700 49.2943040706722 0
6 1000 36.4464376413657 0
7 0 87.6989448959133 0
7 200 85.643822497532 0
7 400 57.3539785468939 0
7 500 50.0220854045472 0
7 700 36.2293726169499 0
7 1000 27.6813891773691 0
8 0 91.2826502185389 0
8 200 61.1251674322639 0
8 400 52.4842829438038 0
8 500 66.1656906255972 0
8 700 28.6052337221225 0
8 1000 41.6212886674438 0
9 0 113.445582452786 0
9 200 106.513857370759 0
9 400 85.9251418602258 0
9 500 80.6460899073385 0
9 700 117.433736289731 0
9 1000 56.1780629477947 0
10 0 78.2911997950609 0
10 200 92.2334692747858 0
10 400 56.1297023689068 0
10 500 95.4349917917186 0
10 700 59.2645211624558 0
10 1000 55.4118050545936 0
11 0 133.818385314337 0
11 200 106.006101816358 0
11 400 69.9930938701687 0
11 500 66.4733663840523 0
11 700 42.0675106592529 0
11 1000 40.5823671399352 0
12 0 123.985964940547 0
12 200 95.7377460529769 0
12 400 60.2853671248809 0
12 500 42.3337198753436 0
12 700 58.8391594802263 0
12 1000 34.3828647517883 0
13 0 130.475200497532 0
13 200 54.3113350758154 0
13 400 55.1065706367215 0
13 500 58.1415789443974 0
13 700 33.0918887472222 0
13 1000 37.928955981796 0
14 0 89.0767822215049 0
14 200 93.6820408540182 0
14 400 110.810028738064 0
14 500 73.0408209502013 0
14 700 63.759384324084 0
14 1000 47.7681503717014 0
15 0 116.286693819155 0
15 200 66.3682007049867 0
15 400 50.7714861285603 0
15 500 59.8677674318368 0
15 700 36.4600857076246 0
15 1000 41.9732433219026 0
16 0 136.335313374271 0
16 200 87.0497828242495 0
16 400 46.5758458979727 0
16 500 26.2885531005191 0
16 700 58.4767933764993 0
16 1000 43.68415948931 0
17 0 98.3859933488204 0
17 200 98.8960953507121 0
17 400 40.1408923447885 0
17 500 51.8132520402733 0
17 700 41.4588292677336 0
17 1000 32.1266160633746 0
18 0 115.198930861993 0
18 200 79.3220589231802 0
18 400 66.2617913029571 0
18 500 41.9966015420085 0
18 700 48.959906737415 0
18 1000 35.7987729233241 0
19 0 101.064445645572 0
19 200 108.677730438054 0
19 400 93.7511784832069 0
19 500 57.7761884347444 0
19 700 81.2342067485324 0
19 1000 82.3736703869329 0
20 0 107.258401786427 0
20 200 83.1294410004176 0
20 400 120.30478914112 0
20 500 103.71992959116 0
20 700 79.328790043293 0
20 1000 54.2671318842285 0
21 0 94.3360223492131 0
21 200 89.9686771344701 0
21 400 46.4118616027435 0
21 500 70.6734996639101 0
21 700 55.5861772112727 0
21 1000 43.3716529035104 0
22 0 97.5027689256997 0
22 200 77.143432280056 0
22 400 84.3328802966273 0
22 500 35.7520787773375 0
22 700 38.6502284016975 0
22 1000 46.2969536144765 0
23 0 106.683059425632 0
23 200 75.7675318965438 0
23 400 78.4659759268486 0
23 500 65.0294053139003 0
23 700 69.4808046421397 0
23 1000 35.4097113577113 0
24 0 143.556691993569 0
24 200 83.8242096534694 0
24 400 67.9869024254803 0
24 500 95.2209876183525 0
24 700 50.6325230225506 0
24 1000 43.2872571143681 0
25 0 116.906687865996 0
25 200 96.3455128458441 0
25 400 75.4993691269418 0
25 500 69.8594618936345 0
25 700 59.305038125333 0
25 1000 35.9233070389039 0
26 0 104.923183975398 0
26 200 107.937735405734 0
26 400 67.9183673626382 0
26 500 44.1101658108346 0
26 700 30.1140087822503 0
26 1000 44.5204744758799 0
27 0 99.3452944471836 0
27 200 119.524762131344 0
27 400 75.1505370928103 0
27 500 69.5237283570306 0
27 700 51.9417161506285 0
27 1000 32.2686661856306 0
28 0 77.8204370063531 0
28 200 93.2528161286491 0
28 400 76.5890997147511 0
28 500 39.2916544943432 0
28 700 65.256356269191 0
28 1000 61.2527044710413 0
29 0 116.122103665182 0
29 200 63.2438299480986 0
29 400 59.1258936633608 0
29 500 89.47494024272 0
29 700 83.1472788434208 0
29 1000 67.1041417612789 0
30 0 73.4073312565622 0
30 200 83.0134499736363 0
30 400 60.6694351189587 0
30 500 61.9365224019945 0
30 700 81.8270377791642 0
30 1000 36.8469344506894 0
31 0 92.3398942611911 0
31 200 104.127578045527 0
31 400 76.8838114597414 0
31 500 88.7025783570182 0
31 700 41.693585074557 0
31 1000 52.0033528292989 0
32 0 130.681167575846 0
32 200 87.133372253208 0
32 400 71.0470548164451 0
32 500 50.6042060400688 0
32 700 42.5332553241323 0
32 1000 39.7206983711229 0
33 0 55.191069866499 0
33 200 70.2012772851462 0
33 400 57.7356875350422 0
33 500 85.0252847381949 0
33 700 77.6346013987182 0
33 1000 58.3779553946393 0
34 0 75.8475543946038 0
34 200 113.189786073176 0
34 400 98.5084656150638 0
34 500 57.9512673828172 0
34 700 63.7708063650752 0
34 1000 55.1854482455091 0
35 0 84.5789542657263 0
35 200 71.1494818009256 0
35 400 55.6723861866507 0
35 500 65.1432648730638 0
35 700 64.8057014061998 0
35 1000 38.3308262064562 0
36 0 84.1647506019576 0
36 200 76.6271032022003 0
36 400 61.0401673196831 0
36 500 59.792090450341 0
36 700 67.1340617628665 0
36 1000 49.8378965677777 0
37 0 99.1373954612902 0
37 200 81.027731938988 0
37 400 64.8893005404047 0
37 500 84.8469409549605 0
37 700 47.9619904456885 0
37 1000 34.1725928037711 0
38 0 92.2786490468489 0
38 200 89.9412671783346 0
38 400 64.3722378739513 0
38 500 90.0194582502396 0
38 700 48.0569830487353 0
38 1000 33.33652332092 0
39 0 122.013347935554 0
39 200 118.04486915072 0
39 400 108.869211248837 0
39 500 61.468571066785 0
39 700 73.5248015512374 0
39 1000 32.3915905178059 0
40 0 112.208347189635 0
40 200 120.598079821248 0
40 400 84.2083021716401 0
40 500 50.9569436193997 0
40 700 55.8665842321819 0
40 1000 45.1937892259298 0
41 0 80.7042190436435 0
41 200 80.7177282451083 0
41 400 75.019615613849 0
41 500 33.3250772230191 0
41 700 36.3792381256471 0
41 1000 42.066643324237 0
42 0 97.4711783765029 0
42 200 86.4750352486346 0
42 400 76.7948215589913 0
42 500 53.448689523057 0
42 700 49.158078271011 0
42 1000 35.7287031078925 0
43 0 113.602356792348 0
43 200 107.196651958187 0
43 400 66.2851625175306 0
43 500 55.0805314804103 0
43 700 52.6067517769407 0
43 1000 31.7192303022082 0
44 0 63.9002497248759 0
44 200 80.2345623103267 0
44 400 56.7558502431744 0
44 500 69.6201808364286 0
44 700 39.0513998193825 0
44 1000 31.786930046134 0
45 0 99.3021668708479 0
45 200 99.4516929026235 0
45 400 61.0530933121061 0
45 500 52.0124359885073 0
45 700 31.4295441569231 0
45 1000 31.9760631996965 0
46 0 96.097697316625 0
46 200 88.0086621845871 0
46 400 99.2355072894559 0
46 500 56.3498249829119 0
46 700 64.9305854727915 0
46 1000 51.6781001846046 0
47 0 66.9046796113991 0
47 200 118.864351794859 0
47 400 88.8150683730846 0
47 500 105.297609967387 0
47 700 78.1554942745273 0
47 1000 60.8922600782302 0
48 0 79.0285148868348 0
48 200 80.6001412587347 0
48 400 93.3569758907072 0
48 500 45.9690213414156 0
48 700 70.3879381622715 0
48 1000 39.2104048630506 0
49 0 92.5666173675737 0
49 200 113.258981197237 0
49 400 97.2610474414853 0
49 500 75.6516281438101 0
49 700 48.7035465858402 0
49 1000 59.0877423243562 0
50 0 78.818601780389 0
50 200 85.7583966372971 0
50 400 79.6875463842344 0
50 500 49.9031987073604 0
50 700 43.4910549828022 0
50 1000 34.9794432590469 0
51 0 98.7143051843986 1
51 200 93.8184994990749 1
51 400 34.2824205146668 1
51 500 49.023406238865 1
51 700 48.0108117386878 1
51 1000 51.0407909419376 1
52 0 106.584413836077 1
52 200 85.3872545165933 1
52 400 65.4662752267474 1
52 500 75.6291470290083 1
52 700 37.9450451027004 1
52 1000 48.7564336608474 1
53 0 85.6064607204446 1
53 200 90.9755697720959 1
53 400 50.0593623804288 1
53 500 18.570476261815 1
53 700 43.5556656073593 1
53 1000 25.3058772905884 1
54 0 66.2689796662249 1
54 200 74.5460405804546 1
54 400 34.4576947862821 1
54 500 35.5562760155738 1
54 700 26.2175116366255 1
54 1000 36.6676284074108 1
55 0 80.2681499223941 1
55 200 74.7098486655248 1
55 400 50.1736702498536 1
55 500 24.7157014136666 1
55 700 46.2592607397673 1
55 1000 29.1021658354028 1
56 0 91.2237918511341 1
56 200 60.7562070454757 1
56 400 51.4013124301607 1
56 500 33.9798018115166 1
56 700 21.4778911195332 1
56 1000 21.7972986130297 1
57 0 114.098729815053 1
57 200 76.6845482910411 1
57 400 65.1891144230298 1
57 500 46.84533238792 1
57 700 47.2241360119936 1
57 1000 30.595725226132 1
58 0 75.4817042794778 1
58 200 95.5032869902582 1
58 400 49.9805894109452 1
58 500 41.5239052916982 1
58 700 60.9098208122937 1
58 1000 43.3982586540869 1
59 0 91.0788949916604 1
59 200 44.988216100179 1
59 400 12.8989003881322 1
59 500 40.9100793493258 1
59 700 27.4189238614015 1
59 1000 29.3101323922219 1
60 0 141.290984412319 1
60 200 91.7395647705356 1
60 400 75.7193365332619 1
60 500 65.6065547459843 1
60 700 40.4361726313866 1
60 1000 43.996253919204 1
61 0 92.2486247588932 1
61 200 66.1607622747939 1
61 400 48.5402498005229 1
61 500 54.6493639134222 1
61 700 31.9040965998641 1
61 1000 24.8207028744903 1
62 0 139.825790103822 1
62 200 71.3537530308927 1
62 400 50.5080693454266 1
62 500 49.8943364580507 1
62 700 50.3284491750916 1
62 1000 45.6687781810838 1
63 0 137.076208506404 1
63 200 79.9313669129245 1
63 400 70.5763086939228 1
63 500 38.6675940740513 1
63 700 40.4740896119109 1
63 1000 41.9306837408514 1
64 0 110.665468196627 1
64 200 69.6971988385797 1
64 400 67.1883551848178 1
64 500 55.5461309590674 1
64 700 49.4747462991027 1
64 1000 25.3837140300353 1
65 0 120.15554218181 1
65 200 65.901171029683 1
65 400 56.7057175540634 1
65 500 47.8804858625547 1
65 700 30.3657361423068 1
65 1000 40.2576102546845 1
66 0 117.627071118968 1
66 200 85.9758382783266 1
66 400 43.7452334855032 1
66 500 38.1005052167096 1
66 700 45.6252880232799 1
66 1000 27.075106476068 1
67 0 111.532810097822 1
67 200 50.8799206356276 1
67 400 50.0566857025217 1
67 500 42.8528874394293 1
67 700 44.9555406892122 1
67 1000 38.4068167185004 1
68 0 99.2354935311852 1
68 200 95.6185760630868 1
68 400 49.5903217658505 1
68 500 29.5030624332402 1
68 700 32.9844719636717 1
68 1000 33.0331104643962 1
69 0 80.8721641625382 1
69 200 91.3604431494304 1
69 400 42.4097303586287 1
69 500 33.7340116380411 1
69 700 33.028943620914 1
69 1000 25.9059424081366 1
70 0 126.314611363457 1
70 200 70.5735923604208 1
70 400 61.0773352536592 1
70 500 34.3658945791221 1
70 700 52.0675480961579 1
70 1000 33.6088494708935 1
71 0 122.406935255872 1
71 200 91.7385514706347 1
71 400 86.7035152148297 1
71 500 87.5945109628886 1
71 700 75.3037638558384 1
71 1000 68.9267431187006 1
72 0 107.027036399755 1
72 200 65.8106251398981 1
72 400 55.1046160529237 1
72 500 26.8107731288287 1
72 700 40.9736165784616 1
72 1000 39.4188153562438 1
73 0 104.630646658206 1
73 200 53.2416799596745 1
73 400 49.4833839270059 1
73 500 18.3934182030886 1
73 700 34.9023383401196 1
73 1000 23.8843640266676 1
74 0 75.575196759074 1
74 200 60.4136146612372 1
74 400 34.7609606173409 1
74 500 38.2607289163542 1
74 700 30.8854661429506 1
74 1000 33.2166183556226 1
75 0 93.5160566398326 1
75 200 76.9468071707335 1
75 400 52.3686326623498 1
75 500 22.7807175798281 1
75 700 32.9161207894023 1
75 1000 30.6429630854524 1
76 0 69.5021635713853 1
76 200 58.3419875720447 1
76 400 62.495775955317 1
76 500 35.8942512256061 1
76 700 37.8580058109861 1
76 1000 44.2699222698738 1
77 0 80.5518314900167 1
77 200 85.9639003101341 1
77 400 56.1696981790331 1
77 500 57.121508178576 1
77 700 35.5602289992177 1
77 1000 33.5143066230345 1
78 0 76.6363918383799 1
78 200 47.7852036754606 1
78 400 43.5183135271733 1
78 500 36.9626650811129 1
78 700 27.7905095252389 1
78 1000 39.254240059013 1
79 0 74.2752377951225 1
79 200 92.1655162995837 1
79 400 62.7456396073125 1
79 500 44.4748937375581 1
79 700 56.2728526501588 1
79 1000 43.4422288115528 1
80 0 125.323539986858 1
80 200 87.4103275262034 1
80 400 65.1012230219375 1
80 500 52.3191038869055 1
80 700 32.0452175108587 1
80 1000 21.1936498661132 1
81 0 108.604133433759 1
81 200 41.2193698499926 1
81 400 51.8019315908194 1
81 500 48.2880867159327 1
81 700 26.369513271682 1
81 1000 38.1396412350574 1
82 0 120.977078984621 1
82 200 83.3084816862016 1
82 400 58.3360068156836 1
82 500 56.9067840515304 1
82 700 62.4745882892979 1
82 1000 39.882032252976 1
83 0 124.670411778609 1
83 200 66.911220289114 1
83 400 49.6667108341472 1
83 500 32.4987631264683 1
83 700 43.7774831885692 1
83 1000 42.7645374468703 1
84 0 100.270961082558 1
84 200 93.8844373375703 1
84 400 48.5500256090549 1
84 500 51.307759989598 1
84 700 46.2732339227057 1
84 1000 37.043236634119 1
85 0 71.8119408084625 1
85 200 66.1168454203237 1
85 400 43.0213886052686 1
85 500 38.0803146900876 1
85 700 33.9991000395363 1
85 1000 25.9252244772042 1
86 0 105.398542898856 1
86 200 112.071022966418 1
86 400 79.4650254117614 1
86 500 65.7327045082096 1
86 700 25.5531620294849 1
86 1000 62.0669175044162 1
87 0 79.2288520579441 1
87 200 78.0269062827275 1
87 400 62.0934299163254 1
87 500 39.0743073213102 1
87 700 42.389701262129 1
87 1000 26.8881912040135 1
88 0 40.3613486591903 1
88 200 72.9837177340492 1
88 400 41.0190569473476 1
88 500 31.0762936579418 1
88 700 26.7120014308848 1
88 1000 30.4166458019569 1
89 0 109.926637356012 1
89 200 83.6667526346343 1
89 400 63.4030023254444 1
89 500 61.3704329822216 1
89 700 41.3224240846165 1
89 1000 40.4177816454908 1
90 0 81.1651279560154 1
90 200 84.7959789978076 1
90 400 55.412386659002 1
90 500 37.033722656652 1
90 700 43.1673204733188 1
90 1000 22.125647522994 1
91 0 88.9153190840642 1
91 200 93.3784873675828 1
91 400 53.0197962387408 1
91 500 56.1072514271828 1
91 700 29.3929344164169 1
91 1000 34.7770910985413 1
92 0 144.564151936534 1
92 200 52.6118560344727 1
92 400 63.934030440198 1
92 500 58.7837811868556 1
92 700 53.7687555641136 1
92 1000 43.4630386531392 1
93 0 78.8383363730824 1
93 200 107.528424267782 1
93 400 48.4050743423232 1
93 500 38.4853063690149 1
93 700 39.3970490060568 1
93 1000 38.4048573529541 1
94 0 103.859582430306 1
94 200 32.6184009756719 1
94 400 35.228778152527 1
94 500 37.3160470416588 1
94 700 23.0718489559872 1
94 1000 26.1068029632889 1
95 0 82.9904881480582 1
95 200 58.9318448370486 1
95 400 52.7030316094176 1
95 500 52.4884056240553 1
95 700 43.1188348394429 1
95 1000 38.9594663003066 1
96 0 73.7044757122306 1
96 200 54.0902346345855 1
96 400 43.733272682008 1
96 500 21.0164551354979 1
96 700 29.4136464115591 1
96 1000 22.1748591212 1
97 0 113.749582797522 1
97 200 101.333001668853 1
97 400 64.8775915849521 1
97 500 54.7202239925389 1
97 700 30.6789805100891 1
97 1000 38.9918375465397 1
98 0 128.89315803163 1
98 200 60.6912640708681 1
98 400 40.6763426225246 1
98 500 43.0810505542315 1
98 700 39.8171334393962 1
98 1000 31.1508718425122 1
99 0 58.7097914805366 1
99 200 64.2945427221843 1
99 400 69.6134060743578 1
99 500 37.3230206049437 1
99 700 55.0872278950674 1
99 1000 47.0469693848744 1
100 0 91.6853155916113 1
100 200 134.987122717026 1
100 400 77.2822262290555 1
100 500 64.1855267957366 1
100 700 46.1398425081318 1
100 1000 56.8597724032006 1
