id dose eff group
1 0 75.320078536167 0
1 200 64.2780838615571 0
1 400 61.1282792077631 0
1 500 46.329022659283 0
1 700 38.9369099332374 0
1 1000 26.7178481136807 0
2 0 88.7258689093217 0
2 200 86.5334222537025 0
2 400 53.7413128739297 0
2 500 46.3978700539276 0
2 700 48.5638868264246 0
2 1000 35.1295722110033 0
3 0 95.2743669398443 0
3 200 77.8444562563643 0
3 400 78.462387108279 0
3 500 59.0988356533537 0
3 700 73.1560458322343 0
3 1000 44.5117208087382 0
4 0 109.356494725939 0
4 200 89.0364071390696 0
4 400 65.3507902436108 0
4 500 84.9352663201092 0
4 700 53.3048734669265 0
4 1000 61.9143065867255 0
5 0 109.64455987969 0
5 200 102.034194471721 0
5 400 75.9035543248185 0
5 500 71.8683962743277 0
5 700 61.3481335667692 0
5 1000 54.6276061273678 0
6 0 78.4293425078801 0
6 200 82.8227499714918 0
6 400 69.3664156399746 0
6 500 70.9754117495854 0
6 700 47.0718087410205 0
6 1000 23.3652618936483 0
7 0 101.579912002484 0
7 200 66.07668671066 0
7 400 59.4746068232807 0
7 500 55.5010298262149 0
7 700 52.7337301466524 0
7 1000 32.0353147316754 0
8 0 103.644583458761 0
8 200 59.2973997715656 0
8 400 76.4471410440394 0
8 500 21.5269666741448 0
8 700 41.4312910976793 0
8 1000 44.5050407278317 0
9 0 109.088345827639 0
9 200 107.472881897287 0
9 400 74.4108038530416 0
9 500 57.1271526893946 0
9 700 35.087323691027 0
9 1000 37.3327503237153 0
10 0 64.05040589899 0
10 200 102.030571046771 0
10 400 74.1697775441543 0
10 500 57.823144605633 0
10 700 37.753015027304 0
10 1000 47.7726258458274 0
11 0 137.780952971711 0
11 200 76.9306370009439 0
11 400 91.9206166017132 0
11 500 78.5682025086347 0
11 700 67.038028362378 0
11 1000 42.2816761734028 0
12 0 103.590203549256 0
12 200 82.6926095519683 0
12 400 75.7173610025577 0
12 500 63.0915373678139 0
12 700 40.8716594744082 0
12 1000 43.1106545014965 0
13 0 59.0923167769997 0
13 200 79.7279886490662 0
13 400 55.9222369118095 0
13 500 48.4027973029127 0
13 700 39.5093462570993 0
13 1000 37.9937848530461 0
14 0 114.86695231568 0
14 200 92.414999752976 0
14 400 75.9298744355511 0
14 500 71.377858483821 0
14 700 42.7866622538147 0
14 1000 45.7699357076422 0
15 0 79.6452629756468 0
15 200 67.3479387129862 0
15 400 91.5584904110501 0
15 500 65.6963403044411 0
15 700 48.1768866279341 0
15 1000 37.4130808893622 0
16 0 116.266652507547 0
16 200 116.576463826137 0
16 400 91.2466339202493 0
16 500 69.7921106203488 0
16 700 71.3075365631848 0
16 1000 35.5701823661256 0
17 0 69.389090829649 0
17 200 93.9603477146151 0
17 400 69.4190287335194 0
17 500 52.4434757316444 0
17 700 49.8594318541949 0
17 1000 48.7241517125263 0
18 0 137.330242513607 0
18 200 110.274571446974 0
18 400 82.9988292602838 0
18 500 79.4435170754414 0
18 700 67.7418037780724 0
18 1000 63.369040364041 0
19 0 116.694519596214 0
19 200 72.0002598896157 0
19 400 126.553433133878 0
19 500 62.2372393014124 0
19 700 61.5103635349946 0
19 1000 76.9927890067641 0
20 0 103.980483211519 0
20 200 85.4354105197982 0
20 400 58.0401919713338 0
20 500 77.7211957368454 0
20 700 52.8930327332508 0
20 1000 30.9408894901951 0
21 0 139.50394401809 0
21 200 94.4098268977957 0
21 400 88.5403888914381 0
21 500 98.665157930641 0
21 700 59.9648414804343 0
21 1000 59.1655259830941 0
22 0 81.371318739247 0
22 200 113.393312247229 0
22 400 80.8018889023957 0
22 500 79.1675316482868 0
22 700 54.3209476529574 0
22 1000 61.3452787293313 0
23 0 172.713770535565 0
23 200 109.933959827636 0
23 400 111.888837488342 0
23 500 77.2027319312901 0
23 700 87.5965009871693 0
23 1000 59.6464170305924 0
24 0 86.6730571082454 0
24 200 67.3164189569931 0
24 400 49.7093916941574 0
24 500 59.6409967558466 0
24 700 41.0128504764791 0
24 1000 22.0918615649427 0
25 0 89.4864464187932 0
25 200 96.8871316077764 0
25 400 64.8177308877341 0
25 500 65.8885401991022 0
25 700 55.6635836028307 0
25 1000 45.5740841244355 0
26 0 89.965913946723 0
26 200 67.4576960894473 0
26 400 67.808697641585 0
26 500 54.2360061383116 0
26 700 66.7356774413155 0
26 1000 34.6405120827739 0
27 0 95.0186592712343 0
27 200 97.6353811806823 0
27 400 71.6916148080015 0
27 500 69.175757157438 0
27 700 71.87016310848 0
27 1000 31.0337740939497 0
28 0 117.823190584361 0
28 200 58.0845999503311 0
28 400 111.355094059264 0
28 500 99.2764298906039 0
28 700 82.8665148246616 0
28 1000 63.7089058350017 0
29 0 47.1167249883535 0
29 200 102.832830432745 0
29 400 60.1890494111076 0
29 500 62.8549876886118 0
29 700 61.2937350648389 0
29 1000 40.0995908532358 0
30 0 100.733802502766 0
30 200 91.7297774252747 0
30 400 45.9628467116912 0
30 500 88.2781226952694 0
30 700 71.3538423519171 0
30 1000 59.1341963893137 0
31 0 144.731609465988 0
31 200 84.3395489697743 0
31 400 83.6790046525823 0
31 500 82.6549102781789 0
31 700 57.422749967226 0
31 1000 62.032087296558 0
32 0 115.58016527881 0
32 200 109.335660210259 0
32 400 89.5806477860932 0
32 500 72.9290386707833 0
32 700 97.2821400797637 0
32 1000 61.1584192190852 0
33 0 102.431787968065 0
33 200 93.359240955187 0
33 400 100.10731433226 0
33 500 77.3289776086334 0
33 700 25.679466539167 0
33 1000 58.0322808512527 0
34 0 75.7137146572902 0
34 200 70.1117382670612 0
34 400 79.5394300469994 0
34 500 74.366240513456 0
34 700 49.1595681411297 0
34 1000 45.1726871850491 0
35 0 105.332900210402 0
35 200 104.048633948443 0
35 400 51.9643487663326 0
35 500 65.3547889544106 0
35 700 52.8473750810333 0
35 1000 44.1669220049796 0
36 0 77.8201599470036 0
36 200 70.640729300323 0
36 400 48.7219262612286 0
36 500 58.0440072316627 0
36 700 44.5957507970956 0
36 1000 23.5756935516476 0
37 0 71.6927455253065 0
37 200 93.7849394306562 0
37 400 79.9226125486678 0
37 500 85.5922761765441 0
37 700 49.8419979868969 0
37 1000 35.1156270448628 0
38 0 112.168252091658 0
38 200 127.185435704847 0
38 400 80.7294089129703 0
38 500 56.4941222402897 0
38 700 59.9314056458915 0
38 1000 64.3335761250188 0
39 0 108.605636469888 0
39 200 103.940343864572 0
39 400 84.5310150732981 0
39 500 52.2956575879134 0
39 700 53.1589738969161 0
39 1000 42.7588446620082 0
40 0 122.695412732564 0
40 200 94.3969625043751 0
40 400 83.1708427235203 0
40 500 117.920852958267 0
40 700 73.8988655741326 0
40 1000 54.6363774556426 0
41 0 103.789774525036 0
41 200 56.6013213762503 0
41 400 63.3427705816215 0
41 500 32.0450185027143 0
41 700 42.3793215468349 0
41 1000 36.5557689158568 0
42 0 132.340879520593 0
42 200 67.8048732000411 0
42 400 77.5859378853616 0
42 500 70.8913281045515 0
42 700 78.7889042660269 0
42 1000 63.6501166727376 0
43 0 116.889881842289 0
43 200 102.622075854299 0
43 400 83.7131235933143 0
43 500 74.2327030543132 0
43 700 47.6820592853702 0
43 1000 39.8200190051422 0
44 0 86.4897445711832 0
44 200 79.8869672396937 0
44 400 60.1312731302344 0
44 500 63.8335578121316 0
44 700 64.4606226429301 0
44 1000 25.9236773967207 0
45 0 145.876119770199 0
45 200 77.3576293899511 0
45 400 89.1125355802537 0
45 500 54.5505087187473 0
45 700 58.8904641328838 0
45 1000 36.0119569284403 0
46 0 99.8861364187533 0
46 200 75.0785136134999 0
46 400 50.4273216356364 0
46 500 34.7793136195362 0
46 700 31.6016539237187 0
46 1000 37.0583410511489 0
47 0 101.207536590824 0
47 200 74.8426398916933 0
47 400 26.6499016990638 0
47 500 34.8091697377102 0
47 700 44.4816350528592 0
47 1000 32.674648365799 0
48 0 158.756590637709 0
48 200 131.568426627604 0
48 400 53.8378848359051 0
48 500 54.4616560369357 0
48 700 68.5272105795368 0
48 1000 43.1152953867946 0
49 0 87.4177260834338 0
49 200 107.057927212113 0
49 400 54.3091751240427 0
49 500 58.2885355962533 0
49 700 55.5256200702497 0
49 1000 49.6051235232215 0
50 0 63.2385619763605 0
50 200 53.2098562919419 0
50 400 77.5273036614421 0
50 500 60.543168659345 0
50 700 39.0710781643112 0
50 1000 26.203925442267 0
51 0 52.3037466876121 1
51 200 60.7025389427009 1
51 400 39.6340225136243 1
51 500 53.2028437365585 1
51 700 39.0698561676568 1
51 1000 30.5956757010047 1
52 0 96.7098890913958 1
52 200 42.1184432558032 1
52 400 37.1507471061892 1
52 500 39.1653516655995 1
52 700 30.4526918046086 1
52 1000 29.6013362574813 1
53 0 110.0699878541 1
53 200 79.8130979457511 1
53 400 36.7664736579088 1
53 500 64.3426878351093 1
53 700 33.5263588317042 1
53 1000 32.2508421096306 1
54 0 93.011643663456 1
54 200 81.8227615724148 1
54 400 69.0564279514555 1
54 500 39.866791297859 1
54 700 44.7048697735635 1
54 1000 35.1554938730938 1
55 0 107.28971637728 1
55 200 59.0995099163726 1
55 400 37.8404533438159 1
55 500 50.586666131725 1
55 700 36.3203090307942 1
55 1000 36.7495060244448 1
56 0 105.421326744509 1
56 200 90.1577040419109 1
56 400 45.2255653344482 1
56 500 44.0601223237245 1
56 700 47.9851837212319 1
56 1000 28.6175206560594 1
57 0 105.651050932897 1
57 200 65.9963582399239 1
57 400 65.7498233000613 1
57 500 60.301529325043 1
57 700 66.4255167625027 1
57 1000 46.4655667475297 1
58 0 68.0695069159312 1
58 200 74.9475928863788 1
58 400 69.1082776885973 1
58 500 44.5251305028775 1
58 700 41.4918432057078 1
58 1000 40.2054602617657 1
59 0 124.80135821799 1
59 200 57.2523126788015 1
59 400 39.2807850178716 1
59 500 31.4565515889117 1
59 700 31.3249583751703 1
59 1000 45.3623501299005 1
60 0 130.730929829832 1
60 200 125.580424667455 1
60 400 43.0400457881271 1
60 500 51.5560448603934 1
60 700 61.6252251240817 1
60 1000 31.5511129317724 1
61 0 115.623750630067 1
61 200 82.4262046111684 1
61 400 51.0457359140194 1
61 500 56.1332586899019 1
61 700 52.4621918648889 1
61 1000 42.7672114924507 1
62 0 115.807841225848 1
62 200 104.022038653625 1
62 400 59.3572693991803 1
62 500 57.6197197600994 1
62 700 53.7053500103306 1
62 1000 61.4445110668445 1
63 0 139.202306607151 1
63 200 38.6942041075453 1
63 400 43.5425149253095 1
63 500 44.0000742618088 1
63 700 48.3112417928672 1
63 1000 33.8680489798545 1
64 0 140.931140700894 1
64 200 46.5542328500351 1
64 400 67.229804002662 1
64 500 59.296260257163 1
64 700 38.1732780286985 1
64 1000 40.078644736166 1
65 0 122.927166045007 1
65 200 78.8592173249003 1
65 400 36.4405958165071 1
65 500 53.6424181822911 1
65 700 36.9030022168741 1
65 1000 47.7756134901852 1
66 0 82.745049623234 1
66 200 94.3149383968323 1
66 400 85.1592672923011 1
66 500 60.0900044711258 1
66 700 42.201289371838 1
66 1000 47.1330600360179 1
67 0 131.427015155817 1
67 200 80.8113682846164 1
67 400 28.7582275207774 1
67 500 40.7121605046853 1
67 700 36.6308675967617 1
67 1000 29.1536038930914 1
68 0 92.5744703688367 1
68 200 78.6479038952987 1
68 400 89.7152266146703 1
68 500 54.7226158904615 1
68 700 33.3504041042747 1
68 1000 37.4634240728679 1
69 0 89.2292760284284 1
69 200 40.1805181573592 1
69 400 54.5606261234663 1
69 500 37.4098050111928 1
69 700 28.092637884051 1
69 1000 37.8659380540358 1
70 0 95.8532105005183 1
70 200 59.3375637546662 1
70 400 48.2480606974471 1
70 500 37.0438750659415 1
70 700 35.8126590715853 1
70 1000 34.0457348670225 1
71 0 85.4235473139141 1
71 200 68.3009220147615 1
71 400 62.2800914612625 1
71 500 34.5520363355634 1
71 700 29.4518863887854 1
71 1000 30.4221049697694 1
72 0 117.824005992916 1
72 200 131.187308254824 1
72 400 71.2856801773541 1
72 500 45.7908490189723 1
72 700 59.3620550812716 1
72 1000 51.1455228250578 1
73 0 127.80043113897 1
73 200 76.5124739775801 1
73 400 77.2992912721022 1
73 500 30.8634994596535 1
73 700 30.2753830535557 1
73 1000 40.2407211182652 1
74 0 85.0545809087102 1
74 200 64.8867347081084 1
74 400 50.503800646752 1
74 500 53.288452224003 1
74 700 37.6747621687738 1
74 1000 38.0965608556837 1
75 0 115.768456986548 1
75 200 77.9061938878862 1
75 400 57.921212451835 1
75 500 54.481212082153 1
75 700 54.4415509088387 1
75 1000 39.6893877682154 1
76 0 136.406083017238 1
76 200 60.9160982164788 1
76 400 90.3368763640232 1
76 500 69.6748562477604 1
76 700 50.9711535952108 1
76 1000 47.8937017570618 1
77 0 112.749967827561 1
77 200 91.0935077273363 1
77 400 72.6417530641073 1
77 500 75.7946906232102 1
77 700 54.6323834991654 1
77 1000 37.7222774176219 1
78 0 55.546238334551 1
78 200 65.9100533952194 1
78 400 50.2466996535549 1
78 500 37.0058153021884 1
78 700 30.017032973388 1
78 1000 30.3162589394903 1
79 0 122.607234595178 1
79 200 103.502722192434 1
79 400 42.4566328467496 1
79 500 47.17925274257 1
79 700 69.4057517712687 1
79 1000 43.0944600275315 1
80 0 110.886112322357 1
80 200 92.0154621120055 1
80 400 67.0347055925948 1
80 500 26.3570797417795 1
80 700 37.7982871435554 1
80 1000 49.2503773758552 1
81 0 74.0514700948112 1
81 200 98.2021338063804 1
81 400 45.5498456926721 1
81 500 48.7399481365553 1
81 700 51.4332713532488 1
81 1000 42.3922797086271 1
82 0 141.468458970239 1
82 200 50.6105465609976 1
82 400 47.0457925363342 1
82 500 49.9914132488027 1
82 700 17.5293667155211 1
82 1000 37.0405588035351 1
83 0 100.32877144472 1
83 200 81.481660301685 1
83 400 65.4018033642064 1
83 500 49.9097227216303 1
83 700 49.3551628735392 1
83 1000 12.7943231191197 1
84 0 112.774242047894 1
84 200 97.0954093768248 1
84 400 90.7592745447812 1
84 500 55.8508678549676 1
84 700 56.3971473416854 1
84 1000 61.8511238674358 1
85 0 97.5002760615179 1
85 200 77.1257122543008 1
85 400 45.9991386899494 1
85 500 43.3052942581583 1
85 700 30.7335085713533 1
85 1000 38.7647266409611 1
86 0 50.7104119216377 1
86 200 65.2528834705566 1
86 400 57.3738080460762 1
86 500 53.806450976892 1
86 700 36.5587345686622 1
86 1000 37.7407152834785 1
87 0 101.309039605016 1
87 200 62.3359674050542 1
87 400 30.4057500341471 1
87 500 39.2275479815826 1
87 700 39.5006290977503 1
87 1000 28.0414424744919 1
88 0 89.8908058488414 1
88 200 56.3326911643696 1
88 400 50.0652024950741 1
88 500 41.6893165917447 1
88 700 26.719904038511 1
88 1000 35.388569363376 1
89 0 97.3875481982126 1
89 200 79.6281118709847 1
89 400 40.8588005597215 1
89 500 48.3867089380143 1
89 700 52.1606146209627 1
89 1000 45.8598918553519 1
90 0 74.114584415081 1
90 200 58.4986468557712 1
90 400 83.217727392182 1
90 500 34.143566861042 1
90 700 54.5793232323303 1
90 1000 43.4012075216407 1
91 0 86.6173138407624 1
91 200 77.5266514019176 1
91 400 69.6313454452365 1
91 500 64.5254928647285 1
91 700 49.3988624712471 1
91 1000 46.151661725791 1
92 0 71.5079151872282 1
92 200 75.6413895803942 1
92 400 37.8370336802145 1
92 500 57.3132071267568 1
92 700 35.4957774466464 1
92 1000 34.5202060164682 1
93 0 70.0901223046573 1
93 200 74.7794986827482 1
93 400 51.7609727181958 1
93 500 40.5992581221967 1
93 700 28.8506051428755 1
93 1000 30.7666347201458 1
94 0 92.2007407709241 1
94 200 68.5123377582541 1
94 400 64.1361804381929 1
94 500 65.8656258292565 1
94 700 37.3297514100924 1
94 1000 31.6854669412391 1
95 0 87.3290193360738 1
95 200 79.2301233937113 1
95 400 70.7873654859997 1
95 500 50.770787846512 1
95 700 53.5956871670779 1
95 1000 60.8404530278906 1
96 0 77.1640720200764 1
96 200 70.8819649660501 1
96 400 60.2318560841452 1
96 500 64.3357945166445 1
96 700 58.8964058110018 1
96 1000 29.8065669460902 1
97 0 72.0662514919513 1
97 200 83.4831625611239 1
97 400 56.0287829215703 1
97 500 47.8266334213546 1
97 700 36.4927519869237 1
97 1000 35.8604635953017 1
98 0 77.0692816006575 1
98 200 85.7615261403358 1
98 400 35.8270385125217 1
98 500 39.5484981266477 1
98 700 44.5907710440707 1
98 1000 34.3501274650532 1
99 0 119.002508466898 1
99 200 94.3369434262683 1
99 400 56.7437475004465 1
99 500 63.5572478482328 1
99 700 51.3444302390334 1
99 1000 47.7814688549036 1
100 0 102.69125673375 1
100 200 97.1405635505997 1
100 400 66.6702858406779 1
100 500 28.1125413436656 1
100 700 56.204716792086 1
100 1000 32.3050637145257 1
