id dose eff group
1 0 99.8112310521595 0
1 200 100.392509044962 0
1 400 79.5365571099849 0
1 500 88.6370399830964 0
1 700 54.6094513137413 0
1 1000 42.9211177703394 0
2 0 68.0634107659421 0
2 200 59.4521467481665 0
2 400 62.7043404306306 0
2 500 57.1273041178643 0
2 700 58.2326675265923 0
2 1000 59.4150283058783 0
3 0 80.9520955339944 0
3 200 81.1435695741974 0
3 400 29.6642995013489 0
3 500 76.6155727349871 0
3 700 32.1732241296779 0
3 1000 32.8547865489814 0
4 0 94.941956781798 0
4 200 70.394385755689 0
4 400 88.2293062628437 0
4 500 59.1252580031468 0
4 700 61.7012544565174 0
4 1000 38.4957422308727 0
5 0 85.8486742056662 0
5 200 82.4249985547563 0
5 400 74.0430026633625 0
5 500 48.0453380701633 0
5 700 40.1310344207935 0
5 1000 44.8441802910742 0
6 0 104.098474515464 0
6 200 119.211390572036 0
6 400 92.1784893770802 0
6 500 71.9379496086256 0
6 700 70.6950586349774 0
6 1000 52.4741086777178 0
7 0 108.717287317495 0
7 200 58.2119555012059 0
7 400 71.2718915164624 0
7 500 53.9605409353942 0
7 700 40.7112398183621 0
7 1000 48.4226371896996 0
8 0 101.782194588894 0
8 200 52.5433536697838 0
8 400 69.4631918506076 0
8 500 40.313076405207 0
8 700 36.7890919073515 0
8 1000 25.2397133192479 0
9 0 125.789546393637 0
9 200 92.8751562197708 0
9 400 62.3258218113858 0
9 500 67.7937949816643 0
9 700 46.6890636279413 0
9 1000 54.5879047649156 0
10 0 80.3753032561682 0
10 200 46.4955494371158 0
10 400 39.4847700469616 0
10 500 63.7900689234307 0
10 700 35.861032483332 0
10 1000 41.0728291711744 0
11 0 115.630362697409 0
11 200 92.4827765132012 0
11 400 36.7119995749281 0
11 500 72.1219563015987 0
11 700 39.8798538708756 0
11 1000 52.8828336954764 0
12 0 122.326050043416 0
12 200 95.9885737670065 0
12 400 60.4878342981991 0
12 500 47.9915320667067 0
12 700 50.5351035852962 0
12 1000 47.8847191081828 0
13 0 77.6136952161763 0
13 200 101.387862911641 0
13 400 70.859098539081 0
13 500 76.335563795752 0
13 700 54.5485553957666 0
13 1000 29.3919560422608 0
14 0 88.4976129263324 0
14 200 65.1864714473288 0
14 400 57.1561779556435 0
14 500 50.0646442707144 0
14 700 45.3318891287771 0
14 1000 28.8879179453154 0
15 0 120.607850577051 0
15 200 101.097897389406 0
15 400 89.1938392662463 0
15 500 77.2438197713381 0
15 700 79.3278125395084 0
15 1000 33.7851492720093 0
16 0 79.936925281738 0
16 200 55.0281253347156 0
16 400 47.4436832365715 0
16 500 41.5693502254037 0
16 700 33.525736482592 0
16 1000 25.9317843314499 0
17 0 111.46372729945 0
17 200 108.730334780755 0
17 400 77.4494361904041 0
17 500 84.1608016827875 0
17 700 72.0769008727646 0
17 1000 61.3959235298968 0
18 0 77.5776633092305 0
18 200 86.9851215233656 0
18 400 41.9536315113538 0
18 500 58.8121850508032 0
18 700 56.7155734930444 0
18 1000 31.1221745846333 0
19 0 121.596526794232 0
19 200 52.2012740151566 0
19 400 81.9561508966803 0
19 500 67.1443076082858 0
19 700 48.7509372067586 0
19 1000 52.133762916174 0
20 0 61.729633449937 0
20 200 66.9340119561704 0
20 400 58.1635787601552 0
20 500 41.6060217619868 0
20 700 44.0654072274274 0
20 1000 37.8840316259133 0
21 0 98.8496719033644 0
21 200 113.082948965398 0
21 400 83.5122121967943 0
21 500 78.6081733289051 0
21 700 73.9814793435412 0
21 1000 85.4705997089059 0
22 0 114.296442183309 0
22 200 85.1103944347939 0
22 400 82.5074164078684 0
22 500 75.5439977544335 0
22 700 83.270759426702 0
22 1000 46.2788199916977 0
23 0 133.131057013516 0
23 200 107.615738312043 0
23 400 49.3387107897454 0
23 500 48.0416820570155 0
23 700 64.1823787847588 0
23 1000 63.6487349153489 0
24 0 76.9964054404023 0
24 200 77.0259673049111 0
24 400 40.5656413416238 0
24 500 39.2216340751031 0
24 700 35.1256858679006 0
24 1000 31.4862433126596 0
25 0 113.316123993014 0
25 200 67.1876348767856 0
25 400 71.3793728985187 0
25 500 40.1062489188071 0
25 700 63.1549992971096 0
25 1000 38.1178337517128 0
26 0 90.2547546912451 0
26 200 99.4049761859338 0
26 400 65.590590717902 0
26 500 46.3469197891197 0
26 700 61.2130977476293 0
26 1000 38.7227445799196 0
27 0 115.225853258802 0
27 200 81.7959728659118 0
27 400 60.464364840311 0
27 500 60.6730586706624 0
27 700 61.7721869307916 0
27 1000 57.5638847799041 0
28 0 84.8263042909537 0
28 200 72.1267508673695 0
28 400 52.3127929079179 0
28 500 62.9805615060537 0
28 700 78.706604645124 0
28 1000 36.0358854450793 0
29 0 110.675542821658 0
29 200 87.4465212972352 0
29 400 44.8641531719277 0
29 500 46.548053110147 0
29 700 53.1414164645405 0
29 1000 18.2237542456412 0
30 0 128.527688592121 0
30 200 89.6476761307316 0
30 400 63.9110157247485 0
30 500 49.1537221163842 0
30 700 43.4566321714897 0
30 1000 45.5356838095335 0
31 0 116.571857920551 0
31 200 111.594474070055 0
31 400 76.1516769038588 0
31 500 42.1088075035578 0
31 700 53.9488671207689 0
31 1000 42.7472981735728 0
32 0 109.803771806477 0
32 200 57.8952883853672 0
32 400 88.2002573789974 0
32 500 52.8826191144478 0
32 700 34.3405490329139 0
32 1000 41.1428732100711 0
33 0 128.64474943099 0
33 200 120.225394308607 0
33 400 85.3566356160916 0
33 500 77.1427559526857 0
33 700 43.2760538226699 0
33 1000 42.4019436814357 0
34 0 56.5010013634711 0
34 200 95.8843984211899 0
34 400 47.0771987900464 0
34 500 70.089634297927 0
34 700 51.7660066860389 0
34 1000 39.4966714670486 0
35 0 98.7803625125739 0
35 200 86.78827173493 0
35 400 74.8605993829834 0
35 500 48.4704247340878 0
35 700 61.4518317331171 0
35 1000 41.3183079085335 0
36 0 79.9734668536157 0
36 200 62.8670833367527 0
36 400 89.8032424817691 0
36 500 77.8339699144432 0
36 700 69.6708489943566 0
36 1000 36.6715762441121 0
37 0 62.5982136171391 0
37 200 109.14540090149 0
37 400 125.187169937342 0
37 500 105.573343708737 0
37 700 78.1560416388765 0
37 1000 84.8536349816411 0
38 0 63.1462897641073 0
38 200 93.3198657479803 0
38 400 53.7438979243296 0
38 500 92.7280769305985 0
38 700 41.5756592547673 0
38 1000 48.2190685719653 0
39 0 70.2462485877329 0
39 200 119.011182593566 0
39 400 99.5302852391409 0
39 500 48.6625929742473 0
39 700 33.7392548639135 0
39 1000 44.6263147349358 0
40 0 91.2409079355039 0
40 200 65.2253217347206 0
40 400 88.1242728803084 0
40 500 62.7889299917951 0
40 700 49.3028769502869 0
40 1000 46.7486189307796 0
41 0 111.612899415008 0
41 200 95.3217087849239 0
41 400 77.4633818834324 0
41 500 58.5561802147378 0
41 700 83.2174203537815 0
41 1000 52.3881947255742 0
42 0 86.4772642995975 0
42 200 97.0148977267278 0
42 400 60.7487320133934 0
42 500 56.4131728877667 0
42 700 37.0290150289642 0
42 1000 33.6124949318613 0
43 0 100.176690176488 0
43 200 60.6553052190914 0
43 400 57.6552560527682 0
43 500 53.4359540928529 0
43 700 39.4521177341176 0
43 1000 27.1053606585019 0
44 0 77.0267123667122 0
44 200 104.781273200265 0
44 400 65.4730168870292 0
44 500 46.5551522464286 0
44 700 50.4795246456554 0
44 1000 26.7794683128555 0
45 0 99.483479038403 0
45 200 78.2374939796381 0
45 400 51.4420172141231 0
45 500 55.1431309602677 0
45 700 55.7429164643993 0
45 1000 28.6445343724746 0
46 0 135.92052375287 0
46 200 106.063067982682 0
46 400 84.3287937255028 0
46 500 46.5973426260629 0
46 700 47.0109893509437 0
46 1000 30.6413029833098 0
47 0 117.616474902301 0
47 200 58.5894085569859 0
47 400 48.4664894854254 0
47 500 37.2692813662305 0
47 700 41.1375313070049 0
47 1000 34.6884781748903 0
48 0 109.838876595366 0
48 200 77.9879317153386 0
48 400 91.2791389863052 0
48 500 82.1396468141313 0
48 700 56.7353522151563 0
48 1000 66.0521043682884 0
49 0 120.253800899995 0
49 200 82.2143131729049 0
49 400 75.0765187681832 0
49 500 66.650635464868 0
49 700 41.5391500452966 0
49 1000 36.6437218841805 0
50 0 104.772399824035 0
50 200 86.6303405869406 0
50 400 63.1245481125633 0
50 500 63.9698497220582 0
50 700 46.609123309113 0
50 1000 45.7836324433701 0
51 0 110.667727685521 1
51 200 87.4502158938266 1
51 400 13.7432254468623 1
51 500 51.5932189697139 1
51 700 38.3908167069619 1
51 1000 33.1042642419053 1
52 0 103.690688414457 1
52 200 120.009694159977 1
52 400 74.7034440734325 1
52 500 59.7644587087071 1
52 700 43.0164267386081 1
52 1000 30.5938695143253 1
53 0 89.4344574673459 1
53 200 82.2126401392 1
53 400 59.0451778092898 1
53 500 61.1914977582983 1
53 700 56.3307895179881 1
53 1000 35.5677516934569 1
54 0 104.490063366942 1
54 200 89.1774807981893 1
54 400 54.3627765598313 1
54 500 60.2372943022763 1
54 700 42.0582387045803 1
54 1000 53.5880286339267 1
55 0 114.23930832399 1
55 200 96.3255066450801 1
55 400 51.2717253104622 1
55 500 59.4838198040351 1
55 700 45.2793097934715 1
55 1000 32.547557925786 1
56 0 101.062453740054 1
56 200 99.5396032150961 1
56 400 52.7797398111203 1
56 500 62.2937495470873 1
56 700 38.5317749819812 1
56 1000 50.5036928687553 1
57 0 76.4499635864226 1
57 200 97.4093985589886 1
57 400 83.370729224414 1
57 500 43.2901303927618 1
57 700 31.7256591674713 1
57 1000 41.110923289401 1
58 0 56.3475474273954 1
58 200 73.5422659303955 1
58 400 55.4023806858243 1
58 500 43.9399540086899 1
58 700 30.1691194659567 1
58 1000 25.9478300208752 1
59 0 97.551636597407 1
59 200 114.964314165565 1
59 400 64.8197298663635 1
59 500 43.0223581468511 1
59 700 40.9167682947724 1
59 1000 51.1734205005431 1
60 0 101.944618334695 1
60 200 62.8931951914625 1
60 400 72.4677349732207 1
60 500 56.6443116565204 1
60 700 25.9747299206646 1
60 1000 29.0593083880118 1
61 0 127.301788344057 1
61 200 37.5602606367889 1
61 400 41.5400574842605 1
61 500 32.7164598728396 1
61 700 40.9938118924909 1
61 1000 38.6669926756143 1
62 0 138.111701592028 1
62 200 72.9468400061077 1
62 400 48.5297246602955 1
62 500 51.0853581007659 1
62 700 41.5737095503414 1
62 1000 38.195751531139 1
63 0 75.3864798801709 1
63 200 52.6608263219245 1
63 400 68.7323092916417 1
63 500 51.3293385799453 1
63 700 39.3412372562228 1
63 1000 33.7723183974577 1
64 0 97.7387793775069 1
64 200 71.0353041403409 1
64 400 68.3280018633156 1
64 500 42.1321122227768 1
64 700 30.3748956459513 1
64 1000 32.2834168564568 1
65 0 87.4772816889942 1
65 200 58.5087777168999 1
65 400 34.1740976563354 1
65 500 33.6948872528561 1
65 700 42.8085921332023 1
65 1000 24.68384749638 1
66 0 102.039061416983 1
66 200 77.8425121603607 1
66 400 40.8091822872177 1
66 500 50.5533750266141 1
66 700 32.4134675737882 1
66 1000 25.5424973761944 1
67 0 69.1152265353322 1
67 200 44.0855549005409 1
67 400 46.7929981687815 1
67 500 50.0267011808588 1
67 700 35.3705904717487 1
67 1000 36.7350205524932 1
68 0 133.891273897123 1
68 200 55.340543355292 1
68 400 43.2478516589887 1
68 500 33.6443548476385 1
68 700 29.9356941481654 1
68 1000 37.3814965970922 1
69 0 95.0967616375766 1
69 200 79.3224354730322 1
69 400 57.8717691039503 1
69 500 38.1479807113489 1
69 700 46.7513183779543 1
69 1000 27.5507576253164 1
70 0 130.020308106413 1
70 200 100.714259124988 1
70 400 66.04131750185 1
70 500 66.8292873388413 1
70 700 52.880999686054 1
70 1000 45.8245992832604 1
71 0 128.173514764641 1
71 200 104.258122559418 1
71 400 99.6665064332323 1
71 500 62.4511634860448 1
71 700 43.8367626816728 1
71 1000 35.5058797028406 1
72 0 94.4333550854465 1
72 200 67.3003336540312 1
72 400 30.4537478614237 1
72 500 46.3729054347477 1
72 700 36.628883430077 1
72 1000 29.5746104795078 1
73 0 105.550428493049 1
73 200 59.003269029724 1
73 400 34.7835294853163 1
73 500 28.891587935232 1
73 700 39.3099063361884 1
73 1000 22.7499868028797 1
74 0 105.665007770852 1
74 200 115.23881432242 1
74 400 90.1141638152776 1
74 500 86.4550352754843 1
74 700 53.5104058893377 1
74 1000 52.0986455057816 1
75 0 59.73563454524 1
75 200 41.0395718628112 1
75 400 49.8248325159622 1
75 500 46.6804330971761 1
75 700 28.852469634941 1
75 1000 22.6297317768427 1
76 0 142.517619264044 1
76 200 77.3248353404114 1
76 400 80.3929194617035 1
76 500 50.9184960791021 1
76 700 29.1986251332467 1
76 1000 36.6738223010156 1
77 0 92.5245703625272 1
77 200 67.9299075539816 1
77 400 54.9852309963895 1
77 500 51.6983831764514 1
77 700 26.4335836662127 1
77 1000 29.5328657428691 1
78 0 83.6737560182659 1
78 200 29.3548673663451 1
78 400 27.7070909245722 1
78 500 29.2073264290143 1
78 700 31.7771318567367 1
78 1000 22.9890287516036 1
79 0 108.355913136335 1
79 200 71.17471676332 1
79 400 98.2191917496908 1
79 500 91.1914407488153 1
79 700 64.1515052485273 1
79 1000 31.1945421489084 1
80 0 84.0225052046402 1
80 200 107.962468472804 1
80 400 59.1308513324889 1
80 500 50.2359349094669 1
80 700 41.1615499443033 1
80 1000 37.6660308874087 1
81 0 124.844499904334 1
81 200 63.8337222429912 1
81 400 82.7393987903076 1
81 500 72.7886305248097 1
81 700 46.8661087323047 1
81 1000 51.8792338179319 1
82 0 77.324220510754 1
82 200 70.9459296646023 1
82 400 80.2828000264506 1
82 500 24.5818467577525 1
82 700 35.0904033200525 1
82 1000 40.1388777215704 1
83 0 138.090706702253 1
83 200 90.4803033563411 1
83 400 64.0918757303229 1
83 500 47.1864167779347 1
83 700 44.5553383933288 1
83 1000 35.1772280063288 1
84 0 93.3361368509271 1
84 200 101.556929353776 1
84 400 39.4659847934012 1
84 500 52.9484073763472 1
84 700 62.708818261747 1
84 1000 31.1357524393363 1
85 0 119.689884715871 1
85 200 71.5636504473911 1
85 400 27.780542748543 1
85 500 27.9311266407874 1
85 700 23.6580025495592 1
85 1000 35.9454471752804 1
86 0 79.4309179121165 1
86 200 76.337254458168 1
86 400 66.3131133592973 1
86 500 50.941750325138 1
86 700 44.1819650720649 1
86 1000 32.1662173196983 1
87 0 66.5363664651897 1
87 200 82.9747554115388 1
87 400 58.2730108750402 1
87 500 58.9303024995008 1
87 700 49.6144336009881 1
87 1000 43.5306640934227 1
88 0 91.616076462794 1
88 200 87.7859209108933 1
88 400 51.6623778898278 1
88 500 60.6468337018669 1
88 700 41.3632330161652 1
88 1000 31.431776103086 1
89 0 77.7295044790864 1
89 200 86.8826443992116 1
89 400 43.5027000802866 1
89 500 84.3552844562128 1
89 700 61.8880619700549 1
89 1000 42.6871956432259 1
90 0 101.088383454458 1
90 200 67.7845912232359 1
90 400 50.3159428811491 1
90 500 48.1109765015668 1
90 700 38.7631197035147 1
90 1000 43.1792076697557 1
91 0 95.6283181204649 1
91 200 59.3164665703131 1
91 400 30.8332484618664 1
91 500 27.7255617838759 1
91 700 30.3494726579394 1
91 1000 18.3815966700498 1
92 0 79.4694407289202 1
92 200 76.1243827253698 1
92 400 58.6393696704005 1
92 500 44.0998714447469 1
92 700 35.4144257905351 1
92 1000 49.0959915882431 1
93 0 124.167050252998 1
93 200 59.6539159351309 1
93 400 53.6538969671044 1
93 500 55.5941172252799 1
93 700 41.3023431719688 1
93 1000 42.6186131560066 1
94 0 79.8475447091219 1
94 200 70.5937125677521 1
94 400 37.1638891254778 1
94 500 42.7260256826881 1
94 700 34.2574047438162 1
94 1000 30.4752885808109 1
95 0 125.652799471448 1
95 200 57.4630789914492 1
95 400 33.7456155920739 1
95 500 47.5037814519835 1
95 700 34.0875080773128 1
95 1000 21.5017696735815 1
96 0 67.3993968454721 1
96 200 83.8685784939299 1
96 400 58.221139209368 1
96 500 39.2323723721323 1
96 700 23.7264036594774 1
96 1000 42.3984641989256 1
97 0 131.625569538704 1
97 200 83.170321762813 1
97 400 47.4972401286252 1
97 500 51.5333983775693 1
97 700 27.4588411227282 1
97 1000 45.0538209414123 1
98 0 98.3939467951525 1
98 200 71.2196282770963 1
98 400 62.4084761049766 1
98 500 56.5946905583024 1
98 700 54.9589875209473 1
98 1000 56.0817794745247 1
99 0 78.9553336332926 1
99 200 51.4851777888063 1
99 400 49.0667210299633 1
99 500 42.1848520366499 1
99 700 45.9312932349464 1
99 1000 36.0960352771834 1
100 0 116.812030371959 1
100 200 73.2506965520476 1
100 400 66.9589993308504 1
100 500 56.939017322268 1
100 700 49.9569223793293 1
100 1000 47.3798102745192 1
