id dose eff group
1 0 90.9706962345078 0
1 200 71.5825921300208 0
1 400 49.3686611380858 0
1 500 47.7608649838565 0
1 700 48.6990728678777 0
1 1000 37.5189925689372 0
2 0 107.755021977344 0
2 200 56.2227159811266 0
2 400 109.264476836561 0
2 500 71.7110752350712 0
2 700 65.0117769721232 0
2 1000 64.4787678815442 0
3 0 96.696492756009 0
3 200 93.6366927541975 0
3 400 52.6867810027632 0
3 500 46.1893435160325 0
3 700 41.1335432743809 0
3 1000 25.6996890832166 0
4 0 127.667296046697 0
4 200 81.4542592460822 0
4 400 102.798128445622 0
4 500 75.0690277754165 0
4 700 67.142650718685 0
4 1000 63.4610039636801 0
5 0 120.389751172178 0
5 200 72.026961457885 0
5 400 97.8692440653383 0
5 500 36.4713906137409 0
5 700 45.501522100786 0
5 1000 56.2372182297781 0
6 0 98.2157645889001 0
6 200 66.8002475465968 0
6 400 55.6618387599238 0
6 500 52.1909414421447 0
6 700 54.1271861011187 0
6 1000 26.1711394386126 0
7 0 90.9100334667125 0
7 200 70.7064861896779 0
7 400 76.4279132994482 0
7 500 80.7706015760184 0
7 700 63.955603936945 0
7 1000 41.7120812822343 0
8 0 71.7493756982673 0
8 200 72.8090628606014 0
8 400 42.3361537978678 0
8 500 39.0296519446881 0
8 700 19.7413746292917 0
8 1000 27.0965550250529 0
9 0 136.443313397213 0
9 200 55.1456445829215 0
9 400 50.8658317467113 0
9 500 50.9708105742618 0
9 700 28.3568071219403 0
9 1000 35.6128667794147 0
10 0 120.724575686936 0
10 200 82.3012658177221 0
10 400 59.1691963648184 0
10 500 65.0533315447792 0
10 700 47.096630614376 0
10 1000 31.6010109937768 0
11 0 96.2599193577915 0
11 200 84.4180613183456 0
11 400 48.4121962498253 0
11 500 43.6958032818489 0
11 700 38.8388296885561 0
11 1000 28.3157658492347 0
12 0 131.005270972182 0
12 200 73.1233326970471 0
12 400 60.5421889919523 0
12 500 82.440792694077 0
12 700 44.1553870255658 0
12 1000 47.4314068197945 0
13 0 81.3706969845293 0
13 200 77.3783622774198 0
13 400 76.3353050854001 0
13 500 82.2228257037002 0
13 700 55.8795776025693 0
13 1000 50.9928933636861 0
14 0 135.941638712867 0
14 200 137.374038614841 0
14 400 80.6843182698725 0
14 500 96.9879418335975 0
14 700 59.8859909345914 0
14 1000 54.545051449389 0
15 0 85.4212675991405 0
15 200 89.5357198632643 0
15 400 46.8899554215222 0
15 500 44.1412463521762 0
15 700 38.3874605175382 0
15 1000 42.396561010392 0
16 0 129.379468747854 0
16 200 102.25492757422 0
16 400 43.6626362954791 0
16 500 52.5202833733004 0
16 700 54.0876695369522 0
16 1000 44.1962381498896 0
17 0 119.200752102127 0
17 200 118.197761821053 0
17 400 99.3215244667014 0
17 500 94.6747339810679 0
17 700 78.5576107127512 0
17 1000 67.7820218753001 0
18 0 107.538737115369 0
18 200 89.2182871165437 0
18 400 85.9699505793961 0
18 500 55.9903291001698 0
18 700 56.3511148129463 0
18 1000 67.360605848988 0
19 0 107.922277049032 0
19 200 138.981341145277 0
19 400 67.6216313512134 0
19 500 82.7086396926848 0
19 700 66.0680109907221 0
19 1000 68.4488773520958 0
20 0 94.1758110673127 0
20 200 83.4458678298853 0
20 400 78.5280370024551 0
20 500 83.5849269683188 0
20 700 66.3120124021746 0
20 1000 33.6593958366948 0
21 0 120.473723964289 0
21 200 62.6245402992969 0
21 400 78.7845565497651 0
21 500 65.2843181752478 0
21 700 36.8670704068379 0
21 1000 47.9470772147261 0
22 0 90.5882903895054 0
22 200 81.082989498658 0
22 400 100.7603315695 0
22 500 112.198451762438 0
22 700 70.3633454763593 0
22 1000 64.4182311527843 0
23 0 107.20924505248 0
23 200 71.6342116883078 0
23 400 52.4495247995911 0
23 500 57.357567309273 0
23 700 51.9802825548356 0
23 1000 43.401602276483 0
24 0 76.1456921267425 0
24 200 56.7972662635887 0
24 400 78.3473769650665 0
24 500 74.0038041525348 0
24 700 75.7742061057367 0
24 1000 49.0091818581873 0
25 0 81.6765750998485 0
25 200 99.7775423538418 0
25 400 87.3841968968918 0
25 500 62.6786876242055 0
25 700 77.684824393192 0
25 1000 66.1544075603349 0
26 0 119.51797541356 0
26 200 77.3749259692456 0
26 400 63.5978916202675 0
26 500 63.6455924840801 0
26 700 52.1891350654629 0
26 1000 30.3471877753592 0
27 0 117.260991024771 0
27 200 85.9586332327622 0
27 400 40.5572502545366 0
27 500 24.7473397270396 0
27 700 39.0810914675615 0
27 1000 17.5332170037335 0
28 0 109.674449768312 0
28 200 109.152794030099 0
28 400 90.3631332223633 0
28 500 74.5993106438316 0
28 700 63.788909298736 0
28 1000 52.7652686913694 0
29 0 109.650934573873 0
29 200 113.225819255836 0
29 400 81.7504947957549 0
29 500 70.6091870364025 0
29 700 86.2375885954672 0
29 1000 49.5438378178201 0
30 0 131.721472115499 0
30 200 130.594128929954 0
30 400 97.6023985859431 0
30 500 112.846726168116 0
30 700 99.2347835543932 0
30 1000 70.6917268746813 0
31 0 98.1088868375192 0
31 200 122.375687214229 0
31 400 74.7830394597938 0
31 500 77.055150890605 0
31 700 41.5045847143725 0
31 1000 33.1896832261035 0
32 0 86.46346110189 0
32 200 102.760108371133 0
32 400 62.8208000953028 0
32 500 31.1644943408475 0
32 700 48.8213016659236 0
32 1000 36.2662391502381 0
33 0 86.8367367078027 0
33 200 107.175442884457 0
33 400 94.1208292089899 0
33 500 72.1230333595772 0
33 700 43.1261530781318 0
33 1000 57.6521145131728 0
34 0 98.2878490212394 0
34 200 41.2132690854671 0
34 400 49.2025028176182 0
34 500 32.8750702937535 0
34 700 33.9470600694264 0
34 1000 28.3569294504949 0
35 0 95.6650085004435 0
35 200 86.9719706314178 0
35 400 83.7957487997554 0
35 500 58.1083918194402 0
35 700 36.2632414087889 0
35 1000 55.9809618837494 0
36 0 87.8286739103235 0
36 200 95.1168918288862 0
36 400 122.540662779224 0
36 500 95.9136970833076 0
36 700 73.934962355254 0
36 1000 57.0905875870817 0
37 0 104.723219567876 0
37 200 83.0342053532761 0
37 400 61.6092978000022 0
37 500 73.075073419053 0
37 700 71.1297649338639 0
37 1000 62.1887189499358 0
38 0 140.681574788619 0
38 200 120.109829008496 0
38 400 96.8023203083109 0
38 500 97.7808917217043 0
38 700 80.4547821925088 0
38 1000 53.204922540775 0
39 0 64.4908278322725 0
39 200 90.6347273293756 0
39 400 82.6355053920661 0
39 500 48.7516789582022 0
39 700 71.7160257872011 0
39 1000 53.1844627692676 0
40 0 115.500147625101 0
40 200 68.1840810308478 0
40 400 76.4995174738257 0
40 500 87.1748079782588 0
40 700 57.9345585164783 0
40 1000 69.4888444247899 0
41 0 99.3134262229115 0
41 200 103.322606702423 0
41 400 83.5388430596964 0
41 500 82.1054357758566 0
41 700 53.5159593202884 0
41 1000 53.3403105347269 0
42 0 72.5065183478258 0
42 200 88.3202953865199 0
42 400 73.6362492919361 0
42 500 59.2422146504272 0
42 700 44.7664952926472 0
42 1000 30.2855032285281 0
43 0 94.002428963343 0
43 200 95.4479225112661 0
43 400 50.5560915187261 0
43 500 63.8856228832673 0
43 700 35.5433031544355 0
43 1000 37.9959070938389 0
44 0 70.3444284421399 0
44 200 95.319299595291 0
44 400 63.6676929164617 0
44 500 43.483213040357 0
44 700 53.0971430076944 0
44 1000 42.2250552440788 0
45 0 82.8468850205399 0
45 200 91.0569489351222 0
45 400 61.3721304299642 0
45 500 54.651400767044 0
45 700 50.3429903920649 0
45 1000 47.669541407425 0
46 0 76.571704360982 0
46 200 92.838481571933 0
46 400 82.7753080447467 0
46 500 106.509349576825 0
46 700 66.5286472442301 0
46 1000 43.6087567715801 0
47 0 73.9796961035152 0
47 200 62.3629089200518 0
47 400 51.8491870558706 0
47 500 40.4735055937003 0
47 700 35.285708978833 0
47 1000 29.4567729321686 0
48 0 87.5209960716642 0
48 200 83.079902139995 0
48 400 70.087115726378 0
48 500 55.8019458413038 0
48 700 55.0544198550399 0
48 1000 46.5370119172848 0
49 0 83.606395854763 0
49 200 83.9563501812135 0
49 400 49.281161074718 0
49 500 74.6151442959458 0
49 700 54.4752526709628 0
49 1000 26.8816160372737 0
50 0 104.186428865112 0
50 200 93.9311601535483 0
50 400 74.1266244378674 0
50 500 55.2099345439038 0
50 700 54.6363783466165 0
50 1000 36.2435718327908 0
51 0 147.657118148161 1
51 200 75.3118808149479 1
51 400 69.9319057072578 1
51 500 69.8095460828505 1
51 700 49.6104525736034 1
51 1000 41.7865084022487 1
52 0 83.1895517468647 1
52 200 50.3601044822756 1
52 400 38.3279306598645 1
52 500 40.0808447598178 1
52 700 32.1496956096196 1
52 1000 29.0113519318302 1
53 0 140.73254378119 1
53 200 103.832164718861 1
53 400 67.6383452436868 1
53 500 45.7700038673966 1
53 700 64.5572685035699 1
53 1000 33.4935253717429 1
54 0 111.446829545526 1
54 200 78.717490926039 1
54 400 32.9587367819896 1
54 500 40.0149329045783 1
54 700 19.6880290949656 1
54 1000 28.3420893983284 1
55 0 112.49000755509 1
55 200 95.1020466999831 1
55 400 52.6111742517103 1
55 500 41.3706216374296 1
55 700 40.6104655355499 1
55 1000 43.840572188544 1
56 0 138.44440828739 1
56 200 65.932171034725 1
56 400 54.0663369020029 1
56 500 37.404137216981 1
56 700 45.6517242946027 1
56 1000 38.1774875590018 1
57 0 95.7419393487736 1
57 200 88.3942739735283 1
57 400 65.1806680770909 1
57 500 90.3974974707239 1
57 700 43.814906251638 1
57 1000 56.8724369504777 1
58 0 93.4651899729392 1
58 200 86.4054878078334 1
58 400 63.7867048698704 1
58 500 49.0804112617398 1
58 700 49.7755206006118 1
58 1000 29.6894478367579 1
59 0 122.85947245724 1
59 200 98.6379422862017 1
59 400 78.8967880835288 1
59 500 57.2929125824201 1
59 700 43.3422392817256 1
59 1000 30.9144924504817 1
60 0 98.8515081145196 1
60 200 95.2028470884023 1
60 400 56.3008307997036 1
60 500 55.9936674225829 1
60 700 38.8198619862559 1
60 1000 54.0635199582241 1
61 0 122.246226818606 1
61 200 58.2671363394857 1
61 400 48.318218925727 1
61 500 53.984713545635 1
61 700 49.7926565888052 1
61 1000 42.214477332757 1
62 0 104.392581885362 1
62 200 79.9707256647667 1
62 400 55.1408292824195 1
62 500 41.045104267084 1
62 700 56.3644345567001 1
62 1000 33.6297760194274 1
63 0 108.837134033223 1
63 200 60.1336575090975 1
63 400 51.1990062192944 1
63 500 36.412339226863 1
63 700 37.3479495527156 1
63 1000 35.4993641444608 1
64 0 65.3201272927499 1
64 200 61.4030265021607 1
64 400 33.0723259877953 1
64 500 35.0728927711199 1
64 700 29.9902462172503 1
64 1000 28.4409934072411 1
65 0 73.1793024456405 1
65 200 60.8476431144566 1
65 400 50.9536318504093 1
65 500 66.1490434306794 1
65 700 50.7830619179323 1
65 1000 48.8711600356236 1
66 0 82.7947222401842 1
66 200 84.3306505375415 1
66 400 49.6415072204734 1
66 500 37.5347624281647 1
66 700 47.7810673622339 1
66 1000 25.0836609343105 1
67 0 119.327924306369 1
67 200 114.29935298729 1
67 400 66.6511130601888 1
67 500 49.6200204480686 1
67 700 21.5304082058172 1
67 1000 48.3307029139726 1
68 0 117.879055405622 1
68 200 98.8928442978746 1
68 400 61.9067876028856 1
68 500 68.1841036775957 1
68 700 44.675470676429 1
68 1000 43.343863591987 1
69 0 88.4268602218402 1
69 200 74.9034279398273 1
69 400 51.9603164466269 1
69 500 41.4767716969275 1
69 700 36.0058187472322 1
69 1000 35.11571035854 1
70 0 130.059395423443 1
70 200 130.594237775842 1
70 400 80.9328638217331 1
70 500 82.2861931733171 1
70 700 75.9844959819628 1
70 1000 57.1686973859602 1
71 0 112.481267436456 1
71 200 59.2785264067197 1
71 400 55.2009174308709 1
71 500 46.5872220717341 1
71 700 47.5936486890838 1
71 1000 22.4280980977715 1
72 0 73.7390909927628 1
72 200 48.5520020020307 1
72 400 64.3476461775743 1
72 500 52.0441399514478 1
72 700 51.2832416927937 1
72 1000 33.4634877410597 1
73 0 97.7053284923044 1
73 200 46.2871294826447 1
73 400 41.7113577702599 1
73 500 35.7667697697892 1
73 700 34.310318445699 1
73 1000 24.8872930651007 1
74 0 71.8145102742743 1
74 200 80.3078955467134 1
74 400 75.2512539266189 1
74 500 64.7375201180297 1
74 700 66.170135691876 1
74 1000 39.7463719274482 1
75 0 42.3036090904047 1
75 200 112.350251490901 1
75 400 41.9931114806732 1
75 500 48.2385754812803 1
75 700 40.6771737231607 1
75 1000 40.8961986960212 1
76 0 59.5619475011581 1
76 200 84.0128937013367 1
76 400 39.2999854496896 1
76 500 40.350821233491 1
76 700 39.7008751001134 1
76 1000 30.8852968679058 1
77 0 120.284189933259 1
77 200 91.5658928548221 1
77 400 61.9019761641046 1
77 500 65.4113846540529 1
77 700 38.4192556599289 1
77 1000 37.9710698023878 1
78 0 109.393555707784 1
78 200 141.720510467478 1
78 400 79.3876169676167 1
78 500 74.8117437890058 1
78 700 60.3276635874915 1
78 1000 56.3420540211849 1
79 0 108.65064030304 1
79 200 82.0971625607733 1
79 400 76.6347969846096 1
79 500 56.2333119758429 1
79 700 43.6502669313483 1
79 1000 47.0358845862913 1
80 0 121.405491078052 1
80 200 80.0022237384505 1
80 400 68.5340195870791 1
80 500 54.0442181173645 1
80 700 65.4681217735332 1
80 1000 31.2960478638202 1
81 0 115.129925714247 1
81 200 64.8721852947822 1
81 400 52.9940792126273 1
81 500 52.2671617012708 1
81 700 32.3718331073659 1
81 1000 34.5699413204481 1
82 0 108.927764539831 1
82 200 71.4822327606054 1
82 400 69.5112001128527 1
82 500 45.209767847341 1
82 700 45.5034346482392 1
82 1000 46.6567487879868 1
83 0 139.181027061319 1
83 200 101.741633673531 1
83 400 72.5209379568161 1
83 500 29.3454533798127 1
83 700 41.6693639023277 1
83 1000 31.1166337680638 1
84 0 139.461978931897 1
84 200 85.3851826051891 1
84 400 67.5634671747647 1
84 500 63.9309096856445 1
84 700 45.7559531637195 1
84 1000 42.4016730842012 1
85 0 100.45875386433 1
85 200 95.6714049608858 1
85 400 83.3913776856088 1
85 500 63.5139955894003 1
85 700 53.0200721948528 1
85 1000 43.7901888386098 1
86 0 116.027709216332 1
86 200 80.890608417277 1
86 400 41.8292501612961 1
86 500 41.6647637738475 1
86 700 29.1364678605791 1
86 1000 22.9505952635824 1
87 0 145.466328924411 1
87 200 97.6915906987541 1
87 400 59.4690578020631 1
87 500 78.992565975531 1
87 700 53.2615004398638 1
87 1000 65.4810269379022 1
88 0 83.5464192094233 1
88 200 90.0563137947769 1
88 400 53.0567434434506 1
88 500 54.9555827519864 1
88 700 50.1508198967379 1
88 1000 42.6063820162054 1
89 0 92.8505520498243 1
89 200 65.3314912245795 1
89 400 39.2212493711254 1
89 500 31.1269650940465 1
89 700 28.6027051304427 1
89 1000 31.6624595627806 1
90 0 103.050696568449 1
90 200 72.4393852144 1
90 400 46.2837798450732 1
90 500 42.9834652014074 1
90 700 35.5357383510886 1
90 1000 36.4737259356839 1
91 0 98.5027211236692 1
91 200 66.6495515611126 1
91 400 73.9695351252572 1
91 500 67.2535435006612 1
91 700 51.6836410776095 1
91 1000 32.6510729355131 1
92 0 109.110525277574 1
92 200 76.835926051746 1
92 400 63.5813255360525 1
92 500 45.8339774569822 1
92 700 53.6139524548275 1
92 1000 30.0322428037225 1
93 0 127.09951583585 1
93 200 82.2660959101587 1
93 400 43.2480433147713 1
93 500 47.6549182911269 1
93 700 31.9218633507485 1
93 1000 39.6454388087008 1
94 0 78.2859533866181 1
94 200 47.4728591874551 1
94 400 30.5424072706143 1
94 500 30.4987920557668 1
94 700 25.878951987028 1
94 1000 21.5528360432063 1
95 0 104.134130401415 1
95 200 75.0012733442516 1
95 400 53.2119710589943 1
95 500 47.2009872285384 1
95 700 41.7259013426482 1
95 1000 29.9386729453016 1
96 0 41.4030366361884 1
96 200 75.0952366049348 1
96 400 45.0837032743371 1
96 500 37.6811846383882 1
96 700 41.8114232952439 1
96 1000 36.0472119409638 1
97 0 109.276266234774 1
97 200 89.1198634705884 1
97 400 43.6411710791862 1
97 500 42.0782743263148 1
97 700 35.5546648270121 1
97 1000 47.6279035838978 1
98 0 118.717518868084 1
98 200 103.116705426159 1
98 400 51.1368322496192 1
98 500 69.2818439883841 1
98 700 47.6043871468885 1
98 1000 41.795974989127 1
99 0 104.254363460794 1
99 200 114.438405598123 1
99 400 102.930958414663 1
99 500 82.9741651784323 1
99 700 73.9922872999669 1
99 1000 65.6748918102889 1
100 0 178.187769868765 1
100 200 106.83919343838 1
100 400 58.0809129068679 1
100 500 95.0783381663996 1
100 700 51.4455468884377 1
100 1000 47.9287115650502 1
