id dose eff group
1 0 136.273312723099 0
1 200 89.9031090351271 0
1 400 53.3524579685455 0
1 500 63.6946628665536 0
1 700 45.7457554547859 0
1 1000 22.2964362732315 0
2 0 104.705368531465 0
2 200 79.3430489256261 0
2 400 66.0743115278274 0
2 500 38.3785448072668 0
2 700 54.5187833071087 0
2 1000 24.9837950660862 0
3 0 104.008760124367 0
3 200 90.1027371913457 0
3 400 88.8833697453877 0
3 500 73.5974550246817 0
3 700 66.836232657894 0
3 1000 50.4216751250161 0
4 0 127.732914386682 0
4 200 65.4049720452198 0
4 400 64.8452330002926 0
4 500 46.0001614081668 0
4 700 44.1917018463882 0
4 1000 41.3886690879759 0
5 0 99.3634404520868 0
5 200 68.1083813958347 0
5 400 48.3002994901514 0
5 500 36.4415764243653 0
5 700 27.1448177982886 0
5 1000 31.8600317371604 0
6 0 138.565265037536 0
6 200 95.9569305088236 0
6 400 78.4095843385855 0
6 500 74.3472769720594 0
6 700 56.1485125482817 0
6 1000 35.2637777741715 0
7 0 74.0541121877873 0
7 200 77.8408457264135 0
7 400 50.9514018870593 0
7 500 51.7862754831281 0
7 700 47.5781433003094 0
7 1000 41.837315675306 0
8 0 71.1924892593042 0
8 200 97.5478813509748 0
8 400 64.4009905963848 0
8 500 86.2518656421265 0
8 700 60.6143957836647 0
8 1000 43.3443965046878 0
9 0 99.1128716455711 0
9 200 63.8358571505291 0
9 400 50.3133186877141 0
9 500 62.9644334596058 0
9 700 18.4774347486854 0
9 1000 32.3625375470301 0
10 0 111.092192991284 0
10 200 82.7837877911043 0
10 400 62.512980131536 0
10 500 93.197250575475 0
10 700 70.3162385041074 0
10 1000 39.6122827370703 0
11 0 94.6717717156445 0
11 200 73.526702087972 0
11 400 98.3826167105169 0
11 500 87.3041954456743 0
11 700 59.2933775552841 0
11 1000 68.4682948208918 0
12 0 76.7820794732342 0
12 200 55.5344897994726 0
12 400 84.7427798144549 0
12 500 75.9102015493646 0
12 700 53.755324588538 0
12 1000 50.1737546311291 0
13 0 95.4699981382431 0
13 200 76.4039825365395 0
13 400 59.0839606485007 0
13 500 50.1606496307785 0
13 700 54.5730473221842 0
13 1000 29.078325722915 0
14 0 85.0825666630125 0
14 200 110.154527420531 0
14 400 92.639444360898 0
14 500 48.3696695010126 0
14 700 65.5449110614836 0
14 1000 37.902825089395 0
15 0 81.0977283161962 0
15 200 94.9804641355063 0
15 400 100.819640667134 0
15 500 68.5474078234472 0
15 700 64.6559014197329 0
15 1000 44.144891392093 0
16 0 106.401188361876 0
16 200 103.009945004561 0
16 400 107.418189659376 0
16 500 77.593357180292 0
16 700 79.5840122476771 0
16 1000 55.2292741128531 0
17 0 114.31375297678 0
17 200 103.911026840489 0
17 400 88.6675789448553 0
17 500 109.631713862868 0
17 700 89.0205023989013 0
17 1000 74.291776328262 0
18 0 91.2452734618243 0
18 200 101.025029861298 0
18 400 60.704411132205 0
18 500 93.3088188837556 0
18 700 44.3345295964041 0
18 1000 55.2188325584158 0
19 0 127.886292689374 0
19 200 74.3290249968662 0
19 400 74.885752318991 0
19 500 55.3548901896381 0
19 700 34.2445685191431 0
19 1000 20.9202781092185 0
20 0 112.319544114862 0
20 200 105.294748169025 0
20 400 49.3380370036764 0
20 500 76.4768278650294 0
20 700 59.0576057567072 0
20 1000 42.4229448014073 0
21 0 101.929798348792 0
21 200 71.4753185870986 0
21 400 82.4228263312292 0
21 500 55.5438499018671 0
21 700 44.7415840975632 0
21 1000 34.310124057173 0
22 0 120.239536754672 0
22 200 65.6779202527938 0
22 400 43.2737435023486 0
22 500 49.8432863598448 0
22 700 45.1487138544961 0
22 1000 39.8351564046178 0
23 0 88.4728850385755 0
23 200 111.040626123095 0
23 400 66.6888964580538 0
23 500 68.3290467804355 0
23 700 62.2799195353616 0
23 1000 71.4349414009789 0
24 0 92.3765701152341 0
24 200 87.1563244398616 0
24 400 47.0658011947798 0
24 500 90.7608034887558 0
24 700 63.2131286898356 0
24 1000 52.3522000537513 0
25 0 92.7979450867776 0
25 200 74.9553898268044 0
25 400 73.9043430375289 0
25 500 81.2919118997905 0
25 700 47.4857950918611 0
25 1000 38.6495589928604 0
26 0 97.3886609158549 0
26 200 104.449413648898 0
26 400 76.9845862170399 0
26 500 69.7297135869031 0
26 700 40.1099206772374 0
26 1000 45.9989864513458 0
27 0 102.475938902515 0
27 200 92.147799874389 0
27 400 80.0590948960314 0
27 500 68.0376986642492 0
27 700 79.1146629830675 0
27 1000 53.7548421494276 0
28 0 78.1068944622097 0
28 200 65.0922878588015 0
28 400 68.6337152714655 0
28 500 66.7746888451557 0
28 700 48.3492219676803 0
28 1000 52.5857163218761 0
29 0 92.2621732760117 0
29 200 80.6768788094339 0
29 400 83.839298942285 0
29 500 41.4139120977016 0
29 700 54.5452069222729 0
29 1000 55.1244996016026 0
30 0 91.5262010800315 0
30 200 129.158418140084 0
30 400 67.9550945379675 0
30 500 66.2718744493479 0
30 700 68.3945320044732 0
30 1000 48.9804934767636 0
31 0 93.6251821955004 0
31 200 81.652944639809 0
31 400 81.8925809314903 0
31 500 49.3732950274516 0
31 700 45.2669987405013 0
31 1000 35.5505087006276 0
32 0 67.705408323326 0
32 200 87.0061459912007 0
32 400 78.5448095141646 0
32 500 75.0705994406519 0
32 700 45.0850006321625 0
32 1000 38.0325495824728 0
33 0 108.558151071385 0
33 200 85.9171811141376 0
33 400 77.73784919098 0
33 500 61.6615577274372 0
33 700 46.3724734772852 0
33 1000 43.7178778489453 0
34 0 73.5010356631306 0
34 200 74.3180152571938 0
34 400 63.5946828173905 0
34 500 47.6048512624853 0
34 700 52.2104039561392 0
34 1000 30.9197631147013 0
35 0 131.790725696039 0
35 200 53.3176414617002 0
35 400 57.916364407474 0
35 500 85.6498537524051 0
35 700 59.3509959557067 0
35 1000 54.303122162428 0
36 0 91.1113720254404 0
36 200 74.1133330783921 0
36 400 63.4461097907554 0
36 500 65.4983782313053 0
36 700 93.8326669702685 0
36 1000 36.211566335304 0
37 0 67.9918419885612 0
37 200 76.5877046635455 0
37 400 83.9746440518196 0
37 500 46.351736206578 0
37 700 46.3304956065724 0
37 1000 24.7115937635735 0
38 0 118.705791338923 0
38 200 73.6208036592641 0
38 400 81.240104168643 0
38 500 62.4390214918426 0
38 700 45.8641441534604 0
38 1000 37.2298776353078 0
39 0 109.298170125112 0
39 200 75.6951247533488 0
39 400 38.848088923783 0
39 500 63.9615199599352 0
39 700 43.2993992807871 0
39 1000 40.6979611347765 0
40 0 61.3712978877469 0
40 200 79.5665916112928 0
40 400 82.3034409733784 0
40 500 74.2946748196316 0
40 700 44.2076773834762 0
40 1000 48.4335241139979 0
41 0 96.5422614795512 0
41 200 119.055371322057 0
41 400 106.820419623147 0
41 500 104.767949483417 0
41 700 63.9799807965748 0
41 1000 89.8557967152268 0
42 0 89.6048476986537 0
42 200 72.2198623345903 0
42 400 73.9222817846181 0
42 500 47.6807786764463 0
42 700 54.3425476684615 0
42 1000 39.3037184079876 0
43 0 93.8205413135494 0
43 200 76.5568631675147 0
43 400 89.3259680907601 0
43 500 60.1974538337434 0
43 700 54.5648675573989 0
43 1000 45.5497817786772 0
44 0 112.904090309065 0
44 200 110.080014917104 0
44 400 85.1630120622961 0
44 500 80.1887248015828 0
44 700 72.4146244688227 0
44 1000 78.6485976787037 0
45 0 101.766730196603 0
45 200 80.1230970283746 0
45 400 79.315120341204 0
45 500 55.3743251076925 0
45 700 44.0228779177207 0
45 1000 33.0221294973392 0
46 0 92.3558477522419 0
46 200 115.597122485744 0
46 400 54.8113774545827 0
46 500 68.2678335999312 0
46 700 60.854112199449 0
46 1000 48.8891417917666 0
47 0 90.1691088450889 0
47 200 76.5512563327732 0
47 400 56.235645611234 0
47 500 90.1294701897405 0
47 700 41.6917800787696 0
47 1000 57.5660656271631 0
48 0 88.072547011371 0
48 200 86.8180244054396 0
48 400 73.9098583061348 0
48 500 84.5189524944903 0
48 700 75.5909502744647 0
48 1000 41.5127300788244 0
49 0 45.770230778991 0
49 200 121.42742404346 0
49 400 83.7999642011812 0
49 500 60.8120118027736 0
49 700 33.6087364899379 0
49 1000 44.2023334458605 0
50 0 140.83748854141 0
50 200 179.987422941199 0
50 400 83.7790357703792 0
50 500 99.0424964183315 0
50 700 57.6929185362991 0
50 1000 66.7552529678663 0
51 0 85.5747969934386 1
51 200 84.7767183485858 1
51 400 43.7722297378071 1
51 500 40.0101081133464 1
51 700 36.6992720790516 1
51 1000 27.7988199145071 1
52 0 152.22249658387 1
52 200 96.5632693766081 1
52 400 53.1454195996245 1
52 500 44.2066592052601 1
52 700 52.6510534078936 1
52 1000 43.4375166280995 1
53 0 105.968126169709 1
53 200 80.8238652611616 1
53 400 47.329913836544 1
53 500 51.8198378831144 1
53 700 55.3316775215593 1
53 1000 33.4425213046718 1
54 0 79.7204520137084 1
54 200 108.202814789774 1
54 400 74.4230662472792 1
54 500 58.6283107632625 1
54 700 46.4225867395616 1
54 1000 42.0156307810297 1
55 0 126.243605080278 1
55 200 39.1164797779712 1
55 400 39.59690181493 1
55 500 39.8578404292404 1
55 700 24.7672423168077 1
55 1000 31.1762215292583 1
56 0 118.967336892973 1
56 200 67.8022945469082 1
56 400 49.4331808232998 1
56 500 37.3750518883479 1
56 700 26.7775550938283 1
56 1000 27.1440156498606 1
57 0 96.9133817457003 1
57 200 93.4247767551784 1
57 400 55.0427484654123 1
57 500 67.2926773916667 1
57 700 32.9922458028529 1
57 1000 38.0879535008685 1
58 0 132.716494192461 1
58 200 86.4872501245096 1
58 400 63.1366058047309 1
58 500 83.661422084342 1
58 700 46.5779901789567 1
58 1000 22.4854425718154 1
59 0 99.5044490948446 1
59 200 89.5320518322731 1
59 400 76.2870145998397 1
59 500 53.113594122286 1
59 700 35.1767293495057 1
59 1000 31.048846824024 1
60 0 101.840291919374 1
60 200 89.0068584626277 1
60 400 58.4341281538462 1
60 500 40.9884928542003 1
60 700 49.2579788124175 1
60 1000 36.2758140666119 1
61 0 107.328751359848 1
61 200 88.064100066154 1
61 400 49.1271500584329 1
61 500 33.5059509629203 1
61 700 45.3736925374147 1
61 1000 34.6333937301487 1
62 0 130.165707221742 1
62 200 66.1338111035601 1
62 400 20.9097368591112 1
62 500 30.2868566108585 1
62 700 32.3824495855799 1
62 1000 31.1468516402054 1
63 0 83.7133652031855 1
63 200 82.0875636677402 1
63 400 62.9319828608238 1
63 500 56.3921721086675 1
63 700 32.4343903286399 1
63 1000 36.9421329570892 1
64 0 106.610870846764 1
64 200 62.1362591311598 1
64 400 31.1782901193776 1
64 500 44.1470276491367 1
64 700 31.0777366311418 1
64 1000 31.530813508952 1
65 0 118.320606241381 1
65 200 78.2813319939906 1
65 400 81.9722741584254 1
65 500 66.6184991071901 1
65 700 37.5954140018331 1
65 1000 39.3513604520779 1
66 0 92.5292253317091 1
66 200 56.2183013784118 1
66 400 40.0731874007259 1
66 500 35.538719670267 1
66 700 22.2902620081249 1
66 1000 26.0650268055566 1
67 0 140.758429886738 1
67 200 71.3021254459138 1
67 400 40.9909061432241 1
67 500 37.6030527349315 1
67 700 47.4665034826699 1
67 1000 40.2540464549768 1
68 0 90.1658898072928 1
68 200 69.8104102124173 1
68 400 41.6990203180386 1
68 500 40.1513790042758 1
68 700 34.0769486510064 1
68 1000 33.3708132554559 1
69 0 101.150367143779 1
69 200 68.5873022522526 1
69 400 68.7189084687065 1
69 500 66.6729152582175 1
69 700 39.4883678144429 1
69 1000 48.4452766115246 1
70 0 110.186910537647 1
70 200 95.2487853924963 1
70 400 43.8648144635647 1
70 500 36.6172980142432 1
70 700 24.1580402928683 1
70 1000 35.9570867617329 1
71 0 79.4257266693674 1
71 200 48.5849497958338 1
71 400 28.722825616686 1
71 500 45.1261608048948 1
71 700 29.391577123015 1
71 1000 28.4748389938485 1
72 0 66.5020652903505 1
72 200 42.9249362147091 1
72 400 36.0106676197656 1
72 500 45.7004095834224 1
72 700 33.5560731459681 1
72 1000 26.4887734534088 1
73 0 67.3741152456076 1
73 200 59.9758948162952 1
73 400 50.8601761950245 1
73 500 44.3501482992414 1
73 700 28.1334664015863 1
73 1000 41.0913278762015 1
74 0 113.074229822489 1
74 200 92.3119437772239 1
74 400 50.3687527590673 1
74 500 56.6120435916008 1
74 700 52.0999905684058 1
74 1000 28.381088976095 1
75 0 93.212270329568 1
75 200 76.573476545977 1
75 400 43.8205604686497 1
75 500 58.1869789267635 1
75 700 35.2006790579283 1
75 1000 35.0180406810184 1
76 0 89.2600471057073 1
76 200 83.6345477610513 1
76 400 48.9183881155221 1
76 500 46.6853007396924 1
76 700 31.0997550707289 1
76 1000 40.4908378227519 1
77 0 94.4574581047939 1
77 200 78.5328124777903 1
77 400 29.6569065729723 1
77 500 27.3041841353184 1
77 700 41.5290001809513 1
77 1000 28.4409969796858 1
78 0 110.223867620885 1
78 200 78.8903910365357 1
78 400 43.7751994859493 1
78 500 50.7510230332474 1
78 700 26.160712756434 1
78 1000 30.8909609601756 1
79 0 83.3295930949424 1
79 200 71.1527484671502 1
79 400 54.2315298341442 1
79 500 51.5272520729137 1
79 700 43.3875043445716 1
79 1000 39.2340095904728 1
80 0 106.358259449426 1
80 200 34.4365914429355 1
80 400 61.4302585019151 1
80 500 56.4764534775443 1
80 700 55.9251553905807 1
80 1000 35.1686615152071 1
81 0 136.16667214617 1
81 200 37.0220554091518 1
81 400 49.0735863695259 1
81 500 50.8436309521479 1
81 700 40.4145040464318 1
81 1000 31.6175576825736 1
82 0 42.3967584955274 1
82 200 115.690928884021 1
82 400 57.0309052360256 1
82 500 47.7506221209595 1
82 700 40.6681366881186 1
82 1000 42.3568022255505 1
83 0 82.6850493113105 1
83 200 46.3143656228647 1
83 400 52.0463293532229 1
83 500 35.9764940259197 1
83 700 41.8942891417542 1
83 1000 45.6318380390698 1
84 0 82.964078416217 1
84 200 68.458492038347 1
84 400 66.0470268179564 1
84 500 52.3974328965041 1
84 700 48.739244430619 1
84 1000 27.1682768385865 1
85 0 84.717634387632 1
85 200 94.0607217033754 1
85 400 62.3471939049911 1
85 500 47.0494675895645 1
85 700 40.5657750508748 1
85 1000 54.2963775557155 1
86 0 87.14906005238 1
86 200 133.114379657473 1
86 400 74.5679027029604 1
86 500 38.57329579327 1
86 700 62.3437158675358 1
86 1000 37.0522745911248 1
87 0 138.339769626042 1
87 200 147.009125435285 1
87 400 60.8665532424301 1
87 500 74.8172654764176 1
87 700 40.829526047651 1
87 1000 36.9686555557534 1
88 0 61.8726541254523 1
88 200 54.5049838563117 1
88 400 22.8636166584435 1
88 500 22.9471287336189 1
88 700 19.966989232515 1
88 1000 34.7447716830043 1
89 0 109.028988481245 1
89 200 75.5403429646658 1
89 400 82.1963054848658 1
89 500 49.0327176547655 1
89 700 42.8706463563428 1
89 1000 36.3252815787102 1
90 0 83.1476826661924 1
90 200 72.1666338982611 1
90 400 34.388157256649 1
90 500 35.0966094643268 1
90 700 23.2133594467792 1
90 1000 34.4512170460553 1
91 0 108.116822392962 1
91 200 72.8166882880268 1
91 400 37.1836203923702 1
91 500 35.9875213809687 1
91 700 39.6061746154297 1
91 1000 31.1085715111511 1
92 0 64.6535646367666 1
92 200 72.0808476082671 1
92 400 52.571591492267 1
92 500 46.4798641898922 1
92 700 44.9378634395397 1
92 1000 29.5988215494209 1
93 0 120.239685442236 1
93 200 68.3253422992138 1
93 400 30.0868380296289 1
93 500 37.4815708549494 1
93 700 25.4914306330012 1
93 1000 32.6316664125395 1
94 0 88.954275581256 1
94 200 45.0231692602005 1
94 400 31.9736972412164 1
94 500 43.2982502853987 1
94 700 36.8001533674449 1
94 1000 27.1967080095601 1
95 0 105.386133949206 1
95 200 105.975732558477 1
95 400 98.7519889218761 1
95 500 49.0921597879509 1
95 700 40.4348237305318 1
95 1000 47.1804211744075 1
96 0 85.3274171761204 1
96 200 79.970477401778 1
96 400 25.2698802900441 1
96 500 46.1734091948329 1
96 700 38.5727746929677 1
96 1000 34.5711008409155 1
97 0 90.1974154457652 1
97 200 108.805782360689 1
97 400 54.0568120027063 1
97 500 49.9316118780761 1
97 700 45.4360850363417 1
97 1000 31.5921301621567 1
98 0 84.779277742681 1
98 200 73.7434594891294 1
98 400 54.2739919879682 1
98 500 41.4267227662968 1
98 700 42.1840898380974 1
98 1000 48.4261314314607 1
99 0 114.73148923417 1
99 200 130.081089572842 1
99 400 93.7617651191692 1
99 500 88.2974427717501 1
99 700 91.9059111273977 1
99 1000 57.8232635329189 1
100 0 76.5760141333532 1
100 200 63.4277985397102 1
100 400 71.690310459653 1
100 500 47.1052323222539 1
100 700 56.0286702538285 1
100 1000 45.1042863799406 1
