id dose eff group
1 0 79.8439348273164 0
1 200 66.9922938930562 0
1 400 96.722573184582 0
1 500 101.35664710256 0
1 700 77.9796517280518 0
1 1000 60.3555847937515 0
2 0 82.7041695832701 0
2 200 73.8318329910156 0
2 400 65.7742122179204 0
2 500 70.1248921926695 0
2 700 33.0717353884556 0
2 1000 51.9653895162766 0
3 0 120.005199510687 0
3 200 81.8392986592095 0
3 400 60.1499955362441 0
3 500 71.9138978661789 0
3 700 52.7218612092908 0
3 1000 33.6174198249587 0
4 0 119.142428822968 0
4 200 118.991662404282 0
4 400 65.2282454095293 0
4 500 69.796413926849 0
4 700 46.2588230509596 0
4 1000 45.0052351227428 0
5 0 138.899955624053 0
5 200 89.2829514424315 0
5 400 61.8810535262526 0
5 500 48.3265021122206 0
5 700 54.6499623231056 0
5 1000 30.3922575775916 0
6 0 125.065774408922 0
6 200 118.0416576954 0
6 400 85.0687210704019 0
6 500 72.5988540955958 0
6 700 51.0074981297893 0
6 1000 54.6176034075247 0
7 0 127.679794518414 0
7 200 82.8420114829446 0
7 400 49.7851718466369 0
7 500 58.4923218758691 0
7 700 59.0327178709112 0
7 1000 41.8859384085776 0
8 0 44.9876788229241 0
8 200 53.6188324152171 0
8 400 77.138585948554 0
8 500 90.3283172301884 0
8 700 77.1665943633243 0
8 1000 53.8176335369306 0
9 0 140.05057055313 0
9 200 89.4772187347327 0
9 400 66.3535835739946 0
9 500 69.9431911616965 0
9 700 50.6404909517161 0
9 1000 44.7097039619876 0
10 0 63.726890726722 0
10 200 112.540478355083 0
10 400 56.7802621521199 0
10 500 62.8703133437625 0
10 700 69.1656809279817 0
10 1000 25.4054455527306 0
11 0 91.2087796703577 0
11 200 72.8084288192675 0
11 400 85.3082592620126 0
11 500 57.1542629871289 0
11 700 51.6441281737238 0
11 1000 41.6566687867095 0
12 0 117.392068712704 0
12 200 115.827261174384 0
12 400 87.1548972670361 0
12 500 119.399322594206 0
12 700 82.998094492582 0
12 1000 43.5886645118542 0
13 0 97.9167482654462 0
13 200 94.9307376016806 0
13 400 88.927299193274 0
13 500 81.9814529532827 0
13 700 49.5955951970296 0
13 1000 44.1132370787346 0
14 0 109.159550657795 0
14 200 76.2004497898532 0
14 400 69.5443542150831 0
14 500 43.0380312647746 0
14 700 60.5656914764831 0
14 1000 69.1742895299264 0
15 0 105.394369812922 0
15 200 71.7289339481572 0
15 400 66.1743033660447 0
15 500 46.7456625426718 0
15 700 43.5366778351553 0
15 1000 25.945490769948 0
16 0 102.145811835853 0
16 200 110.557637861256 0
16 400 82.5972243385024 0
16 500 60.1645797096927 0
16 700 84.4541932545261 0
16 1000 45.8554722307454 0
17 0 127.946006195004 0
17 200 78.3110918043153 0
17 400 47.2058955220083 0
17 500 27.7147805228196 0
17 700 41.8347751017547 0
17 1000 41.9510950400914 0
18 0 76.3838754236191 0
18 200 65.7195142191884 0
18 400 87.1322241849643 0
18 500 79.0795189416371 0
18 700 49.1574745776264 0
18 1000 44.21946027398 0
19 0 112.658528637172 0
19 200 76.977954143619 0
19 400 68.7861042426293 0
19 500 62.0771171433053 0
19 700 59.4664832294746 0
19 1000 28.1847387082092 0
20 0 114.209932189252 0
20 200 105.272443385097 0
20 400 81.9815335009032 0
20 500 59.5439769553602 0
20 700 53.6885454183554 0
20 1000 44.9716200847072 0
21 0 106.935112981816 0
21 200 121.751309355134 0
21 400 71.4190317428836 0
21 500 65.159445845521 0
21 700 85.8015134902987 0
21 1000 87.6390267770603 0
22 0 127.301003093747 0
22 200 79.336212136948 0
22 400 46.4997883579083 0
22 500 49.8258809445972 0
22 700 44.3617888368719 0
22 1000 22.0539406283276 0
23 0 105.646247972818 0
23 200 69.2893088566257 0
23 400 48.9940050146791 0
23 500 43.0665822096367 0
23 700 44.503403495552 0
23 1000 27.1120186917502 0
24 0 121.960957359467 0
24 200 126.652510311626 0
24 400 56.760230170909 0
24 500 84.1962710591957 0
24 700 66.2306675954125 0
24 1000 44.7936768283241 0
25 0 114.199946220831 0
25 200 164.055921397441 0
25 400 128.235743647968 0
25 500 84.6216430048913 0
25 700 85.8503791166817 0
25 1000 52.3635966676666 0
26 0 82.9377481139579 0
26 200 64.9854532432176 0
26 400 44.6848857188064 0
26 500 45.0959527836962 0
26 700 43.3647820369785 0
26 1000 48.7180756018776 0
27 0 120.271160194583 0
27 200 76.2701061808853 0
27 400 50.1638539129868 0
27 500 56.3207110479046 0
27 700 55.2392646707141 0
27 1000 21.3496452824512 0
28 0 76.0460302294811 0
28 200 90.6583768891752 0
28 400 68.1321130117331 0
28 500 66.8534468226688 0
28 700 68.0247398315584 0
28 1000 58.6081563151362 0
29 0 131.574590455912 0
29 200 150.000337334629 0
29 400 52.3597705053305 0
29 500 98.813603025527 0
29 700 37.0367118878897 0
29 1000 71.4959599919984 0
30 0 92.1137583210781 0
30 200 80.1423937411653 0
30 400 56.5002062726655 0
30 500 56.5528788360516 0
30 700 48.8118257545018 0
30 1000 35.252187366165 0
31 0 133.64710885594 0
31 200 55.6103487147744 0
31 400 64.6651374134649 0
31 500 40.4777105958607 0
31 700 37.6187930714802 0
31 1000 26.7982644291298 0
32 0 62.5708559904989 0
32 200 59.2471934098046 0
32 400 80.6044851888555 0
32 500 68.1114076473108 0
32 700 54.069531438962 0
32 1000 53.3813197953613 0
33 0 80.5580367085632 0
33 200 71.4561548267339 0
33 400 62.940462429113 0
33 500 56.4260945065352 0
33 700 36.1194684597703 0
33 1000 40.2997026894317 0
34 0 90.4931299516249 0
34 200 86.7074709467559 0
34 400 57.1278238175457 0
34 500 43.8417103458596 0
34 700 57.1897213632754 0
34 1000 49.172166137907 0
35 0 119.719083688115 0
35 200 80.2375449864759 0
35 400 66.0973094463114 0
35 500 70.0851338654422 0
35 700 55.0165885409725 0
35 1000 46.2049723429144 0
36 0 84.7821349902034 0
36 200 67.2537050953089 0
36 400 45.2063112799873 0
36 500 43.9215093885255 0
36 700 30.837815288696 0
36 1000 27.5086920863504 0
37 0 90.6915067332757 0
37 200 52.6639703546201 0
37 400 65.6755367982068 0
37 500 52.8647770517679 0
37 700 40.5070243457403 0
37 1000 29.593903434177 0
38 0 95.3548343197842 0
38 200 68.0273299176295 0
38 400 50.2233908815119 0
38 500 55.1905631153126 0
38 700 48.3789213587141 0
38 1000 36.7510912208386 0
39 0 132.92057282248 0
39 200 109.982154118393 0
39 400 53.3430383086081 0
39 500 52.6678904501903 0
39 700 45.193948268601 0
39 1000 29.2402194451544 0
40 0 77.7990721942562 0
40 200 88.6543646537201 0
40 400 50.7764478364024 0
40 500 36.5435001728919 0
40 700 31.1184375191137 0
40 1000 33.8824670907438 0
41 0 113.481622062757 0
41 200 67.7416971833677 0
41 400 37.9639727791538 0
41 500 56.3178484046374 0
41 700 59.731332759201 0
41 1000 40.9483444798619 0
42 0 97.1934492075205 0
42 200 72.1388895350188 0
42 400 57.5035937598744 0
42 500 43.2729147504364 0
42 700 31.3751010132549 0
42 1000 35.9263483519043 0
43 0 120.609404733147 0
43 200 91.0391276693118 0
43 400 58.1778190793911 0
43 500 53.1639815444601 0
43 700 61.1407095799239 0
43 1000 34.3461741529134 0
44 0 101.521203249531 0
44 200 61.4320882936921 0
44 400 45.6090352785767 0
44 500 36.3978881670495 0
44 700 35.0464063087331 0
44 1000 43.6140732344779 0
45 0 84.9545106509056 0
45 200 110.199392526037 0
45 400 86.5878096923714 0
45 500 61.191274483937 0
45 700 55.986189068097 0
45 1000 54.2605698210129 0
46 0 98.4200840297852 0
46 200 84.9756466083832 0
46 400 53.9930746325756 0
46 500 54.3654417181135 0
46 700 42.735270454869 0
46 1000 24.946425601631 0
47 0 108.246038124619 0
47 200 101.178117041801 0
47 400 62.9525522328001 0
47 500 40.533281822345 0
47 700 26.0458862086744 0
47 1000 38.1720583408505 0
48 0 65.9884276585762 0
48 200 67.3000784656423 0
48 400 70.2041874138567 0
48 500 46.5654602883009 0
48 700 39.6013199096536 0
48 1000 32.3182052626591 0
49 0 98.5570769157124 0
49 200 118.944682784411 0
49 400 56.8011522658929 0
49 500 83.5685548828146 0
49 700 48.2977994590292 0
49 1000 57.6567948357087 0
50 0 80.1277132404382 0
50 200 78.5610858784248 0
50 400 92.245420011953 0
50 500 54.4626788138088 0
50 700 59.0444358665481 0
50 1000 30.3252677966618 0
51 0 115.655819654107 1
51 200 53.2544622103001 1
51 400 42.3487343534056 1
51 500 37.7572106073878 1
51 700 36.02739462843 1
51 1000 32.66337198462 1
52 0 113.601808480106 1
52 200 74.20624411349 1
52 400 44.5232102999195 1
52 500 38.7729230237563 1
52 700 32.691805825377 1
52 1000 23.7920278291546 1
53 0 72.2822443258976 1
53 200 76.3758375854724 1
53 400 51.9638375921924 1
53 500 43.6169354258979 1
53 700 41.660555316403 1
53 1000 24.8405119438702 1
54 0 112.944476030801 1
54 200 58.2214101168295 1
54 400 85.9942189541224 1
54 500 77.5820977771209 1
54 700 48.2997493279214 1
54 1000 43.0061270877865 1
55 0 93.1969730660045 1
55 200 112.574652340542 1
55 400 70.4797495159702 1
55 500 66.3705719043031 1
55 700 49.2343571501651 1
55 1000 39.0061419841714 1
56 0 119.875059476114 1
56 200 59.88456462495 1
56 400 37.6891084719846 1
56 500 50.5024303205678 1
56 700 56.082537844492 1
56 1000 46.7199988820921 1
57 0 71.0691940043261 1
57 200 98.068621090004 1
57 400 57.3855040420137 1
57 500 70.1910896475202 1
57 700 50.5724725121781 1
57 1000 50.7506770140331 1
58 0 128.25362647992 1
58 200 106.622394938829 1
58 400 65.1258154663032 1
58 500 54.3036600503752 1
58 700 51.7248089044564 1
58 1000 49.7066153203186 1
59 0 86.3444642622703 1
59 200 81.5650163770848 1
59 400 65.6383502828691 1
59 500 67.3752289191494 1
59 700 38.687248108327 1
59 1000 44.0964757426619 1
60 0 70.8677476783006 1
60 200 114.828086985158 1
60 400 87.2283347090195 1
60 500 90.1101416051559 1
60 700 58.2905054492854 1
60 1000 40.9977930555055 1
61 0 89.5449802936387 1
61 200 70.7734071428943 1
61 400 47.0013623343245 1
61 500 56.0485057432899 1
61 700 37.6669219999737 1
61 1000 41.2430106398242 1
62 0 69.8476330080619 1
62 200 92.4770226246173 1
62 400 63.2191360867322 1
62 500 54.8204610933995 1
62 700 36.5110043219812 1
62 1000 48.6469863464179 1
63 0 80.2249536570651 1
63 200 70.7798504407801 1
63 400 46.8618884695446 1
63 500 40.5006790567407 1
63 700 35.025466496104 1
63 1000 28.7736704592212 1
64 0 136.266849342162 1
64 200 109.871245946114 1
64 400 57.9093652922478 1
64 500 39.899538986601 1
64 700 42.9036101438604 1
64 1000 35.1197027431904 1
65 0 100.50596270211 1
65 200 101.042959582297 1
65 400 86.3752014372777 1
65 500 64.454304627964 1
65 700 41.3170556566928 1
65 1000 57.409853958016 1
66 0 90.8570382647374 1
66 200 84.2732402980173 1
66 400 57.8679138551755 1
66 500 44.1112252023981 1
66 700 30.404587857259 1
66 1000 39.3615081356071 1
67 0 80.3246133102541 1
67 200 64.2804567903071 1
67 400 40.273460798602 1
67 500 45.684142121794 1
67 700 34.8343295021015 1
67 1000 37.5275939189492 1
68 0 104.596563297442 1
68 200 99.506261315275 1
68 400 70.4713156154763 1
68 500 43.8121263827394 1
68 700 50.1041347775607 1
68 1000 37.54367839508 1
69 0 66.3769395804043 1
69 200 82.8882435109887 1
69 400 43.4838092080298 1
69 500 28.9080142689571 1
69 700 28.5352933408435 1
69 1000 29.7510877881849 1
70 0 127.974025297134 1
70 200 102.426353778632 1
70 400 52.0334746733986 1
70 500 37.0227088248303 1
70 700 41.0645957822717 1
70 1000 41.9013053682835 1
71 0 122.951849602989 1
71 200 89.226703126213 1
71 400 84.6833915185603 1
71 500 72.7125916804886 1
71 700 52.7724082312663 1
71 1000 53.3434252754985 1
72 0 96.5748698277355 1
72 200 90.0914678918479 1
72 400 37.5159279660724 1
72 500 47.2261503846758 1
72 700 41.4337183291443 1
72 1000 36.7155121007981 1
73 0 114.968917426955 1
73 200 60.4496221140601 1
73 400 39.2016899310538 1
73 500 40.9988224956839 1
73 700 30.9777973058388 1
73 1000 31.6995231007106 1
74 0 98.6812754721339 1
74 200 60.9741206386604 1
74 400 55.2450400439526 1
74 500 38.3708719702499 1
74 700 37.1190473648928 1
74 1000 38.4666792944886 1
75 0 66.4451884710916 1
75 200 43.9771997590289 1
75 400 47.8083483615892 1
75 500 22.4217234155179 1
75 700 31.942242084693 1
75 1000 20.31783154735 1
76 0 94.532896280038 1
76 200 125.190666209334 1
76 400 46.2855294712989 1
76 500 64.2368990305961 1
76 700 55.5818743145377 1
76 1000 37.9842902951517 1
77 0 90.6697952283422 1
77 200 89.6861800934461 1
77 400 59.1315901823347 1
77 500 54.2043503013296 1
77 700 35.7057286581586 1
77 1000 38.5986112127585 1
78 0 118.646107266213 1
78 200 121.021260315004 1
78 400 64.1686554544724 1
78 500 41.0233083283305 1
78 700 40.1805306124045 1
78 1000 33.6595282860712 1
79 0 110.152216243643 1
79 200 66.8955314626368 1
79 400 64.3505867909109 1
79 500 56.0841936573106 1
79 700 23.5825634649507 1
79 1000 42.8272829059483 1
80 0 145.797118698971 1
80 200 89.7796363642967 1
80 400 57.1596198696122 1
80 500 58.8260937451149 1
80 700 39.7022092375655 1
80 1000 45.0992225578217 1
81 0 113.783703389049 1
81 200 92.7200026337633 1
81 400 55.1880876910128 1
81 500 42.4265674108187 1
81 700 30.1723555427813 1
81 1000 31.8514628131052 1
82 0 88.54677563547 1
82 200 64.6260394507893 1
82 400 43.548253193587 1
82 500 41.0732863306806 1
82 700 34.8223514894981 1
82 1000 28.9118907974562 1
83 0 86.9225688366692 1
83 200 65.425857788023 1
83 400 66.1796978522818 1
83 500 62.5043332838723 1
83 700 61.0971818026881 1
83 1000 42.4496618391337 1
84 0 92.3638976518064 1
84 200 71.5222760836733 1
84 400 39.0864715455779 1
84 500 43.5701271198724 1
84 700 43.9425862290323 1
84 1000 34.5426461916387 1
85 0 83.1676596924512 1
85 200 88.3238465140912 1
85 400 89.3857209568806 1
85 500 65.0033683123385 1
85 700 64.8606364506235 1
85 1000 30.9900775911908 1
86 0 97.1050453583895 1
86 200 88.3280564562465 1
86 400 47.1854010503491 1
86 500 32.010758737991 1
86 700 42.1220590598451 1
86 1000 32.3997473257053 1
87 0 120.186112577706 1
87 200 108.165294920736 1
87 400 46.4356107135384 1
87 500 60.6638716730301 1
87 700 54.5396453916038 1
87 1000 34.7236342134261 1
88 0 125.238318857341 1
88 200 88.2856104866898 1
88 400 53.8352821737389 1
88 500 45.5838577399606 1
88 700 39.3339537910056 1
88 1000 42.0575832097792 1
89 0 130.400489836178 1
89 200 57.7243084100994 1
89 400 51.1208884388656 1
89 500 40.2349217288768 1
89 700 28.6087636666144 1
89 1000 27.1861824072773 1
90 0 101.69004236311 1
90 200 57.6232637375557 1
90 400 65.0265700660016 1
90 500 52.4612560778559 1
90 700 47.5825311004971 1
90 1000 41.4142107849287 1
91 0 106.944938964673 1
91 200 113.155249823231 1
91 400 77.030035899406 1
91 500 83.0481689935111 1
91 700 76.642145838677 1
91 1000 34.7113712953722 1
92 0 94.8438977508784 1
92 200 59.6942175605373 1
92 400 55.8810133292338 1
92 500 36.9571485087841 1
92 700 30.6587522246356 1
92 1000 25.2260262318522 1
93 0 82.4639434264115 1
93 200 107.712896128678 1
93 400 52.0392169869873 1
93 500 48.8091475995092 1
93 700 39.8238918415575 1
93 1000 34.2421124580203 1
94 0 108.756834408123 1
94 200 63.5454663677412 1
94 400 52.231809435411 1
94 500 38.2121788916143 1
94 700 39.7047369233195 1
94 1000 27.6370924298233 1
95 0 63.6015148711173 1
95 200 63.6035983067985 1
95 400 53.9482142863217 1
95 500 48.0496654742033 1
95 700 57.0415366855608 1
95 1000 34.370694110329 1
96 0 70.5966596739703 1
96 200 61.4389843412675 1
96 400 23.4533995075779 1
96 500 26.6960636382759 1
96 700 35.9211705964977 1
96 1000 29.8311914348694 1
97 0 119.383375979454 1
97 200 59.2874275448127 1
97 400 65.4905548954674 1
97 500 46.5693694138273 1
97 700 50.6180526811113 1
97 1000 42.2432449803505 1
98 0 84.1746512452928 1
98 200 103.328574175161 1
98 400 53.0538127431558 1
98 500 43.1709951336932 1
98 700 42.696409206299 1
98 1000 30.8573768464657 1
99 0 89.535919779998 1
99 200 78.644674069913 1
99 400 79.1131430272328 1
99 500 62.6427032489546 1
99 700 49.2252131987873 1
99 1000 33.2098389965312 1
100 0 97.3527629678435 1
100 200 73.8737040056315 1
100 400 58.2370259570561 1
100 500 62.5952447559563 1
100 700 39.5097078769245 1
100 1000 34.6714169101798 1
