id dose eff group
1 0 65.6997755164615 0
1 200 120.343408934463 0
1 400 72.6557665031528 0
1 500 72.7259257373669 0
1 700 57.8670851912181 0
1 1000 24.8928840386689 0
2 0 85.3176691651771 0
2 200 58.2255892762468 0
2 400 108.122284704452 0
2 500 61.4117232816013 0
2 700 41.6499603123608 0
2 1000 53.0263387076786 0
3 0 48.8001710849825 0
3 200 63.0802835956247 0
3 400 63.1810540244128 0
3 500 55.3279284473 0
3 700 32.2928380850081 0
3 1000 39.9144781286109 0
4 0 78.8367124700916 0
4 200 141.39050000585 0
4 400 65.9837707551084 0
4 500 85.1341566755948 0
4 700 54.0051421602555 0
4 1000 58.5111133605183 0
5 0 95.7500930103907 0
5 200 74.4522535243362 0
5 400 47.1903010481996 0
5 500 44.8755023915572 0
5 700 24.2599393581248 0
5 1000 41.725016900184 0
6 0 87.092610537399 0
6 200 85.9600104563293 0
6 400 52.2137370642761 0
6 500 74.4570769958697 0
6 700 30.5809503370251 0
6 1000 27.6029315201498 0
7 0 126.966440174502 0
7 200 97.6358389226195 0
7 400 68.5910181984876 0
7 500 81.8616975100143 0
7 700 53.3144706382678 0
7 1000 60.998803762717 0
8 0 116.820376709684 0
8 200 69.9166311833731 0
8 400 85.7108873863887 0
8 500 29.5361477172078 0
8 700 52.0377135425115 0
8 1000 39.4605049880418 0
9 0 93.6170309335293 0
9 200 99.4428261285743 0
9 400 92.0121828128534 0
9 500 52.7900381732763 0
9 700 73.3570468137347 0
9 1000 52.005463868569 0
10 0 108.679374539743 0
10 200 98.7143135349067 0
10 400 95.8558426773582 0
10 500 85.4339594131422 0
10 700 66.4174698658205 0
10 1000 45.9565232605578 0
11 0 111.219462564153 0
11 200 49.2494063464627 0
11 400 56.4280007706338 0
11 500 45.4412247039431 0
11 700 30.704544031855 0
11 1000 38.2312284609018 0
12 0 93.3652030982692 0
12 200 131.75933238127 0
12 400 74.967329407167 0
12 500 78.9796617198054 0
12 700 41.1208436279342 0
12 1000 46.3543354631195 0
13 0 85.9335137184861 0
13 200 119.533492926185 0
13 400 101.765263799637 0
13 500 58.1726934932767 0
13 700 61.6689297833141 0
13 1000 43.8734046707181 0
14 0 94.9952700541472 0
14 200 72.4336916691934 0
14 400 97.0153044172481 0
14 500 87.5748397564327 0
14 700 58.8349273122456 0
14 1000 38.3797339230321 0
15 0 92.4666877108336 0
15 200 97.160876917367 0
15 400 71.4963433431779 0
15 500 51.7472522390117 0
15 700 40.7759604188541 0
15 1000 30.0955159275315 0
16 0 78.8655781288812 0
16 200 67.4367970535814 0
16 400 81.1845023871463 0
16 500 66.7861228642467 0
16 700 54.2281692368594 0
16 1000 37.8571368717037 0
17 0 57.6629449531923 0
17 200 102.587658441037 0
17 400 79.6872652998717 0
17 500 68.2258372100779 0
17 700 64.3550149898882 0
17 1000 57.0779783664579 0
18 0 140.522370050175 0
18 200 91.8191174242032 0
18 400 85.5495675066362 0
18 500 82.0071943943765 0
18 700 48.488865593822 0
18 1000 59.8877743832834 0
19 0 133.479224658668 0
19 200 92.0522544555551 0
19 400 74.5816253104971 0
19 500 65.8190941615484 0
19 700 45.1159680527619 0
19 1000 56.1625125777754 0
20 0 127.645690536416 0
20 200 65.5383188042542 0
20 400 80.9829662415298 0
20 500 44.3818597771569 0
20 700 51.413453770758 0
20 1000 40.3823724256468 0
21 0 120.763951662084 0
21 200 55.0514149267578 0
21 400 84.5886254754951 0
21 500 99.4084158087036 0
21 700 80.6058741530698 0
21 1000 61.822865295681 0
22 0 86.3371963140178 0
22 200 78.7934595785041 0
22 400 99.3243095582239 0
22 500 100.732488252289 0
22 700 58.5694519866678 0
22 1000 48.9722779706326 0
23 0 85.7972187166019 0
23 200 133.930641107491 0
23 400 88.2154001161489 0
23 500 89.5426416504142 0
23 700 78.0076104729602 0
23 1000 42.3565348962405 0
24 0 80.3892157671361 0
24 200 108.923048947735 0
24 400 99.0259869620585 0
24 500 97.1662945071354 0
24 700 103.38570565463 0
24 1000 83.5867116450303 0
25 0 101.25537408499 0
25 200 72.5224614150466 0
25 400 59.0770941720752 0
25 500 48.1879716491645 0
25 700 40.8419341967354 0
25 1000 37.6918392205935 0
26 0 140.836109439252 0
26 200 98.4351274889101 0
26 400 92.2420783606839 0
26 500 49.4162484958722 0
26 700 51.7988660609883 0
26 1000 59.9262400875845 0
27 0 101.945878668434 0
27 200 66.5422375710446 0
27 400 79.8841141650144 0
27 500 110.296474309166 0
27 700 64.6298319542287 0
27 1000 55.2879317105276 0
28 0 107.547055933957 0
28 200 127.210911873114 0
28 400 63.0325870946221 0
28 500 43.7437404573795 0
28 700 56.4057108725512 0
28 1000 56.2666341026968 0
29 0 99.8737187528357 0
29 200 58.3451528026589 0
29 400 38.0793933096909 0
29 500 68.8618065285851 0
29 700 47.7673313841557 0
29 1000 57.5534744286438 0
30 0 109.236444349791 0
30 200 87.3475873957031 0
30 400 42.3392230951157 0
30 500 44.3048850131968 0
30 700 45.9083422481607 0
30 1000 34.5563614589295 0
31 0 118.238232242255 0
31 200 61.195961462811 0
31 400 59.2237350160654 0
31 500 46.897121425667 0
31 700 47.0474824780253 0
31 1000 48.5634433964342 0
32 0 107.686074915864 0
32 200 88.6535140670583 0
32 400 66.0282592147082 0
32 500 64.6336478781781 0
32 700 35.9596138886886 0
32 1000 42.9884138077694 0
33 0 92.8360468337819 0
33 200 89.7877036310469 0
33 400 83.7704062228214 0
33 500 39.0001616088174 0
33 700 33.1168209195342 0
33 1000 34.3711034800646 0
34 0 125.752301638307 0
34 200 95.6797321842633 0
34 400 51.0475254518738 0
34 500 75.8102739355287 0
34 700 45.6998713919944 0
34 1000 37.3644386261899 0
35 0 78.2520835806951 0
35 200 76.4668163092779 0
35 400 99.4446151211295 0
35 500 95.7431934003436 0
35 700 66.3358266837695 0
35 1000 39.3047140084446 0
36 0 70.344204825006 0
36 200 113.307362564509 0
36 400 74.5092457413041 0
36 500 43.1656455442298 0
36 700 78.3887535430812 0
36 1000 42.2655652388658 0
37 0 58.9229413884263 0
37 200 58.1978995182177 0
37 400 82.8694683417042 0
37 500 58.5569735534776 0
37 700 45.0759310693818 0
37 1000 32.2076491208211 0
38 0 130.048248854516 0
38 200 124.734027802965 0
38 400 85.3896762427427 0
38 500 82.0639127679556 0
38 700 75.9779667506669 0
38 1000 47.0150585061625 0
39 0 106.210894933166 0
39 200 93.6517853967288 0
39 400 84.1793943727265 0
39 500 99.2012093437849 0
39 700 64.087513021362 0
39 1000 34.1928985462014 0
40 0 78.9472148782288 0
40 200 98.4957272301383 0
40 400 59.5054380632762 0
40 500 73.3659821471351 0
40 700 62.3655700504495 0
40 1000 41.9771854280361 0
41 0 109.533610540222 0
41 200 79.9140419183481 0
41 400 50.6829485038257 0
41 500 59.2770228046696 0
41 700 36.4600178121791 0
41 1000 42.4525310654449 0
42 0 114.938436691037 0
42 200 113.959074043216 0
42 400 98.4624230309165 0
42 500 60.6652915153725 0
42 700 53.5740382709885 0
42 1000 36.8287386805626 0
43 0 90.0309536099138 0
43 200 126.007836117776 0
43 400 77.5292255962449 0
43 500 94.8194078702472 0
43 700 81.3067025931429 0
43 1000 47.3298460962097 0
44 0 88.39204483699 0
44 200 68.7413939341327 0
44 400 75.1649902387908 0
44 500 57.6894540113811 0
44 700 46.9565177188117 0
44 1000 38.8748351284601 0
45 0 126.258728976296 0
45 200 111.968937357644 0
45 400 68.5329689366656 0
45 500 52.227059581174 0
45 700 63.9472055374056 0
45 1000 28.7809224665048 0
46 0 109.238640346343 0
46 200 70.4209808049799 0
46 400 66.0867686053911 0
46 500 69.4227472603972 0
46 700 62.3688131041095 0
46 1000 43.7586882957164 0
47 0 136.726811876693 0
47 200 85.8985085645181 0
47 400 69.7768938628236 0
47 500 64.3881046586727 0
47 700 62.167753870868 0
47 1000 42.4287100184442 0
48 0 100.544589534088 0
48 200 88.3000134232518 0
48 400 79.3694348233293 0
48 500 81.1110572812338 0
48 700 53.4246318670841 0
48 1000 49.8732473374379 0
49 0 87.958521151193 0
49 200 116.72492946607 0
49 400 61.0705732681028 0
49 500 61.2010419896101 0
49 700 71.580316942826 0
49 1000 33.5328187085197 0
50 0 107.646964855531 0
50 200 90.9467419218711 0
50 400 62.2698224334162 0
50 500 54.1685571236759 0
50 700 46.3800386277569 0
50 1000 31.5017184324801 0
51 0 95.9423862148024 1
51 200 48.1961350307978 1
51 400 52.0137649240893 1
51 500 34.0460632993695 1
51 700 21.0867267827991 1
51 1000 26.450892887871 1
52 0 87.2961108437835 1
52 200 102.348982549042 1
52 400 55.2377434934948 1
52 500 55.8892201970452 1
52 700 61.0825507315922 1
52 1000 32.0738299503832 1
53 0 108.943090017147 1
53 200 105.309524746164 1
53 400 87.120749303411 1
53 500 64.9464525656687 1
53 700 56.4414917497 1
53 1000 47.9587060618393 1
54 0 106.654059945488 1
54 200 94.3136123406587 1
54 400 49.7609056494516 1
54 500 75.4735973447938 1
54 700 35.2147261656568 1
54 1000 42.3004176551209 1
55 0 119.462644125209 1
55 200 80.3296708851022 1
55 400 75.9824680720252 1
55 500 46.2834587473798 1
55 700 38.3144028216382 1
55 1000 38.9036275850693 1
56 0 94.4284054500738 1
56 200 76.7129869044247 1
56 400 49.6562401605392 1
56 500 42.8973856376809 1
56 700 45.9561269439317 1
56 1000 34.675301720772 1
57 0 74.1468020428616 1
57 200 49.0195469028225 1
57 400 35.9745816020061 1
57 500 38.4419901216921 1
57 700 40.3778646143602 1
57 1000 29.5743371155341 1
58 0 104.308152892335 1
58 200 99.296216185729 1
58 400 95.5323466181944 1
58 500 78.1959334104637 1
58 700 59.5504156907471 1
58 1000 41.2577084471219 1
59 0 99.0673174980917 1
59 200 95.6100132731105 1
59 400 61.6901172170751 1
59 500 36.9787400004412 1
59 700 41.2453941613953 1
59 1000 47.7201954080574 1
60 0 94.4573828897055 1
60 200 73.0921248161331 1
60 400 63.9232413711676 1
60 500 51.1263672785042 1
60 700 42.7351740454013 1
60 1000 31.3468484808782 1
61 0 110.493259925731 1
61 200 62.5203662728426 1
61 400 64.2178033896813 1
61 500 58.0875245139318 1
61 700 46.3620896747049 1
61 1000 31.4918609659164 1
62 0 122.025682436506 1
62 200 77.1001579799205 1
62 400 40.637670006053 1
62 500 68.6094388077764 1
62 700 31.2469184960743 1
62 1000 43.2323605051872 1
63 0 106.835899924369 1
63 200 100.306612918499 1
63 400 65.4164956375706 1
63 500 54.9425129733646 1
63 700 52.8689540110426 1
63 1000 42.2959877091303 1
64 0 126.940678529663 1
64 200 71.0488046614725 1
64 400 80.8201992913924 1
64 500 64.090086120216 1
64 700 69.5789285189614 1
64 1000 41.8156915854159 1
65 0 96.6595832139786 1
65 200 95.5095606981745 1
65 400 68.8336550119265 1
65 500 56.2159031647586 1
65 700 46.168832366044 1
65 1000 31.4427603950528 1
66 0 98.0581013152 1
66 200 118.964495442623 1
66 400 54.181841696598 1
66 500 59.2489699181133 1
66 700 42.5639920397651 1
66 1000 27.1615970856067 1
67 0 102.826531521146 1
67 200 46.6518438265055 1
67 400 43.5790318341576 1
67 500 29.6619406726053 1
67 700 28.4092255652648 1
67 1000 36.596441277515 1
68 0 117.457686789823 1
68 200 73.9090856900765 1
68 400 70.4402998759165 1
68 500 46.8203365725341 1
68 700 41.4670250480654 1
68 1000 36.416088131892 1
69 0 108.917900969539 1
69 200 92.8260156645784 1
69 400 70.1118144236104 1
69 500 65.4587520260525 1
69 700 38.3607503771173 1
69 1000 34.3232186336988 1
70 0 116.98203470069 1
70 200 79.7623634494739 1
70 400 51.2551364490503 1
70 500 67.3984246897717 1
70 700 47.0362818127042 1
70 1000 24.9266825573785 1
71 0 99.6401684708223 1
71 200 85.1867719596944 1
71 400 75.0262044759512 1
71 500 61.4325504132147 1
71 700 64.9976098922896 1
71 1000 43.0306556993465 1
72 0 81.2808357258068 1
72 200 65.2159475642246 1
72 400 65.6435358210599 1
72 500 51.5878017379851 1
72 700 39.1087285300799 1
72 1000 33.39573078361 1
73 0 70.1133028192347 1
73 200 88.6197436232684 1
73 400 61.6887512599431 1
73 500 39.4167320757211 1
73 700 40.4945160172034 1
73 1000 51.9147810959925 1
74 0 123.929718924377 1
74 200 71.8398174710231 1
74 400 62.6608115793034 1
74 500 49.6339034120446 1
74 700 48.7648146969128 1
74 1000 40.2177348126208 1
75 0 94.4817210985539 1
75 200 97.5613961884987 1
75 400 72.892761658071 1
75 500 67.3530855730266 1
75 700 60.8555689504646 1
75 1000 52.4152578935705 1
76 0 115.487356378194 1
76 200 72.1842823318285 1
76 400 31.140348570725 1
76 500 51.5552766614926 1
76 700 38.9791674104317 1
76 1000 37.6000756847451 1
77 0 112.106589669173 1
77 200 73.6281283419405 1
77 400 47.3538884545768 1
77 500 43.1993769036979 1
77 700 37.8065248723106 1
77 1000 22.1839123240371 1
78 0 111.981754192403 1
78 200 88.3977204312015 1
78 400 73.9089977156786 1
78 500 79.2980568406229 1
78 700 47.0654520518955 1
78 1000 39.9242790258101 1
79 0 114.476206954747 1
79 200 110.979236153835 1
79 400 68.4755100175641 1
79 500 46.280572321416 1
79 700 49.2825691257235 1
79 1000 52.4480872243073 1
80 0 91.7145018704704 1
80 200 65.2051719454224 1
80 400 40.5821711291077 1
80 500 63.3566986848563 1
80 700 32.6261259613109 1
80 1000 33.2749244713541 1
81 0 100.507569078964 1
81 200 66.7597289407824 1
81 400 41.4073334768808 1
81 500 34.8746805877294 1
81 700 45.0653126264557 1
81 1000 29.1889309199879 1
82 0 80.2351772809666 1
82 200 45.8356988526465 1
82 400 46.0264151731057 1
82 500 30.6190266812079 1
82 700 35.3748664118877 1
82 1000 50.5151241607664 1
83 0 148.550994553465 1
83 200 75.6718857284377 1
83 400 43.867393839887 1
83 500 53.7702477751784 1
83 700 35.109396315125 1
83 1000 38.8498827381548 1
84 0 107.190686142465 1
84 200 92.0532768710247 1
84 400 53.9541113117898 1
84 500 38.6895500957968 1
84 700 29.7848943839739 1
84 1000 45.1814924895152 1
85 0 75.0158091941567 1
85 200 65.7573336711816 1
85 400 50.9851526483113 1
85 500 45.7381564416422 1
85 700 25.3275905324664 1
85 1000 30.0883145069832 1
86 0 56.4824228972615 1
86 200 75.0616574566853 1
86 400 37.7148831238431 1
86 500 39.5085282101169 1
86 700 33.4573406298307 1
86 1000 17.9423010748628 1
87 0 119.437291452704 1
87 200 65.3559955621355 1
87 400 39.356519940122 1
87 500 27.8255329033089 1
87 700 47.7456819990681 1
87 1000 36.1006643111517 1
88 0 88.3424450931234 1
88 200 69.146694213412 1
88 400 55.199376883368 1
88 500 48.1881774473088 1
88 700 42.2205698622121 1
88 1000 42.4501950828119 1
89 0 129.633503556172 1
89 200 49.2286637368395 1
89 400 50.8437628009113 1
89 500 30.1398911556629 1
89 700 35.5987220982769 1
89 1000 31.3454838171652 1
90 0 129.499051051661 1
90 200 65.9604951465816 1
90 400 56.4707192679053 1
90 500 56.2062390547514 1
90 700 37.954881959583 1
90 1000 42.8718116370971 1
91 0 80.600570879216 1
91 200 88.2145048852611 1
91 400 78.0390651186443 1
91 500 67.4730799161458 1
91 700 47.9274920922013 1
91 1000 37.4088025721785 1
92 0 70.1664365929677 1
92 200 92.3096394271938 1
92 400 49.9988002994484 1
92 500 54.8798818215549 1
92 700 39.3428284398983 1
92 1000 35.204318188662 1
93 0 129.839434744998 1
93 200 82.941180735533 1
93 400 55.283063908399 1
93 500 57.0617780666576 1
93 700 45.0239803375257 1
93 1000 44.4188765958999 1
94 0 108.506503827792 1
94 200 43.7752812510144 1
94 400 38.0315178069719 1
94 500 54.1506153113451 1
94 700 32.406945573072 1
94 1000 47.1134672426788 1
95 0 99.9568002250884 1
95 200 64.4663729257633 1
95 400 58.0652610217444 1
95 500 51.5362531354425 1
95 700 44.2031858550347 1
95 1000 36.042950646192 1
96 0 88.3735579752768 1
96 200 54.483544101133 1
96 400 47.7190733461355 1
96 500 48.7612707388767 1
96 700 28.5891325193719 1
96 1000 35.3397844994943 1
97 0 133.926208041525 1
97 200 57.5295227349141 1
97 400 68.6905509271639 1
97 500 40.3831851771618 1
97 700 41.0509442409732 1
97 1000 35.9142807101563 1
98 0 107.100858565443 1
98 200 86.6347140648016 1
98 400 41.1659820677817 1
98 500 39.9247835797587 1
98 700 29.4755449374488 1
98 1000 39.5196475075712 1
99 0 115.976919395293 1
99 200 81.8713565524631 1
99 400 84.6750915910174 1
99 500 65.3658717952717 1
99 700 101.379468860096 1
99 1000 42.869508935496 1
100 0 83.1683933116969 1
100 200 92.8646969926381 1
100 400 63.4113374092478 1
100 500 28.9291557287413 1
100 700 18.3657314581332 1
100 1000 44.5660103372129 1
