id dose eff group
1 0 101.546617573463 0
1 200 90.9207114965712 0
1 400 43.6850899711771 0
1 500 59.3214367210424 0
1 700 44.4833563465964 0
1 1000 43.6361424848911 0
2 0 123.850670595582 0
2 200 32.9347560177511 0
2 400 53.0888768113089 0
2 500 52.1382211154312 0
2 700 24.9524567752194 0
2 1000 26.3028370826703 0
3 0 103.21875095705 0
3 200 70.1334728783209 0
3 400 83.6770047852761 0
3 500 50.3414087757341 0
3 700 34.6431386082251 0
3 1000 40.0829898777659 0
4 0 103.569674272576 0
4 200 93.8771736836893 0
4 400 128.403265745274 0
4 500 61.1344609742627 0
4 700 59.1763365493265 0
4 1000 26.1307741667311 0
5 0 70.7315762871263 0
5 200 54.8195299798768 0
5 400 56.6442570063339 0
5 500 35.6499274852036 0
5 700 46.146853947054 0
5 1000 36.1097315435406 0
6 0 129.226927956549 0
6 200 137.152177232649 0
6 400 111.434050290244 0
6 500 71.4037720483292 0
6 700 91.0722446940472 0
6 1000 72.2590978354176 0
7 0 112.436667703409 0
7 200 79.4155470382416 0
7 400 44.9007738453648 0
7 500 68.6083941963022 0
7 700 63.743159961653 0
7 1000 37.1686620161558 0
8 0 99.2441598345298 0
8 200 111.168382302047 0
8 400 84.476731904312 0
8 500 57.7388892515359 0
8 700 51.4111457120727 0
8 1000 30.9952793864487 0
9 0 116.301179859105 0
9 200 113.627631524663 0
9 400 69.1148209736727 0
9 500 65.0431443087003 0
9 700 40.8883497468427 0
9 1000 30.1412063557084 0
10 0 84.0535852102501 0
10 200 69.0281655813335 0
10 400 46.5998085433658 0
10 500 43.1464063342608 0
10 700 58.9902138449091 0
10 1000 37.9007969586221 0
11 0 124.688548991743 0
11 200 43.4695696408664 0
11 400 57.8927515696659 0
11 500 51.275905994311 0
11 700 42.7153894596972 0
11 1000 50.985231395066 0
12 0 105.854240074413 0
12 200 100.781158443299 0
12 400 50.4928508008464 0
12 500 64.9318221952359 0
12 700 51.8195297845353 0
12 1000 50.9932237157142 0
13 0 99.4029855584589 0
13 200 83.0462353484826 0
13 400 45.7671004786384 0
13 500 91.7759884748065 0
13 700 42.2924905079471 0
13 1000 33.0237707786538 0
14 0 104.216202262222 0
14 200 67.3702395006748 0
14 400 62.8419267612607 0
14 500 77.235475959657 0
14 700 71.4070581203593 0
14 1000 37.9287465840774 0
15 0 104.546672710432 0
15 200 101.40259049911 0
15 400 99.318696153343 0
15 500 57.226577454619 0
15 700 61.061112586817 0
15 1000 57.1192142454403 0
16 0 55.5331306560213 0
16 200 84.616386806696 0
16 400 54.1582707074272 0
16 500 39.3404127587539 0
16 700 36.4451440492738 0
16 1000 36.6080071134706 0
17 0 108.118788203265 0
17 200 70.2295803957243 0
17 400 69.6707878133758 0
17 500 51.2934191922099 0
17 700 39.5752433801091 0
17 1000 38.6862587863875 0
18 0 57.6840282907215 0
18 200 91.2535357516254 0
18 400 66.0433813215695 0
18 500 63.1823058049486 0
18 700 42.4763864759589 0
18 1000 49.0175645441915 0
19 0 126.678564330871 0
19 200 85.8195670074007 0
19 400 46.4610552948734 0
19 500 41.0891060322985 0
19 700 49.7376362026262 0
19 1000 34.5121709955536 0
20 0 73.6524299758072 0
20 200 93.3239493060144 0
20 400 74.1266201791253 0
20 500 62.2971521014387 0
20 700 60.2254601531883 0
20 1000 45.3798247530627 0
21 0 63.1195239006154 0
21 200 64.8099544406152 0
21 400 48.6536489364112 0
21 500 42.8095567277142 0
21 700 33.3693993395983 0
21 1000 31.0685623904418 0
22 0 73.0544112497586 0
22 200 72.3597315069601 0
22 400 84.437432266429 0
22 500 62.8551830838987 0
22 700 81.9567461724638 0
22 1000 27.4725690318749 0
23 0 111.256184678265 0
23 200 107.208221761709 0
23 400 76.2388764318131 0
23 500 78.0741449608156 0
23 700 42.1150514172789 0
23 1000 38.7036099133982 0
24 0 98.4749852301884 0
24 200 107.063183738206 0
24 400 79.0773301918772 0
24 500 47.5491088956342 0
24 700 42.5519733151443 0
24 1000 55.6947624641107 0
25 0 115.357203652795 0
25 200 90.422007012596 0
25 400 84.3906926843952 0
25 500 51.6503413866765 0
25 700 50.7760161114574 0
25 1000 39.3604949240674 0
26 0 91.6503271281339 0
26 200 85.4615119869611 0
26 400 108.594336892144 0
26 500 103.180168380529 0
26 700 68.5819856032267 0
26 1000 41.3748079500495 0
27 0 136.798465148438 0
27 200 97.5103603702906 0
27 400 55.9498211769338 0
27 500 71.4460663040044 0
27 700 47.1179109317195 0
27 1000 44.5392351861212 0
28 0 123.958077441845 0
28 200 102.160208292666 0
28 400 70.7600118525386 0
28 500 44.2128365283707 0
28 700 33.1395361449157 0
28 1000 28.2720805377502 0
29 0 95.0399573602036 0
29 200 47.1804148442643 0
29 400 56.7350184465631 0
29 500 79.66462048576 0
29 700 50.2615694776169 0
29 1000 45.3227712743912 0
30 0 81.8881414623964 0
30 200 63.8430033700404 0
30 400 73.9175674604426 0
30 500 49.8880575520155 0
30 700 27.2554514036429 0
30 1000 35.3463619384829 0
31 0 70.6034588421535 0
31 200 62.3773659038805 0
31 400 61.8149239900799 0
31 500 47.1602022347813 0
31 700 48.1799849597474 0
31 1000 20.6839017527009 0
32 0 93.7571807914354 0
32 200 115.042202313402 0
32 400 91.2562753716492 0
32 500 73.9956479656984 0
32 700 56.6612227594159 0
32 1000 53.4333828577238 0
33 0 130.062881218852 0
33 200 84.2823209856068 0
33 400 52.5158135049252 0
33 500 60.5520831807985 0
33 700 52.8191973665795 0
33 1000 36.3776052877816 0
34 0 99.0543032807874 0
34 200 103.681406594827 0
34 400 100.22048491904 0
34 500 90.2700769368686 0
34 700 59.6105842632432 0
34 1000 40.5032837200555 0
35 0 81.0607364676272 0
35 200 61.4960673401212 0
35 400 40.9645192299235 0
35 500 50.1511125073437 0
35 700 45.8717330665552 0
35 1000 47.496643072606 0
36 0 98.469071788007 0
36 200 95.7957623233688 0
36 400 49.8781518414913 0
36 500 72.0142139448933 0
36 700 55.4746334686751 0
36 1000 37.7186060661394 0
37 0 107.97520268485 0
37 200 114.951569353451 0
37 400 83.425622685123 0
37 500 72.0461713175811 0
37 700 53.4369474087775 0
37 1000 44.6050035096464 0
38 0 94.0982941178572 0
38 200 88.7500920018175 0
38 400 63.9828411016275 0
38 500 57.5228966581375 0
38 700 45.4872802117759 0
38 1000 37.7423542574418 0
39 0 77.6274663156279 0
39 200 82.6430847589928 0
39 400 77.4440663129404 0
39 500 39.0171396976439 0
39 700 53.1380479771107 0
39 1000 36.3077372070057 0
40 0 82.8827824697117 0
40 200 138.906004270333 0
40 400 69.5334120001863 0
40 500 113.962052681975 0
40 700 74.2336095491712 0
40 1000 103.784735606732 0
41 0 90.063193955627 0
41 200 77.660039620831 0
41 400 71.0475731995144 0
41 500 44.4102437312281 0
41 700 49.3554091135049 0
41 1000 52.0464083732965 0
42 0 122.702900218017 0
42 200 92.9801476379058 0
42 400 82.9910061899578 0
42 500 84.3874464793345 0
42 700 37.4215003247591 0
42 1000 30.3607543800374 0
43 0 91.6686360402505 0
43 200 110.523967985232 0
43 400 76.8368775001451 0
43 500 74.9824803335814 0
43 700 56.699066512438 0
43 1000 16.1373630030043 0
44 0 135.53868717688 0
44 200 76.4279157273994 0
44 400 45.589361768692 0
44 500 59.9289510269343 0
44 700 46.6004594973798 0
44 1000 35.5967751398085 0
45 0 85.4851540673131 0
45 200 86.4679634053405 0
45 400 70.8762329353673 0
45 500 80.5744433554651 0
45 700 47.2344353937718 0
45 1000 34.5659631024984 0
46 0 98.1938720548907 0
46 200 82.5963402448859 0
46 400 44.7331062522045 0
46 500 56.5355162432733 0
46 700 49.5039878375068 0
46 1000 27.3600719976915 0
47 0 143.541634518008 0
47 200 102.081382991582 0
47 400 72.9049635994709 0
47 500 97.2671844071022 0
47 700 69.5031717956561 0
47 1000 53.1112374680835 0
48 0 117.43149228257 0
48 200 90.8761626401894 0
48 400 68.7180762505753 0
48 500 70.4969986507925 0
48 700 66.7045827866394 0
48 1000 36.9915973960667 0
49 0 48.9874469152074 0
49 200 70.4416031961049 0
49 400 80.1448414002591 0
49 500 56.6562340963258 0
49 700 39.0076755906359 0
49 1000 46.0685298940637 0
50 0 88.4313672507228 0
50 200 52.8479102208547 0
50 400 65.8296971446535 0
50 500 81.1549608536184 0
50 700 56.5576079746356 0
50 1000 60.7132312513977 0
51 0 85.7994594857729 1
51 200 62.4412189780757 1
51 400 57.8448230044862 1
51 500 53.837356624495 1
51 700 40.8751604721654 1
51 1000 40.7796531409394 1
52 0 116.560835832879 1
52 200 100.538741019692 1
52 400 60.9584439423934 1
52 500 37.8427677422538 1
52 700 47.7621719855819 1
52 1000 30.0915953890696 1
53 0 111.154459122779 1
53 200 111.21548431071 1
53 400 59.3644403310099 1
53 500 70.877604361263 1
53 700 58.0765695639493 1
53 1000 39.2592139005152 1
54 0 115.694991817362 1
54 200 84.2411549319489 1
54 400 72.4515491365875 1
54 500 40.3825277635947 1
54 700 46.9915026808606 1
54 1000 34.0630920255306 1
55 0 103.428598124069 1
55 200 41.2247105400921 1
55 400 66.0349629429923 1
55 500 53.6864587865488 1
55 700 59.157926654511 1
55 1000 36.9975833765761 1
56 0 97.3759473097389 1
56 200 70.8110270040773 1
56 400 93.3057936671681 1
56 500 62.7381270317335 1
56 700 70.2658141661084 1
56 1000 52.326906214335 1
57 0 131.031331689886 1
57 200 82.3740104437254 1
57 400 40.7734797013603 1
57 500 52.9905095695279 1
57 700 29.1315609377696 1
57 1000 36.9328164250415 1
58 0 109.928634727177 1
58 200 81.0651198212225 1
58 400 67.3355695490847 1
58 500 69.3738877180748 1
58 700 45.0090166963074 1
58 1000 34.7208998221563 1
59 0 94.4335080634934 1
59 200 88.7156649281788 1
59 400 53.3355199626984 1
59 500 46.747633073802 1
59 700 44.9436488363066 1
59 1000 33.7218449235496 1
60 0 89.3566100458651 1
60 200 61.9372661289068 1
60 400 56.41624441951 1
60 500 46.573653712196 1
60 700 36.7797992151416 1
60 1000 41.0670776030132 1
61 0 87.438250902514 1
61 200 99.4979972713509 1
61 400 55.6097922484272 1
61 500 42.7814922121829 1
61 700 28.2526758678143 1
61 1000 36.9103658839061 1
62 0 88.2867023750217 1
62 200 71.7677045712568 1
62 400 66.7954768173728 1
62 500 46.9696387070417 1
62 700 46.7480445682312 1
62 1000 39.618784743428 1
63 0 129.901379952408 1
63 200 82.2703135035948 1
63 400 43.7844888295173 1
63 500 45.9350945018546 1
63 700 43.2730029813474 1
63 1000 27.4150392109851 1
64 0 88.2753106784038 1
64 200 92.0862407184341 1
64 400 84.0328270186328 1
64 500 39.0921526897789 1
64 700 41.80859598753 1
64 1000 44.25400001663 1
65 0 127.818887733612 1
65 200 78.1756398526093 1
65 400 68.2739940456553 1
65 500 44.1239661534789 1
65 700 40.593766560113 1
65 1000 41.4843551149986 1
66 0 89.7698011599399 1
66 200 61.7659897646543 1
66 400 58.1452025219161 1
66 500 56.2692602059591 1
66 700 58.0169318458504 1
66 1000 43.9772815649648 1
67 0 123.051667672816 1
67 200 58.8646324082286 1
67 400 81.028030052112 1
67 500 48.0569855338786 1
67 700 48.8457003534724 1
67 1000 36.0374489635683 1
68 0 91.7167499911688 1
68 200 68.8732367442767 1
68 400 65.9090799030849 1
68 500 68.8115797446984 1
68 700 41.3576716399088 1
68 1000 33.187294747107 1
69 0 105.208971893371 1
69 200 109.256241944649 1
69 400 78.9314660870156 1
69 500 70.4655879702028 1
69 700 46.4559640997493 1
69 1000 51.8273117865364 1
70 0 99.3135122203802 1
70 200 76.103542376094 1
70 400 42.3283276668982 1
70 500 55.5792334767621 1
70 700 47.3646263367544 1
70 1000 36.9931664590456 1
71 0 145.597222763181 1
71 200 84.1124286066621 1
71 400 65.3495711377495 1
71 500 52.7152079412069 1
71 700 37.4240861772655 1
71 1000 36.3157882591913 1
72 0 123.801207467776 1
72 200 72.4435885463532 1
72 400 56.7002623480947 1
72 500 33.5974630842994 1
72 700 41.745784553307 1
72 1000 37.3331691545967 1
73 0 120.168307780805 1
73 200 73.0317640960338 1
73 400 48.5464773088546 1
73 500 53.1107390919701 1
73 700 51.3673633003451 1
73 1000 30.3770607267017 1
74 0 94.6696538403144 1
74 200 53.7791295196781 1
74 400 68.3444453336143 1
74 500 51.9562616425824 1
74 700 47.6896911157499 1
74 1000 36.6170809739711 1
75 0 91.8148536560557 1
75 200 70.8402871480643 1
75 400 67.1019592641 1
75 500 53.3819312187915 1
75 700 39.4263241677884 1
75 1000 28.8047379487354 1
76 0 92.5692596164314 1
76 200 66.6995874339462 1
76 400 21.3809154577722 1
76 500 45.6410176563613 1
76 700 18.0233678131048 1
76 1000 35.0624388554612 1
77 0 93.021777116193 1
77 200 93.0527415706061 1
77 400 54.1916750047671 1
77 500 55.4180508784207 1
77 700 30.5341150759571 1
77 1000 35.2065157097585 1
78 0 105.593799055217 1
78 200 113.252933500307 1
78 400 61.9266498054099 1
78 500 46.9213436273583 1
78 700 39.6091068416632 1
78 1000 31.0062967495062 1
79 0 87.2000651322339 1
79 200 73.8341336592637 1
79 400 53.2910804825634 1
79 500 44.1654686706997 1
79 700 36.1878713640599 1
79 1000 27.2364522063026 1
80 0 78.8448641117941 1
80 200 84.9368666707236 1
80 400 63.9468033236726 1
80 500 59.1169126483143 1
80 700 46.5503417942373 1
80 1000 30.498296480763 1
81 0 45.3009056402472 1
81 200 89.1049037295211 1
81 400 51.2477439236216 1
81 500 56.746713181542 1
81 700 44.543833296947 1
81 1000 30.0328695287646 1
82 0 126.347977802261 1
82 200 123.055238450365 1
82 400 35.6542123385737 1
82 500 64.5214810676837 1
82 700 62.896418055591 1
82 1000 36.4351111194785 1
83 0 103.169367153807 1
83 200 72.3254956503491 1
83 400 72.1045105330682 1
83 500 59.7952304518144 1
83 700 38.5500444247317 1
83 1000 50.1514602493189 1
84 0 133.713043655589 1
84 200 71.9698237521927 1
84 400 56.667583509714 1
84 500 48.1899391856918 1
84 700 56.8122729320585 1
84 1000 35.5376449972077 1
85 0 84.9655453107665 1
85 200 82.6309384172051 1
85 400 71.019146440576 1
85 500 44.799584919972 1
85 700 28.510338018846 1
85 1000 36.5816923341819 1
86 0 129.786969069901 1
86 200 68.2180184036969 1
86 400 30.5235779932294 1
86 500 47.9154307137495 1
86 700 40.7352320031679 1
86 1000 45.067215601 1
87 0 92.3005822097621 1
87 200 62.9643099351709 1
87 400 38.4922062569594 1
87 500 46.4333720933439 1
87 700 59.2662690785851 1
87 1000 46.9154333968348 1
88 0 86.7319788644369 1
88 200 67.0617498476297 1
88 400 56.6040596188538 1
88 500 56.0048211215172 1
88 700 48.1386136586667 1
88 1000 31.8234673402001 1
89 0 120.409123031239 1
89 200 107.549798501351 1
89 400 47.4785473932648 1
89 500 32.9362837294003 1
89 700 33.2790655263089 1
89 1000 42.0366726479915 1
90 0 143.480542648806 1
90 200 72.7928815182274 1
90 400 74.9513636385053 1
90 500 64.6351985646254 1
90 700 49.618021235763 1
90 1000 52.7361417439032 1
91 0 131.776801918338 1
91 200 94.6111370106898 1
91 400 57.4568774248416 1
91 500 55.5385144578552 1
91 700 47.0530008693733 1
91 1000 46.6883069488244 1
92 0 83.0140152214862 1
92 200 66.2835296894968 1
92 400 64.5739493997698 1
92 500 58.0295631571973 1
92 700 38.9380942541737 1
92 1000 24.9707348296365 1
93 0 107.516792628066 1
93 200 64.7148641501388 1
93 400 56.0464328166932 1
93 500 44.4047527310021 1
93 700 35.6845736887918 1
93 1000 40.74077186272 1
94 0 123.867795173601 1
94 200 74.962321977509 1
94 400 60.1536089838576 1
94 500 57.9014115921246 1
94 700 48.832728733894 1
94 1000 37.1741001148045 1
95 0 85.1903656027866 1
95 200 65.5042709258416 1
95 400 62.6464891150163 1
95 500 67.859475391254 1
95 700 28.9732721892814 1
95 1000 50.8189868608891 1
96 0 94.1964331592626 1
96 200 96.1348464846319 1
96 400 55.4123224007849 1
96 500 63.691187510405 1
96 700 29.646439472828 1
96 1000 38.3336807828552 1
97 0 126.357439951214 1
97 200 85.4621546282788 1
97 400 95.6124191929392 1
97 500 61.0404885461204 1
97 700 68.9936639777321 1
97 1000 61.2238840999733 1
98 0 95.0858871262345 1
98 200 78.2265535643316 1
98 400 42.1459472089201 1
98 500 34.4508831504559 1
98 700 30.8265318576676 1
98 1000 29.8894096381813 1
99 0 97.6603411863523 1
99 200 91.2873345295759 1
99 400 31.2762129089354 1
99 500 40.9933569072992 1
99 700 31.644059976856 1
99 1000 25.8904512305645 1
100 0 101.828682873458 1
100 200 75.6285950902374 1
100 400 70.0260503784903 1
100 500 62.6781394196619 1
100 700 42.2600215877106 1
100 1000 32.440951834974 1
