id dose eff group
1 0 110.523430849126 0
1 200 119.101342865264 0
1 400 79.8903053685497 0
1 500 100.137337198477 0
1 700 76.1010996282657 0
1 1000 63.7026021517246 0
2 0 73.8423566355595 0
2 200 71.840877969977 0
2 400 62.4888813028616 0
2 500 78.9570343105766 0
2 700 44.8424113709325 0
2 1000 53.5435906087638 0
3 0 92.8597511380384 0
3 200 116.870740761569 0
3 400 55.2159882826648 0
3 500 74.9002021763107 0
3 700 73.1782031709228 0
3 1000 49.4103787839083 0
4 0 88.6062197734978 0
4 200 48.5017415443273 0
4 400 32.1423013185844 0
4 500 24.8341263743816 0
4 700 41.6480989773154 0
4 1000 41.5656634543573 0
5 0 55.3549477982143 0
5 200 41.6094763950405 0
5 400 96.7647794525967 0
5 500 67.2135788981221 0
5 700 52.6467648544058 0
5 1000 40.7543324876048 0
6 0 84.2534334522664 0
6 200 62.4208426809187 0
6 400 66.6701078430334 0
6 500 58.0429805695107 0
6 700 62.0730318509756 0
6 1000 35.1410264607526 0
7 0 113.634766475126 0
7 200 128.510023317182 0
7 400 96.1002146703461 0
7 500 53.6848140916436 0
7 700 48.8138873284718 0
7 1000 47.1347517000689 0
8 0 94.2725192816516 0
8 200 76.8430206594817 0
8 400 46.0071883780677 0
8 500 45.9571278413397 0
8 700 30.3931480891511 0
8 1000 29.721505374033 0
9 0 110.764552692449 0
9 200 99.7445011064234 0
9 400 84.3980651975611 0
9 500 55.9891650846046 0
9 700 71.5063630414696 0
9 1000 34.1518070905072 0
10 0 117.294508659345 0
10 200 99.1722807771638 0
10 400 77.2684552200051 0
10 500 97.8653723642654 0
10 700 90.7766594935223 0
10 1000 26.1625089521297 0
11 0 89.9606771183762 0
11 200 125.880208789126 0
11 400 81.6357279433966 0
11 500 88.3922054934988 0
11 700 43.7395604987491 0
11 1000 40.8311005463525 0
12 0 65.3504352717491 0
12 200 72.137055237918 0
12 400 76.0992239583689 0
12 500 57.1539961801643 0
12 700 42.1234509274036 0
12 1000 57.1648972040777 0
13 0 80.9215505440476 0
13 200 80.5190878379796 0
13 400 82.5658910805857 0
13 500 48.7350772454357 0
13 700 51.6376825153154 0
13 1000 30.109004964522 0
14 0 148.939437277178 0
14 200 126.795136815322 0
14 400 91.3819733473537 0
14 500 46.8987789917986 0
14 700 72.9544172320282 0
14 1000 34.2288527595906 0
15 0 99.5540332914458 0
15 200 120.087357381802 0
15 400 127.857097130328 0
15 500 96.4458900710518 0
15 700 41.1314565276634 0
15 1000 48.4658426343447 0
16 0 128.622558227068 0
16 200 102.887995422587 0
16 400 94.8400850071528 0
16 500 72.343447403981 0
16 700 66.9749474720221 0
16 1000 38.1842879079133 0
17 0 84.961572594006 0
17 200 86.4936709973818 0
17 400 70.5897878253172 0
17 500 59.3883834338741 0
17 700 48.2605043807309 0
17 1000 28.1616563216736 0
18 0 89.2393680289363 0
18 200 77.4531538893129 0
18 400 105.374214746535 0
18 500 82.8913158236108 0
18 700 37.4424757519886 0
18 1000 69.9929925153854 0
19 0 68.5438164697335 0
19 200 50.1093775745174 0
19 400 93.2112946488793 0
19 500 77.3511332255596 0
19 700 50.2405190347831 0
19 1000 44.2884529090685 0
20 0 94.1631970887311 0
20 200 83.3331707479182 0
20 400 72.2030054090998 0
20 500 71.0362505101623 0
20 700 63.8922167394002 0
20 1000 30.9501419853677 0
21 0 91.0872632393773 0
21 200 78.4312371080128 0
21 400 27.9724529926875 0
21 500 48.2250076460599 0
21 700 31.413947412178 0
21 1000 38.3309656656115 0
22 0 127.04727084508 0
22 200 105.482293656745 0
22 400 62.1436494358202 0
22 500 103.286496413223 0
22 700 67.6816301488239 0
22 1000 67.7352306221111 0
23 0 129.151077465482 0
23 200 70.2369814169475 0
23 400 60.0199604060344 0
23 500 29.5925379677821 0
23 700 43.4241064106435 0
23 1000 28.7817843157025 0
24 0 62.6440819912875 0
24 200 69.9763229334515 0
24 400 48.9533948496272 0
24 500 62.1139480779959 0
24 700 33.5209420954691 0
24 1000 24.8611439592988 0
25 0 127.992177254896 0
25 200 115.129146894239 0
25 400 87.6229605028787 0
25 500 54.5608253812873 0
25 700 41.9872147597194 0
25 1000 57.2777430280154 0
26 0 101.899936551431 0
26 200 67.7037812731155 0
26 400 59.4488834067929 0
26 500 39.0088329298594 0
26 700 43.4617446961685 0
26 1000 34.1963160109226 0
27 0 80.4944263829418 0
27 200 88.0577103210503 0
27 400 64.1702708619493 0
27 500 47.2049139609292 0
27 700 37.9629155751331 0
27 1000 40.5682355988471 0
28 0 71.1394962528707 0
28 200 64.7330732473082 0
28 400 68.1001171784584 0
28 500 34.912201592419 0
28 700 67.8096174532594 0
28 1000 46.799307962227 0
29 0 109.77510192809 0
29 200 66.5880767072732 0
29 400 54.4301837685204 0
29 500 69.6969056510969 0
29 700 54.3396143571373 0
29 1000 42.043258109342 0
30 0 115.240728469621 0
30 200 123.043133611737 0
30 400 41.9297517134687 0
30 500 80.8696586922688 0
30 700 39.1528848783337 0
30 1000 57.1651269259798 0
31 0 122.398995481319 0
31 200 77.259288959308 0
31 400 32.8510336498495 0
31 500 30.573554786239 0
31 700 30.3301480727986 0
31 1000 43.8909226842667 0
32 0 84.7733178670863 0
32 200 78.6852185599569 0
32 400 52.1085112812874 0
32 500 56.24658913377 0
32 700 41.1150018085061 0
32 1000 29.278839453276 0
33 0 102.688679433222 0
33 200 105.053105593435 0
33 400 74.3851937729909 0
33 500 89.6550740048259 0
33 700 63.2286279617891 0
33 1000 48.2142069490661 0
34 0 158.43057507093 0
34 200 74.7566562424289 0
34 400 90.632216988787 0
34 500 67.0218560890921 0
34 700 45.8225972720936 0
34 1000 36.1029210753088 0
35 0 98.3596138428283 0
35 200 61.8877869125694 0
35 400 75.9205023270466 0
35 500 44.9951009133969 0
35 700 38.2753719937011 0
35 1000 35.9029513461 0
36 0 99.6258465337681 0
36 200 115.359933507809 0
36 400 100.855083662239 0
36 500 80.6363077574889 0
36 700 78.4451240681252 0
36 1000 46.5568159221894 0
37 0 90.2135506646016 0
37 200 57.2893109703968 0
37 400 78.177994172568 0
37 500 56.7503264479142 0
37 700 48.4090797244717 0
37 1000 36.2195862929369 0
38 0 97.9940134024481 0
38 200 85.5556994540983 0
38 400 58.2568130717861 0
38 500 42.5467032218956 0
38 700 53.495493138769 0
38 1000 56.1738356600485 0
39 0 81.995031371619 0
39 200 104.124273410231 0
39 400 37.2400047471983 0
39 500 66.1631850061974 0
39 700 50.2592261754901 0
39 1000 43.8843741267259 0
40 0 69.5726135980925 0
40 200 68.9584797835801 0
40 400 67.4844930243618 0
40 500 82.1534219990344 0
40 700 72.2214873206502 0
40 1000 35.2922371535848 0
41 0 106.321698850777 0
41 200 91.4409279539079 0
41 400 75.6168482380307 0
41 500 91.7662429681856 0
41 700 60.4159950299035 0
41 1000 61.2485124828789 0
42 0 125.545332263348 0
42 200 51.083094984802 0
42 400 83.4510028588348 0
42 500 58.8134940251297 0
42 700 59.454043236223 0
42 1000 68.0994174775408 0
43 0 92.3529443025954 0
43 200 74.0675661255362 0
43 400 50.8620506936277 0
43 500 39.0937644002181 0
43 700 32.6376498519842 0
43 1000 34.4487463205736 0
44 0 82.0231372318986 0
44 200 87.3852923324514 0
44 400 70.6638065620095 0
44 500 58.0578969013875 0
44 700 32.5160125063857 0
44 1000 24.8641212694865 0
45 0 95.6772580245698 0
45 200 112.464572483368 0
45 400 69.7235381702504 0
45 500 80.8063195811939 0
45 700 70.6273899646228 0
45 1000 46.8701176152707 0
46 0 92.9927519281473 0
46 200 126.598109639543 0
46 400 117.138772204239 0
46 500 31.4636344399717 0
46 700 63.5411915290759 0
46 1000 52.4895553577168 0
47 0 93.4457292310933 0
47 200 68.6399433948622 0
47 400 60.1915379181639 0
47 500 53.3762236859418 0
47 700 48.6086765530051 0
47 1000 36.1990781486259 0
48 0 84.7167463187949 0
48 200 88.136206288101 0
48 400 84.6265797377756 0
48 500 75.6026460196664 0
48 700 61.0924709464481 0
48 1000 63.2797973057548 0
49 0 87.5762450353075 0
49 200 89.6424530621112 0
49 400 73.8695430687156 0
49 500 64.3455973229212 0
49 700 74.6822423351355 0
49 1000 56.4878612398538 0
50 0 98.1458506633731 0
50 200 115.153231698048 0
50 400 131.158341696576 0
50 500 91.7778754179461 0
50 700 77.6846818667377 0
50 1000 49.5046784534371 0
51 0 150.594343254043 1
51 200 72.1636617899429 1
51 400 56.5010225623644 1
51 500 62.2624802009704 1
51 700 47.3370184311355 1
51 1000 40.8411964908625 1
52 0 152.379643777615 1
52 200 76.803660057877 1
52 400 61.4058435774613 1
52 500 59.8804709831097 1
52 700 37.9446615926427 1
52 1000 38.2107828202403 1
53 0 63.1196921575534 1
53 200 84.1475290750246 1
53 400 62.9298930769879 1
53 500 49.0509611824211 1
53 700 42.6560655372885 1
53 1000 22.5848777866447 1
54 0 85.7947594099206 1
54 200 88.4520863378372 1
54 400 71.5345940288878 1
54 500 51.7272204734027 1
54 700 39.6802997658798 1
54 1000 49.1871852027366 1
55 0 89.5267136093939 1
55 200 51.066253187515 1
55 400 35.8096226882945 1
55 500 58.9417022138831 1
55 700 47.9493428126296 1
55 1000 22.3382320334411 1
56 0 96.1462388534946 1
56 200 55.7173567104874 1
56 400 52.109367702687 1
56 500 48.4063488861546 1
56 700 44.1547468173826 1
56 1000 43.7490283076943 1
57 0 64.7529639592434 1
57 200 78.6358506662695 1
57 400 29.2746042803616 1
57 500 37.4511102915478 1
57 700 36.5177373556952 1
57 1000 25.5718835037052 1
58 0 70.3647449321814 1
58 200 67.5369258443514 1
58 400 49.9932320144697 1
58 500 50.4039272948769 1
58 700 30.9549363579758 1
58 1000 28.2120820079366 1
59 0 91.0939255245606 1
59 200 56.4233704400428 1
59 400 50.0007625418101 1
59 500 47.8927115088268 1
59 700 35.0604035696795 1
59 1000 26.6110899021431 1
60 0 143.282365182812 1
60 200 82.8521329009349 1
60 400 73.8392804283195 1
60 500 45.597080622282 1
60 700 29.4470302723917 1
60 1000 34.3093571602743 1
61 0 104.504767801941 1
61 200 94.0682989868603 1
61 400 50.8480478369705 1
61 500 46.8982878545191 1
61 700 37.5478065083816 1
61 1000 35.6131033563331 1
62 0 137.917711857056 1
62 200 89.0278196566472 1
62 400 78.4694261543716 1
62 500 23.5893758259721 1
62 700 45.1138832956389 1
62 1000 47.1349853862921 1
63 0 104.966450375368 1
63 200 69.3546291791223 1
63 400 47.1503600685687 1
63 500 57.4607344285418 1
63 700 23.595496105343 1
63 1000 45.8111697910344 1
64 0 146.38366122542 1
64 200 121.637573335191 1
64 400 54.855191332741 1
64 500 62.7188231396931 1
64 700 53.3185382145833 1
64 1000 55.8598831636693 1
65 0 79.0572928571682 1
65 200 86.8384889549385 1
65 400 62.8356978934878 1
65 500 47.1059910947734 1
65 700 37.2942745153557 1
65 1000 35.6276361497056 1
66 0 64.8858249206959 1
66 200 68.9073875611818 1
66 400 54.6935863059752 1
66 500 36.6261701764615 1
66 700 32.8976980930908 1
66 1000 32.5083392646886 1
67 0 81.3690816762923 1
67 200 81.4762097842192 1
67 400 77.1211576694911 1
67 500 44.6047513807856 1
67 700 55.0307662416474 1
67 1000 45.1001869073076 1
68 0 76.4892148621256 1
68 200 70.2404548244739 1
68 400 49.6455498481025 1
68 500 51.8992493654637 1
68 700 30.6086777368797 1
68 1000 37.9965278366694 1
69 0 41.4114357880914 1
69 200 33.55768618869 1
69 400 45.413248413778 1
69 500 31.9660252633505 1
69 700 26.5996218638811 1
69 1000 26.5568008580984 1
70 0 103.926233220456 1
70 200 52.4523632592852 1
70 400 47.3486422651342 1
70 500 37.4067528483049 1
70 700 44.7016189881804 1
70 1000 30.2657118972335 1
71 0 107.840021143728 1
71 200 82.2246997488015 1
71 400 53.8592298296867 1
71 500 49.7037911757677 1
71 700 41.2648301940331 1
71 1000 38.5247480781428 1
72 0 113.370697692168 1
72 200 72.0908659312274 1
72 400 39.8007583638612 1
72 500 36.1611406584829 1
72 700 40.0154354578162 1
72 1000 36.8732422772044 1
73 0 115.193512286832 1
73 200 43.1463875861053 1
73 400 50.0083453044543 1
73 500 37.7539529607892 1
73 700 39.4760435825606 1
73 1000 34.6625686632695 1
74 0 91.7587842442638 1
74 200 77.8424744324461 1
74 400 56.4050536748325 1
74 500 53.9043629593794 1
74 700 45.164713337187 1
74 1000 32.630418748148 1
75 0 113.534797322742 1
75 200 90.6587213853639 1
75 400 68.0366096460995 1
75 500 63.2326080312642 1
75 700 41.0132121135125 1
75 1000 27.9398332353754 1
76 0 83.7501959237719 1
76 200 53.8099543352878 1
76 400 23.7343549814335 1
76 500 29.9517369648533 1
76 700 47.2405940529711 1
76 1000 41.85354891538 1
77 0 125.826758449204 1
77 200 50.7630502183135 1
77 400 28.8768411306982 1
77 500 41.7163324697062 1
77 700 30.9550652387656 1
77 1000 36.861974017923 1
78 0 106.281782433091 1
78 200 77.7509172168532 1
78 400 49.1905645102527 1
78 500 45.5893908519103 1
78 700 43.7682832041784 1
78 1000 29.9568921164438 1
79 0 104.614467156081 1
79 200 65.9771996578181 1
79 400 34.3051448771986 1
79 500 82.6446771309555 1
79 700 40.391834295784 1
79 1000 25.4434023372479 1
80 0 95.394741089862 1
80 200 46.1311496278074 1
80 400 54.0851521576613 1
80 500 34.9133181691524 1
80 700 38.6189673464122 1
80 1000 32.8958660624002 1
81 0 86.4167855748273 1
81 200 80.68024980509 1
81 400 45.6190873702521 1
81 500 55.1998745960013 1
81 700 28.1859691735837 1
81 1000 38.0656985894362 1
82 0 103.310410512344 1
82 200 60.1347283374643 1
82 400 54.0643938620395 1
82 500 35.5441617624915 1
82 700 43.3342557940181 1
82 1000 30.1953026039546 1
83 0 104.154582494698 1
83 200 69.1817002607769 1
83 400 41.5637902788015 1
83 500 51.1191568309913 1
83 700 32.6455672575347 1
83 1000 47.4581727174901 1
84 0 73.6390584201292 1
84 200 77.5857359048255 1
84 400 46.7824442547723 1
84 500 30.0817315396054 1
84 700 35.0969601703214 1
84 1000 43.0839400653436 1
85 0 35.8424213762465 1
85 200 80.8484601802967 1
85 400 41.6012532841685 1
85 500 53.0712652787732 1
85 700 50.7297996984977 1
85 1000 37.5127630421777 1
86 0 92.233671375738 1
86 200 94.8220663937353 1
86 400 51.8208859779162 1
86 500 46.3683170697645 1
86 700 56.2360085915714 1
86 1000 26.4669419629859 1
87 0 104.699219793808 1
87 200 116.447926855295 1
87 400 71.5029284896221 1
87 500 52.1037358276983 1
87 700 49.0679016536018 1
87 1000 37.7196493828995 1
88 0 74.5577477671735 1
88 200 40.4203325756561 1
88 400 41.760781360016 1
88 500 32.1858627246491 1
88 700 20.1479150043851 1
88 1000 29.0004518796357 1
89 0 122.643391340961 1
89 200 62.4270776216044 1
89 400 40.568947223433 1
89 500 54.5852847281563 1
89 700 28.2459867678807 1
89 1000 35.3100358746406 1
90 0 89.0170928180987 1
90 200 45.8436192967213 1
90 400 50.5199236878706 1
90 500 48.5529820669339 1
90 700 27.6431957262819 1
90 1000 26.1387417069102 1
91 0 168.413075515762 1
91 200 119.67465489668 1
91 400 73.7851174904215 1
91 500 71.1400494752711 1
91 700 57.0071667393132 1
91 1000 52.2245306831946 1
92 0 106.61503832144 1
92 200 74.7342427055445 1
92 400 40.0324161124224 1
92 500 49.5371004129709 1
92 700 34.9287839545636 1
92 1000 33.5290204425728 1
93 0 112.793754008402 1
93 200 107.211997864108 1
93 400 52.3170574227556 1
93 500 55.8496569144485 1
93 700 38.0747398495654 1
93 1000 44.5150864371393 1
94 0 115.741631963744 1
94 200 51.4605927598297 1
94 400 57.9264987086236 1
94 500 47.4941813850403 1
94 700 44.7144273506874 1
94 1000 44.0552140828195 1
95 0 137.280563330849 1
95 200 72.5269967347624 1
95 400 62.1129153353835 1
95 500 60.9606799527984 1
95 700 59.9902918423066 1
95 1000 39.5082602487253 1
96 0 112.012689954943 1
96 200 88.8439076676894 1
96 400 61.6598541409952 1
96 500 31.8416863841791 1
96 700 40.0403628072031 1
96 1000 26.4418204251825 1
97 0 99.2768168794942 1
97 200 61.085112351444 1
97 400 75.5473712109652 1
97 500 53.8326236673302 1
97 700 53.6675868822971 1
97 1000 33.0328538107142 1
98 0 90.8945037142715 1
98 200 114.184486351845 1
98 400 81.4842733724038 1
98 500 72.1661555558846 1
98 700 48.2335283705008 1
98 1000 33.270540689062 1
99 0 99.4064403246605 1
99 200 117.928060749102 1
99 400 61.7973150257022 1
99 500 55.2900795726339 1
99 700 32.1087746086754 1
99 1000 51.7491581657602 1
100 0 141.299830143329 1
100 200 87.7460788464403 1
100 400 71.0687353512835 1
100 500 62.1441867162874 1
100 700 35.0033285623274 1
100 1000 30.4007545320923 1
