id dose eff group
1 0 115.043211682194 0
1 200 73.3784890389765 0
1 400 84.2857563411118 0
1 500 54.7999926205456 0
1 700 42.3340593598419 0
1 1000 57.6969908908713 0
2 0 81.7833713405839 0
2 200 96.9347203669979 0
2 400 95.1713477382894 0
2 500 63.836727086158 0
2 700 51.3299060097439 0
2 1000 52.7694191484202 0
3 0 103.505231602268 0
3 200 121.292263781776 0
3 400 81.2093351157969 0
3 500 79.3202977980768 0
3 700 80.4503327614933 0
3 1000 49.8934069789199 0
4 0 103.291221446574 0
4 200 100.458942488565 0
4 400 102.953793108277 0
4 500 83.3296604192202 0
4 700 55.8093929917704 0
4 1000 77.9093683796959 0
5 0 84.5808257789569 0
5 200 121.123740892308 0
5 400 86.1003356610578 0
5 500 70.1115293322125 0
5 700 62.6638704343723 0
5 1000 56.4907786759141 0
6 0 121.857900187699 0
6 200 131.185427280407 0
6 400 102.016238423125 0
6 500 68.0820840658645 0
6 700 80.6896188784534 0
6 1000 73.78872418574 0
7 0 137.165108107242 0
7 200 113.862079935486 0
7 400 83.8167787758605 0
7 500 104.285949580332 0
7 700 74.9251951321582 0
7 1000 58.0106933393582 0
8 0 82.1327767820589 0
8 200 63.1495717159383 0
8 400 83.0959332418654 0
8 500 81.9157360041833 0
8 700 72.2765410668409 0
8 1000 61.2649890995232 0
9 0 70.1567645183475 0
9 200 79.226495308725 0
9 400 42.1666081671195 0
9 500 35.1359310479385 0
9 700 24.2867620911897 0
9 1000 28.0472650926911 0
10 0 107.073051229956 0
10 200 82.5021892520255 0
10 400 68.1107047595378 0
10 500 63.9538916753438 0
10 700 54.7380158673667 0
10 1000 49.1635513723368 0
11 0 122.671836129684 0
11 200 105.56560676458 0
11 400 58.4951323631172 0
11 500 70.9309187241115 0
11 700 50.5605677655434 0
11 1000 40.5060611096225 0
12 0 129.410868730999 0
12 200 80.2149353254947 0
12 400 96.4721178312334 0
12 500 63.2096383168278 0
12 700 52.6292016702779 0
12 1000 59.4438958028536 0
13 0 102.006548206559 0
13 200 104.510346244507 0
13 400 78.8877220944938 0
13 500 59.5656083496717 0
13 700 56.7013842198872 0
13 1000 60.7345914862628 0
14 0 61.7509728345669 0
14 200 91.547104796393 0
14 400 73.5560722973276 0
14 500 64.4385234557077 0
14 700 52.2265588581203 0
14 1000 42.433932525972 0
15 0 120.527141534206 0
15 200 74.8918132106358 0
15 400 56.0494524963805 0
15 500 66.5249860256454 0
15 700 56.2282258398483 0
15 1000 33.0080405161183 0
16 0 71.2842108981957 0
16 200 56.6517757315583 0
16 400 71.9615384313124 0
16 500 57.4810369134617 0
16 700 44.9725324598078 0
16 1000 49.5612381176902 0
17 0 83.5537780555598 0
17 200 86.9015918311942 0
17 400 44.9563200100834 0
17 500 51.0384152133904 0
17 700 33.4988048090516 0
17 1000 40.5464939611246 0
18 0 132.739233677553 0
18 200 84.73896368895 0
18 400 92.573319977132 0
18 500 57.0320511114418 0
18 700 57.8807781800258 0
18 1000 51.4894701231796 0
19 0 85.2027956281267 0
19 200 136.51686010899 0
19 400 58.1704275743412 0
19 500 70.7065192866778 0
19 700 50.2418982881215 0
19 1000 49.3082832891766 0
20 0 98.170887438858 0
20 200 88.9422411956968 0
20 400 68.5324209309666 0
20 500 97.7549794492122 0
20 700 75.1699373603831 0
20 1000 40.037279563765 0
21 0 139.312475586123 0
21 200 96.403104102001 0
21 400 111.877504629179 0
21 500 100.289446842339 0
21 700 117.618613475371 0
21 1000 86.8997831634631 0
22 0 90.5052580068935 0
22 200 94.3653501114354 0
22 400 66.1491022383819 0
22 500 41.9564480874589 0
22 700 31.4739132759013 0
22 1000 36.146068861543 0
23 0 121.528186423827 0
23 200 74.9329113342331 0
23 400 74.0368577353142 0
23 500 45.4071495083218 0
23 700 29.8731582474744 0
23 1000 24.6072250422025 0
24 0 130.996502352155 0
24 200 85.4155957803244 0
24 400 103.740316120393 0
24 500 65.5847985012542 0
24 700 62.7647156623376 0
24 1000 56.3221319998598 0
25 0 65.9894785467882 0
25 200 89.2573784644322 0
25 400 100.027407520247 0
25 500 61.4660452579854 0
25 700 49.5642345901586 0
25 1000 29.0602593505895 0
26 0 54.2016016572688 0
26 200 48.8000499977825 0
26 400 41.3752764007003 0
26 500 85.3284988849779 0
26 700 64.0113988285683 0
26 1000 46.2213754970621 0
27 0 62.1659568756018 0
27 200 63.4109413045419 0
27 400 69.6663664200798 0
27 500 92.4756122435288 0
27 700 32.6724833538525 0
27 1000 55.2782771623381 0
28 0 87.9365700295375 0
28 200 60.2901801855067 0
28 400 55.4317419025201 0
28 500 42.7867679132016 0
28 700 29.9493971927936 0
28 1000 30.6483847793578 0
29 0 122.378070851332 0
29 200 97.1781367633448 0
29 400 70.8824740298671 0
29 500 100.895070857457 0
29 700 69.6708016784575 0
29 1000 62.5087879361378 0
30 0 79.3042044029466 0
30 200 101.717350671042 0
30 400 82.8301457642452 0
30 500 71.054766935449 0
30 700 59.6987903722364 0
30 1000 39.1908988854606 0
31 0 99.338901371854 0
31 200 126.857482410803 0
31 400 77.0749713492049 0
31 500 57.0948644383268 0
31 700 39.7410145030194 0
31 1000 60.9969275312807 0
32 0 154.00442723613 0
32 200 132.550280280054 0
32 400 89.7454647671434 0
32 500 69.4887744732467 0
32 700 57.8508850814554 0
32 1000 44.4830431978935 0
33 0 114.571578982521 0
33 200 104.57506212406 0
33 400 56.4414433273036 0
33 500 49.5486951153235 0
33 700 56.4994906585605 0
33 1000 38.8810091099096 0
34 0 91.7618895671053 0
34 200 65.3360873847214 0
34 400 92.7698107674561 0
34 500 66.1158826640726 0
34 700 57.2516273872977 0
34 1000 48.8248393113359 0
35 0 91.8242869041365 0
35 200 91.5792525882162 0
35 400 95.3389670534135 0
35 500 72.6793895155356 0
35 700 56.5059200485343 0
35 1000 26.0763438326321 0
36 0 122.897335981872 0
36 200 99.4489984600244 0
36 400 78.11341845548 0
36 500 90.4869860457427 0
36 700 72.0494859197811 0
36 1000 62.620879634015 0
37 0 103.024922898848 0
37 200 67.9595398393861 0
37 400 55.7185241652206 0
37 500 51.7932310798222 0
37 700 28.3006128298803 0
37 1000 31.5813470162224 0
38 0 111.861690565301 0
38 200 90.4265959845517 0
38 400 110.801305407594 0
38 500 44.5128036264284 0
38 700 57.5511664937719 0
38 1000 56.4521563638867 0
39 0 50.1222004670657 0
39 200 84.1221768112071 0
39 400 103.448717832235 0
39 500 65.76261720768 0
39 700 71.674673755222 0
39 1000 54.6800236636313 0
40 0 104.222025413057 0
40 200 86.8879919450657 0
40 400 68.9862533024303 0
40 500 68.1780603693677 0
40 700 57.7022121609447 0
40 1000 30.3635124422782 0
41 0 93.0462882309934 0
41 200 61.7390278832618 0
41 400 49.8145050369099 0
41 500 81.9370801592164 0
41 700 55.9963841899344 0
41 1000 57.2105739941575 0
42 0 101.704997588459 0
42 200 55.8831195673428 0
42 400 63.0539128269477 0
42 500 57.4634569492455 0
42 700 39.6898506157062 0
42 1000 56.8436258171201 0
43 0 162.283980332125 0
43 200 130.681504798512 0
43 400 74.7518672968322 0
43 500 94.2241341021845 0
43 700 51.9247939604407 0
43 1000 59.4831211809758 0
44 0 69.8173232477722 0
44 200 95.4663281070642 0
44 400 89.3724965977383 0
44 500 72.5496298292305 0
44 700 43.4420477542722 0
44 1000 45.3684279283572 0
45 0 81.9080901542531 0
45 200 73.1644587123104 0
45 400 65.9668048851647 0
45 500 55.7528603923896 0
45 700 38.4505636151677 0
45 1000 30.8862311785479 0
46 0 115.762119500356 0
46 200 90.6298016784987 0
46 400 81.4086562072157 0
46 500 74.5846421142675 0
46 700 71.1754092262474 0
46 1000 55.2280277947019 0
47 0 115.391507192939 0
47 200 87.4206742961439 0
47 400 78.035145948332 0
47 500 90.6626678140218 0
47 700 54.0715685276334 0
47 1000 41.6283359171682 0
48 0 81.5410893089844 0
48 200 116.134261540261 0
48 400 64.7083106442788 0
48 500 49.9751714768425 0
48 700 41.4004528576072 0
48 1000 31.6096192577062 0
49 0 100.396440835223 0
49 200 77.5536237389128 0
49 400 52.8587711961176 0
49 500 52.0790589181059 0
49 700 48.7563898464698 0
49 1000 46.5552315847206 0
50 0 127.762397306301 0
50 200 122.941218683798 0
50 400 93.0840568628512 0
50 500 70.3990219846863 0
50 700 53.5570843349809 0
50 1000 50.0812863754889 0
51 0 57.693759730008 1
51 200 56.1386400683634 1
51 400 44.1034015438763 1
51 500 40.2420658835653 1
51 700 22.0409160023025 1
51 1000 34.3456023020009 1
52 0 104.406473021049 1
52 200 114.565094172139 1
52 400 86.7695656084261 1
52 500 58.0677232130334 1
52 700 26.8636682864011 1
52 1000 37.510012502043 1
53 0 80.6992588503767 1
53 200 53.7310145648978 1
53 400 49.7882211817438 1
53 500 26.0703649419323 1
53 700 44.4888396957323 1
53 1000 37.2699168633022 1
54 0 77.6535315870212 1
54 200 74.9252820506624 1
54 400 77.8776758201951 1
54 500 52.4310186903458 1
54 700 31.6034697869256 1
54 1000 35.9393771876944 1
55 0 101.051274023864 1
55 200 90.0979746141186 1
55 400 39.5349133277999 1
55 500 59.1831418644281 1
55 700 34.7301835436194 1
55 1000 27.9329399405887 1
56 0 70.5638948552083 1
56 200 81.865942928416 1
56 400 37.8138728996662 1
56 500 48.5530773334623 1
56 700 20.2778414003057 1
56 1000 35.4135034343736 1
57 0 103.209607756236 1
57 200 87.7317525162337 1
57 400 54.2031639417303 1
57 500 59.3893158671995 1
57 700 39.0871736934358 1
57 1000 36.7745109986529 1
58 0 64.1716946657954 1
58 200 64.5471431028683 1
58 400 40.4273916148348 1
58 500 52.5326380565316 1
58 700 24.3876149799975 1
58 1000 32.5180383221656 1
59 0 61.839205839246 1
59 200 71.8555594743672 1
59 400 32.5285492551794 1
59 500 49.6415309892024 1
59 700 43.1651201205869 1
59 1000 39.1883627007797 1
60 0 136.255053739126 1
60 200 92.6946200641347 1
60 400 86.5388599455754 1
60 500 78.454969208266 1
60 700 45.0490954514832 1
60 1000 36.9129363480951 1
61 0 99.6012913478347 1
61 200 92.3140273555135 1
61 400 73.8576591089689 1
61 500 52.6848923927776 1
61 700 23.5456592003641 1
61 1000 35.3547201109658 1
62 0 106.069449372517 1
62 200 74.4707841757029 1
62 400 51.5333542451824 1
62 500 47.511406597004 1
62 700 40.528313626639 1
62 1000 28.5836971362732 1
63 0 70.9553663233248 1
63 200 72.3100379890533 1
63 400 43.0405930992805 1
63 500 45.4939200988143 1
63 700 45.329877015436 1
63 1000 30.2341486696424 1
64 0 140.982865148874 1
64 200 79.6323631114413 1
64 400 40.8557797930793 1
64 500 57.4081567875969 1
64 700 44.1632766589957 1
64 1000 36.1427506149822 1
65 0 129.880887361258 1
65 200 87.0812558981602 1
65 400 48.2930810144663 1
65 500 50.780627978847 1
65 700 39.5857464675931 1
65 1000 44.0855140968607 1
66 0 101.33142491975 1
66 200 76.9236115734826 1
66 400 39.7935330867164 1
66 500 24.0960483731694 1
66 700 28.8732910217206 1
66 1000 37.2286844990878 1
67 0 131.810156445666 1
67 200 71.8135003554701 1
67 400 42.7972750772259 1
67 500 49.1062293032514 1
67 700 34.9173818704326 1
67 1000 48.613033349552 1
68 0 112.399906173633 1
68 200 87.4003069626958 1
68 400 70.3355032756727 1
68 500 81.2993877734968 1
68 700 74.6342975709916 1
68 1000 42.3659235637587 1
69 0 93.5791411431107 1
69 200 62.1889374018248 1
69 400 63.8038704523839 1
69 500 38.0193060316474 1
69 700 29.3694940699384 1
69 1000 20.3296690344577 1
70 0 93.6124334046284 1
70 200 87.1593308298609 1
70 400 42.1645612547728 1
70 500 60.2219494230488 1
70 700 30.8894151835384 1
70 1000 41.9462700025427 1
71 0 82.9040633035816 1
71 200 83.3902413891695 1
71 400 80.9450049725246 1
71 500 78.6384641137468 1
71 700 31.9660799043362 1
71 1000 25.4775692210854 1
72 0 107.199990364101 1
72 200 90.7954458203448 1
72 400 41.1960106420926 1
72 500 26.4099338975134 1
72 700 23.6698546781861 1
72 1000 35.7460994860965 1
73 0 102.129924397488 1
73 200 69.6918576608815 1
73 400 52.1706006233715 1
73 500 46.3231789617234 1
73 700 55.0918279132196 1
73 1000 41.4599618294542 1
74 0 68.9929021833536 1
74 200 88.1124179250857 1
74 400 92.8511395221981 1
74 500 80.9092156643203 1
74 700 77.1739635524609 1
74 1000 48.5621411340532 1
75 0 104.929949072755 1
75 200 71.190144971812 1
75 400 62.7236204769647 1
75 500 29.8983054226911 1
75 700 38.4345416497141 1
75 1000 34.2364729293137 1
76 0 99.8939907173159 1
76 200 137.057600153018 1
76 400 87.8284154355188 1
76 500 61.9488634747746 1
76 700 71.4762740737498 1
76 1000 39.8522384275972 1
77 0 93.8947327569265 1
77 200 116.909591245569 1
77 400 96.5608984035899 1
77 500 91.8802823783751 1
77 700 68.9104910866997 1
77 1000 36.8171154474884 1
78 0 89.7952295759805 1
78 200 114.133370884766 1
78 400 54.9457690510423 1
78 500 62.1502666381465 1
78 700 51.2673932437867 1
78 1000 39.7422127211634 1
79 0 70.5457182828011 1
79 200 97.8088035097914 1
79 400 61.7293048026099 1
79 500 48.8061459595611 1
79 700 67.5401864992076 1
79 1000 43.4814846258589 1
80 0 126.529119872411 1
80 200 71.7744790197888 1
80 400 63.4824305290066 1
80 500 63.0629472731422 1
80 700 43.6734252743961 1
80 1000 30.4756129400751 1
81 0 96.9239906735188 1
81 200 56.8066340071351 1
81 400 64.1008323682992 1
81 500 48.9537772086143 1
81 700 30.3160434049445 1
81 1000 33.6014947898323 1
82 0 86.0617950595618 1
82 200 93.8876505030101 1
82 400 60.9307946393129 1
82 500 60.9004130013568 1
82 700 50.148336453974 1
82 1000 37.0892425837535 1
83 0 101.910267233306 1
83 200 77.6910655666115 1
83 400 40.8173325830463 1
83 500 37.0513361311682 1
83 700 42.1215692497915 1
83 1000 37.6953076608598 1
84 0 111.328929338678 1
84 200 86.1441708038693 1
84 400 80.2228818066214 1
84 500 54.2115667090734 1
84 700 38.4954247526585 1
84 1000 40.8604654187989 1
85 0 108.782393149376 1
85 200 105.036156463389 1
85 400 50.3550579927775 1
85 500 55.2514787447936 1
85 700 38.5268021936239 1
85 1000 27.7247610350402 1
86 0 92.8389810815451 1
86 200 98.0916772956087 1
86 400 73.2207993805024 1
86 500 52.8557387645362 1
86 700 64.9117857796212 1
86 1000 31.7737925301309 1
87 0 76.1284906376594 1
87 200 91.3037040307343 1
87 400 89.0137041566353 1
87 500 58.2484626408422 1
87 700 46.521742874703 1
87 1000 52.4540268027291 1
88 0 103.363238316779 1
88 200 63.0733024868871 1
88 400 42.5352717386712 1
88 500 35.1049365200693 1
88 700 42.3519853715196 1
88 1000 34.8160379777208 1
89 0 111.338724285503 1
89 200 116.436219711334 1
89 400 42.1798459220385 1
89 500 51.2939687415368 1
89 700 63.3222471085768 1
89 1000 36.5418494169768 1
90 0 142.73841029077 1
90 200 74.1585349816994 1
90 400 53.5937023385856 1
90 500 39.6909484875546 1
90 700 41.7589636967018 1
90 1000 31.6247066418475 1
91 0 111.20347834962 1
91 200 68.8567792076415 1
91 400 33.8426702965887 1
91 500 50.9268614833548 1
91 700 42.2875835172981 1
91 1000 31.8972074500171 1
92 0 100.545546485941 1
92 200 120.115504436308 1
92 400 77.6088287576217 1
92 500 87.5579653500153 1
92 700 52.6666292117371 1
92 1000 57.8352890432824 1
93 0 110.533942939853 1
93 200 63.6735849629299 1
93 400 72.0619776559599 1
93 500 61.3628668872003 1
93 700 23.3025853396039 1
93 1000 52.6760524180499 1
94 0 59.0847973157588 1
94 200 117.257311981313 1
94 400 47.2299010550932 1
94 500 59.8449164723284 1
94 700 51.1584479714597 1
94 1000 34.6504408749645 1
95 0 130.097996266246 1
95 200 67.7183586887224 1
95 400 49.7453281488543 1
95 500 45.0818534684402 1
95 700 43.4187970086246 1
95 1000 32.6757838023824 1
96 0 78.2719043445276 1
96 200 61.5585186486977 1
96 400 31.671170562582 1
96 500 44.9009777850546 1
96 700 27.4102017710567 1
96 1000 36.9983917977023 1
97 0 123.504022926414 1
97 200 86.240161174451 1
97 400 85.5260060815534 1
97 500 74.9287098287792 1
97 700 40.0394167105675 1
97 1000 43.3518895181881 1
98 0 76.6382988321073 1
98 200 61.5449226635671 1
98 400 46.1409126603144 1
98 500 33.1576820245373 1
98 700 52.2256718530996 1
98 1000 46.6336964939893 1
99 0 87.0701995206095 1
99 200 69.928102895669 1
99 400 42.0655900161825 1
99 500 60.2530757410722 1
99 700 47.0592444497828 1
99 1000 37.3884355200332 1
100 0 79.7906362094758 1
100 200 82.2898688932172 1
100 400 56.2528321441774 1
100 500 55.2088784764868 1
100 700 47.1670704748129 1
100 1000 38.0900900332185 1
